23.6
23.778870262209125
23.960803551196374
24.14274228156559
24.32468127058486
24.50662038656373
24.688559649114378
24.870499079794097
25.052438697912127
25.234378520703878
25.416318563590135
25.598258840399172
25.7801993635544
25.962140144233178
26.144081192501513
26.326022517428793
26.50796412718567
26.689906029128228
26.871848229870512
27.05379073534758
27.235733550870503
27.417676681174957
27.599620130464167
27.78156390244751
27.96350800037518
28.145452427069756
28.327397184955185
28.509342276083455
28.69128770215943
28.873233464564056
29.055179564376104
29.237126002392756
29.419072779149225
29.60101989493706
29.782967349821874
29.96491514366101
30.146863276115358
30.32881174667294
30.510760554655732
30.69270969923691
30.874659179454113
31.05660899422187
31.238559142344272
31.420509622524
31.60246043337841
31.784411573444483
31.966363041191677
32.14831483503054
32.33026695332133
32.512219394382406
32.69417215649784
32.87612523792482
33.058078636900156
33.24003235164677
33.421986380380375
33.603940721310835
33.78589537265368
33.96785033262993
34.14980559947158
34.33176117142538
34.51371704675622
34.6956732237503
34.87762970071788
35.05958647599569
35.24154354794914
35.42350091497422
35.60545857549907
35.78741652798539
35.96937477092961
36.151333302863755
36.33329212235622
36.51525122801228
36.69721061847453
36.879170292422906
37.06113024857496
37.24309048568561
37.42505100254698
37.607011797988065
37.788972870874325
37.97093422010712
38.15289584462311
38.33485774339355
38.51681991542359
38.698782359751384
38.880745075447265
39.06270806161286
39.244671317380075
39.42663484191017
39.60859863439273
39.79056269404462
39.97252702010901
40.15449161185426
40.33652421656382
40.51853853728388
40.700550347448555
40.88256021602506
41.06456863046956
41.246575762953334
41.42858205815992
41.61058766614357
41.7925927501281
41.97459743739277
42.15660182710149
42.33860599642237
42.52061000531378
42.70261390026851
42.884617717243984
43.066621483955736
43.24862522167297
43.43062894662428
43.61263267109841
43.79463640430622
43.976640153056415
44.15864392227975
44.34064771545161
44.522651534907126
44.704655382099546
44.88665925779771
45.06866316224138
45.25066709526344
45.432671056384336
45.61467504488709
45.796679059875174
45.978683100318186
46.160687165087126
46.34269125298246
46.52469536275533
46.70669949312479
46.888703642790475
47.070707810443125
47.252711994772184
47.43471619447173
47.61672040824575
47.798724634811464
47.98072887290016
48.16273312126301
48.344737378671105
48.526741643911706
48.70874591579736
48.89075019316019
49.072754474854904
49.254758759758055
49.436763046768746
49.618767334807735
49.800771622818345
49.98277590976523
50.164780194635014
50.346784476435786
50.52878875419676
50.710793026968076
50.89279729382057
51.07480155384529
51.25680580615353
51.43881004987631
51.62081428416409
51.80281850818649
51.98482272113193
52.16682692220763
52.34883111063886
52.530835285668985
52.71283944655908
52.89484359258757
53.07684772305007
53.25885183725898
53.44085593454335
53.62286001424849
53.80486407573582
53.98686811838246
54.168872141581026
54.3508761447395
54.532880127280784
54.71488408864252
54.896888028276955
55.07889194565052
55.26089584024377
55.44289971155097
55.62490355907999
55.806907382352065
55.98891118090156
56.17091495427565
56.35291870203426
56.534922423749805
56.71692611900689
56.898929787402196
57.080933428544284
57.26293704205332
57.44494062756092
57.62694418470994
57.80894771315429
57.99095121255878
58.17295468259893
58.35495812296063
58.5369615333402
58.71896491344409
58.900968262988684
59.08297158170011
59.264974869314194
59.4469781255762
59.628981350240664
