2.6302
2.1871228304077763
2.1908976354008223
2.1951005805550277
2.1995615490591853
2.204176459078983
2.2088853286271797
2.2136536044148847
2.2184613708459913
2.223297143537193
2.2281543028573902
2.233029045858707
2.237919211109949
2.242823605371563
2.247741618930578
2.2526730071582928
2.257617767993345
2.2625760750104438
2.2675482429539255
2.272534712519305
2.2775360468706145
2.282552935676517
2.287586204361933
2.2926368273956728
2.297705945109589
2.3027948839665395
2.307905180479296
2.3130386091961266
2.3181972153536647
2.323383352978185
2.3285997294127045
2.333849457470755
2.3391361166852147
2.3444638254391763
2.349837326155308
2.3552620861904767
2.3607444176520604
2.3662916200355766
2.371912150393128
2.3776158266824545
2.383414104711566
2.389320240275832
2.3953498217756293
2.401521065423528
2.4078553331823365
2.4143777055513964
2.42111764019663
2.4281096179185733
2.4353942672987348
2.4430186193480004
2.4510370009849525
2.45951107836438
2.4685090403284935
2.4781030464723344
2.488363711466549
2.4993499295342607
2.5110921292660646
2.5235677936994168
2.536670991977195
2.550183858311537
2.563766255482325
2.576983664660098
2.5893818928634134
2.6005883355778368
2.6103938983558925
2.61877622862925
2.6258622662695807
2.631861222563097
2.6370022791458547
2.6414947120582797
2.6455103552335575
2.649181098185308
2.652603784782397
2.655847458054678
2.6589603754370996
2.6619758166601333
2.664916521616152
2.667797927069626
2.6706304605875753
2.6734211370557346
2.6761746568468534
2.6788941556247705
2.6815817136865348
2.6842387008456714
2.6868660095993597
2.689464212473677
2.6920336681513493
2.6945745930101688
2.6970870561110827
2.699571326024517
2.702027227176997
2.704454822616223
2.706853900861583
2.709224633900001
2.7115669751752316
2.713880882810246
2.7161663189683622
2.718423283488729
2.7206516977921766
2.7228515427419273
2.7250227987480162
2.7271654486605277
2.7292794782466454
2.731364876411349
2.7334216352716116
2.735449750142016
2.737449219467069
2.7394200447218924
2.7413622302947176
2.7432757833594423
2.7451607137434846
2.747017033794264
2.748844758246341
2.7506439040906523
2.7524144904466548
2.7541565384380142
2.755870071072178
2.7575551131240883
2.7592116910242246
2.7608398327510404
2.762439567727864
2.7640109267242754
2.7655539417619663
2.767068646024815
2.768555073774447
2.7700132602680156
2.7714432416823898
2.7728450550421173
2.774218738147813
2.77556432951844
2.776881868324228
2.7781713943335054
2.779432947859049
2.7806665697088584
2.7818723011403144
2.7830501838177324
2.7842002597731015
2.7853225713699787
2.7864171612703386
2.787484072404284
2.788523347942499
2.789535031271308
2.790519165970209
2.7914757957918055
2.792404964643917
2.793306716573923
2.7941810957550026
2.7950281464743454
2.795847913123148
2.7966404401882476
2.797405772245375
2.7981439539538635
2.7988550300527293
2.7995390453580726
2.800196044761605
2.8008260732303616
2.801429175807356
2.8020053976132635
2.8025547838488927
2.8030773797984954
2.803573230833806
2.804042382418732
2.8044848801146505
2.8049007695862254
2.8052900966077674
2.8056529070699976
2.805989246987202
2.8062991625047613
2.8065826999069694
2.806839905625135
2.8070708262459223
2.8072755085198917
2.8074539993702468
2.807606345901656
2.807732595409348
