174351.44483999998
498640.27289781836
500271.002958159
502239.1266445179
504371.8068618648
506558.1691781993
508728.03973331326
510837.72508012265
512860.8198183237
514782.2806658141
516594.56915752793
518295.11017440585
519884.59434767405
521365.8301155223
522742.96485875954
524020.94601005537
525205.1540937538
526301.1493552444
527314.4989198851
528250.6605011055
529114.9059249811
529912.2727438442
530647.5361644248
531325.1945721905
531949.4654900627
532524.2881623565
533053.3309204321
533540.001737152
533987.4605412039
534398.6329577094
534776.2241921227
535122.7335357046
535440.4679725739
535731.5562206273
535997.9614445979
536241.4937038327
536463.821723338
536666.484126996
536850.8991833888
537018.3750178741
537170.1180364133
537307.2415237416
537430.7731585269
537541.6620484883
537640.7852844221
537728.9538719471
537806.9184274501
537875.3741009763
537934.9650726364
537986.289256069
538029.9018247025
538066.3190386699
538096.0213710925
538119.456783292
538137.0431717886
538149.1712242356
538156.2064590107
538158.4915554504
538156.3483253454
538150.0792709556
538139.9695025056
538126.2880736283
538109.289316327
538089.2143345968
538066.2918866992
538040.7396014462
538012.7649557217
537982.566113306
537950.3327074522
537916.2468088893
537880.4831705042
537843.2104160815
537804.591266793
537764.7831266269
537723.9385997561
537682.206019455
537639.7297743355
537596.6506931864
537553.1064787401
537509.2319598136
537465.1593546536
537421.018760351
537376.9380575403
537333.0435799864
537289.4598981938
537246.3103639993
537203.7170820253
537161.8012867752
537120.683189125
537080.482543223
537041.318381722
537003.3095367523
536966.5743779009
536931.2311749393
536897.3981636604
536865.1936154325
536834.7358919244
536806.1436254155
536779.535699243
536755.0314684128
536732.7507080495
536712.813634814
536695.3411860181
536680.4549121481
536668.2770239712
536658.9306257416
536652.5394918459
536649.2283948866
536649.122997713
536652.3499756962
536659.036935338
536669.3125964741
536683.3069184549
536701.1507780768
536722.9763701211
536748.9171511595
536779.1078353804
536813.6842856162
536852.7839667161
536896.5455061318
536945.1090504521
536998.6162139896
537057.2099518751
537121.0348868293
537190.2371369881
537264.9642262313
537345.3655559585
537431.5920810862
537523.7964064934
537622.1328628147
537726.7574482219
537837.8279253299
537955.5039763881
970157.0446032136
962853.0170505991
955780.9691686467
948934.5266005957
942307.3511916718
935893.1846715981
929685.8786835345
923679.4157059842
917867.922844118
912245.6811756524
906807.1312130148
901546.8762426021
896459.6833625007
891540.483217739
886784.368855681
882186.5933068828
877742.5671076172
873447.8548711218
869298.1718404964
865289.3800815793
861417.4844325535
857678.6287921332
854069.0914743156
850585.281568992
847223.7345235938
843981.1082354101
840854.1789565734
837839.8372335439
834935.0842695059
832137.0279665954
829442.8792890416
826849.9486380847
824355.6423760431
821957.4595220683
819652.9883674022
817439.9033923927
815315.9620710454
813279.0021286851
811326.9385034218
809457.7607099778
807669.5301907907
805960.3776955223
804328.501116682
802772.1628379597
801289.6876965535
799879.4609761819
798539.9262122508
797269.5834174434
796063.9029574303
794927.6468743575
793856.4049463407
792852.0175899089
791907.0000708534
791023.27462073
790199.697061015
789435.1708014932
788728.647321494
788079.1266714039
787485.6593665697
786947.3490856615
786463.3569908964
786032.908522587
785655.3040812794
785329.934723439
785056.3082975
784834.0914557516
