0.9446890760365874
0.9385180656304153
0.939086252683082
0.9396171283275495
0.9401478712583713
0.9406795014926163
0.9412119588736891
0.9417451669478293
0.9422790623316233
0.9428135931854996
0.9433487171610715
0.9438843996738251
0.9444206124707231
0.9449573324446418
0.9454945406547296
0.9460322215183331
0.9465703621457753
0.9471089517939225
0.9476479814184616
0.9481874433081058
0.9487273307867182
0.9492676379716721
0.9498083595787509
0.9503494907654279
0.9508910270058464
0.9514329639918565
0.9519752975554753
0.9525180236088865
0.9530611380988109
0.953604636972538
0.9541485161534672
0.9546927715243064
0.9552373989164408
0.9557823941042092
0.9563277528030912
0.9568734706709132
0.9574195433114773
0.9579659662798281
0.9585127350890139
0.9590598452176489
0.9596072921181498
0.9601550712253237
0.9607031779651645
0.9612516077634526
0.9618003560547094
0.9623494182902571
0.9628987899465006
0.9634484665326064
0.9639984435978072
0.964548716738272
0.9650992816034981
0.9656501339022376
0.9662012694079226
0.9667526839636372
0.9673043734276286
0.967856333914774
0.9684085614413677
0.9689610521690502
0.9695138023471951
0.9700668083149531
0.9706200665031517
0.9711735734358367
0.9717273257314556
0.9722813201037309
0.9728355533622127
0.973390022412558
0.9739447242565257
0.9744996559917485
0.9750548148112544
0.9756101980027945
0.9761658029479706
0.9767216271211897
0.9772776680884603
0.9778339235060463
0.9783903911189918
0.9789470687595317
0.9795039543454049
0.9800610458780784
0.9806183414408907
0.9811758391971414
0.9817335373881148
0.9822914343310737
0.9828495284172051
0.9834078181095516
0.983966301940913
0.9845249785117564
0.9850838464880922
0.985642904599389
0.9862021516364712
0.98676158644944
0.98732120794561
0.9878810150874767
0.9883606013517928
0.9888584961897092
0.9893709274568084
0.9898947116470143
0.9904277159212088
0.990967166272935
0.9915123895002442
0.9920619408010534
0.9926149058491887
0.9931705704404763
0.9937283766227186
0.9942878884754726
0.9948487654036118
0.9954107412873222
0.9959736081996883
0.9965372036884378
0.9971014008399217
0.9976661005156587
0.9982312252857019
0.9987967146876336
0.9993625215212314
0.9999286089522238
1.0004949482490655
1.0010615170131745
1.0016282977961002
1.002195277018371
1.002762444124401
1.0033297909218912
1.0038973110653975
1.0044649996526644
1.005032852909045
1.005600867940816
1.0061690425423324
1.0067373750452877
1.0073058642008654
1.0078745090876207
1.0084433090394695
1.0090122635894065
1.0095813724255003
1.0101506353565008
1.0107200522849609
1.0112896231862214
1.011859348092002
1.012429227077548
1.0129992602516178
1.0135694477486654
1.0141397897226796
1.014710286342442
1.0152809377877723
1.0158517442466262
1.0164227059128172
1.0169938229842514
1.017565095661535
1.018136524146911
1.018708108643413
1.0192798493542212
1.01985174648216
1.0204238002293018
1.0209960107966733
1.0215683783840246
1.0221409031896438
1.0227135854102352
1.0232864252408156
1.023859422874632
1.0244325785031174
1.0250058923158465
1.0255793645005058
1.026152995242886
1.0267267847268655
1.0273007331344095
1.0278748406455684
1.0284491074384854
1.029023533689397
1.0295981195726507
1.0301728652607074
1.0307477709241597
1.0313228367317386
1.0318980628503307
1.0324734494449879
1.033048996678944
1.033624704713632
1.0342005737086912
1.0347766038219872
1.0353527952096235
1.0359291480259547
1.0365056624236075
1.0370823385534864
1.0376591765647933
1.0382361766050423
1.0388133388200662
1.039390663354039
1.0399681503494853
1.0405457999472982
1.0411236122867433
1.041701587505482
1.042279725739583
1.0428580271235264
1.0434364917902292
1.0440151198710494
1.0445939114958043
1.045172866792779
1.045751985888737
1.0463312689089406
1.0469107159771545
1.0474903272156624
1.0480701027452801
1.048650042685365
