1.7191776770502485
1.713481052019729
1.709655753980932
1.7062763500813236
1.7027439413320542
1.6988225122593108
1.6944344574195256
1.689570462659076
1.6842498446577625
1.678503145839054
1.6723645378425263
1.6658685425920405
1.6590486503114814
1.6519367684735529
1.6445630328952126
1.6369557752276547
1.6291415567805105
1.621145229417541
1.6129900065160243
1.604697536702081
1.596287977300094
1.5877800662590464
1.579191192096183
1.5705374617213987
1.5618337661339259
1.553093844027376
1.5443303433500157
1.5355548808634152
1.5267780997362035
1.5180097252013451
1.509258618297775
1.5005328277127727
1.4918396397360623
1.4831856263350318
1.4745766913589091
1.4660181148786902
1.4575145956729292
1.4490702918684475
1.4406888597498548
1.4323734907534125
1.4241269466649613
1.4159515930449809
1.4078494309078702
1.3998221266860995
1.391871040514427
1.3839972528721491
1.376201589625561
1.3684846455158044
1.3608468061397851
1.3532882684754004
1.345809060003531
1.3384090564816973
1.3310879984256365
1.3238455063561072
1.316681094868895
1.3095941855864912
1.3025841190499245
1.2956501656087112
1.2887915353665602
1.282007387239389
1.2752968371811446
1.2686589656314813
1.2620928242380276
1.255597441903786
1.2491718302089065
1.24281498825367
1.2365259069677201
1.2303035729280967
1.2241469717268705
1.2180550909269339
1.2120269226415856
1.2060614657726816
1.2001577279385742
1.194314727121976
1.1885314930652247
1.182807068438651
1.1771405098059398
1.1715308884081341
1.1659772907866355
1.1604788192635005
1.1550345922959
1.1496437447202468
1.1443054278996165
1.139018809787454
1.13378307491861
1.1285974243382564
1.123461075477543
1.1183732619845308
1.113333233517411
1.1083402555068034
1.1033936088925378
1.0984925898402584
1.0936365094420375
1.0888246934050823
1.084056481731729
1.0793312283937406
1.0746483010032766
1.0700070804828568
1.0654069607359125
1.0608473483196625
1.0563276621213906
1.0518473330392923
1.047405803668755
1.0430025279946264
1.0386369710901782
1.0343086088230402
1.0300169275684654
1.0257614239300865
1.021541604468329
1.01735698543656
1.0132070925248788
1.009091460611551
1.005009633522095
1.0009611637956821
0.9969456124589173
0.992962548806792
0.9890115501904769
0.9850922018120353
0.981204096525593
0.9773468346449543
0.9735200237573324
0.969723278543121
0.9659562206013638
0.9622184782807806
0.9585096865162427
0.9548294866702873
0.9511775263797295
0.9475534594070136
0.9439569454962006
0.9403876502333727
0.9368452449113427
0.9333294063985292
0.9298398170116802
0.9263761643925079
0.9229381413880267
0.9195254459343265
0.9161377809437946
0.912774854195702
0.9094363782297985
0.9061220702431276
0.9028316519896264
0.8995648496826781
0.8963213939002866
0.893101020808885
0.8899034679081749
0.8867284783185633
0.8835757992139317
0.8804451817012033
0.877336380730732
0.8742491550166163
0.8711832669613799
0.8681384825827921
0.865114571442726
0.86211130657762
0.8591284644306231
0.8561658247853542
0.8532231707012261
0.850300288450376
0.8473969674559806
0.844513000232244
0.8416481823256486
0.838802312257707
0.8359751914691284
0.8331666242651454
0.830376417762363
0.8276043818366745
0.8248503290725242
0.8221140747133102
0.8193954366129361
0.8166942351885174
0.8140102933741895
0.8113434365759205
0.8086934926273754
0.8060602917468606
0.803443666495092
0.8008434517340721
0.798259484586753
0.7956916043976864
0.7931396526944595
0.7906034731500968
0.7880829115461478
0.7855778157366695
0.7830880356129722
0.780613423069054
0.778153831967882
0.7757091181083194
0.7732791391927478
0.770863754795443
0.768462826331491
0.7660762170264617
0.7637037918866435
0.7613454176699623
0.7590009628573918
0.7566702976250171
0.7543532938166615
0.7520498249170711
0.7497597660255648
0.7474829938302994
0.7452193865830194
