30.07411074777525
30.202336329891676
30.336339883810666
30.473091784256802
30.611901692524512
30.75256809969151
30.894991161411756
31.039089216835603
31.184781019407158
31.331982221371437
31.480604958874938
31.63055812007104
31.781747768445427
31.93407760166167
32.08744941445495
32.24176355356005
32.39691935745576
32.55281557544522
32.7093507617232
32.866423641097846
33.02393344400911
33.1817802094084
33.33986505491246
33.49809041439899
33.65636024386069
33.814580196870395
33.97265777143465
34.13050243032855
34.28802569722006
34.44513960826385
34.60176165771554
34.75780991592373
34.91320471440953
35.06786864908345
35.22172658124857
35.37470563093594
35.52673516397912
35.67774677435227
35.82767426315204
35.97645361542445
36.124022975860726
36.270322624215986
36.41529495114583
36.55888443501052
36.701037620062564
36.84170309631483
36.980831481279225
37.118375403672594
37.25428948910479
37.38853034769389
37.52105656349418
37.65182868557335
37.78080922053469
37.907962626248874
38.03325530653519
38.156655606515216
38.278133808350724
38.3976621270724
38.515214706205455
38.630767612902645
38.744298832303194
38.855788260847895
38.9652176982953
39.07257083820154
39.17783325664575
39.28099239900473
39.38203756460355
39.48095988909287
39.57775232442923
39.67240961635983
39.76492827933951
39.85530656883347
39.9435444509845
40.02964356964973
40.11360721083458
40.195440264576014
40.2751491843491
40.35274194409142
40.428227992959265
40.501618207947
40.57292484451702
40.6421614854013
40.70934298774795
40.77448542879595
40.8376060502696
40.89872320169003
40.95785628280579
41.01502568534612
41.07025273430167
41.12355962893586
41.17496938372699
41.22450576943719
41.27219325449795
41.318056946895496
41.362122536730354
41.404416239616715
41.44496474617893
41.48379515047302
41.52093491716162
41.55641182016878
41.59025389336482
41.622489382052976
41.653146695994984
41.68225436417264
41.70984099136746
41.73593521661153
41.76056567354881
41.78376118564533
41.80555000175993
41.825960522126636
41.8450210023451
41.86275952369635
41.87920396521457
41.89438197766387
41.90832095939217
41.92104803402495
41.9325900299559
41.942973461586874
41.95222451226557
41.96036901886586
41.96743245795268
41.973439933471376
41.97841616589928
41.98238548279612
41.9853718106889
41.98739866822643
41.98848916053858
41.9886659747355
41.987951376482705
41.98636720758866
41.98393488454248
41.98067539794093
41.976609316520495
41.97175676995892
41.96613748523222
41.959770757239355
41.952675465188165
41.944870074733664
41.93637264179405
41.9272008170549
41.917371850929925
41.90690259890575
41.89580952722622
41.884108718877705
41.871815879839595
41.85894634556635
41.845515087669625
41.83153672077045
41.817025509493966
41.80199537558041
41.786459905088236
41.77043235566664
41.753925663876615
41.73695245254097
41.71952503810535
41.70165543799381
41.683355377943464
41.66463629930444
41.64550936629234
41.62598547318139
41.606075251427924
41.5857890767146
41.56513734965224
41.5441294827517
41.52277528928115
41.501084219186495
41.479065476297755
41.45672804493867
41.434080693349635
41.41113200107742
41.387890340353934
41.364363893701146
41.340560658481614
41.31648816818842
41.29215455742511
41.26756713021451
41.24273316715314
41.217659815446375
41.19235407275365
41.166822788559756
41.141072668293546
41.115110277778086
41.08894204762139
41.06257427748574
41.03601314022667
41.00926468590129
40.982334845647436
40.95522943543526
40.927954159693
40.90051461480903
40.87291629251197
40.84516458313103
40.81726477873879
40.789222076178355
40.761041579977324
40.732728305150765
40.704287179895424
40.67572304817768
40.64704067221736
