0.01266
0.011000374494007214
0.011093908467910642
0.011191831255838272
0.011294170487795376
0.01140094213908078
0.011512149455690422
0.011627783569170862
0.011747824688345433
0.011872243355675334
0.012001002078389495
0.012134056437875162
0.012271357543340822
0.012412853175160853
0.012558489420702578
0.012708212009815987
0.012861967433567911
0.013019703830778495
0.013181371644040313
0.013346924059776976
0.013516317255371635
0.01368951048100795
0.013866466005251625
0.014047148952496771
0.014231527057950836
0.0144195703625929
0.014611250866872249
0.014806542158428209
0.015005419025766825
0.015207857067000709
0.01541383230033412
0.015623320780991257
0.015836300032233998
0.016052739673246084
0.016272619066222262
0.016495909010624164
0.016722580392649376
0.016952602085849977
0.017185940656200244
0.01742256008072796
0.017662421479472116
0.017905482860772492
0.01815169888022488
0.018401020615309707
0.018653395342543483
0.018908766353665136
0.019167072763688873
0.019428249342034545
0.019692226367714002
0.019958929494308653
0.020228279633605774
0.020500192863500615
0.020774580353192806
0.021051348310190374
0.021330397949452726
0.021611625485412057
0.02189492214757622
0.022180174220293277
0.022467263107162266
0.022756065420536282
0.023046453095730265
0.023338293532072063
0.023631449757274516
0.023925780619581723
0.024221140999519976
0.024517382054079596
0.02481435147779156
0.025111893663968234
0.02540985051446524
0.02570806102373682
0.0260063621246829
0.02630458893611184
0.026602575151646247
0.026900153446274444
0.02719715589922523
0.027493414434092887
0.027788761269778767
0.028083029391823076
0.028376053033380283
0.028667668172426285
0.02895771326534949
0.0292460289027448
0.029532459638215137
0.02981685371031162
0.030099063836290053
0.030378947825436226
0.030656369224696747
0.030931198003528688
0.031203311286971278
0.03147259414806631
0.03173894047371817
0.032002253921519896
0.0322624489893095
0.0324747835830216
0.032670748534786034
0.03286369073132376
0.03305355930394673
0.03324030816031835
0.03342389641393721
0.03360428710168148
0.03378144817178211
0.03395535203690934
0.03412597546052466
0.03429329959203564
0.03445730965658958
0.03461799504985291
0.034775349111329415
0.034932093352263445
0.03508274716180755
0.03522741353813905
0.03537145039032716
0.03551217743104891
0.035649608931745375
0.035783762140679104
0.03591465713085855
0.036042316648208415
0.03616676595998287
0.03628803270404247
0.03640614673956072
0.0365211399996128
0.03663304634614164
0.03674190142764373
0.03684774253997915
0.03695060849057587
0.03705053946633094
0.0371475769054191
0.03724176337321503
0.03733314244249925
0.03742175857804187
0.03750765702571314
0.03759088370613556
0.037671485112960715
0.03774950821577693
0.03782500036763632
0.03789800921718388
0.03796858262535443
0.03803676858657003
0.03810261515437356
0.038166170371393554
0.03822748220358712
0.03828659847861129
0.03834356682822513
0.038398434634622274
0.038451248980539074
0.03850205660302106
0.038550903850723586
0.03859783664459178
0.03864290044180112
0.038686140202816584
0.03872760036141693
0.03876732479757592
0.03880535681303829
0.03884173910948325
0.038876513769103914
0.0389097222375307
0.038941405308917224
0.03897160311310056
0.0390003551047035
0.039027700054071156
0.0390536760399127
0.03907832044356664
0.03910166994476091
0.03912376051878131
0.03914462743495151
0.03916430525632147
0.039182827840498057
0.03920022834150668
0.039216539212629395
0.039231792210116814
0.03924601839773813
0.03925924815205526
0.03927151116839313
0.03928283646742556
0.03929325240232428
0.03930278666641729
0.039311466301295034
0.03931931770533565
0.039326366642580275
0.039332638251927524
0.039338157056610465
0.03934294697391133
0.039347031325085075
0.039350432845437974
0.03935317369457179
0.03935527546672628
0.03935675920120391
0.03935764539287319
0.03935795400269181
0.03935770446826959
0.03935691571440552
0.039355606163626905
0.039353793746686044
0.03935149591300291
0.03934872964105157
0.03934551144866689
0.039341857403264506
0.039337783131962116
0.03933330383159774
0.039328434278638184
