0.006842748457469856
0.006558348436671633
0.00651434900400502
0.006478271596682223
0.00644314310187366
0.006408724023136532
0.006374981112258868
0.006341890048062563
0.006309429023210247
0.006277578156470448
0.0062463191509900436
0.0062156350190285675
0.006185509857544253
0.006155928665640491
0.006126877196515864
0.006098341837808768
0.006070309515266129
0.006042767615531336
0.006015703924567775
0.0059891065788349575
0.0059629640268340734
0.005937264999055252
0.00591199848470382
0.005887153713869717
0.005862720144041611
0.005838687450064528
0.005815045516802688
0.00579178443390476
0.005768894492179821
0.005746366181185117
0.0057241901877024826
0.00570235739484335
0.0056808588815738205
0.005659685922493972
0.005638829987740498
0.0056182827429106
0.005598036048928166
0.005578081961793287
0.005558412732170782
0.005539020804787008
0.005519898817614135
0.005501039600829405
0.005482436175543639
0.005464081752298471
0.005445969729336203
0.005428093690648851
0.0054104474038162926
0.00539302481764451
0.005375820059616663
0.005358827433170845
0.005342041414818342
0.005325456651117269
0.005309067955516059
0.005292870305081192
0.005276858836655663
0.005261028845535704
0.005245375778249747
0.005229895231837219
0.005214582949312363
0.005199434816014936
0.005184446855904574
0.0051696152278398275
0.005154936221851623
0.005140406255421021
0.0051260218697698
0.005111779726171333
0.005097676602290251
0.0050837093885558095
0.005069875084577334
0.005056170795605595
0.005042593729045444
0.005029141191025518
0.0050158105830271724
0.005002599398577547
0.004989505220009386
0.004976525715290145
0.004963658634923197
0.0049509018089223394
0.004938253143861839
0.004925710620002555
0.004913272288495814
0.004900936268665095
0.004888700745365885
0.004876563966424362
0.004864524240154036
0.00485257993295082
0.004840729466965274
0.004828971317852032
0.004817304012594956
0.004805726127407603
0.004794236285707468
0.004782833156162986
0.004773990060908506
0.0047672055594710355
0.00476202955252007
0.00475810960339208
0.0047551711234429615
0.004752998809699519
0.004751425521630952
0.004750320433655113
0.004749581352599037
0.004749128443929311
0.004748899332203318
0.004748845278105831
0.004748928194461906
0.0047491183163865655
0.0047493923817308065
0.0047497322097839545
0.004750123590896557
0.0047505554189049325
0.004751019013201633
0.004751507588957754
0.004752015843096437
0.0047525396307122585
0.004753075712168986
0.004753621555431879
0.004754175181567467
0.004754735043981548
0.004755299934026471
0.004755868907218772
0.004756441225566526
0.004757016312488335
0.004757593717574809
0.004758173089043357
0.004758754152206511
0.004759336692640901
0.004759920543030679
0.00476050557288299
0.004761091680488696
0.004761678786637993
0.004762266829707978
0.004762855761822532
0.004763445545850482
0.004764036153059113
0.004764627561279756
0.004765219753474005
0.004765812716612758
0.0047664064407999885
0.004767000918587896
0.004767596144441397
0.004768192114319646
0.004768788825348815
0.004769386275566455
0.004769984463721451
0.004770583389117853
0.0047711830514927285
0.004771783450920655
0.004772384587739137
0.0047729864624902795
0.004773589075875183
0.004774192428718386
0.004774796521939982
0.004775401356533921
0.0047760069335509876
0.004776613254085554
0.004777220319265234
0.00477782813024277
0.0047784366881897635
0.004779045994291721
0.004779656049744224
0.004780266855749978
0.004780878413516453
0.004781490724254077
0.004782103789174887
0.0047827176094913555
0.004783332186415655
0.0047839475211589495
0.0047845636149309026
0.004785180468939352
0.004785798084389962
0.004786416462486049
0.004787035604428418
0.004787655511415275
0.0047882761846420666
0.0047888976253015435
0.004789519834583633
0.0047901428136754584
0.00479076656376135
0.004791391086022798
0.004792016381638531
0.004792642451784493
0.004793269297633866
0.004793896920357099
0.004794525321121936
0.004795154501093462
0.004795784461434082
0.004796415203303614
0.004797046727859279
0.004797679036255741
0.004798312129645113
0.004798946009177058
0.004799580675998742
0.004800216131254912
0.0048008523760878965
0.004801489411637668
0.004802127239041827
0.004802765859435664
0.004803405273952211
0.0048040454837221715
