15.22273
9.725244489596706
9.788522433001253
9.849817618381769
9.908919775823952
9.965619293384435
10.019715572543014
10.071021001708301
10.119363692736837
10.164589696833325
10.206564827581165
10.245176087899772
10.280332678068664
10.311966569692041
10.340032644752782
10.364508414034288
10.385393343183596
10.4027078265814
10.416491858409476
10.426803456576645
10.43371689843316
10.437320827625074
10.437716289338738
10.4350147469962
10.429336127688849
10.420806936798972
10.409558474853368
10.395725182122819
10.379443129196726
10.360848637049079
10.34007745587751
10.31726283873399
10.292535480305759
10.266022557263101
10.237847155519166
10.208127827872971
10.176978269433025
10.144507097711694
10.110817724266134
10.076008305118151
10.040171757816243
10.003395833829236
9.965763235908295
9.927351771071086
9.888234530896801
9.848480091843351
9.808152729277971
9.7673126398351
9.726016167566259
9.684316030120245
9.642261541886729
9.599898831650965
9.557271052846382
9.514418584958603
9.471379225035324
9.428188368595853
9.384879179520105
9.341482748732865
9.2980282416941
9.254543034862127
9.21105284142171
9.167581826665335
9.124152713489755
9.080786878522858
9.03750443943279
8.994324333993376
8.951264391491865
8.908341397065767
8.865571149550112
8.822968513404351
8.780547465270441
8.73832113569383
8.696301846514297
8.654501144408181
8.612929831036274
8.571597990222587
8.530515012560768
8.48968961781526
8.449129875455302
8.408843223630907
8.368836486871848
8.329115892762509
8.28968708781959
8.250555152772726
8.211724617424496
8.173199475241816
8.134983197809026
8.097078749251507
8.059488600719332
8.02221474500184
7.985258711327187
7.948621580385508
7.9123039995999775
7.876306198657423
7.840628005298787
7.805268861359774
7.770227837054245
7.735503654528718
7.701094695312278
7.666999022187197
7.633214395139548
7.59973828826367
7.566567906696272
7.533700203512274
7.5011318965310645
7.4688594849855265
7.4368792660072005
7.405187070771021
7.373779079158228
7.342651127383689
7.311798863508546
7.281217811691979
7.250903386714345
7.220850908058173
7.191055613522147
7.161512672346691
7.132217197833652
7.103164259445947
7.074348894376177
7.0457661185767195
7.0174109372466065
6.989278354773591
6.961363384132473
6.933661055743146
6.906166425794488
6.8788745840419585
6.851780661089023
6.824879835163997
6.798167338405511
6.7716384626711195
6.745288564884613
6.719113071938623
6.69310748460065
6.667267384339988
6.641588431724615
6.616066374609129
6.590697048995306
6.565476381881356
6.5404003935961015
6.515465199801531
6.490667013209619
6.466002145035625
6.441467006205828
6.41705810833656
6.392772064500849
6.368605589798118
6.3445555017421205
6.320618720481211
6.296792268864699
6.2730732723681335
6.249458958889726
6.225946658429371
6.202533802661071
6.179217924408754
6.155996657034835
6.1328677337502056
6.109828986853534
6.08687834690726
6.064013841856877
6.041233596099541
6.018535829507452
5.995918856410847
5.973381127794395
5.950921045779828
5.928537260622418
5.906228450359854
5.883993384662873
5.861830921357335
5.839740008517174
5.817719669137178
5.795769019910391
5.7738872573831115
5.7520736595671424
5.730327541698673
5.708648437327179
5.687035803604604
5.665489234390144
5.644008395841929
5.622593027140011
5.601242939415603
5.57995801437126
5.558738202832015
5.537583523265106
5.516494060273458
5.495469963062858
5.474511443882094
5.453618776435131
5.432792294264524
5.412032389105411
5.391339509209384
5.370714157637824
5.350156890524352
5.329668315306179
5.309249088924381
5.288899915993156
5.268621546938479
5.248414776106622
5.228280439843165
5.208219414543571
