3.9658248909368115
3.963068874938048
3.959934172781031
3.956725856917534
3.9535057181249145
3.950290825736187
3.94708728928404
3.943898074890488
3.9407249279502663
3.9375688986092823
3.9344305271385944
3.9313099401252543
3.928206918066933
3.9251209498057293
3.922051278393398
3.918996940271469
3.9159567988872417
3.9129295735837597
3.9099138644485585
3.9069081736968347
3.9039109240774215
3.9009204747173687
3.8979351347598903
3.894953175098893
3.8919728384695955
3.888992348117779
3.8860099152387324
3.8830237453502296
3.8800320437410907
3.8770330201174388
3.874024892552147
3.8710058908287426
3.8679742592588355
3.8649282590416782
3.8618661702254116
3.8587862933218333
3.8556869506197815
3.8525664872364573
3.849423271940995
3.846255697780238
3.8430621825328917
3.839841169014991
3.836591125256713
3.8333105445681195
3.8299979455092297
3.8266518717779237
3.8232708920275384
3.819853599624555
3.8163986123555014
3.812904572091104
3.809370144414716
3.8057940182212087
3.8021749052917504
3.7985115398492346
3.7948026780985353
3.7910470977552433
3.7872435975660954
3.783390996823901
3.779488134879409
3.7755338706522648
3.771527082142907
3.7674666659470373
3.763351536774052
3.7591806269706605
3.754952886050731
3.750667280232261
3.7463227919822355
3.741918419570039
3.7374531766299413
3.7329260917331526
3.728336207969787
3.723682582541075
3.718964286362066
3.714180403674998
3.7093300316735025
3.704412280137738
3.699426271080529
3.6943711384045312
3.6892460275704573
3.6840500952763287
3.6787825091477293
3.6734424474390033
3.6680290987453343
3.6625416617256232
3.6569793448360715
3.651341366074371
3.645626952734402
3.6398353411712967
3.63396577657679
3.6280175127646968
3.621989811966416
3.6158819446363113
3.609693189266865
3.603422832213445
3.5970701675285763
3.5906344968055808
3.584115129031445
3.5775113804487995
3.5708225744268765
3.564048041341315
3.5571871184626933
3.550239149853665
3.5432034862745683
3.536079485097398
3.5288665102280197
3.521563932036501
3.51417112729545
3.5066874791262572
3.499112376953109
3.491445216464674
3.4836853995833628
3.475832334442028
3.467885435368023
3.459844122874499
3.4517078236588414
3.443475970608143
3.4351480028116037
3.4267233655797593
3.4182015104704355
3.409581895321321
3.400863984289057
3.3920472478947397
3.3831311630757277
3.3741152132436514
3.3649988883485125
3.3557816849487656
3.346463106287272
3.3370426623730047
3.3275198700683988
3.3178942531822178
3.308165342567818
3.298332676226686
3.2883957994171116
3.2783542647678763
3.2682076323968046
3.257955470034041
3.247597353149906
3.2371328650871742
3.2265615971976174
3.215883148982644
3.205097128237868
3.194203151201425
3.183200842705845
3.172089836333302
3.160869774574026
3.1495403089876763
3.1381011003674546
3.126551818906737
3.1148921443679813
3.103121766253676
3.0912403839790676
3.0792477070464064
3.067143455220439
3.054927358704858
3.042599158319419
3.0301586056774097
3.0176054633631706
3.004939505109319
2.9921605159733486
2.979268292513252
2.9662626429617993
2.953143387399095
2.9399103579230315
2.9265633988172395
2.913102366716113
2.8995271307664985
2.885837572785603
2.8720335874146796
2.858115082268016
2.8440819780767765
2.8299342088271913
2.8156717218926075
2.8012944781589
2.78680245214271
2.7721956321019996
2.7574740201383667
2.7426376322905868
2.72768649861881
2.7126206632788556
2.6974401845860227
2.6821451350678385
2.6667356015051484
2.6512116849609537
2.635573500796395
2.619821178673274
2.603954862542495
2.587974710617832
2.5718808953343766
2.555673603291074
2.5393530351767235
2.5229194056788184
2.5063729433746267
2.489713890603899
2.472942503322601
2.456059050937071
2.439063816118027
2.4219570945938327
2.404739194922471
2.387410438241666
