0.00026904
0.00033667452676217524
0.0003319317991028949
0.0003274139498075907
0.0003231750055460136
0.00031920718277598836
0.00031549063441501865
0.0003120047209144116
0.00030873037038059534
0.0003056504011476865
0.00030274940224614004
0.0003000135388768696
0.00029743036421099546
0.00029498865278053166
0.00029267825589597015
0.0002904899765784255
0.0002884154612382777
0.00028644710563188524
0.0002845779729949851
0.00028280172258268233
0.00028111254712648786
0.00027950511795288237
0.0002779745367025899
0.000276516292751847
0.00027512622557230573
0.0002738004913793603
0.00027253553351367916
0.0002713280560805422
0.00027017500043890655
0.00026907352418903635
0.0002680209823557538
0.00026701491050533675
0.0002660530095690023
0.0002651331321756969
0.0002642532703224287
0.0002634115442322496
0.00026260619226881694
0.0002618355617926655
0.0002610981008583427
0.0002603923506636625
0.0002597169386728688
0.0002590705723446162
0.00025845203340366584
0.0002578601726021082
0.0002572939049220292
0.0002567522051768288
0.00025623410397310366
0.00025573868399907075
0.00025526507660916575
0.0002548124586776063
0.0002543800496965514
0.0002539671090969682
0.0002535729337725408
0.0002531968557889108
0.00025283824026228665
0.00025249648339302467
0.00025217101064115146
0.0002518612750320571
0.0002515667555816831
0.0002512869558315207
0.0002510214024846392
0.00025076964413474177
0.0002505312500809808
0.00025030580922190523
0.0002500929290224923
0.0002498922345487461
0.00024970336756482286
0.00024952598568805717
0.000249359761597677
0.00024920438229332286
0.00024905954839982305
0.0002489249735149603
0.0002488003835972289
0.0002486855163908277
0.0002485801208853437
0.0002484839568077908
0.0002483967941448437
0.0002483184126932748
0.00024824860163675974
0.0002481871591473448
0.0002481338920100134
0.0002480886152688906
0.0002480511518937414
0.0002480213324655169
0.00024799899487978606
0.00024798398406698736
0.0002479761517284936
0.00024797535608757614
0.0002479814616544001
0.0002479943390042531
0.0002480138645682665
0.000248039920435936
0.000248072394168794
0.00024811117862464017
0.00024815617179176725
0.0002482072766326623
0.00024826440093669746
0.0002483274571813626
0.0002483963624016101
0.0002484710380669231
0.00024855140996574436
0.0002486374080969146
0.0002487289665678053
0.00024882602349885315
0.0002489285209342122
0.00024903640475826646
0.0002491496246177626
0.0002492681338493432
0.0002493918894122605
0.000249520851826086
0.0002496549851132313
0.0002497942567461127
0.0002499386375988026
0.0002500881019030233
0.000250242627208353
0.00025040219434651544
0.0002505667873996392
0.00025073639367238765
0.00025091100366785653
0.00025109061106715167
0.00025127521271257273
0.0002514648085943174
0.00025165940184065304
0.0002518589987114874
0.0002520636085952851
0.00025227324400928756
0.0002524879206029911
0.0002527076571648448
0.0002529324756321401
0.000253162401104068
0.00025339746185791274
0.0002536376893683809
0.00025388311833003506
0.00025413378668283837
0.00025438973564079816
0.0002546510097237079
0.00025491765679199683
0.0002551897280846823
0.0002554672782604467
0.0002557503654418441
0.00025603905126265575
0.00025633340091841124
0.00025663348322009874
0.0002569393706510874
0.0002572511394272892
0.00025756886956058745
0.0002578926449255639
0.00025822255332955677
0.00025855868658608745
0.00025890114059168437
0.0002592500154061535
0.00025960541533632007
0.000259967449023297
0.00026033622953330736
0.00026071187445211305
0.00026109450598308536
0.0002614842510489622
0.00026188124139733473
0.00026228561370990707
0.0002626975097155639
0.0002631170763072978
0.00026354446566302636
0.0002639798353703434
0.000264423348555235
0.00026487517401480303
0.0002653354863540196
0.0002658044661265425
0.0002662822999796242
0.0002667691808031228
0.0002672653078826422
0.00026777088705680433
0.00026828613087866886
0.00026881125878128366
0.000269346497247373
0.00026989207998313723
0.0002704482480961391
0.0002710152502772454
0.00027159334298657045
0.0002721827906433673
0.00027278386581979007
0.00027339684943844604
0.00027402203097362727
0.0002746597086561025
0.00027531018968133495
0.000275973790420952
0.00027665083663729273
0.0002773416637008177
0.0002780466168101396
0.0002787660512144133
0.00027950033243777275
0.0002802498365054853
0.0002810149501714371
0.0002817960711465334
0.0002825936083275417
0.0002834079820258521
0.0002842396241955873
0.0002850889786604156
0.00028595650133836023
0.00028684266046383086
