183.93491958312208
183.9063428174189
183.8777419262114
183.84911685315925
183.8204675426965
183.79179393908848
183.76309598631394
183.73437362805495
183.7056268077004
183.67685546835148
183.64805955282628
183.61923900366517
183.59039376313504
183.56152377323392
183.53262897569496
183.50370931199043
183.47476471949824
183.44579514289066
183.41680052690856
183.38778080832162
183.35873592716348
183.32966582339006
183.3005704367404
183.27144970672063
183.24230357260444
183.21313197343534
183.18393484802857
183.1547121349737
183.12546377263666
183.09618969916176
183.06688985247374
183.0375641702798
183.00821259007125
182.9788350491254
182.9494314845073
182.92000183307147
182.89054603146337
182.86106401612113
182.83155572327684
182.8020210889583
182.7724600489903
182.74287253899618
182.71325849439893
182.6836178504229
182.6539505420949
182.62425650424547
182.59453567151039
182.56478797833168
182.53501335895893
182.5052117474507
182.4753830776755
182.44552728331317
182.41564429785598
182.38573405460994
182.35579648669582
182.3258315270506
182.29583910842848
182.26581916340217
182.23577162436396
182.2056964235272
182.17559349292716
182.14546276442266
182.1153041696969
182.0851176402592
182.05490310744568
182.024660502421
181.99438975617952
181.96409079954665
181.9337635631801
181.90340797757122
181.87302397304666
181.8426114797694
181.8121704277405
181.7817007468003
181.75120236663017
181.72067521675382
181.69011922653894
181.6595343251988
181.62892044179384
181.59827750523328
181.567605444277
181.53690418753686
181.50617366347893
181.47541380042503
181.44462452655455
181.41380576990653
181.38295745838136
181.35207951974292
181.32117188162053
181.29023447151104
181.25926721678087
181.22827004466825
181.19724288228534
181.16618565662068
181.13509829454125
181.10398072279503
181.07283286801325
181.04165465671304
181.01044601529983
180.97920687007
180.94793714721334
180.91663677281613
180.88530567286352
180.8539437732426
180.82255099974503
180.79112727807026
180.7596725338283
180.72818669254303
180.69666967965495
180.6651214205248
180.6335418404365
180.60193086460063
180.57028841815782
180.538614426182
180.50690881368422
180.47517150561612
180.44340242687355
180.4116015023002
180.37976865669148
180.34790381479866
180.3160069013321
180.284077840966
180.25211655834195
180.2201229780732
180.188097024749
180.15603862293858
180.12394769719575
180.09182417206304
180.05966797207628
180.02747902176924
179.99525724567786
179.96300256834516
179.93071491432588
179.8983942081912
179.86604037453355
179.83363114338664
179.8011892065205
179.76871448681334
179.73620690675966
179.7036663900409
179.67109286175454
179.63848624843573
179.60584647802906
179.57317347984286
179.54046718449734
179.50772752387306
179.47495443106322
179.4421478403314
179.4093076870757
179.37643390780005
179.34352644009206
179.31058522260813
179.27761019506556
179.2446012982408
179.211558473975
179.1784816651856
179.14537081588486
179.112225871205
179.0790467774299
179.0458334820347
179.0125859337323
178.97930408252824
178.94598787978404
178.91263727829076
178.87925223235194
178.84583269787905
178.8123786324996
178.77888999567975
178.7453667488638
178.71180885563228
178.67821628188196
178.64458899603054
178.61092696925064
178.57723017573724
178.54349859301442
178.50973220228894
178.47593098885852
178.4420949425852
178.4082240584474
178.3743183371864
178.3403777860668
178.30640241977738
178.27239226150425
178.23834734421817
178.20426771223083
178.17015342309222
178.136004549924
178.10182118432112
178.06760343999872
178.03335145743753
177.99906540988707
177.96474551125343
177.93039202666398
177.89600528693592
177.8615857089173
177.82713382499475
177.79265032756032
177.75813613927363
177.72359253101547
