39.688643525510656
40.091095030329015
40.462098252434885
40.80298153569358
41.115038154034934
41.3996379275676
41.65823031467785
41.89232855233719
42.10348862938059
42.29328724110295
42.46329989599331
42.61508054584662
42.75014294316559
42.86994504043908
42.97587631831192
43.069248280463434
43.15128800018176
43.223134467355614
43.28583738487404
43.340358011366575
43.38757163483565
43.428271279090524
43.4631722821232
43.49291743397429
43.51808241440269
43.53918132269784
43.55667214008825
43.57096200750567
43.582412237254594
43.59134300632038
43.59803770216716
43.60274690956664
43.605691867146135
43.60706845464521
43.607049070451026
43.605786009601516
43.60341363787469
43.600050492258575
43.59580114468074
43.59075785213106
43.58500201509501
43.57860546471779
43.571631597536935
43.56413637481577
43.55616920243658
43.54777370452483
43.53898840395806
43.52984732139688
43.5203804999242
43.51061446939045
43.500572652310865
43.49027572181614
43.47974191649359
43.46898731748772
43.458026092502166
43.4468707107562
43.43553213245527
43.424019975889664
43.412342664896904
43.400507559020795
43.388521068741966
43.376388757043856
43.36411542950715
43.35170521407022
43.33916163156402
43.32648765850042
43.31368578264286
43.3007580541757
43.28770612403173
43.27453128885699
43.261234523565285
43.247816512341586
43.23427767618988
43.220618197464745
43.20683804171529
43.192936977124155
43.178914591787255
43.16477030905034
43.15050340108511
43.13611300086599
43.12159811177695
43.106957619640546
43.09219029751477
43.07729481367037
43.062269737126876
43.047113542213076
43.03182461209994
43.01640124132625
43.00084163732383
42.985143920940935
42.96930612594313
42.95332619746534
42.93720198936839
42.92135349571152
42.905887906105356
42.89078592182239
42.87602978197559
42.86160307529776
42.84749060085304
42.83367824715351
42.820152884686166
42.80690227260527
42.79391497379161
42.78118027993701
42.76868814475903
42.75642912448827
42.74439432479586
42.73257536557096
42.72096430197853
42.70955361183282
42.69833618470484
42.68730525632731
42.676454393125454
42.66577746795453
42.65526863824451
42.644922326334566
42.63473320175778
42.624696165258136
42.61480633434688
42.60505903022777
42.59544976593521
42.58597423555272
42.57662830439037
42.56740800001558
42.5583095040417
42.549329144591994
42.54046338936466
42.531708839231804
42.52306222231719
42.51452038849795
42.506080304287856
42.49773904805992
42.4894938055735
42.48134186577467
42.47328061684163
42.46530754245187
42.457420218247776
42.44961630848264
42.44189356283163
42.43424981334984
42.426682971566784
42.41919102570615
42.41177203801887
42.404424142221444
42.39714554103297
42.389934503801705
42.38278936421681
42.37570851809987
42.368690421269314
42.361733587477126
42.35483658641069
42.34799804175893
42.34121662933763
42.33449107527416
42.32782015424607
42.32120268777338
42.31463754256296
42.30812362890146
42.30165989909647
42.295245345964716
42.28887900136517
42.28255993477555
42.276287251912365
42.27006009339206
42.263877633432806
42.25773907859606
42.2516436665664
42.245590664968816
42.23957937022391
42.23360910643753
42.22767922432613
42.22178910017664
42.21593813483909
42.21012575275254
42.20435140100193
42.19861454840711
42.19291468464108
42.1872513193784
42.18162398147223
42.17603221815974
42.17047559429431
42.16495369160433
42.15946610797902
42.154012456778005
42.14859236616632
42.14320547847337
42.13785144957446
42.132529948295584
42.12724065583935
42.121983265232856
42.11675748079613
42.111563017629884
42.106399601123776
42.10126696648254
42.09616485827112
42.09109302997676
42.086051243588905
42.081039269195514
42.076056884594436
