207982.23911999998
336843.85073135677
341371.1367706051
346010.3519347256
350752.4686278506
355598.68633310933
360551.85986917187
365615.22804417997
370792.0556982425
376085.60902903107
381499.12828028016
387035.8615768123
392698.99329396535
398491.6927088322
404417.1055168444
410478.3614420385
416678.5844960651
423020.9052042133
429508.47415753466
436144.47634058393
442932.14580446284
449874.78038039536
456975.75624690857
464238.5422644695
471666.71407571883
479263.96802928636
487034.1350313332
494981.1944571957
503109.28827543446
511422.7355442466
519926.04744777625
528623.9430407404
537520.7858250227
546623.5009140678
555935.7970252687
565463.9803383952
575214.0828596981
585192.4628704244
595405.8312478147
605861.2793734478
616566.3095303144
627528.8680686939
638757.381659241
650260.7955801567
662048.622681635
674130.9830322204
686518.6621865801
699223.1691276846
712256.7932075374
725632.6858046064
739364.9314119677
753468.6365154318
767960.0263739751
782856.5528968748
798177.0151262935
813941.6940827739
830172.5040200609
846893.1624729321
864129.3818859721
881909.0805628387
900262.6494312411
919223.1987881646
938826.8955780895
959113.3299968443
980125.8960167373
1001912.3161623229
1024525.159754032
1048022.1102625751
1072468.1706380898
1097934.3685396446
1124500.1690103384
1152254.3115601079
1181296.2052117286
1211737.5829448195
1243704.4736352821
1277339.5649391194
1312805.050722137
1350286.0830408111
1389994.9840683404
1432176.42062009
1477115.220175139
1525138.8991016517
1576635.6555907559
1632061.9866491219
1691960.3054024177
1756980.157154325
1827906.0503597457
1905694.44066832
1991523.58364065
2086861.801407307
2193562.618165181
2313999.966937938
2451264.6426181546
2491794.9650430973
2499739.7047399194
2507390.3419215456
2514749.7407256956
2521818.383898162
2528604.8331293166
2535107.3299509254
2541329.688848424
2547275.756507734
2552949.1297531677
2558353.586584196
2563493.084395217
2568371.7348655593
2572993.8061225563
2577358.2304664343
2581480.551891209
2585365.241022841
2589006.2930028355
2592413.9634600757
2595593.1879097214
2598548.96846839
2601286.366513607
2603810.491745638
2606126.4916249993
2608239.5411697733
2610154.833136433
2611877.56860759
2613412.947995869
2614766.1624902925
2615942.38594781
2616946.7672400977
2617784.4230555636
2618460.4311612286
2618979.8241189932
2619347.5834497553
2619568.634246659
2619647.8402152583
2619589.9991451874
2619399.838788541
2619082.013140314
2618641.099103356
2618081.5935237557
2617407.9105830537
2616624.379527154
2615735.2427204605
2614744.6540098907
2613656.677373237
2612475.2858477803
2611204.3607178014
2609847.690940653
2608408.9728019084
2606891.80978565
2605299.7126359767
2603636.099605703
2601904.296873474
2600107.539111081
2598248.9702014816
2596331.644079245
2594358.52569423
2592332.492077786
2590256.333511239
2588132.754773652
2585964.376469602
2583753.736426429
2581503.2911450975
2579215.4173049415
2576892.4133131425
2574536.5008882056
2572149.8266723547
2569734.4638715107
2567292.4139095764
2564825.6080973116
2562335.909309363
2559825.1136638247
2557294.952201043
2554747.0925623425
2552183.1406540475
2549604.6423059143
2547013.0849160748
2544409.8990765675
2541796.4601845597
2539174.0900286045
2536544.0583590865
2533907.5844277106
2531265.8385076816
2528619.9433849887
2525970.9758233964
2523319.967999351
2520667.908909314
2518015.7457503714
2515364.3852637857
2512714.6950557074
2510067.504883444
2507423.607910339
2504783.7619332084
2502148.6905746497
2499519.0844491236
2496895.602295901
2494278.8720803745
2491669.492070165
2489068.031875438
2486475.033465598
2483891.012151183
2481316.457543478
2478751.8344811285
2476197.5839287047
