9.18309
29.310811929660538
29.231509999136808
29.156696273662465
29.08607961878876
29.01941845117615
28.9564815659339
28.897028997229253
28.8408282055902
28.78764942306671
28.737269268878283
28.689472514291175
28.644053431208082
28.600816765623204
28.559578380213235
28.520165610246547
28.482417036428416
28.44618377434217
28.41132711541329
28.37771956998528
28.345244026361833
28.31379319365491
28.283269021069906
28.253582071600917
28.224650899931607
28.19640143446692
28.168766376265413
28.141684622640067
28.11510072088414
28.08896435568699
28.063229871897708
28.037855834127978
28.012804621612084
27.988042058486602
27.963537077329658
27.93926141420309
27.91518933310092
27.89129737758103
27.867564147353928
27.843970097631274
27.82049735912792
27.797129576723705
27.773851764917815
27.750650178353556
27.7275121958353
27.70442621639836
27.681381566132384
27.65836841458907
27.635377699722227
27.612401060424855
27.589430775827363
27.566459710614065
27.543481265700194
27.520489333683514
27.49747825855537
27.47444279921356
27.451378096370675
27.428279642501685
27.405143254513614
27.38196504885593
27.358741418824877
27.33546901384029
27.312144720499578
27.288765645236005
27.265329098426086
27.241832579808484
27.218273765091702
27.19465049364098
27.17096075714591
27.147202689180613
27.123374555577477
27.09947474554338
27.07550176345403
27.051454221269058
27.027330831513655
27.003130400783128
26.978851823722525
26.954494077446665
26.930056216361887
26.9055373673591
26.88093672534746
26.856253549102046
26.83148715740163
26.806636925431654
26.78170228143526
26.756682703589576
26.73157771709249
26.70638689144282
26.681109837898685
26.655746207101764
26.630295686853234
26.604758000031364
26.57913290263904
26.553420181971333
26.5276196548951
26.50173116623063
26.47575458722887
26.449689814135564
26.42353676683726
26.397295387581757
26.37096563976724
26.344547506795365
26.318040990983132
26.29144611252851
26.26476290852553
26.237991432025876
26.2111317511414
26.184183948186124
26.157148118852415
26.130024371420355
26.102812825995585
26.075513613774447
26.048126876332972
26.020652764937758
25.993091439876796
25.965443069807346
25.937707831120175
25.90988590731672
25.881977488399258
25.85398277027077
25.82590195414402
25.797735245957913
25.7694828557996
25.741144997331503
25.71272188722104
25.684213744572766
25.655620790361034
25.626943246862005
25.5981813370841
25.569335284195773
25.5404053109489
25.51139163909726
25.48229448880893
25.453114078070758
25.42385062208487
25.394504332655067
25.365075417562625
25.335564079929846
25.305970517570547
25.276294922325853
25.24653747938421
25.216698366584495
25.18677775370023
25.156775801704118
25.12669266201101
25.096528475697873
25.066283372699004
25.035957470974797
25.005550875652464
24.975063678136184
24.9444959551854
24.913847767958476
24.883119161019696
24.852310161307187
24.821420777058997
24.790450996694798
24.759400787650087
24.728270095159786
24.697058840988014
24.665766922100175
24.63439420927404
24.602940545644923
24.57140574518165
24.539789591087498
24.50809183412198
24.476312190837444
24.44445034172527
24.412505929264867
24.380478555869363
24.348367781720352
24.316173122484145
24.283894046901697
24.251529974242672
24.21908027161453
24.186544251117297
24.153921166834653
24.121210233130515
24.088410529955322
24.05552114716242
24.022541069603164
23.98946920970381
23.9563044020843
23.923045386920343
23.889690824559437
23.85623926367913
23.822689194982093
23.78903895783338
23.75528679473888
23.7214308288382
23.687469056764247
23.653399341003585
23.61921940172998
23.58492680807225
23.55051896877268
23.515993122190448
23.481346325599638
23.446575443727543
23.411677136477177
23.37664784577089
