11.624928
8.854416324906504
8.857338609462593
8.859862138990175
8.861903152137137
8.863467827157665
8.8645733365755
8.865237568198593
8.865477816107555
8.865310641516297
8.864751884724887
8.863816695279754
8.862519563094649
8.860874348363845
8.858894310059156
8.856592133053045
8.854313961735876
8.851411413439939
8.847869784930316
8.844375842817083
8.840633276097366
8.836636249668764
8.832392080135712
8.827909435977293
8.823196830187776
8.81826244043404
8.813114099735394
8.807759308486785
8.8022052486307
8.796458797536946
8.790526541302485
8.784414787461419
8.778129577127986
8.771676696599583
8.765061688444819
8.758289862101421
8.751366304006854
8.74429588728356
8.737083280999439
8.729732959023853
8.722249208497
8.714636137931318
8.706897684961083
8.699037623756869
8.691059572119771
8.682966998269919
8.674763227343487
8.666451447610974
8.658034716429254
8.649515965939838
8.640898008524097
8.632183542026706
8.623375154757381
8.614475330280984
8.60548645200512
8.596410807574362
8.587250593079563
8.578007917090511
8.568684804519304
8.559283200322556
8.549804973048726
8.540251918237823
8.530625761679943
8.520928162538304
8.511160716343301
8.501324957862725
8.491422363853626
8.481454355700965
8.471422301948074
8.461327520723104
8.451171282066609
8.440954810163785
8.430679285486024
8.420345846845391
8.409955593365959
8.399509586374645
8.389008851216193
8.378454378994709
8.367847128245112
8.357188026537255
8.346477972015741
8.335717834877851
8.324908458792198
8.314050662260787
8.303145239926327
8.292192963827429
8.281194584603476
8.270150832651307
8.259062419235713
8.247930037555252
8.236754363765133
8.225536057960095
8.214275765114913
8.20297411599031
8.19163172799946
8.180249206040115
8.168827143292358
8.157366121983209
8.145866714119565
8.13432948218988
8.12275497983647
8.111143752498268
8.09949633802605
8.087813267269887
8.076095064640459
8.064342248644216
8.052555332393732
8.040734824093212
8.028881227500081
8.016995042363316
8.005076764838492
7.993126887880477
7.981145901613849
7.969134293681729
7.957092549572745
7.94502115292728
7.932920585822347
7.920791329036152
7.908633862291742
7.896448664480613
7.884236213865826
7.871996988265241
7.859731465214563
7.847440122110394
7.835123436333487
7.822781885351951
7.810415946804603
7.798026098564513
7.785612818782352
7.773176585910036
7.760717878704224
7.748237176209728
7.735734957722857
7.723211702734651
7.710667890853639
7.127306490424207
7.0583286699865235
6.992380913368239
6.929063976589304
6.867976040863897
6.8087861697854475
6.751226345357157
6.695078435493519
6.640163657147894
6.586334526082547
6.533468686539623
6.481464130052714
6.430235449691434
6.3797108758042596
6.32982990879996
6.280541413184568
6.231802071634419
6.1835751227657285
6.135829324405044
6.088538097554127
6.041678816237476
5.995232215958812
5.949181899234471
5.903513921088818
5.8582164408215025
5.813279429039892
5.768694421066899
5.724454309522771
5.6805531702360295
5.636986116742894
5.593749179542375
5.550839207032767
5.508253785701654
5.465991177703345
5.4240502744638075
5.382430565422923
5.341132121481486
5.3001555931866475
5.259502224188454
5.219173881059768
5.179173101229266
5.139503161570267
5.100168171187279
5.061173193215748
5.0225244021227
4.984229285220036
4.9462969001132695
4.908738203943071
4.8715664760425845
4.834797863788508
4.798452093148298
4.762553402561051
4.727131784295311
4.692224656148896
4.657879146457388
4.624155270967623
4.591130436417033
4.558905969281631
4.52761682902719
4.497446504954216
4.46865070197987
4.4415966759760135
4.41683215656323
4.395214587938878
