5180772.602112
4285632.912629217
4324342.509248018
4363701.523681064
4403595.628149342
4444026.891421005
4485015.522648739
4526585.585654497
4568760.751926276
4611564.060178472
4655017.6073165415
4699142.977597682
4743960.4119493365
4789489.434743359
4835748.791441747
4882756.582506076
4930530.427736122
4979087.6508968
5028445.4754740065
5078621.223959092
5129632.514919586
5181497.4539456
5234234.816204871
5287864.219688826
5342406.289311613
5397882.81274817
5454316.889419358
5511733.074309473
5570157.51846471
5629618.108027295
5690144.603665154
5751768.782180275
5814518.386742417
5878448.246101105
5943578.519258916
6009956.7396510495
6077627.0887958715
6146636.745594042
6217036.0961038945
6288878.951989298
6362222.786530912
6437128.9903876735
6513663.149602365
6591895.334719102
6671900.485451863
6753758.692587433
6837555.652268193
6923383.102652715
7011339.239129128
7101529.353730985
7194066.355128042
7289071.44320463
7386674.8393779015
7487016.601266262
7590247.5333454935
7696530.207166205
7806040.106938007
7918966.918874484
8035515.985803761
8155909.901648324
8280390.574421093
8409221.055947132
8542688.144641664
8681105.187895393
8824814.941809017
8974193.647425212
9129654.952223942
9291651.524968434
9460693.680901399
9637336.894130683
9822201.978282254
10015981.088887028
10219448.4241072
10433472.918869982
10659033.378802706
10897236.618292822
11149339.321822416
11416774.550564108
11701184.088096108
12004458.182162287
12328796.464948742
12676723.892069297
13051234.088602707
13455844.496963413
13894732.541914605
14372898.615784924
14896379.88259413
15472534.399660088
16110424.100484505
16821339.238308005
17619529.241538323
18523241.402864262
19556230.0692985
19806258.37502467
19795115.30274745
19782838.282609403
19769463.78785206
19755007.742964014
19739547.25579251
19723076.988847405
19705633.407414988
19687251.464591105
19667962.523279343
19647797.77300187
19626788.279673733
19604964.857874148
19582358.152201116
19558960.123504877
19534878.321169294
19510141.028949402
19484702.591961782
19458630.07720192
19431952.39798266
19404698.061927024
19376895.176298518
19348571.42503143
19319754.047308628
19290469.81745604
19260745.02622429
19230605.463537388
19200076.40269419
19169182.58615064
19137948.212844007
19106396.927089132
19074551.809011493
19042435.36652776
19010069.52881896
18977475.641242895
18944674.461698864
18911686.158291776
18878530.30834792
18845225.898624286
18811791.326707307
18778244.403507695
18744602.356787134
18710881.835660648
18677098.9159735
18643269.106518015
18609407.356028914
18575528.06082413
18541645.073114976
18507771.709884863
18473920.76224442
18440104.505248964
18406334.708132703
18372622.644841082
18338979.104886077
18305414.404441938
18271938.39760238
18238560.487853147
18205289.639606662
18172134.389852103
18139102.859819453
18106202.76670023
18073441.435303994
18040825.809697658
18008362.464791887
17976057.617800266
17943917.139609683
17911946.566031594
17880151.108891223
17848535.66695046
17817104.836684696
17785862.922848158
17754813.94885673
17723961.666967914
17693309.568242524
17662860.892287206
17632618.636803996
17602585.566863563
17572764.22398546
17543156.934986714
17513765.820574086
17484592.80373061
17455639.617836323
17426907.81460021
17398398.77170992
17370113.70029201
17342053.65212629
17314219.526642237
17286612.077680055
17259231.920042142
17232079.535848763
17205155.280632515
17178459.38927743
17151991.98172767
17125753.06849225
17099742.55597839
17073960.251604147
17048405.86875649
17023079.031550076
16997979.279400498
16973106.071459595
16948458.790841628
16924036.748727173
16899839.18826915
16875865.288389307
16852114.16739252
16828584.886434264
