19924.5
16117.138073333053
15982.26599326439
15849.753925686948
15719.368845971823
15590.992700711442
15464.558259302612
15340.020920155464
15217.346258787758
15096.504458105315
14977.467773424389
14860.209353364007
14744.702679394677
14630.921296738745
14518.838688557507
14408.428224394369
14299.663149208827
14192.516595576555
14086.961609383414
13982.97118326844
13880.518294210895
13779.575942908274
13680.11719338251
13582.115211780272
13485.543303685265
13390.374949514764
13296.583837741358
13204.143895804438
13113.029318653098
13023.214594916504
12934.674530737715
12847.384271318111
12761.319320244198
12676.455556665567
12592.769250401643
12510.237075059795
12428.836119235717
12348.543895886703
12269.338349950274
12191.197864297226
12114.101264098921
12038.027819697347
11962.957248063442
11888.869712935419
11815.745823724641
11743.566633284765
11672.313634632119
11601.968756713828
11532.514359313654
11463.933227185229
11396.208563503777
11329.323982719634
11263.263502896618
11198.01153763598
11133.55288758779
11069.872731751904
11006.95661849456
10944.790456435692
10883.360505225872
10822.653366271792
10762.655973457982
10703.35558390526
10644.739768801901
10586.79640434189
10529.513662796111
10472.880003741737
10416.884165468491
10361.515156579759
10306.76224779998
10252.614963999478
10199.063076444221
10146.096595274963
10093.705762219282
10041.881043537476
9990.61312320141
9939.892896305228
9889.711462703675
9840.060120875174
9790.930362003857
9742.313864275524
9694.202487381337
9646.588267222774
9599.463410811502
9552.820291356791
9506.651443534167
9460.949558927767
9415.707481640085
9370.918204061769
9326.574862795256
9282.670734725256
9239.199233230469
9196.153904529558
9153.528424156393
9111.316593558146
9069.512336811466
9028.109697451051
8987.102835406076
8946.486024039517
8906.253647286085
8866.400196884384
8826.920269699343
8787.808565131134
8749.05988260681
8710.669119151376
8672.631267034978
8634.941411493059
8597.59472851665
8560.586482709978
8523.912025212772
8487.566791684663
8451.546300349535
8415.84615009728
8380.462018641023
8345.389660727773
8310.624906400335
8276.16365930891
8242.001895070485
8208.135659674228
8174.561067931534
8141.27430196893
8108.271609762492
8075.549303712338
8043.103759255914
8010.931413518608
7979.028764000655
7947.392367299018
7916.018837863118
7884.904846783335
7854.047120611279
7823.442440210663
7793.087639637966
7762.97960505185
7733.115273650453
7703.49163263571
7674.105718203823
7644.954614561053
7616.035452964172
7587.345410784653
7558.881710595998
7530.641619283479
7502.622447175535
7474.821547196354
7447.236314038726
7419.8641863699895
7392.702632908172
7365.749173190615
7339.0013610554715
7312.456788271094
7286.113083816695
7259.9679131805415
7234.018977674847
7208.264013766582
7182.7007924237405
7157.3271184765335
7132.140829993052
7107.139797669029
7082.321924231159
7057.6851438537815
7033.227421588314
7008.946752805244
6984.841162648273
6960.908705500249
6937.1474644606205
6913.555550833988
6890.131103629635
6866.8722890715135
6843.777300118641
6820.844355995405
6798.071701731698
6775.457607712535
6753.000369236902
6730.698306085622
6708.5497620980195
6686.553104757159
6664.706724783331
6643.0090357358
6621.458473622373
6600.053496516743
6578.792584183356
6557.674237709689
6536.6969791455895
6515.859351149733
6495.159916642841
6474.597258467609
6454.169979055126
6433.876700097672
6413.71606222771
6393.686724702983
6373.787365097482
6354.016678998271
6334.373379707918
6314.856197952542
6295.463881595187
6276.195195354504
6257.0489205287195
6238.023854724508
6219.118811590922
6200.332620558132
6181.664126580969
