36.0
35.76458488594791
35.60813743019181
35.47421943807041
35.352528989717364
35.237333578143776
35.12537594877833
35.01481220740522
34.90460609014606
34.7941827667284
34.68323089274673
34.57158939650988
34.45918271835647
34.345983765088874
34.23199272208006
34.1172249408645
34.00170402188779
33.88545787180898
33.76851646428739
33.6509105765649
33.532671085186436
33.41382858228309
33.294413175833256
33.17445439575178
33.05398116115091
32.933021783332904
32.81160399011261
32.68975496342728
32.56750138587423
32.444869493973684
32.32188513724523
32.19857384299254
32.074960887234525
31.95107137262892
31.826930314589315
31.702562737145104
31.577993780473285
31.453248822465564
31.32835361721008
31.2033344538824
31.07821834707946
30.953033220551095
30.82780820586781
30.70257389675304
30.57736270453771
30.452209263519794
30.32715090825266
30.20222822337304
30.077485732576335
29.952972588236015
29.828743439989204
29.704859306151715
29.58138842888373
29.45840694781341
29.335999114526732
29.21425659226997
29.093276167646653
28.97315502823475
28.853982844892297
28.73583059674528
28.61873768982446
28.502701116755667
28.38767166262984
28.2735604714098
28.16025459652522
28.047635698760892
27.93559544036795
27.82404388855611
27.7129120307026
27.602149559079212
27.49172127134923
27.38160322331062
27.271779451718842
27.162239464167587
27.052976438520567
26.94398598463259
26.835265312042793
26.72681267837108
26.618627027449552
26.510707753257417
26.40305454635105
26.29566729373404
26.188546013690907
26.081690813252578
25.975101860173307
25.86877936458066
25.7627235668404
25.656934729510674
25.551419718432694
25.446169487301642
25.341185495654685
25.236462167510286
25.132009497246095
25.027826891371262
24.923914159482006
24.82027133548583
24.71689858687233
24.613797273442966
24.51096611824353
24.40840564374107
24.30611630982631
24.204098544613977
24.10235275975772
24.00087935936916
23.89967874520439
23.79875131966359
23.698097487508917
23.59771765682988
23.49761223956644
23.397781651771115
23.29822631371639
23.198946649909875
23.09994308905338
23.00121606396751
22.902766011494318
22.804593372385455
22.70669859117991
22.60908211607472
22.511744398789222
22.414685894424665
22.317907061319495
22.221408360900888
22.12519025753267
22.029253218360026
21.933597713151837
21.838224214139164
21.74313319585216
21.64832513495486
21.553800510074932
21.459559801637344
21.36560349169035
21.27193206373291
21.178546002540084
21.085445793987134
20.99263192487264
20.90010488274066
20.80786515570217
20.71591323225592
20.624249601108787
20.532874750995923
20.441789170500616
20.350993347874233
20.260487770856088
20.170272926493634
20.080349300962865
19.990717379389174
19.901377645668628
19.812330582289857
19.723576670156593
19.63511638841098
19.546950214257592
19.459078622788386
19.371502086808512
19.28422107666317
19.197236060065382
19.11054750192492
19.02415586417823
18.938061605619545
18.852265181733156
18.766767044526784
18.68156764236624
18.59666741981122
18.512066817452418
18.42776627174978
18.343766214872065
18.260067074537695
18.176669273856728
18.09357323117428
18.010779359915023
17.928288068429158
17.84609975983938
17.76421483188935
17.682633676793305
17.601356681086873
17.520384225479233
17.439716684706486
17.134911319347168
17.012029686698725
16.9152912097062
16.804999781416097
16.675065530228903
16.52656461271004
16.3618089140101
16.183042654034278
15.992202872797842
15.790932878923373
15.580630904105874
15.362508814036419
15.137637114621976
14.906978864993626
14.671414296065498
14.431758302761931
14.188772687301752
13.94317461499687
13.695642366170762
13.446819167622838
13.197315662814916
12.947711418045044
12.698555747431662
12.450368059812721
12.788050401496005
12.725455822597228
12.652250190868262
12.580186161755487
12.509557628266899
12.4403187313608
12.372419080334407
12.30581285701124
12.240458262481763
12.17631682304308
12.113352815698049
12.051532799490191
11.99082523436039
11.931200172103619
11.872629006617558
11.815084272820153
11.758539485433353
11.702969010346443
11.648347962533284
11.594652125546148
11.541857888480047
11.489942197024297
11.438882515818023
11.388656799823277
11.339243472841272
11.290621411638064
11.242769934427558
11.195668792692846
11.149298165518811
11.103638655767487
11.058671287558388
11.014377504623464
10.970739169194479
10.927738561153495
10.885358377236386
10.843581730127621
10.802392147325582
10.761773569687687
10.721710349593147
10.682187248681029
10.643189435138913
10.604702480530694
10.566712356163201
10.529205429000134
10.492168457137364
10.455588584859957
10.419453337304308
10.383750614751605
10.348468686580743
10.313596184910132
10.279122097958089
10.24503576315182
10.21132686001492
10.177985400935585
10.145001731812366
10.112366511632157
10.08007071370771
10.048105615610616
10.016462791250932
9.985134102976561
9.954111693657419
9.923387978772372
9.892955638517634
9.862807609954107
9.83293707920933
9.803337473749096
9.774002454731576
9.744925909457242
9.716101943924215
9.687524875500328
9.659189225720123
9.63108971321459
9.60322124678099
9.575578918598286
9.54815799759368
9.520953922964333
9.493962297857959
9.467178883214922
9.440599591774337
9.414220482245343
9.388037753644776
9.36204773980151
9.33624690402756
9.310631833955187
9.285199236539343
9.259945933223918
9.23486885527029
9.209965039246109
9.18523162267211
9.160665839824453
9.13626501768991
9.117335489497009
9.102547620748089
9.09098813255757
9.081948311860197
9.074876487970979
9.06934013302577
9.065003821835647
9.061604955728164
9.058938494295061
9.056844296358298
9.055197268417405
9.053899682422799
9.05287518203293
9.052064104467124
9.051419828103954
9.05090592025262
9.050493909387113
9.050161544874024
9.049891437363947
9.049669996486479
9.049486600779511
9.049332949047146
9.049202553469536
9.049090343472152
9.048992356144511
9.048905494292825
9.048827337347195
9.048755993574877
9.048689984575118
9.048628155003351
9.04856960201332
9.048513620109985
9.04845965804705
9.048407285138248
9.048356164926219
9.048306034602101
9.048256688919695
9.048207967622663
9.048159745617498
9.048111925292536
9.048064430514467
9.048017201935815
9.047970193327194
9.04792336871058
9.047876700118675
9.047830165843283
9.047783749066594
9.047737436791138
9.047691219003465
9.047645088020507
9.04759903797864
9.0475530644344
9.04750716405232
9.047461334361019
9.047415573562578
9.047369880383505
9.047324253958296
9.047278693738468
9.047233199421427
9.047187770894915
9.047142408193615
9.047097111465233
9.047051880944046
9.047006716930161
9.046961619773443
9.04691658986086
9.046871627606704
9.046826733444904
9.046781907823048
9.046737151197764
9.046692464031114
9.046647846787733
9.046603299932736
9.046558823929981
9.046514419240795
9.046470086323007
9.046425825630134
9.04638163761085
9.046337522708566
9.046293481361051
9.046249514000255
9.04620562105214
9.04616180293653
9.046118060067089
9.046074392851247
9.046030801690213
9.045987286978967
9.045943849106251
9.045900488454675
9.045857205400678
9.045814000314639
9.045770873560881
9.045727825497742
9.045684856477656
9.045641966847178
9.045599156947068
9.04555642711235
9.045513777672369
9.045471208950858
9.045428721265994
9.045386314930479
9.045343990251578
9.04530174753121
9.045259587065987
9.045217509147276
9.04517551406127
9.045133602089061
9.045091773506648
9.100206190626825
9.112819674122914
9.112813543466693
9.10981574263346
9.106154136523788
9.102380292032734
9.098622996991597
9.09491065648207
9.091247967729094
9.087634153239593
9.084067287216989
9.08054531140188
9.077066263413064
9.073628318739521
9.070229789608927
9.066869114770745
9.063544848186654
9.060255648414913
9.057000269005224
9.05377754988201
9.05058640962442
9.04742583854507
9.044294892477248
9.041192687190232
9.03811839336188
9.035071232046171
9.032050470580915
9.02905541888744
9.026085426119772
9.023139877625924
9.02021819218826
9.017319819513771
9.014444237948505
9.011590952393263
9.008759492400301
9.005949410433086
9.003160280273097
9.00039169555937
8.99764326844818
8.994914628381471
8.992205420953832
8.989515306869096
8.986843960978266
8.984191071391527
8.98155633865783
8.978939475006031
8.976340203642332
8.973758258099203
8.971193381631434
8.968645326655388
8.966113854227935
8.963598733561756
8.961099741574232
8.958616662467072
8.956149287334469
8.953697413797416
8.951260845662214
8.948839392601446
8.946432869855558
8.944041097953685
8.941663902452223
8.939301113689881
8.936952566558077
8.934618100285537
8.932297558236147
8.92999078771914
8.927697639810738
8.925417969186553
8.92315163396396
8.920898495553798
8.91865841852085
8.916431270452444
8.914216921834768
8.912015245936285
8.909826118697948
8.907649418629685
8.905485026712858
8.903332826308239
8.901192703069318
8.899064544860488
8.896948241679935
8.894843685586896
8.892750770633086
8.89066939279802
8.888599449928096
8.886540841679109
8.884493469462148
8.882457236392616
8.880432047242252
8.878417808393955
8.876414427799347
8.874421814938858
8.87243988078428
8.870468537763626
8.868507699728205
8.866557281921809
8.864617200951916
8.862687374762839
8.860767722610701
8.858858165040163
8.856958623862875
8.855069022137537
8.853189284151501
8.851319335403904
8.849459102590195
8.847608513588092
8.845767497444838
8.843935984365753
8.842113905704036
8.840301193951747
8.838497782731956
8.836703606791998
8.834918601997828
8.833142705329392
8.831375854877058
8.829617989838976
8.82786905051944
8.82612897832813
8.824397715780297
8.822675206497781
8.820961395210906
8.819256227761176
8.81755965110479
8.815871613316922
8.814192063596767
8.812520952273326
8.810858230811887
8.809203851821234
8.807557769061509
8.805919937452739
8.804290313084012
8.802668853223258
8.801055516327642
8.799450262054538
8.79785305127308
8.796263846076247
8.794682609793469
8.793109307003778
8.791543903549428
8.789986366549964
8.788436664416809
8.786894766868222
8.78536064494471
8.783834271024817
8.782315618841299
8.780804663497635
8.779301381484888
8.777805750698866
8.776317750457563
8.774837361518882
8.77336456609858
8.771899347888436
8.770441692074598
8.768991585356117
8.767549015963603
8.766113973677982
8.764686449849355
8.763266437415904
8.76185393092282
8.76044892654122
8.759051422087053
8.757661417039907
8.75627891256174
8.754903911515479
8.753536418483439
8.752176439785556
8.750823983497398
8.749479059467886
8.748141679336733
8.746811856551544
8.745489606384526
8.744174945948819
8.742867894214353
8.741568472023243
8.740276702104662
8.73899260908915
8.737716219522358
8.736447561878125
8.735186666570938
8.733933565967666
8.732688294398558
8.7314508881675
8.73022138556145
8.728999826859045
8.72778625433834
8.726580712283676
8.725383246991573
8.724193906775723
8.723012741970962
8.721839804936275
8.720675150056733
8.71951883374441
8.71837091443822
8.717231452602666
8.71610051072549
8.714978153314217
8.713864446891558
8.712759459989698
8.711663263143446
8.707047886488326
8.705499707734136
8.704603018371339
8.70381302083217
8.703010737224451
8.702170281101933
8.701286082833418
8.700357058913832
8.699383175130961
8.69836469986373
8.697302039147973
8.69619569651241
8.695046258869658
8.693854387323244
8.692620808517521
8.69134630577262
8.69003171001909
8.688677890701054
8.68728574683337
8.685856198381437
8.684390178106328
8.682888623988717
8.681352472315725
8.679782651486454
8.678180076565958
8.676545644594261
8.67488023063743
8.673184684551556
8.671459848305007
8.669706491920739
8.667925380428912
8.666117242501514
8.664282774860766
8.662422641883293
8.660537475785564
8.658627877150392
8.65669441568783
8.654737631173004
8.652758034517507
8.65075610893771
8.64873231118834
8.646687072834403
8.644620801538577
8.64253388234524
8.640426678945667
8.638299534912106
8.636152774891215
8.633986705749688
8.631801617666994
8.629597785171901
8.627375468120906
8.625134912617947
8.622876351875735
8.620600007019863
8.61830608783744
8.615994793472542
8.61366631307105
8.611320826377726
8.608958504288557
8.606579509361392
8.604183996288043
8.601772112330876
8.599343997726885
8.596899786062208
8.594439604619788
8.59196357470285
8.58947181193667
8.586964426550944
8.58444152364485
8.581903203436893
8.579349561501237
8.576780688991947
8.574196672857335
8.571597596044763
8.568983537697717
8.566354573345922
8.563710775089453
8.561052211777522
8.55837894918265
8.555691050170674
8.552988574867062
8.550271580819796
8.547540123159182
8.544794254754638
8.54203402636863
8.539259486807804
8.536470683071306
8.533667660496235
8.530850462900204
8.528019132720836
8.525173711152148
8.522314238277644
8.519440753199998
8.516553294167151
8.513651898694713
8.510736607829324
8.507807450368485
8.504864465235046
8.501907688620655
8.49893715615122
8.495952903306092
8.492954965563847
8.48994337849941
8.486918177869377
8.483879399691553
8.48082708031975
8.477761224871777
8.474681902102732
8.471589149618255
8.46848300577973
8.465363509587169
8.462230700730764
8.459084619636027
8.45592530750427
8.452752806349128
8.449567159029346
8.446368409277985
8.443156601728196
8.439931781935725
8.436693996398258
8.433443292571802
8.43017971888422
8.426903324746101
8.423614160559078
8.420312277721774
8.416997728633506
8.413670566695888
8.410330846312482
8.406978622886603
8.40361395281746
8.400236893494691
8.396847511239239
8.393445842784681
8.390031968799432
8.386605945733463
8.383167835070715
8.379717699839025
8.376255604081488
8.372781612760253
8.369295791728517
8.365798207712942
8.362288928297268
8.358768021905734
8.355235557786093
8.351691605992269
8.348136237366669
8.344569523522223
8.340991536824157
8.337402350371596
8.333802037978927
8.33019067415708
8.326568334094661
8.322935093638987
8.319291029277066
8.315636218116513
8.311970737866439
8.308294666818316
8.304608083826837
8.300911068290782
8.297203700133899
8.29348605978581
8.289758709376375
8.286020843198214
8.282272886438111
8.27851497385486
8.27474719652803
8.27096963887426
8.267182379436468
8.263385511457638
8.259579115440447
8.255763275272168
8.25193807560873
8.248103112420289
8.24425937245869
8.240406592509244
8.236544804905785
8.232674087020941
8.228794523619728
8.22490620080016
8.221009205000287
8.21710362282272
8.213189540991209
8.209267046328605
8.205336225738343
8.201397166186526
8.197449954684206
8.193494678269706
8.18953142399106
8.185560278888486
8.181581329977002
8.177594664229064
8.173600368557343
8.169598529797577
8.165589234691526
8.161572569870046
8.15754862183626
8.153517476948862
8.149479221405544
8.14543394122657
8.13668670104045
8.129830538324297
8.123218037139441
8.116633956559228
8.110050130036546
8.103462813243887
8.096871450877215
8.090275906576851
8.083676101645834
8.077071967822329
8.070463440978104
8.063850460154843
8.057232967303896
8.05061090712585
8.04398422693077
8.037681903933258
8.031088276466859
8.024123983933995
8.01743661003369
8.01078073803803
8.004124664925133
7.997464270078626
7.990798991488456
7.984128727193693
7.977453435866542
7.9707730853098075
7.964087645770174
7.957397089022981
7.950701388202251
7.944000517729371
7.937294453257083
7.930583171617949
7.923866650775739
7.917144869779439
7.9104178087196715
7.903685448687425
7.896947771734951
7.890204760838704
7.8834563998642215
7.876702673532854
7.869943567390208
7.863179067776255
7.8564091617970115
7.849633837297666
7.842853082837163
7.836066887664079
7.829275241693803
7.822478135486902
7.815675560228654
7.808867507709673
7.802053970307562
7.795234940969583
7.788410413196263
7.781580381025906
7.774744839019961
7.767903782249241
7.761057206280899
7.754205107166174
7.747347481428862
7.740484326054465
7.73361563848001
7.726741416584498
7.719861658679976
7.712976363503155
7.706085530207629
7.699189158356603
7.692287247916165
7.6853797992490165
7.6784668131087175
7.671548290634375
7.664624233345774
7.657694643138945
7.650759522282138
7.643818873412197
7.636872699531312
7.629921004004164
7.622963790555407
7.616001063267508
7.609032826578941
7.602059085282663
7.595079844524972
7.588095109804624
7.581104886972267
7.574109182230172
7.567108002132246
7.560101353584317
7.5530892438447
7.546071680525004
7.539048671591239
7.532020225365133
7.524986350525719
7.517947056111149
7.510902351520776
7.5038522465174236
7.49679675122992
7.489735876155842
7.482669632164478
7.475598030500019
7.46852108278495
7.461438801023666
7.4543511976062815
7.447258285312662
7.440160077316636
7.433056587190437
7.425947828909318
7.4188338168563694
7.411714565827539
7.404590091036835
7.397460408121722
7.390325533148702
7.383185482619093
7.376040273474975
7.368889923105335
7.361734449352381
7.3545738705180534
7.347408205370688
7.340237473151883
7.333061693583517
7.32588088687496
7.318695073730443
7.3115042753565955
7.304308513470157
7.297107810305853
7.2899021886244215
7.28269167172081
7.275476283432531
7.268256048148158
7.261030990815983
7.253801136952821
7.246566512652943
7.23932714459717
7.232083060062079
7.224834286929354
7.217580853695251
7.213269406656764
7.206174269108358
7.1987475936335725
7.191278609474476
7.183802135115575
7.176322926377902
7.168842065257966
7.161360090340023
7.153877389473283
7.146394265107952
7.1389109566369005
7.131427654283218
7.123944509450093
7.116461642735968
7.108979150212712
7.101497108373456
7.094015578048464
7.086534607512686
7.079054234954315
7.071574490433632
7.064095397431497
7.056616974064225
7.049139234024224
7.041662187292482
7.034185840658387
7.026710198074134
7.019235260864116
7.011761027804142
7.004287495080575
6.996814656135223
6.989342501398022
6.981871017905835
6.974400188801951
6.966929992706986
6.959460402947548
6.951991386624067
6.944522903493434
6.937054904635024
6.9295873308600555
6.922120110813427
6.914653158703447
6.907186371577289
6.899719626037179
6.892252774262412
6.884785639162718
6.8773180084354575
6.869849627227486
6.862380189004357
6.854909324093532
6.847436585177172
6.839961428737743
6.8324831910651085
6.825001056852245
6.817514017532562
6.810020815169353
6.802519865595758
6.7950091510888635
6.787486067168016
6.7799471982718895
6.772387979367301
6.764802167112994
6.757180977340127
6.7495116022223804
6.741774485074096
6.733937853036138
6.623843746774271
6.536588826507422
6.453854411778236
6.372656161851962
6.292491461393973
6.21325985838682
6.134928342112925
6.057478003641012
5.980895635198144
5.905172358906893
5.830303185851533
5.756286653923407
5.683124318811077
5.6108202025529605
5.53938021126138
5.468811562961402
5.399122256063092
5.330320599199404
5.262414814052345
5.195412715039366
5.129321463761197
5.064147391992674
4.999895884558373
4.936571312360702
4.874177005778345
4.812715259281818
4.752187359146321
4.692593627355605
4.63393347603715
4.5762054679393485
4.519407379508638
4.463536271403995
4.408588512496303
4.354559913003257
4.30144570627035
4.249240632546943
4.197938980807503
4.147534630096564
4.098021087314431
4.04939152122466
4.001638792909552
3.9547554829769442
3.9087339158485634
3.8635661814027147
3.8192441543621407
3.7757595116027898
3.7331037476593205
3.691268188872255
3.650244005876017
3.610022225311978
3.5705937403712444
3.531949320576656
3.494079620882122
3.4569751902024244
3.42062647947348
3.3850238493280425
3.350157577459781
3.3160178657368986
3.2825948471224353
3.2498785924166396
3.2178591169228126
3.186526386979244
3.1558703264366468
3.125880823098597
3.09654773508301
3.0678608971880714
3.039810127122391
3.0123852321585587
2.9855760148596846
2.959372279651855
2.933763838952199
2.908740519305994
2.8842921674756923
2.8604086564652187
2.8370798914677366
2.8142958157265126
2.792046416294793
2.7703217296846674
2.74911184739127
2.7284069212479998
2.7081971687802264
2.688472878135801
2.669224413067496
2.650442217642335
2.6321168207648262
2.6142388404942345
2.5967989881439597
2.5797880721519206
2.563197001710614
2.547016790145717
2.5312385580308443
2.5158535360258587
2.5008382318880313
2.4861929473029103
2.4719143377824646
2.4579942888060136
2.4444242008972132
2.4311955502206652
2.4182999622017887
2.405729220235677
2.3934752661593737
2.3815301999023752
2.3698862787096546
2.3585359163217365
2.347471682089524
2.3366863000099487
2.326172662062326
2.315923768978331
2.3059328012255524
2.2961931200002508
2.2866981928240584
2.2774416448308465
2.268417248067382
2.2596189185946702
2.251040714586747
2.242676834503435
2.2345216152147755
2.226569530064459
2.2188151868748385
2.21125332589864
2.203878817722146
2.1966866611252547
2.1896719809034875
2.1828300256571236
2.1761561655522907
2.1696458900589763
2.1632948056706938
2.1570986336100844
2.151053207525164
2.14515447117997
2.1393984761438607
2.1337813794830334
2.1282994414578136
2.1229490232290544
2.117726584576669
2.112628681633319
2.107651964635806
2.1027931756965885
2.098049146598
2.093416796610898
2.088893130339763
2.0844752355961025
2.0801602813015645
2.0759455154220605
2.0718282629343694
2.0678059238260516
2.0638759711296837
2.0600359489923705
2.056283470780827
2.0526162172229983
2.049031934586333
2.045528432893287
2.0421035841739887
2.0387553207565907
2.035481633595063
2.032280570634449
2.029150235213693
2.0260887845056677
2.0230944279942094
2.020165425987998
2.017300088170916
2.014496772188394
2.0117538822695273
2.009069867884369
2.0064432224359843
2.0038724819867544
2.001356224018403
1.9988930662250557
1.9964816653390656
1.9941207159886791
1.9918089495870865
1.9895451332523066
1.9873280687571222
1.9851565915086244
1.9830295695564757
1.9809459026295761
1.9789045212001886
1.9769043855750619
1.9749444850128444
1.9730238368672335
1.9711414857551397
1.9692965027491707
1.967487984594119
1.9657150529464578
1.9639768536364746
1.9622725559524472
1.9606013519461023
1.95896245575902
1.9573551029691523
1.9557785499570957
1.9542320732915492
1.9527149691332308
1.9512265526570165
1.949766157491496
1.9483331351757112
1.9469268546322958
1.9455467016567913
1.9441920784225997
1.9428624030008481
1.9463986860242681
1.9404994031658342
1.9335007794282895
1.9267412959249264
1.9204083512953969
1.9145012270300117
1.9089928965642242
1.9038528710571363
1.89905251589807
1.8945653968945828
1.890367180949335
1.886435477321419
1.8827496811808915
1.8792908283885221
1.8760414619863552
1.8729855107153144
1.8701081723478137
1.8673958162389552
1.8648358851578954
1.8624168073379268
1.860127922486073
1.857959400380997
1.8559021784482246
1.8539478993010041
1.8520888540106402
1.8503179301407418
1.8486285640701545
1.847014697233998
1.845470735948807
1.8439915145503611
1.8425722614840803
1.8412085682295198
1.8398963607046805
1.8386318730033755
1.8374116232563058
1.8362323914394683
1.8350911989684517
1.8339852899307276
1.8329121138206959
1.8318693096534757
1.8308546913446988
1.8298662342519871
1.8289020627836399
1.8279604389874629
1.8270397520401402
1.826138508564171
1.8252553237055027
1.8243889129105344
1.8235380843462379
1.8227017319118028
1.82187882879445
1.821068421525931
1.820269624499809
1.8194816149128619
1.8187036280969286
1.8179349532102547
1.817174929259907
1.8164229414291178
1.8156784176855159
1.8149408256481676
1.8142096696930852
1.8134844882785197
1.8127648514728418
1.8120503586691794
1.8113406364722617
1.8106353367440582
1.8099341347958864
1.8092367277156225
1.8085428328195738
1.807852186219371
1.8071645414950228
1.8064796684659683
1.8057973520526007
1.8051173912213356
1.8044395980068404
1.80376379660554
1.8030898225349787
1.8024175218540421
1.8017467504394287
1.801077373314132
1.8004092640240086
1.7997423040588296
1.7990763823144766
1.798411394593218
1.7977472431392287
1.7970838362067363
1.7964210876583742
1.7957589165915333
1.795097246990631
1.7944360074034171
1.7937751306395493
1.793114553489828
1.792454216464592
1.7917940635498806
1.7911340419801
1.7904741020260002
1.7898141967968741
1.7891542820559663
1.7884943160481541
1.7878342593390426
1.7871740746646625
1.7865137267910363
1.7858531823829207
1.7851924098810934
1.7845313793875905
1.783870062558351
1.7832084325027553
1.782546463689599
1.78188413185905
1.7812214139402
1.780558287973824
1.7798947330399986
1.7792307291902627
1.7785662573840098
1.7779012994288415
1.7772358379246074
1.776569856210907
1.7759033383178116
1.775236268919605
1.7745686332913442
1.773900417268059
1.7732316072064227
1.7725621899487267
1.7718921527890212
1.7712214834412767
1.7705501700094461
1.7698782009592917
1.7692055650918856
1.768532251518656
1.7678582496378974
1.7671835491126515
1.7665081398498554
1.7658320119807007
1.7651551558421128
1.7644775619592834
1.7637992210291848
1.763120123905016
1.7624402615815058
1.7617596251810357
1.7610782059405092
1.7603959951989434
1.7597129843857129
1.7590291650094223
1.7583445286473571
1.7576590669354708
1.7569727715588852
1.7562856342428528
1.755597646744166
1.7549088008429665
1.7542190883349373
1.7535285010238426
1.752837030714392
1.7521446692054046
1.7514514082832469
1.750757239715521
1.7500621552449835
1.7493661465836732
1.7486692054072226
1.747971323349341
1.7472724919964435
1.7465727028824114
1.7458719474834599
1.745170217213103
1.7444675034171906
1.7437637973690052
1.7430590902643979
1.742353373216944
1.741646637253111
1.740938873307407
1.7402300722174986
1.7395202247192858
1.7388093214419047
1.7380973529026416
1.737384309501743
1.7366701815170904
1.7359549571614352
1.7352386299787947
1.7345211885404974
1.7338026223308571
1.7330829208929384
1.7323620736992689
1.7316400699026764
1.7309168986291663
1.7301925509398537
1.7294670115807156
1.728740270630917
1.7280123166435326
1.7272831377566442
1.7265527218538217
1.7258210565795546
1.7250881293320997
1.7243539272523212
1.7236184372112981
1.722881645797088
1.7221435393006523
1.721404103700905
1.7206633246488525
1.719921187450749
1.7191776770502485
1.713481052019729
1.709655753980932
1.7062763500813236
1.7027439413320542
1.6988225122593108
1.6944344574195256
1.689570462659076
1.6842498446577625
1.678503145839054
1.6723645378425263
1.6658685425920405
1.6590486503114814
1.6519367684735529
1.6445630328952126
1.6369557752276547
1.6291415567805105
1.621145229417541
1.6129900065160243
1.604697536702081
1.596287977300094
1.5877800662590464
1.579191192096183
1.5705374617213987
1.5618337661339259
1.553093844027376
1.5443303433500157
1.5355548808634152
1.5267780997362035
1.5180097252013451
1.509258618297775
1.5005328277127727
1.4918396397360623
1.4831856263350318
1.4745766913589091
1.4660181148786902
1.4575145956729292
1.4490702918684475
1.4406888597498548
1.4323734907534125
1.4241269466649613
1.4159515930449809
1.4078494309078702
1.3998221266860995
1.391871040514427
1.3839972528721491
1.376201589625561
1.3684846455158044
1.3608468061397851
1.3532882684754004
1.345809060003531
1.3384090564816973
1.3310879984256365
1.3238455063561072
1.316681094868895
1.3095941855864912
1.3025841190499245
1.2956501656087112
1.2887915353665602
1.282007387239389
1.2752968371811446
1.2686589656314813
1.2620928242380276
1.255597441903786
1.2491718302089065
1.24281498825367
1.2365259069677201
1.2303035729280967
1.2241469717268705
1.2180550909269339
1.2120269226415856
1.2060614657726816
1.2001577279385742
1.194314727121976
1.1885314930652247
1.182807068438651
1.1771405098059398
1.1715308884081341
1.1659772907866355
1.1604788192635005
1.1550345922959
1.1496437447202468
1.1443054278996165
1.139018809787454
1.13378307491861
1.1285974243382564
1.123461075477543
1.1183732619845308
1.113333233517411
1.1083402555068034
1.1033936088925378
1.0984925898402584
1.0936365094420375
1.0888246934050823
1.084056481731729
1.0793312283937406
1.0746483010032766
1.0700070804828568
1.0654069607359125
1.0608473483196625
1.0563276621213906
1.0518473330392923
1.047405803668755
1.0430025279946264
1.0386369710901782
1.0343086088230402
1.0300169275684654
1.0257614239300865
1.021541604468329
1.01735698543656
1.0132070925248788
1.009091460611551
1.005009633522095
1.0009611637956821
0.9969456124589173
0.992962548806792
0.9890115501904769
0.9850922018120353
0.981204096525593
0.9773468346449543
0.9735200237573324
0.969723278543121
0.9659562206013638
0.9622184782807806
0.9585096865162427
0.9548294866702873
0.9511775263797295
0.9475534594070136
0.9439569454962006
0.9403876502333727
0.9368452449113427
0.9333294063985292
0.9298398170116802
0.9263761643925079
0.9229381413880267
0.9195254459343265
0.9161377809437946
0.912774854195702
0.9094363782297985
0.9061220702431276
0.9028316519896264
0.8995648496826781
0.8963213939002866
0.893101020808885
0.8899034679081749
0.8867284783185633
0.8835757992139317
0.8804451817012033
0.877336380730732
0.8742491550166163
0.8711832669613799
0.8681384825827921
0.865114571442726
0.86211130657762
0.8591284644306231
0.8561658247853542
0.8532231707012261
0.850300288450376
0.8473969674559806
0.844513000232244
0.8416481823256486
0.838802312257707
0.8359751914691284
0.8331666242651454
0.830376417762363
0.8276043818366745
0.8248503290725242
0.8221140747133102
0.8193954366129361
0.8166942351885174
0.8140102933741895
0.8113434365759205
0.8086934926273754
0.8060602917468606
0.803443666495092
0.8008434517340721
0.798259484586753
0.7956916043976864
0.7931396526944595
0.7906034731500968
0.7880829115461478
0.7855778157366695
0.7830880356129722
0.780613423069054
0.778153831967882
0.7757091181083194
0.7732791391927478
0.770863754795443
0.768462826331491
0.7660762170264617
0.7637037918866435
0.7613454176699623
0.7590009628573918
0.7566702976250171
0.7543532938166615
0.7520498249170711
0.7497597660255648
0.7474829938302994
0.7452193865830194
0.7429688240742885
0.7395174498819295
0.7376243773911932
0.7358888908217561
0.73396644186927
0.7317897393908029
0.7293638542730462
0.7267116990339078
0.7238593380306455
0.7208320048730296
0.7176530627145957
0.7143438022022749
0.7109234880056577
0.7074094859843
0.703817406335319
0.7001612584188269
0.6964535951082027
0.692705650001548
0.6889274646943613
0.6851280056578855
0.681315270854308
0.6774963865387558
0.6736776948374604
0.6698648328268413
0.6660628037791858
0.6622760412987533
0.6585084670020773
0.654763542362982
0.6510443153096557
0.6473534620806493
0.6436933248460484
0.6400659454932265
0.6364730960160223
0.632916305802428
0.6293968861959147
0.6259159525789252
0.622474444239646
0.6190731422448039
0.6157126855633708
0.6123935855504575
0.6091162390325272
0.6058809400796661
0.6026878906332935
0.5995372100934235
0.5964289439680838
0.593363071685457
0.5903395136405984
0.5873581375716788
0.5844187643265102
0.5815211730537868
0.5786651059216049
0.5758502723696678
0.5730763529662017
0.5703430028852547
0.5676498550705219
0.5649965230816595
0.562382603686226
0.5598076791942043
0.5572713195731486
0.5547730843725018
0.5523125244507316
0.5498891835483631
0.5475025997104994
0.5451523065636219
0.5428378344833524
0.5405587116402772
0.5383144649456725
0.536104620907229
0.5339287064011221
0.5317862493591003
0.5296767794048066
0.5275998284009283
0.5255549309585055
0.5235416248880527
0.5215594516016615
0.5196079564691044
0.5176866891386845
0.5157952038206763
0.5139330595348311
0.5120998203313413
0.5102950554845925
0.5085183396545687
0.5067692530392134
0.5050473814884852
0.5033523166176057
0.5016836558881236
0.500041002682957
0.4984239663593839
0.4968321623000921
0.49526521193713624
0.49372274278068057
0.492204388423575
0.49070978855108077
0.4892385889323707
0.48779044140753347
0.48636500386908293
0.4849619402381821
0.4835809204325336
0.482221620332916
0.4808837217409676
0.4795669123375023
0.47827088563763237
0.47699534093670043
0.4757399832595103
0.47450452330640897
0.4732886773926055
0.4720921673934964
0.4709147206800072
0.46975607005780895
0.4686159537030351
0.46749411510008587
0.4663903029745554
0.4653042712244799
0.46423577885986217
0.4631845899314952
0.46215047346326094
0.46113320338516983
0.4601325584689071
0.459148322253628
0.4581802829838316
0.4572282335386662
0.4562919713642934
0.45537129840950974
0.45446602105491735
0.45357594995755984
0.45270090025749876
0.45184069123721354
0.45099514634662125
0.4501640931383272
0.4493473632023337
0.44854479210264675
0.44775621931282694
0.4469814881500933
0.44587510054652413
0.44474185703542923
0.44359250285054325
0.4424347547100265
0.4412742945934221
0.4401154148738957
0.43896144073377524
0.4378150095143997
0.43667825756137973
0.43555294682806783
0.4344405519624097
0.43334232125092353
0.4322593201208618
0.4311924628820947
0.4301425364465013
0.4291102185095887
0.42809609183991554
0.4271006557963081
0.4261243358231956
0.4251674914437126
0.4242304231103033
0.4233133781597872
0.42241655606338385
0.4215401130891376
0.4206841664831135
0.4198487982359613
0.4190340584937824
0.4182399686573562
0.41746652420175023
0.4167136972499245
0.4159814389222137
0.415269681483486
0.41457834030557794
0.4139073156603847
0.4132564943593011
0.41262575124980727
0.4120149505823216
0.4114239472547842
0.4108525879475061
0.4103007121542993
0.409768153118603
0.40925473868205925
0.40876029204971037
0.4082846324815744
0.4078275759124825
0.40738893550584976
0.40696852214746954
0.40656614488139164
0.40618161462610525
0.40581473406119933
0.4054653088679304
0.4051331411841119
0.40481803895966023
0.4045198065400703
0.4042382481430674
0.40397316793925614
0.4037243700956582
0.4034916587849084
0.4032748381586776
0.40307371228670613
0.40288808506129775
0.40271776006667537
0.40256254040198297
0.402422228510027
0.4022966259035389
0.4021855328950216
