428.201712
308.8336086624184
313.79414313654684
318.97228479946824
324.36294529617487
329.9703479613061
335.80001142405496
341.8575732099639
348.1484835436237
354.67801192065554
361.4512634728502
368.47323883427924
375.748835972343
383.2829284835179
391.0804065212464
399.1462258596925
407.48545476753696
416.1033173974744
425.0052329112891
434.19685002089057
443.6840770034796
453.47310753070377
463.5704428376848
473.9829108624141
484.71768302857373
495.7822893377101
507.1846323996767
518.9330009774557
531.0360835614296
543.5029824270675
556.3432285782352
569.5667979304891
583.1835660927403
597.2061424203738
611.6442641871565
626.5104456114835
641.8171953072083
657.5776060072025
673.8053884159333
690.5149080348733
707.7212260574534
725.4401447767102
743.6882580231529
762.4830056303979
781.8427416797512
801.7867948334367
822.3355517051375
843.5105427394225
865.3345297716091
887.8316260421552
911.0274069514667
934.9490463323949
959.6254665757064
985.0875072359696
1011.3681146388578
1038.5025554420683
1066.5286575829512
1095.4870826049457
1125.4216340253395
1156.3795999572667
1188.4121791284367
1221.5748928251862
1255.928128944645
1291.5377412026821
1328.4756835686328
1366.8208587587987
1406.659981197152
1448.0881088966678
1491.2119145495642
1536.1480970029409
1583.0270074269777
1631.9941250226555
1683.2123669356597
1736.8648286277094
1793.158050927274
1852.3259355559837
1914.6344638007752
1980.387417814721
2049.9333612648516
2123.6742154921694
2202.07799506959
2285.683853858679
2375.130643336104
2471.170360567884
2574.697139324993
2686.782406420093
2808.720998057773
2942.0924414986384
3088.8435582399343
3251.401576446778
3432.8317613023364
3637.0614380848933
3869.205492508936
3944.159843853304
3965.910696977975
3987.0405794855055
4007.5472255865884
4027.425045846238
4046.681882154102
4065.3094826880506
4083.3089926243797
4100.682072459711
4117.430431866477
4133.556528930295
4149.063534945514
4163.955310175763
4178.236384618313
4192.230127721659
4205.301647419315
4217.4700172028215
4229.365801647833
4240.682411502983
4251.427710591801
4261.609996099515
4271.237971178477
4280.320711521357
4288.867632396527
4296.888456207371
4304.393180695248
4311.392047891674
4317.895513906291
4323.914219647176
4329.458962537331
4334.540669287157
4339.170369768799
4343.359172034571
4347.118238503432
4350.458763332638
4353.391950995131
4355.928996049553
4358.081064118149
4359.859274045952
4361.274681238625
4362.3382621521405
4363.0608999119095
4363.453371037317
4363.526333232296
4363.290314216985
4362.755701563921
4361.932733490749
4360.831490585898
4359.461888420493
4357.833671000886
4355.956405027933
4353.8394749258805
4351.492078585955
4348.923223799616
4346.141725335673
4343.156202613716
4339.975077956414
4336.606575360051
4333.058719765362
4329.339336780904
4325.456052838253
4321.4162957314575
4317.227295520756
4312.896085772097
4308.429505090326
4303.834198933712
4299.11662167939
4294.283038912004
4289.339529912203
4284.291990332654
4279.14613502815
4273.907501028572
4268.581450636238
4263.173174625771
4257.687695534784
4252.129871035092
4246.504397355962
4240.81581276221
4235.068501070798
4229.266695187384
4223.414480665681
4217.515799266141
4211.574452522738
4205.59410528967
4199.57828928016
4193.530406578322
4187.453733124741
4181.351422164943
4175.226507662162
4169.081907670391
4162.92042765199
4156.7447637566875
4150.557506041351
4144.361141635565
4138.15805785377
4131.950545243628
4125.74080057894
4119.530929788891
4113.322950821882
4107.118796453782
4100.920317023155
4094.7292831116256
4088.5473881504718
4082.3762509733015
4076.2174182970193
4070.0723671389046
