6.03121721449294
6.035613044738371
6.039618355471953
6.043270088251656
6.046597388502969
6.049625618397911
6.052377361923916
6.054872887482897
6.057130461605516
6.059166607535618
6.0609963202153
6.062633248657458
6.064089851545235
6.065377530669129
6.066506745893651
6.0674871146445755
6.0683274994792535
6.069036079379676
6.069620421445951
6.070087535488157
6.0704439259676395
6.070695637316416
6.070848294072778
6.070907136671699
6.0708770533875285
6.070762608938321
6.070568070171264
6.070297429188413
6.06995442422124
6.069542558519324
6.069065117483692
6.068525184240739
6.067925653832039
6.067269246168654
6.066558517880962
6.065795873178934
6.064983573823409
6.06412374829688
6.0632184002518965
6.062269416306123
6.06127857324527
6.060247544688328
6.059177907263521
6.058071146338294
6.0569286613420035
6.055751770716067
6.054541716522749
6.053299668740682
6.052026729272447
6.050723935687141
6.049392264718657
6.048032635538469
6.0466459128200265
6.045232909610299
6.043794390022607
6.042331071763719
6.040843628506946
6.0393326921221115
6.037798854772257
6.03624267088616
6.034664659015026
6.033065303580997
6.03144505652456
6.029804338857325
6.0281435421262035
6.0264630297945025
6.024763138545064
6.023044179510193
6.021306439432733
6.019550181762405
6.0177756476911215
6.0159830571308355
6.014172609637132
6.012344485281644
6.010498845476046
6.008635833750333
6.006755576487752
6.004858183618739
6.00294374927596
6.001012352412459
5.999064057384781
5.997098914502823
5.995116960548023
5.993118219261439
5.9911027018031575
5.98907040718434
5.987021322673221
5.98495542417619
5.98287267659511
5.980773034161886
5.978656440751272
5.976522830172856
5.9743721264430425
5.972204244037884
5.9700190881275095
5.967816554792848
5.965596531225341
5.963358895910265
5.9611035187942365
5.958830261437472
5.956538977151312
5.954229511121478
5.951901700517534
5.949555374588946
5.947190354748149
5.94480645464097
5.942403480204736
5.939981229714394
5.937539493816897
5.935078055554128
5.93259669037461
5.9300951661341665
5.927573243085782
5.925030673858771
5.9224672034274395
5.919882569069359
5.917276500313317
5.914648718877102
5.911998938595106
5.909326865335858
5.906632196909456
5.903914622964956
5.901173824877667
5.8984094756263366
5.8956212396601755
5.892808772755644
5.889971721862923
5.887109724941957
5.884222410787929
5.881309398846039
5.878370299015414
5.875404711441955
5.872412226299923
5.86939242356203
5.866344872757792
5.863269132719865
5.860164751318086
5.857031265180893
5.853868199403778
5.850675067244445
5.847451369804245
5.844196595695512
5.84091022069434
5.837591707378366
5.83424050474904
5.830856047837883
5.827437757296195
5.823985038967618
5.820497283442965
5.816973865596681
5.813414144104263
5.809817460939924
5.806183140853815
5.802510490827976
5.798798799510272
5.795047336625421
5.791255352362292
5.7874220767365205
5.783546718927512
5.779628466588843
5.775666485131026
5.771659916975598
5.767607880779395
5.763509470627903
5.759363755196507
5.755169776878402
5.7509265508779635
5.746633064268254
5.742288275011406
5.737891110940512
5.733440468701704
5.728935212655035
5.7243741737328
5.719756148253914
5.715079896692989
5.710344142402747
5.705547557307809
5.700688810528674
5.695766494643531
5.690779170942231
5.68572535627692
5.680603521521512
5.675412090560308
5.67014943758481
5.664813902009265
5.659403725218886
5.653917136893007
5.648352296775386
5.642707306182381
5.6369802059956475
5.631168974608433
5.625271525829279
5.619285706747917
5.613209295569278
5.607039999422965
5.600775452156997
5.594413212126534
5.587950759990368
5.5813854965302925
