7.1226
50.5645747485631
50.61190731616133
50.68731004391152
50.780912786245864
50.887126816981734
51.00239388908103
51.12429435726622
51.25111981054462
51.38163466372471
51.51492946763754
51.65032537334026
51.78730960690536
51.925490650326296
52.064567030952894
52.20430435849426
52.3445191700288
52.48506677994566
52.62583234267094
52.766724114280784
52.90766834938493
53.04860543771578
53.18948684256154
53.33027287461687
53.47093082899432
53.61143359642976
53.751758553250966
53.89188666354321
54.031801823649694
54.171490259323306
54.31094015051327
54.45014118635344
54.58908440087679
54.72776180785433
54.86616631677996
55.004291571672624
55.14213181537212
55.27968172333664
55.41693649523356
55.55389160190825
55.690542886547604
55.826886420157045
55.96291850841557
56.0986356724351
56.234034613198844
56.36911221391609
56.503865469267154
56.63829152016099
56.772387695645556
56.90615137040925
57.03958008443607
57.17267146567422
57.305423281523304
57.43783335574338
57.56989966950261
57.7016202586398
57.83299330410666
57.964017067276345
58.094689882819274
58.2250102328928
58.35497665661886
58.48458780377583
58.61384244817675
58.74273941180501
58.871277654286274
58.99945622189133
59.127274245780576
59.25473095930665
59.381825710110924
59.50855788819358
59.63492707334553
59.76093285108838
59.88657493033579
60.01185312653413
60.13676735341607
60.26131759693695
60.38550394535607
60.509326588638764
60.632785791054765
60.75588191573555
60.878615436968126
61.00098686779137
61.12299687922006
61.244646152240534
61.36593552603647
61.48686588068783
61.60743821080168
61.727653555280625
61.84751310525164
61.96701806012441
62.08616976644086
62.20496958232805
62.32341900946345
62.44151960636032
62.559273001399525
62.67668090256485
62.79374511022149
62.910467483946654
63.02684997761962
63.142894588345285
63.25860339954653
63.373978597401894
63.48902239455632
63.60373708932792
63.71812506946531
63.83218874852006
63.94593066387136
64.05935337742854
64.17245953095477
64.28525181863564
64.39773303207825
64.50990601001688
64.62177360696316
64.73333882423206
64.84460467875209
64.95557423656659
65.06625062736455
65.17663709750761
65.2867368564168
65.39655324986848
65.50608964127858
65.61534944215147
65.72433617091087
65.8330533434745
65.94150458297747
66.04969348452688
66.15762378325341
66.26529922175575
66.37272360183441
66.47990076714733
66.58683463548195
66.69352917337352
66.79998834807526
67.73540066903841
67.81301924787047
67.89126301435226
67.97016339090915
68.04973088591132
68.12996295610421
68.2108492296233
68.29237467016964
68.37452172944057
68.45727158538969
68.54060505795357
68.6245030200694
68.70894677054144
68.79391822018721
68.87939990882033
68.96537516397524
69.05182799184819
69.13874315867378
69.22610612445727
69.31390302565494
69.40212068570182
69.49074643743953
69.57976832357411
69.66917485570582
69.75895511919296
69.84909867224442
69.93959555221274
70.03043629975384
70.1216118337636
70.21311350853175
70.30493307074279
70.3970626586469
70.48949478227674
70.582222273526
70.67523832168901
70.76853642283331
70.86211042723976
70.9559544354453
71.05006287158776
71.14443042806403
71.23905206206753
71.3339230272408
71.42903875017097
71.52439497182077
71.6199876636721
71.71581297899209
71.81186734075429
71.90814737802039
72.00466149463324
72.10138349952955
72.19832221004533
72.29546341690322
72.39282790853647
72.49040186468851
72.58818323138273
72.68617017424329
72.78436096575267
72.88275414203662
72.98134839650136
73.08014262919379
73.17913600615368
73.27832799291126
73.37771831562523
73.4773071948692
73.57709544993803
73.67708465825913
