0.25596489310024506
0.11854924145200207
0.12020732912275614
0.12187287341290069
0.12354538410234807
0.12522439025452775
0.12690949612085933
0.12860037971107516
0.13029678103771958
0.1319984908083342
0.13370534142235743
0.1354171996615011
0.13713396158520338
0.13885554679739237
0.1405818971059181
0.1423129709984216
0.14404874162355524
0.14578919425624393
0.14753432402273214
0.14928413382131347
0.15103863240752372
0.15279783261993998
0.15456174973768577
0.15633039994851033
0.15810379892928286
0.15988196052754586
0.16166489554107968
0.1634526105929257
0.16524510709457949
0.16704238030019705
0.1688444184411633
0.1706512019487046
0.1724627027475065
0.1742788836347124
0.17609969772534312
0.17792508796874856
0.1797549867332343
0.18158931545958926
0.18342798436399937
0.18527089221197185
0.18711792613678696
0.1889689615171332
0.19082386190111256
0.19268247897605753
0.19454465258289283
0.1964102107700779
0.19827896988985372
0.20015073472722197
0.20202529865895374
0.2039024438532506
0.20578194148979795
0.20766355201196138
0.20954702540016062
0.2114321014739676
0.21331851020847464
0.2152059720771901
0.2170941984066437
0.21898289175177219
0.22087174628665063
0.22276044820356605
0.22464867613038147
0.22653610155493456
0.22842238925807112
0.23030719776009365
0.23219017976823628
0.23407098263359735
0.23594924881305077
0.2378246163338607
0.23969671926027633
0.2415651881667583
0.2434296506023297
0.245289731567013
0.24714505397954722
0.24899523914447422
0.25083990721703725
0.2526786776663513
0.2545111697323403
0.25633700287772354
0.25815579723599436
0.25996717405136405
0.2617707561108451
0.26356616817306133
0.2653530373812166
0.2671309936762628
0.26889967019135025
0.27065870364340044
0.2724077347095828
0.27414640839694066
0.27587437439413925
0.27759128741974504
0.27929680755012887
0.28099060054254454
0.282672338137737
0.2843416983542683
0.2859983657686392
0.2876420317811757
0.2892723948674048
0.2908891608172457
0.29249204295819864
0.2940807623670773
0.2956550480652126
0.29721463719860575
0.2987592752077805
0.300288715980377
0.30180272198949765
0.3033010644211576
0.30478352328305097
0.30624988750441606
0.3076999550196584
0.3091335328398945
0.310550437109279
0.3119504931507855
0.31333353550070814
0.31469940792492884
0.3160479634290382
0.31737906425516105
0.31869258186673566
0.3199883969200132
0.32126639923130174
0.3225264877265829
0.3237685703860992
0.3249925641780301
0.3261983949806571
0.3273859975000036
0.32855531529942583
0.3297063003250167
0.3308389131746733
0.3319531228533434
0.3330489066517432
0.3341262500175937
0.3351851464197788
0.33622559720773454
0.3372476114671224
0.3382166124005106
0.3391680094372951
0.34010180321427325
0.34101801062861237
0.3419166618076089
0.3427977978295988
0.3436614691373039
0.34450773440654986
0.34533665971113525
0.34614831788862144
0.34694278803816697
0.347720155113185
0.34848050957674076
0.3492239471026838
0.3499505683119796
0.35066047853112947
0.35135378757222463
0.35203060952564935
0.352691062565501
0.3533352687643586
0.3539633539151516
0.3545754473626119
0.3551716818359651
0.35575219329071783
0.3563171207523775
0.3568666061654995
0.35740079424574983
0.35791983233452157
0.3584238702582891
0.3589130601895413
0.3593875565107768
0.35984751568081547
0.36029309610364313
0.36072445800008224
0.361141763281094
0.3615451754238462
0.3619348593492775
0.36231098130302575
0.3626737087375366
0.3630232101969378
0.36335965520404645
0.36368321414920285
0.3639940581824998
0.36429235910679214
0.3645782892737885
0.3648520214827858
0.36511372888092547
0.3653635848663474
0.36560176500504066
0.3658284408195725
0.3660437859039993
0.36624797199049125
0.3664411741969038
0.3666235655275289
0.36679531862718123
0.3669566057037102
0.3671075984535952
0.36724846798932254
0.3673793847698483
0.36750051853340865
0.3676120382327396
0.36771411197287673
0.3678069069579095
0.36789058941468045
0.36796532455781167
0.36803127653106915
