-42.712633386266106
-43.661388979818206
-44.604781077733776
-45.53114450689109
-46.434048267365206
-47.310301778532434
-48.15871095881935
-48.97929869522658
-49.7728135802581
-50.540419167823835
-51.28349654492226
-52.003519750336146
-52.70197677018295
-53.38032229836987
-54.03994752766868
-54.682164727718096
-55.308199283514426
-55.919187226451754
-56.51617618434031
-57.10012845388856
-57.67192533012102
-58.23237211692286
-58.78220343423981
-59.32208857362253
-59.85263673929798
-60.37440207515965
-60.88788841913253
-61.3935537533906
-61.89181433975963
-62.38304853931184
-62.867600326792136
-63.34578251079829
-63.817879679576144
-64.28415088700044
-64.7448320995803
-65.20013842218219
-65.65026612049778
-66.09539445533393
-66.5356873485919
-66.97129489133557
-67.40235471153768
-67.82899321187135
-68.25132669029347
-68.66946235416265
-69.08349923736922
-69.4935290301603
-69.89963682874227
-70.30190181264243
-70.70039785779478
-71.09519408887947
-71.48635537901498
-71.87394280020621
-72.25801403046113
-72.63862371995333
-73.01582382231103
-73.38966389203992
-73.76019135323908
-74.12745174119806
-74.49148891929234
-74.85234527477213
-75.2100618939769
-75.56467871969652
-75.91623469276723
-76.26476787810948
-76.61031557812017
-76.95291443382165
-77.29260051498775
-77.6294094005142
-77.96337625025997
-78.29453586782034
-78.62292275766495
-78.94857117430443
-79.271515166134
-79.5917886140517
-79.90942526525114
-80.22445876254231
-80.53692266990357
-80.84685049469527
-81.1542757065473
-81.45923175347046
-81.76175207586026
-82.06187011749574
-82.35961933557732
-82.6550332078833
-82.94814523934514
-83.23898896653394
-83.52759796145237
-83.81400583352693
-84.09824623171468
-84.38035284457537
-84.6603594008024
-84.93829966796432
-85.21420745168349
-85.4881165938887
-85.760060970737
-86.03007449017157
-86.29819108940981
-86.56444473196618
-86.8288694048128
-87.09149911505756
-87.35236788664324
-87.61150975731874
-87.8689587750763
-88.12474899477618
-88.378914475063
-88.63148927467314
-88.88250744954343
-89.13200304937962
-89.3800101146397
-89.62656267331077
-89.87169473810899
-90.11544030367396
-90.35783334340181
-90.59890780715122
-90.83869761855183
-91.07723667246441
-91.31455883250216
-91.55069792909983
-91.78568775694004
-92.01956207312621
-92.25235459511565
-92.48409899872712
-92.7148289165183
-92.94457796313658
-93.17337962231322
-93.40126741611427
-93.62827478696404
-93.85443512591921
-94.0797817713503
-94.30434800741139
-94.52816706282734
-94.75127210967482
-94.92844440569223
-94.99422180939943
-95.05963310607211
-95.12501820802646
-95.19068924341859
-95.25693269875715
-95.32401139891032
-95.39216629024351
-95.46161806342222
-95.5325686411917
-95.60520254987938
-95.67968818803948
-95.75617900338192
-95.83481458632849
-95.91572168727396
-95.99901516404348
-96.08479886413718
-96.17316644714745
-96.2642021510898
-96.35798150650623
-96.45457200215176
-96.55403370481069
-96.65641983724562
-96.76177731582291
-96.87014725136478
-96.9815654150359
-97.0960626718234
-97.21366538356303
-97.33439578330604
-97.45827232318582
-97.58530999735206
-97.71552064150394
-97.84891321056966
-97.98549403601628
-98.12526706411799
-98.26823407631561
-98.4143948930935
-98.56374756196703
-98.7162885313936
-98.87201281080323
-99.0309141181824
-99.19298501600477
-99.358217035845
-99.52660079348583
-99.69812609411089
-99.87278202887823
-100.0505570637367
-100.23143912057205
-100.415413009206
-100.60247102546376
-100.79259728156612
-100.98578090123078
-101.18200274798724
-101.38125150581867
-101.58351307937232
-101.7887732928903
-101.99701793653267
-102.20823281492851
-102.42240379900784
-102.6395168855834
-102.85955826920595
-103.082514434065
-103.30837229503832
-103.53711930620156
-103.76874383575276
-104.0032355170881
-104.2405859841904
