46.94777
27.057094354260812
26.61796226758249
26.207519048854692
25.825090345668517
25.46823250009634
25.134410039821223
24.821327861806438
24.526965602181974
24.24955161585156
23.987529158910412
23.73952560343839
23.504326232061825
23.280852232063207
23.068142219389316
22.86533667497539
22.67166478020973
22.486433234818847
22.309016719713085
22.138849730765088
21.975419560065262
21.818260241617498
21.66694731088008
21.521093253708905
21.38034354144574
21.24437316612462
21.112883603851575
20.98560014596149
20.862269547072213
20.742657947022188
20.626549030208356
20.513742391279003
20.404052080684004
20.297305307395966
20.193341279324972
20.092010164656536
19.993172159635815
19.896696650266012
19.802461457047734
19.710352153300228
19.62026144881749
19.532088631651664
19.445739061711695
19.36112371063637
19.278158743068484
19.196765135035186
19.1168683256419
19.03839789872428
18.96128729148382
18.88547352746609
18.810896971532685
18.737501104733216
18.665232317209554
18.594039717462206
18.523874956483446
18.454692065417188
18.386447305540862
18.3190990294872
18.25260755273082
18.186935034460088
18.122045367040812
18.057904073353452
17.994478211354398
17.931736285271906
17.869648162902532
17.8081849985219
17.747319160968612
17.68702416649833
17.62727461604213
17.56804613653335
17.509315325998347
17.45105970213068
17.39325765409316
17.335888397313322
17.278931931057112
17.22236899858325
17.16618104969729
17.110350205538023
17.054859225443284
16.999691475753075
16.944830900420364
16.890261993308602
16.83596977206535
16.78193975346916
16.728157930154882
16.6746107486295
16.621285088497277
16.568168242818754
16.515247899533776
16.462512123883634
16.409949341772275
16.357548324010452
16.30529817139092
16.253188300546512
16.20120843054577
16.149348570184454
16.097599005933887
16.04595029050974
15.994393232027427
15.942918883712249
15.89151853413515
15.840183697946125
15.788906107079782
15.737677702408982
15.686490625823957
15.635337212716054
15.584209984846117
15.53310164357968
15.482005063471068
15.430913286180619
15.379819514710126
15.328717107941877
15.277599575468283
15.226460572699649
15.175293896238372
15.1240934795087
15.072853388631424
15.021567818534388
14.97023108928945
14.918837642667064
14.867382038901264
14.81585895365655
14.764263175190253
14.712589601703469
14.660833238873991
14.608989197565663
14.557052691708174
14.50501903634207
14.452883645823858
14.40064203218645
14.348289803650013
14.295822663279516
14.243236407783833
14.19052692645314
14.13769020023033
14.084722300912699
14.03161939048048
13.978377720548336
13.924993631936648
13.87146355435907
13.817784006222997
13.763951594539675
13.709963014940673
13.655815051797399
13.601504578440426
13.547028557475368
13.492384041191851
13.437568172062324
13.382578183327368
13.3274113996637
13.272065237931859
13.216537207999295
13.16082491363562
13.104926053475985
13.048838422048611
12.992559910862486
12.936088509550899
12.879422307066687
12.822559492924414
12.765498358485157
12.708237298278952
12.650774811359938
12.59310950268926
12.535240084540346
12.477165377921176
12.418884314008011
12.360395935584762
12.30169939848225
12.242793973011064
12.183679045382124
12.12435411910822
12.064818816380575
12.00507287941317
11.945116171748573
11.884948679518269
11.824570512650451
11.763981906018373
11.70318322052207
11.642174944096215
11.580957692637089
11.519532210841216
11.457899372948603
11.396060183383161
11.334015777283394
11.271767420915866
11.209316511964794
11.146664579690489
11.083813284950061
11.020764420073634
10.95751990858959
10.894081804792568
10.830452293148268
10.766633687529234
10.702628430276086
10.638439091078974
10.57406836567475
10.509519074354884
10.444794160280457
10.37989668760035
