17.012425423356827
17.012554365079684
17.012678925346165
17.012799267267432
17.012915582560645
17.0130280574506
17.013136868909616
17.01324218466804
17.013344163689894
17.013442956675906
17.013538706539833
17.01363154885337
17.013721612261282
17.01380901886904
17.013893884604986
17.013976319559028
17.014056330989487
17.014134112992565
17.014209863105968
17.01428357735105
17.01435533465871
17.014425215285836
17.01449329621207
17.014559650717768
17.01462434849501
17.0146874558175
17.014749035709023
17.014809148103335
17.014867849995046
17.01492519558208
17.014981236400068
17.015036021449355
17.015089597314947
17.015142008279923
17.01519329643267
17.01524350176833
17.015292662284793
17.015340814073603
17.015387991405998
17.01543422681447
17.015479551169992
17.015523993755263
17.01556758233411
17.015610343217347
17.0156523013252
17.015693480246536
17.015733902295125
17.015773588562915
17.01581255897073
17.015850832316296
17.015888426319922
17.015925357667786
17.015961642053114
17.01599729421524
17.016032327976713
17.016066756278548
17.016100591213664
17.016133844058686
17.016166525304104
17.01619864468293
17.016230211197893
17.016261233147258
17.016291718149333
17.016321673165727
17.01635110452339
17.016380017935553
17.01640841852156
17.01643631082567
17.01646369883489
17.01649058599582
17.016516975230665
17.01654286895232
17.016568269078693
17.016593177046214
17.016617593822566
17.016641519918785
17.016664955400586
17.016687899899058
17.01671035262078
17.01673231235726
17.016753777493854
17.016774746018083
17.016795215527516
17.016815183237004
17.01683464598556
17.016853600242708
17.016872042114393
17.016889967348458
17.016907371339748
17.016924249134757
17.016940595435972
17.016956404605768
17.016971670670042
17.016986387321445
17.017000547922336
17.017014145507396
17.01702717278598
17.01703962214414
17.017051485646455
17.017062755037497
17.017073421743135
17.01708347687155
17.017092911214053
17.017101715245637
17.01710987912539
17.01711739269663
17.017124245486915
17.017130426707837
17.017135925254642
17.0171407297057
17.017144828321815
17.01714820904538
17.0171508594994
17.017152766986392
17.017153918487146
17.017154300659385
17.017153899836313
17.017152702025072
17.017150692905116
17.017147857826465
17.017144181807968
17.017139649535412
17.017134245359642
17.017127953294608
17.017120757015377
17.017112639856123
17.01710358480812
17.01709357451768
17.01708259128415
17.01707061705787
17.0170576334382
17.01704362167154
17.017028562649443
17.01701243690674
17.016995224619755
17.0172748896713
17.01753578169883
17.0177783213535
17.018002945822154
17.018210125692892
17.01840035221152
17.018574125303356
17.018731944682184
17.018874303481567
17.019001683753018
17.01911455333235
17.019213363710314
17.019298548641157
17.01937052329283
17.01942968379278
17.01947640705991
17.01951105084034
17.019533953884245
17.01954543621604
17.019545799460992
17.019535327199844
17.019514285328782
17.019482922407096
17.01944146997781
17.01939014284925
17.019329139326935
17.019258641386305
17.019178814777284
17.01908980905167
17.01899175750399
17.01888477701571
17.01876896779151
17.01864441297462
17.018511178126342
17.01836931055192
17.01821883845182
17.01805976987332
17.017892091432074
17.017715766767033
17.017530734684158
17.017336906934347
17.017134165558502
17.016922359716727
17.016701301898276
17.016470763382785
17.016230468789026
17.01598008950317
17.015719235718894
17.01544744674276
17.015164179110617
17.014868791912996
17.01456052852172
17.01423849361818
17.013901624003708
17.01354865105477
17.01317805175844
17.012787983835707
17.012376198199764
17.01193991829998
17.011475669627426
17.01097903152435
17.01044426261491
17.00986370962298
17.009226819458036
