7.9162
9.279442839396083
9.270995972101119
9.26130631082306
9.251255296277238
9.24112181869719
9.231026473504466
9.221040762303303
9.211215476935166
9.201589199536475
9.192191688949976
9.18304578006551
9.17416872146626
9.165573214688404
9.15726825037912
9.14925978956198
9.141551321725057
9.134144323433375
9.127038636054815
9.120232777442519
9.113724199519561
9.10750950142495
9.101584606060557
9.095944906421725
9.090585386924959
9.085500724003063
9.08068536947536
9.07613361958219
9.071839672068885
9.067797673293935
9.064001756999202
9.060446076104187
9.057124828658687
9.054032278901328
9.051162774215403
9.04851075864598
9.046070783534248
9.04383751573705
9.041805743824835
9.03997038258912
9.038326476138984
9.036869199822005
9.035593861168941
9.034495900029821
9.033570888044085
9.032814527564497
9.032222650136612
9.031791214619677
9.031516305021356
9.031394128107735
9.03142101084018
9.031593397682533
9.031907847815415
9.032361032288168
9.032949731134423
9.033670830472493
9.034521319608455
9.03549828815691
9.03659892319131
9.037820506433654
9.039160411491938
9.040616101151125
9.04218512472329
9.04386511546017
9.04565378803145
9.047548936070484
9.049548429788974
9.051650213661226
9.053852304178244
9.056152787671703
9.058549818206874
9.061041615544234
9.063626463168386
9.066302706383278
9.069068750472367
9.071923058922186
9.07486415170803
9.077890603639863
9.08100104276706
9.084194148840199
9.087468651828274
9.090823330489599
9.094257010994852
9.09776856560049
9.10135691137095
9.105021008948102
9.108759861366236
9.112572512911258
9.116458048022412
9.12041559023524
9.124444301164274
9.12854337952403
9.132712060187355
9.136949613279262
9.141255343305614
9.14562858831508
9.150068719093433
9.154575138389063
9.15914728016852
9.163784608901373
9.168486618873084
9.173252833525302
9.178082804822445
9.182976112643871
9.187932364200863
9.192951193477464
9.19803226069482
9.203175251797907
9.208379877964239
9.213645875134025
9.218973003560935
9.224361047383011
9.229809814213445
9.235319134750293
9.240888862405024
9.246518872949313
9.252209064179665
9.257959355599573
9.263769688118677
9.269640023768819
9.2755703454365
9.281560656611463
9.28761098115125
9.293721363061305
9.299891866290553
9.306122574542005
9.312413591098467
9.318765038662907
9.32517705921339
9.331649813872348
9.338183482790198
9.34477826504277
9.351434378542754
9.35815205996475
9.36493156468386
9.371773166727579
9.378677158740834
9.385643851964021
9.392673576223615
9.39976667993542
9.406923530119961
9.414144512429802
9.42143003118852
9.428780509440955
9.436196389014226
9.443678130589287
9.45122621378231
9.458841137235533
9.466523418716651
9.474273595226535
9.482092223113877
9.489979878196534
9.497937155888064
9.505964671328766
9.514063059519808
9.522232975459193
9.530475094278188
9.538790111376498
9.547178742554486
9.555641724140512
9.564179813111224
9.572793787202563
9.581484445008831
9.590252606067258
9.599099110924728
9.608024821183836
9.6170306195243
9.626117409696247
9.63528611648089
9.644537685614335
9.653873083669625
9.663293297891665
9.672799335979539
9.682392225810133
9.692073015096542
9.701842770974327
9.71170257950809
9.721653545110582
9.73169678986551
9.74183345274527
9.752064688713624
9.762391667703131
9.772815573456313
9.7833376022187
9.79395896127157
9.804680867291001
9.815504544519174
9.826431222733406
9.837462134996727
9.848598515173917
9.859841595194974
9.87119260204776
9.882652754480066
9.894223259390499
9.905905307886368
9.917700070985521
9.929608694938217
9.941632296143062
9.953771955630804
