101732.436
484734.9875599054
493333.26082254044
501845.2055663404
510248.0863285394
518521.2708394249
526645.340584401
534602.0772536931
542374.6253547908
549947.6720336111
557307.6051452841
564442.6383908462
571342.8995948652
578000.4809067744
584409.4513614211
590565.8335529439
596467.5472757525
602114.3238617212
607507.5955764721
612650.364824449
617547.0580619056
622203.3692518596
626626.0974480222
630822.9827041451
634802.5440116209
638573.9224110586
642146.7318388096
645530.9196879233
648736.6385092863
651774.0720726337
654653.5335635882
657385.1171840021
659978.7588127442
662444.1429074553
664790.6469093328
667027.296070987
669162.7278155783
671205.164693404
673162.3949925648
675041.760077398
676850.147565677
678593.9895076781
680279.2647921253
681911.5050718344
683495.8035722557
685036.8262165434
686538.8245692893
688005.6501662772
689440.769858537
690847.2818550252
692227.9321991324
693585.1314597899
694920.9714583433
696237.2418877342
697535.4467112354
698816.8202542666
700082.3429251364
701332.7565192472
702568.5790767081
703790.1192758993
704997.4903555166
706190.6235654828
707369.2811530145
708533.0688944095
709681.4481860732
710813.7477099985
711929.1746897979
713026.8257533475
714105.6974175969
715164.6962100099
716202.6484397457
717218.3096300546
718210.3736215567
719177.4813543786
720118.2293350755
721031.1777927139
721914.8585267479
722767.7824478204
723588.4468113359
724375.3421425245
725126.958850824
725841.7935307458
726518.3549459535
727155.169693084
727750.7875418565
728303.7864482413
728812.7772378937
729276.4079576557
729693.3678937077
730062.391255833
730382.2605283005
730651.8094889598
730869.9258993198
731035.5538696155
731147.6959040724
731205.4146328422
731207.8351485087
731154.1424915142
731043.5879666285
730875.4860563655
730649.2156329328
730364.2200126706
730020.0067700848
729616.1473277378
729152.2763369669
728628.0908644607
728043.3493999412
727397.8684274545
726691.5260446749
725924.2587670333
725096.0577678187
724206.968542203
723257.0891613672
722246.568452384
721175.6041174574
720044.4408054682
718853.3681481743
717602.7187727147
716292.866301375
714924.2233488541
713497.2395265087
712012.3994623261
710470.2208445861
708871.2524964698
707216.0724880906
705505.2862917322
703739.5249853638
701919.4435088233
700045.7189764179
698119.0490490665
696140.1503685181
694109.7570556395
692028.6193554251
689897.5018803993
687717.1830320249
685488.4531122869
683212.1134227283
680888.9751359954
678519.858253412
676105.5906314786
673647.0070719186
671144.9484729791
668600.2610400491
666013.7955535541
663386.4066920032
660718.952407904
658012.2933541967
655267.2923587727
652484.8139445869
649665.723892828
646810.8888465957
643921.1759525125
640997.4525377066
638040.5858196076
635051.4426460287
632030.8892630338
628979.791108134
625899.0126264007
622789.4171071445
619651.8665388578
616487.2214802024
613296.3409448728
610080.0888472111
606839.3078879765
603574.8576667054
600287.5906199617
596978.3567335681
593648.003863402
590297.3767536939
586927.3208786052
583538.6764980057
580132.2824995676
576708.9753433274
573269.5827995335
569814.9483865295
566345.8952643282
562863.2486779554
559367.8313900207
555860.4631642781
552341.9605641502
548813.1367931415
545274.8015326107
541727.7607695003
538172.8166127111
534610.7670978163
531042.4059800908
527468.5225159123
523889.90123269195
520307.3216875722
516721.5582152017
513133.37966498156
509543.5491282426
505952.82365588576
502361.9539670822
498771.68414969504
495182.75135313795
491595.88547444204
488011.8088383564
484431.23587234685
