166.96794340903298
166.1630415940832
166.7490235431446
167.33500066070246
167.92096590483646
168.50691902507918
169.09285998258568
169.67878874956583
170.26470530344122
170.850609626835
171.43650170765886
172.0223815391352
172.6082491197606
173.19410445321932
173.77994754825698
174.36577841851877
174.95159708236184
175.53740356264427
176.12319788649745
176.7089800850852
177.29475019335285
177.88050824977006
178.46625429607062
179.05198837698913
179.63771054000023
180.22342083505893
180.8091193143456
181.39480603201525
181.98048104395488
182.56614440754592
183.15179618143642
183.7374364253214
184.3230651997314
184.90868256583224
185.4942885852338
186.07988331980664
186.66546683151978
187.25103918226347
187.8366004337142
188.42215064718727
189.0076898835072
189.59321820288733
190.17873566481637
190.76424232796785
191.34973825008484
191.93522348792047
192.5206980971489
193.1061621323016
193.69161564670827
194.2770586924447
194.8624913202885
195.44791357968035
196.03332551869337
196.61872718400735
197.20411862088946
197.78949987317748
198.37487098327435
198.96023199214054
199.5455829392945
200.13092386281585
200.7162547993532
201.30157578413431
201.88688685098015
202.47218803232172
203.05747935921858
203.64276086138094
204.228032567193
204.81329450373815
205.39854669682617
205.98378917102167
206.56902194967358
207.15424505494582
207.73945850784898
208.32466232827224
208.90985653501647
209.49504114582714
210.08021617742781
210.66538164555405
211.25053756498653
211.83568394958516
212.4208208123222
213.00594816531577
213.59106601986252
214.17617438647014
214.76127327488973
215.34636269414733
215.9314426525745
216.5165131578394
217.1015742169763
217.68662583641475
218.27166802200819
218.85670077906136
219.44143747621536
220.02609521969046
220.61074342982334
221.19538282615702
221.7800142769743
222.3646371263922
222.9492527835051
223.53386112833996
224.1184623454047
224.70305657308504
225.28764391376433
225.8722244417255
226.45679820932622
227.0413652518269
227.62592559116632
228.21047923891473
228.79502619858516
229.37956646744138
229.96410003791254
230.5486268987004
231.13314703564342
231.71766043240774
232.3021670709893
232.88666693215757
233.47115999576422
234.05564624100026
234.640125646594
235.2245981909641
235.80906385234155
236.3935226088624
236.977974438641
237.5624193198268
238.1468572306479
238.7312881494447
239.3157120546963
239.9001289250403
240.4845387392876
241.0689414764336
241.6533371156673
242.2377256363773
242.82210701815498
243.40648124079794
243.9908482843149
244.5752081289206
245.15956075503863
245.74390614330815
246.3282442745713
246.91257512988128
247.496898690497
248.08121493788414
248.6655238537117
249.2498254198522
249.83411961837857
250.4184064315642
251.00268584187967
251.58695783199198
252.17122238476222
252.7554794832445
253.33972911068378
253.92397125051417
254.50820588635716
255.09243300202004
255.67665258149415
256.26086460895306
256.8450690687512
257.42926594542166
258.013455223675
258.59763688839735
259.18181092464897
259.76597731766253
260.35013605284155
260.9342871157587
261.51843049215427
262.10256616793487
262.6866941291717
263.2708143620987
263.85492685311203
264.4390315887673
265.0231285557791
265.60721774101916
266.19129913151477
266.77537271444794
267.3594384771532
267.94349640711647
268.52754649197436
269.1115887195116
269.69562307766057
270.27964955449994
270.8636681382529
271.447678817286
272.03168158010794
272.6156764153685
273.19966331185674
273.78364225850015
274.36761324436316
274.9515762586463
275.5355312906845
276.119478329946
276.7034173660316
277.2873483886725
277.8712713877306
278.4551863531956
279.0390932751853
279.6229921439437
280.20688294983995
280.7907656833676
281.37464033514317
