5.43
5.493545121217472
5.511398956970307
5.529255030296397
5.547111175543577
5.564967335552091
5.582823515855915
5.600679722647845
5.6185359610748185
5.636392235335377
5.654248548808343
5.672104904163023
5.689961303452655
5.707817748193835
5.725674239434217
5.743530777810509
5.761387363598289
5.779243996755062
5.7971006769576165
5.814957403634652
5.832814175995418
5.850670993055029
5.868527853656902
5.886384756492891
5.904241700121307
5.922098682983241
5.939955703417396
5.957812759673585
5.975669849925111
5.99352697228017
6.01138412479228
6.029241305469997
6.047098512285901
6.064955743184828
6.082812996091561
6.100670268918401
6.118527559569708
6.13638486595194
6.1542421859755825
6.172099517561856
6.1899568586475056
6.2078142071890055
6.225671561166612
6.243528918587991
6.261386277491528
6.279243635949333
6.297100992069927
6.314958344000601
6.332815689929533
6.350673028087667
6.3685303567502505
6.386387674238248
6.40424497891946
6.42210226920944
6.439959543572721
6.457816800521414
6.475674038618628
6.493531256476583
6.511388452757189
6.529245626172038
6.547102775482167
6.564959899497777
6.582816997077793
6.600674067129371
6.618531108607283
6.636388120513236
6.654245101895111
6.672102051846153
6.689958969504094
6.707815854050222
6.7256727047084235
6.743529520744165
6.7613863014634665
6.779243046211829
6.797099754373172
6.814956425368716
6.832813058655873
6.850669653727144
6.868526210108995
6.886382727360719
6.9042392050733445
6.922095642868503
6.9399520403973405
6.957808397339424
6.975664713401652
6.993520988317215
7.011377221844523
7.029233413766202
7.047089563888075
7.064945672038178
7.082801738065802
7.100657761840542
7.118537303648611
7.136412530042327
7.15428677324443
7.172160216225572
7.19003300690005
7.207905230981028
7.225777001734186
7.2436483781649965
7.2615194135271475
7.279390149623708
7.297260619317336
7.315130848487898
7.333000857560056
7.350870662695677
7.3687402767248695
7.3866097098731105
7.404478970329281
7.422348064689357
7.440216998303198
7.4580857755454
7.475954400027091
7.493822874761397
7.511691202292668
7.529559384797689
7.547427424164636
7.56529532205484
7.583163079951053
7.60103069919525
7.61889818101808
7.636765526562014
7.654632736899272
7.672499813046106
7.690366755973691
7.708233566616866
7.726100245880799
7.743966794646418
7.761833213774404
7.77969950410857
7.797565666478328
7.815431701700646
7.833297610581843
7.851163393918749
7.869029052498974
7.886894587103119
7.904759998504824
7.922625287469451
7.9404904547575885
7.958355501123054
7.9762204273141135
7.994085234073383
8.011949922138205
8.029814492240499
8.047678945107226
8.065543281460101
8.08340750201598
8.101271607486844
8.11913559857981
8.136999475997236
8.154863240436784
8.172726892591376
8.19059043314941
8.208453862794657
8.226317182206346
8.244180392059217
8.2620434930235
8.27990648576508
8.297769370945362
8.315632149221441
8.33349482124607
8.351357387667704
8.369219849130523
8.387082206274483
8.404944459735354
8.42280661014471
8.440668658130013
8.458530604314593
8.476392449317686
8.494254193754534
8.512115838236292
8.529977383370152
8.547838829759343
8.565700178003144
8.583561428696953
8.601422582432276
8.619283639796736
8.637144601374175
8.655005467744639
8.672866239484362
8.690726917165852
8.708587501357934
8.726447992625694
8.744308391530588
8.762168698630413
8.780028914479368
8.797889039628064
8.815749074623527
8.833609020009273
8.8514688763253
8.86932864410813
8.887188323890795
8.905047916202896
8.922907421570658
8.94076684051688
8.95862617356098
8.976485421219076
8.994344584003949
9.012203662425085
