0.79045
0.021116427751314108
0.026723523033149524
0.0326120029582055
0.038753749820130835
0.04514296942565976
0.05178143146835031
0.05866511218646324
0.0657935523346411
0.07316482847230396
0.08077656885402901
0.08862600689397811
0.09671004541095742
0.10502532752845997
0.11356831132903455
0.12233534562614765
0.1313226334290008
0.14052674621067793
0.14994402596798864
0.15957108584042234
0.16940476169600568
0.17944211487839448
0.18968052799167687
0.2001176911891991
0.2107516311359423
0.22158072260790412
0.2326036935123284
0.24381962413318473
0.2552279414390724
0.2668284093569862
0.27862111535837647
0.2906064554244241
0.3027851160102751
0.31515805548257814
0.32772648462857806
0.34049184686191386
0.35345579852496234
0.36662018956970854
0.3799870448529733
0.3935585462197678
0.40733701550608264
0.4213248985368009
0.4355247501783672
0.4499392204589113
0.46457104175543706
0.479423017026126
0.49449800905251357
0.5097989306471342
0.5253287357727885
0.5410904115177411
0.5570869708673477
0.5733214462121093
0.5897968835332866
0.6065163372071434
0.6234828653734492
0.6406995258153055
0.6581693722996097
0.6758954513326794
0.6938807992880294
0.7121284398657161
0.7306413818481472
0.74942261711841
0.7684751189108818
0.7878018402677118
0.8074057126760941
0.8272896448645638
0.8474565217383773
0.867909203437341
0.8886505244996707
0.9096832931186696
0.9310102904799021
0.9526342701686962
0.9745579576384753
0.9967840497319473
1.019315214247014
1.0421540895453747
1.0653032841921222
1.088765376629386
1.1125429148744692
1.1366384162427488
1.1610543670920288
1.1857932225855763
1.210857406474605
1.2362493108947594
1.261971296181844
1.2880256907000227
1.3144147906863013
1.3411408601105754
1.3682061305491986
1.3956128010760598
1.4233630381675924
1.451458975626285
1.4799027145199888
1.5086963231397976
1.5378418369775178
1.5673412587225493
1.5971965582803087
1.6274096728114948
1.6579825067969585
1.6889169321255126
1.7202147882075458
1.7518778821157999
1.7839079887554505
1.8163068510627514
1.8490761802341147
1.8822176559903436
1.9157329268702958
1.9496236105646358
1.983891294281798
2.01853753515546
2.0535638606890814
2.0889717692431344
2.1247627305646253
2.1609381863601307
2.197499550916113
2.2344482117645375
2.271785530400418
2.3095128430473633
2.347631461478154
2.386142673888608
2.4250477458282806
2.464347921190095
2.5040444232575227
2.5441384558202618
2.5846312043475903
2.625523837233797
2.666817507112624
2.7085133522399563
2.75061249795565
2.7931160582212415
2.8360251372368466
2.879340831141912
2.9230642298052087
2.9671964187003863
3.0117384808791954
3.0566914990411282
3.102056557702695
3.147834745475726
3.194027157455534
3.240634897721463
3.287659081962529
3.335100840226399
3.3829613198001156
3.4312416882317542
3.479943136493172
3.529066882298371
3.578614173579332
3.628586292129001
3.6789845574242066
3.7298103306302632
3.781065018802049
3.832750079293751
3.884867024382916
3.9374174261259944
3.9904029214562557
4.0438252175381395
4.097686097391697
4.151987425808661
4.206731155568001
4.261919333978534
4.317554109761764
4.373637740302152
4.430172599281294
4.4871611847243
4.544606127484457
4.602510200194658
4.6608763267140905
4.719707592105225
4.779007253174587
4.838778749615831
4.899025715799904
4.959751993245786
5.020961643832675
5.082658963795064
5.144848498559616
5.207535058483311
5.2707242736387725
5.334420478408719
5.398629890296942
5.463358568187051
5.528612919297796
5.594399721011364
5.660726194542583
5.727599955440834
5.79502846275131
5.8630215399393
5.931587665362204
6.000736488457358
6.070478248079142
6.1408238102191435
6.211784708666222
6.283373188547951
6.3556022529404785
6.428485712773251
6.502038240290762
6.576275426329045
6.651213841720358
6.726871103125897
6.8032659436431215
