1.4944
1.4887820324356666
1.4881202057921628
1.4879369592696006
1.4879557300868909
1.4880553464602213
1.4881830384182275
1.4883161169779962
1.488445093644065
1.4885662481581372
1.4886783598136648
1.4887812728609313
1.488875269224586
1.4889607961100877
1.4890383492807069
1.4891084243705075
1.4891714977405144
1.4892280200073507
1.489278414876509
1.489323080081809
1.4893623890577228
1.489396692768326
1.4894263214625163
1.4894515862735251
1.4894727806439543
1.4894901815827328
1.4895040507702455
1.489514635529545
1.4895221696823706
1.489526874306744
1.4895289584107378
1.4895286195365562
1.4895260443057887
1.4895214089164646
1.489514879600569
1.4895066130484336
1.489496756807936
1.48948544966186
1.489472821988935
1.4894589961112488
1.489444086631115
1.4894282007593014
1.4894114386362585
1.4893938936471227
1.4893756527317463
1.489356796689514
1.4893374004794364
1.4893175335153999
1.4892972599558687
1.4892766389883911
1.489255725107843
1.4892345683881627
1.4892132147470731
1.4891917062032536
1.4891700811253632
1.4891483744726384
1.4891266180266172
1.4891048406135452
1.4890830683173477
1.4890613246828615
1.4890396309092357
1.4890180060333449
1.4889964671034377
1.4889750293426935
1.488953706303194
1.4889325100102422
1.4889114510974113
1.4888905389322895
1.4888697817334822
1.4888491866793363
1.4888287600080106
1.4888085071102968
1.488788432614633
1.48876854046532
1.4887488339940036
1.4887293159848949
1.488709988734291
1.4886908541044503
1.4886719135725364
1.4886531682747721
1.4886346190462023
1.4886162664566067
1.4885981108424582
1.4885801523357758
1.4885623908896501
1.4885448263011862
1.4885274582316375
1.4885102862244683
1.4884933097211146
1.48847652807511
1.4884599405642789
1.4884435464016204
1.488427344744671
1.4884113347038268
1.4883955153495037
1.4883798857184276
1.4883644448189874
1.488349191636016
1.488334125134764
1.4883192442644797
1.4883045479613615
1.4882900351511452
1.4882757047513762
1.4882615556732408
1.488247586823257
1.4882337971046555
1.4882201854185875
1.488206750665126
1.4881934917441497
1.4881804075561547
1.4881674970028753
1.4881547589878286
1.4881421924169065
1.4881297961987103
1.4881175692449689
1.4881055104709455
1.488093618795631
1.4880818931421453
1.4880703324379085
1.4880589356149219
1.4880477016099358
1.4880366293647225
1.4880257178262273
1.4880149659467157
1.48800437268404
1.4879939370016824
1.4879836578689976
1.487973534261332
1.487963565160179
1.4879537495532764
1.4879440864347389
1.4879345748052557
1.4879252136720806
1.4879160020491962
1.487906938957481
1.4878980234247148
1.487889254485652
1.4878806311822117
1.4878721525634033
1.487863817685541
1.48785562561218
1.487847575414267
1.4878396661700835
1.4878318969702813
1.4878242669652157
1.487816775198598
1.4878094207638668
1.4878022027746851
1.4877951203555384
1.4877881726388258
1.4877813587643771
1.487774677879096
1.48776812913708
1.4877617116995636
1.487755424734937
1.4877492674187445
1.487743238933643
1.4877373384694406
1.4877315652229017
1.487725918397879
1.4877203972051027
1.4877150008621491
1.4877097285934635
1.487704579630069
1.4876995532096942
1.4876946485765128
1.4876898649811314
1.4876852016804574
1.4876806579375619
1.487676233021591
1.4876719262076836
1.48766773677679
1.4876636640155294
1.487659707216177
1.487655865676376
1.4876521386991546
1.4876485255926761
1.4876450256701774
1.487641638249736
1.4876383626542689
1.487635198211258
1.4876321442526739
1.4876292001148508
1.4876263651382402
1.487623638667374
1.4876210200506759
1.487618508640281
1.4876161037919875
1.487613804864974
1.4876116112217448
1.4876095222279289
1.4876075372522284
1.4876056556661563
1.487603876843934
1.4876022001623632
1.4876006250007157
1.487599150740484
1.4875977767653195
1.4875965024609017
