6.7348675584
9.100400598987674
9.025120030146233
8.95398252164446
8.888536471191552
8.828747777630227
8.774255690760908
8.724661450314846
8.67959105945924
8.638705770961156
8.601700893166084
8.568302364245227
8.538263238855205
8.51136052550208
8.487392421771425
8.46617591139868
8.44754467509688
8.43134727053205
8.417445542918117
8.405713233521785
8.396034758393158
8.388304133872246
8.382424028969696
8.37830492769111
8.37586438686941
8.375026377163799
8.375720696651964
8.37788244793228
8.381451570915504
8.38637242455672
8.392593411689047
8.400066641896835
8.408747628029877
8.418595012527927
8.42957032021261
8.441637734623168
8.454763895333983
8.4689177140044
8.484070207181704
8.50019434411257
8.517264908022684
8.535258369501191
8.554152770782684
8.573927619853592
8.594563793430153
8.616043447957722
8.638349937874477
8.66146774046131
8.685382386672805
8.710080397405468
8.73554922471605
8.76177719755146
8.788753471595953
8.816467982879995
8.844911404829816
8.874075108467853
8.903951125501255
8.934532114061131
8.965811326876572
8.997782581687387
9.030440233717952
9.06377915004942
9.097794685742784
9.132482661577907
9.167839343285289
9.203861422157752
9.240545996939417
9.277890556896702
9.315892965985348
9.35455144803353
9.393864572867757
9.433831243314527
9.474450683015437
9.515722424998627
9.557646300953845
9.600222431162237
9.643451215035844
9.687333322224935
9.731869684254717
9.777061486655217
9.822910161551345
9.869417380681972
9.91658504881927
9.96441529756169
10.012910479475254
10.062073162560303
10.111906125021397
10.162412350320794
10.213595022495737
10.265457521722372
10.31800342010921
10.371236477704922
10.425160638705526
10.479780027847294
10.535098946972658
10.5911218717569
10.647853448583996
10.705298491561544
10.763461979664024
10.822349053995344
10.881965015161981
10.942315320747978
11.003405582884008
11.065241565903781
11.127829184080461
11.191174499436592
11.25528371962219
11.320163195855176
11.3858194209189
11.452259027212717
11.519488784850706
11.58751559980527
11.656346512092142
11.725988693993367
11.796449448316531
11.867736206687383
11.939856527874536
12.012818096145189
12.086628719650612
12.16129632884161
12.236828974914115
12.313234828285088
12.39052217710094
12.468699425779658
12.54777509358888
12.627757813263704
12.708656329667164
12.790479498498009
12.873236285050607
12.95693576303312
13.041587113449689
13.127199623554777
13.213782685887049
13.301345797392223
13.389898558644475
13.47945067317736
13.570011946936193
13.661592287864
13.754201705635914
13.847850311556213
13.942548318634314
14.038306041857043
14.135133898675555
14.23304240972675
14.332042199810209
14.432143999142474
14.533358644913207
14.635697083167507
14.739170371041117
14.843789679376625
14.949566295749314
15.05651162793401
15.16463720784505
15.273954695982614
15.384475886421118
15.4962127123759
15.609177252386303
15.723381737154483
15.838838557081308
15.95556027054019
16.073559612934012
16.192849506578128
16.313443071456334
16.435353636896078
16.55859475421092
16.683180210358884
16.809124042665783
16.93644055466424
17.06514433309789
17.195250266142303
17.32677356289287
17.459729774171162
17.594134814698997
17.730004986691913
17.867357004919583
18.00620802328268
18.146575662952674
18.288478042119888
18.431933807393985
18.57696216689794
18.723582925094796
18.871816519383522
19.02168405849671
19.173207362730423
19.32640900603126
19.4813123599624
19.637941639565422
19.796321951129446
19.956479341873774
20.118440851544083
20.282234565916035
20.447889672192755
20.615436516275825
20.784906661881028
20.956332951461246
21.129749568891256
21.305192103857426
21.482697617887233
21.662304711940305
