13418.2389024
11855.292155628029
12452.314317763863
13047.812836877303
13641.192152201598
14232.152871573351
14820.543814072736
15406.294242078551
15989.376421440918
16569.784857501043
17147.524768291052
17722.60567514438
18295.037825620402
18864.830179391884
19431.989250697083
19996.51841320748
20558.417446390384
21117.682198487197
21674.304294322294
22228.270845317733
22779.56413484537
23328.16126024514
23874.03371670954
24417.14690954494
24957.459581031784
25494.92313670621
26029.480853600242
26561.066949872555
27089.605491292008
27615.009105086843
28137.1774655559
28655.995508311433
29171.33132076863
29683.033645116477
30190.92891603592
30694.81773830147
31194.470688476824
31689.623299480478
32179.970056194325
32665.157193975698
33144.77376444213
33618.342313686146
34085.304879761956
34545.008992613395
34996.68958875873
35439.44786981926
35872.226599031856
36293.78331363908
36702.65358247527
37097.12703364159
37475.21315696005
37834.6248606416
38172.78659390193
38486.89306251957
38774.057576510284
39031.60557475108
39257.57919778808
39451.5015758429
39615.36655607746
39754.63226743639
39878.731599130726
40000.46212069515
40133.917074414865
40291.47000983439
40481.14606847609
40705.61587597847
40962.997600753355
41248.644160686934
41556.92494410178
41882.43620840338
42220.59737322451
42567.80655384243
42921.36378310735
43279.306825432715
43640.237655888246
44003.17242980255
44367.42357996771
44732.512000349816
45098.10372012783
45463.96515443851
45829.93188610113
46195.88707451165
46561.74659684201
46927.448855518036
47292.94780643633
47658.20819003675
48023.20227202035
48387.90761485673
48752.31142858748
49116.38638862615
49480.12403630292
49843.506014203704
50206.53260842116
50569.18797725493
50931.46257808907
51293.34751858596
51654.834470889604
52015.91550674504
52376.58349055088
52736.83135500975
53096.652559263355
53456.04094011273
53814.99069414506
54173.49636273891
54531.55281921957
54889.155257586135
55246.29918240904
55602.9803996252
55959.19500804122
56314.93939140796
56670.21021096826
57025.00439840731
57379.31914915058
57733.15191596748
58086.50040284442
58439.3625591061
58791.736573754046
59143.62087000968
59495.01410003935
59845.915139849334
60196.32308433605
60546.237242477604
60895.65713265834
61244.58247811588
61593.01320248934
61940.94942549207
62288.39145865809
62635.33980119785
62981.79513586214
63327.75832507796
63673.2304068682
64018.2125910724
64362.706255518984
64706.712942284415
65050.234353995176
65393.27235018694
65735.82894370733
66077.90629716484
66419.50671942008
66760.63266211985
67101.28671626924
67441.47160884154
67781.19019942576
68120.44547691262
68459.24055621044
68797.57867500499
69135.46319054461
69472.89757646462
69809.8854196479
70146.43041711616
70482.5363729548
70818.20719527798
71153.44689322014
71488.25957397312
71822.64943984493
72156.62078536778
72490.1779944306
72823.32553745736
73156.06796861308
73488.40992305214
73820.35611420375
74151.91133109186
74483.08043569601
74813.86836034647
75144.28010516184
75474.32073552425
75803.99537958919
76133.3092258398
76462.26752067772
76790.8755660505
77119.13871712386
77447.06237998718
77774.65200940362
78101.91310659029
78428.85121705206
