0.001140816
0.0011454510103058727
0.0011486220258564237
0.0011524142175500334
0.0011565379775794792
0.001160817438564062
0.0011651513189827292
0.0011694813158401572
0.00117377386362554
0.0011780096344684951
0.0011821774927224678
0.0011862710137023284
0.0011902864789615794
0.001194221722055221
0.0011980754643045712
0.0012018469329453246
0.0012055356420574278
0.001209141267367677
0.0012126635752177691
0.0012161023828165236
0.0012194575365923022
0.0012227289010523492
0.0012259163537801426
0.0012290197840626408
0.0012320390937148203
0.0012349741992914497
0.0012378250352384327
0.0012405915577487837
0.0012432737492153042
0.0012458716232507364
0.0012483852302981001
0.001250814663891435
0.001253160067658611
0.001255421643187302
0.0012575996589064716
0.001259694460170874
0.0012617064807772924
0.0012636362561907364
0.0012654844388180373
0.0012672518157379098
0.0012689393301612106
0.0012705481037403213
0.001272079466230071
0.0012735349892911954
0.0012749165259099153
0.0012762262572441861
0.0012774667478459086
0.0012786410106540482
0.001279752581535276
0.0012808056058366652
0.0012818049320223808
0.0012827562111645736
0.0012836659906358594
0.0012845417831552624
0.0012853920775388375
0.0012862262370482182
0.0012870542073263234
0.0012878859393374079
0.0012887304489278173
0.0012895945234588702
0.0012904812754762432
0.0012913889839673738
0.0012923107749282213
0.001293235463650367
0.0012941493456046784
0.0012950382635941945
0.001295889249001262
0.001296691469723328
0.0012974363960755696
0.0012981176301700898
0.001298730512359071
0.001299271710825646
0.0012997388661858842
0.001300130314220773
0.001300444881597673
0.0013006817402647312
0.0013008403061436974
0.0013009201697329407
0.0013009210489420442
0.0013008427571528684
0.001300685181597991
0.0013004482687171083
0.00130013201417571
0.001299736456011116
0.0012992616698872896
0.0012987077657428707
0.001298074885376252
0.0012973632006547857
0.0012965732447951723
0.0012957047855606894
0.0012947581289804778
0.0012937332527608457
0.0012926309434705867
0.001291451490849842
0.001290195224208989
0.0012888625063983714
0.0012874537289598907
0.0012859693665184981
0.0012844097804354648
0.001282775442273878
0.0012810668412130194
0.0012792844843670756
0.0012774288969427414
0.0012755006220967256
0.0012735002206172633
0.001271428270504028
0.0012692853664902713
0.001267072119533143
0.001264789156287825
0.0012624371185745913
0.0012600166628446165
0.0012575284596479728
0.001254973193105984
0.0012523515603894205
0.0012496642712035433
0.0012469120472805098
0.0012440956218798432
0.0012412157392971289
0.0012382731543812908
0.0012352686320606405
0.0012322029468778597
0.0012290768825339465
0.0012258912314412657
0.0012226467942857318
0.0012193443795979857
0.001215984803333803
0.0012125688884633968
0.0012090974645697337
0.0012055713674557268
0.0012019914387600467
0.0011983585255816575
0.0011946734801127953
0.0011909371592801828
0.0011871504243944463
0.0011833141408074265
0.001179429177577297
0.0011754964071411932
0.0011715167049952543
0.001167490949381786
0.0011634200209834022
0.0011593048026238945
0.0011551461789756153
0.0011509450362732297
0.0011467022620335462
0.0011424187447812626
0.0011380953737804669
0.0011337330387715917
0.0011293326297137365
0.001124895036532131
0.001120421148870547
0.0011159118558484726
0.0011113680458229725
0.001106790606154956
0.0011021804229797796
0.0010975383809820054
0.0010928653631742315
0.0010881622506797794
0.001083429922519223
0.001078669255400537
0.001073881123512898
0.0010690663983238878
0.0010642259483801748
0.0010593606391114355
0.0010544713326376021
0.0010495588875792448
0.0010446241588711067
0.0010396679975787334
0.0010346912507181074
0.0010296947610783508
0.001024679367047362
0.001019645902440431
0.0010145951963317873
0.0010095280728890982
0.0010044453512108643
0.000999347845166769
0.0009942363632409416
0.001010649522131286
0.0010079415407522761
0.0009986854440265018
0.0009860968602070006
0.0009712767930311814
0.0009547676843784283
0.0009369231276904685
0.0009180084697148591
0.0008982362913976046
0.0008777836526371139
0.0008568017452343496
0.000835422391312923
0.0008137623457728679
0.000791926230537583
0.0007700085593257
0.0007480951493695002
0.000726264117956669
0.000704586597801392
0.0006831272626500908
0.0006619447257336059
0.0006410918540835233
0.0006206160283433827
0.0006005593685311591
0.0005809589399002871
0.0005537900698730604
0.0005471314049721603
0.0005412248625364162
0.0005354783865076574
0.0005298692071276243
0.000524391987878974
0.0005190422253964681
0.0005138157069937425
0.0005087084567718705
0.0005037167031887328
0.0004988368529170307
0.0004940654695137818
0.000489399256011804
0.00048483504071037363
0.00048036976557073584
0.00047600047672816305
0.0004717243167197379
0.0004675385180993414
0.00046344039817096936
0.0004594273546206181
0.00045549686186747035
0.0004516464679884286
0.0004478737920973958
0.0004441765220832035
0.0004405524126285434
0.0004369992834473313
0.00043351501769035134
0.0004300975604790863
0.000426744917535939
0.0004234551538857239
0.0004202263926087972
0.00041705681363063244
0.00041394465253620136
0.00041088819940044325
0.0004078857976284458
0.00040493584280074243
0.0004020367815207427
0.0003991871102623374
0.0003963853742167556
0.0003936301661384146
0.000390920125190037
0.0003882539357877584
0.0003856303264472231
0.0003830480686318858
0.00038050597560488676
0.00037800290128593716
0.00037553773911471415
0.00037310942092225375
0.00037071691581180415
0.0003683592290505881
0.0003660354009738101
0.00036374450590222
0.00036148565107444906
0.0003592579745182727
0.00035706064836594543
0.00035489287124179853
0.00035275387171501585
0.0003506429061896204
0.0003485592579479626
0.00034650223621282957
0.0003444711752307184
0.0003424654333767048
0.0003404843922812452
0.00033852745597921194
0.0003365940500812672
0.00033468362096777563
0.0003327956350052649
0.0003309295777854519
0.00032908495338676347
0.00032726128365827197
0.00032545810752586775
0.0003236749803204779
0.000321911473128115
0.00032016717216146455
0.00031844167815271273
0.00031673460576729797
0.0003150455830382157
0.00031337425082049474
0.0003117202622654596
0.0003100832823143448
0.00030846298721084206
0.00030685906403213017
0.0003052712102379315
0.0003036991332371248
0.0003021425499714647
0.0003006011865159162
0.0002990747776951245
0.00029756306671554746
0.00029606580481278524
0.00029458275091359887
0.00029311367131216895
0.0002925715755196969
0.0002921556747839789
0.00029183837754228627
0.00029159807871818167
0.0002914179455149201
0.0002912847794825347
0.0002911883346275474
0.0002911205911322515
0.0002910752843967352
0.00029104752044349647
0.0002910334755655368
0.0002910301619717588
0.0002910352448634334
0.00029104689961056805
0.00029106370021038413
0.000291084532159597
0.00029110852438664955
0.0002911349960680602
0.00029116341507037335
0.00029119336547402656
0.0002912245221929362
0.00029125663113855563
0.0002912894937166126
0.0002913229547097939
0.0002913568928066788
0.00029139121319884915
0.00029142584179448936
0.0002914607206954194
0.0002914958046616851
0.000291531058348026
0.0002915664541437081
0.00029160197048395665
0.0002916375905300406
0.0002916733011375059
0.00029170909204965536
0.00029174495526709636
0.00029178088455491575
0.0002918168750574483
0.00029185292299712615
0.00029188902543908257
0.00029192518010713104
0.0002919613852399218
0.00029199763947849224
0.0002920339417783708
0.00029207029134086356
0.0002921066875593398
0.00029214312997724546
0.0002921796182552825
0.0002922161521457485
0.0002922527314724853
0.000292289356115199
0.000292326025997204
0.000292362741075849
0.0002923995013350231
0.00029243630677930837
0.00029247315742940297
0.00029251005331855004
0.00029254699448973744
0.000292583980993518
0.0002926210128863076
0.0002926580902290448
0.00029269521308615575
0.000292732381524734
0.00029276959561391644
0.0002928068554243765
0.0002928441610279459
0.0002928815124973071
0.0002929189099057618
0.0002929563533270477
0.00029299384283519293
0.00029303137850441164
0.00029306896040901
0.00029310658862332815
0.0002931442632216809
0.00029318198427832757
0.00029321975186743187
0.0002932575660630451
0.0002932954269390872
0.0002933333345693341
0.0002933712890274077
0.00029340929038676944
0.00029344733872071327
0.000293485434102366
0.00029352357660468334
0.0002935617663004464
0.0002936000032622703
0.00029363828756259053
0.0002936766192736769
0.0002937149984676252
0.00029375342521636603
0.00029379189959165904
0.0002938304216651016
0.000293868991508123
0.0002939076091919934
0.0002939462747878227
0.00029398498836655853
0.00029402374999899696
0.00029406255975577455
0.0002941014177073775
0.00029414032392414236
0.0002941792784762514
0.0002942182814337459
0.0002942573328665156
0.000294296432844311
0.0002943355814367374
0.0002943747787132619
0.00029441402474321003
0.0002944533195957753
0.0002989072254280984
0.0003011902066638325
0.0003030246858775113
0.0003047549034988771
0.00030646245604434386
0.0003081672691482655
0.00030987452323229546
0.00031158585361021975
0.0003133020308544402
0.0003150236038818614
0.0003167510553205636
0.0003184848399349507
0.0003202253949121206
0.0003219731433036277
0.00032372849574013467
0.0003254918516560427
0.000327263600328997
0.0003290441218143503
0.000330833787799918
0.0003326329623924959
0.00033444200284371393
0.0003362612602213279
0.00033809108003128433
0.0003399318027952446
0.0003417837645878084
0.00034364729753720157
0.0003455227302928468
0.00034741038846285675
0.0003493105950242175
0.00035122367070813184
0.0003531499343627848
0.0003550897032955429
0.00035704329359644216
0.00035901102044461053
0.00036099319839915967
0.00036299014167591096
0.00036500216441119485
0.0003670295809138988
0.0003690727059067709
0.00037113185475795476
0.0003732073437036185
0.0003752994900624837
0.0003774086124429799
0.0003795350309437104
0.0003816790673478458
0.0003838410453120143
0.00038602129055022717
0.0003882201310133324
0.0003904378970644347
0.0003926749216507163
0.00039493154047204917
0.0003972080921467645
0.00039950491837490717
0.00040182236409932017
0.00040416077766482054
0.0004065205109757833
0.0004089019196523642
0.00041130536318563705
0.0004137312050918489
0.0004161798130660434
0.000418651559135232
0.0004211468198113358
0.0004236659762440714
0.0004262094143739612
0.0004287775250856439
0.0004313707043616501
0.0004339893534367898
0.0004366338789533126
0.00043930469311698276
0.0004420022138542074
0.00044472686497034925
0.0004474790763093653
0.00045025928391488726
0.00045306793019288006
0.0004559054640759726
0.0004587723411896187
0.0004616690240201609
0.00046459598208493073
0.0004675536921045079
0.0004705426381772047
0.00047356331195593155
0.00047661621282750754
0.000479701848094543
0.0004828207331599877
0.00048597339171444555
0.0004891603559263527
0.0004923821666351176
0.0004956393735473339
0.0004989325354361427
0.0005022622203438461
0.0005056290057878823
0.0005090334789702368
0.0005124762369903964
0.0005159578870619342
0.0005194790467328214
0.000523040344109553
0.0005266424180852047
0.000530285918571461
0.0005339715067347624
0.000537699855236629
0.0005414716484782642
0.000545287582849517
0.0005491483669823054
0.0005530547220085782
0.0005570073818229184
0.0005610070933498489
0.0005650546168159542
0.0005691507260268974
0.0005732962086493937
0.0005774918664982571
0.0005817385158285773
0.0005860369876331229
0.0005903881279450306
0.0005947927981458861
0.0005992518752792424
0.0006037662523696558
0.0006083368387473364
0.0006129645603784324
0.0006176503602010623
0.0006223951984671192
0.0006272000530899333
0.0006320659199978304
0.0006369938134936328
0.000641984766620177
0.0006470398315318615
0.0006521600798722736
0.0006573466031579234
0.0006626005131681152
0.0006679229423409689
0.0006733150441756095
0.0006787779936405303
0.0006843129875881147
0.0006899212451753152
0.0006956040082904763
0.0007013625419862495
0.0007071981349185732
0.0007131120997916747
0.0007191057738089919
0.0007251805191299928
0.0007313377233327381
0.0007375787998821517
0.0007439051886037977
0.0007503183561631025
0.0007568197965498065
0.0007634110315675002
0.0007700936113280418
0.0007768691147506386
0.0007837391500653505
0.0007907053553207512
0.0007977693988954488
0.0008049329800131778
0.0008121978292610654
0.0008195657091107388
0.0008270384144418388
0.000834617773067492
0.0008423056462612835
0.000850103929285159
0.0008580145519177597
0.0008660394789825102
0.0008741807108748586
0.000882440284087955
0.0008908202717359887
0.0008993227840744031
0.0009079499690160986
0.0009167040126427338
0.0009255871397100539
0.0009346016141463002
0.000943749739542449
0.0009530338596331529
0.0009624563587670688
0.0009720196623652006
0.0009817262373658017
0.0009915785926542723
0.0010015792794764414
0.0010117308918334146
0.001022036066856205
0.0010324974851581106
0.0010431178711627904
0.0010538999934057984
0.00106484666480725
0.0010759607429131292
0.0010872451301026098
0.0010987027737586412
0.0011103366663988276
0.0011221498457635777
0.0011341453948581946
0.0011463264419455245
0.0011586961604855106
0.0011712577690178641
0.0011840145309838482
0.0011969697544829282
0.0012101267919598997
0.0012234890398178221
0.0012370599379518971
0.0012508429691991559
0.0012648416586986493
0.001279059573156455
0.0012935003200097404
0.001308167546483679
0.0013217914409249332
0.0013362040881281173
0.0013511008003435252
0.0013664205634098762
0.0013821539936039165
0.0013983026717453574
0.001414870230823683
0.0014318603993214835
0.0014492765726513358
0.0014671217216226339
0.0014853983767216638
0.001504108630737512
0.00152325414680017
0.0015428361685993507
0.001562855531661462
0.0015833126750301513
0.0016042076528187932
0.0016255401451616691
0.0016473094681428218
0.0016695145823379866
0.0016921540996657622
0.0017152262883069387
0.001738729075513769
0.0017626600481918447
0.0017870164511945444
0.0018117951833229594
0.0018369927910715982
0.001862605460202304
0.0018886287268390979
0.0019150583008721357
0.0019418892071655185
0.0019691160656548612
0.0019967330660785295
0.0020247339498303306
0.0020531119910232876
0.002081859976947108
0.0021109701881572153
0.0021404343784437885
0.0021702437549322795
0.002200388958567403
0.002230860045231654
0.002261646467747584
0.002292737059010049
0.002324120016490752
0.002355782888352553
0.0023877125614050355
0.002419895251125607
0.0024523164939622907
0.0024849611421242936
0.002517813361055533
0.002550856629773325
0.002584073744240015
0.002617446823919209
0.002650957321650135
0.002684586036953959
0.0027183131328641806
0.002752118156350015
0.002785980062376495
0.0028198772416185487
0.0028537875518184763
0.0028876883527470037
0.00292155654469829
0.0029553686104185476
0.0029891006603371606
0.0030227284809381193
0.0030562275860794327
0.003089573271038236
0.003122740669031091
0.003155704809931945
0.0031884406808855097
0.003220923288491205
0.003253127722212997
0.003285029218654116
0.003316603226321742
0.0033478254704974305
0.0033786720178229247
0.003409119340209033
0.003439144377677174
0.003468724599749349
0.0034978380650122235
0.0035264634784949594
0.0035545802465180524
0.0035821685286914298
0.0036092092867645244
0.003635684330057986
0.0036615763572363804
0.003686868994212998
0.003711546828011063
0.003735595436440268
0.0037590014134827204
0.0037817523903179153
0.00380383705195149
0.0038252451494475963
0.003845967507797671
0.0038659960294912666
0.00388532369643395
0.003903944556721822
0.0039218537260993554
0.00393904737085493
0.003955522692349975
0.003971277907810103
0.0039863122279240664
0.004000625831551844
0.004014219837801656
0.004027096275733709
0.004039258051950992
0.004050709032154698
0.00406145364172832
0.004071497209478338
0.0040808457951664896
0.004089506151442519
0.004097485684132761
0.004104792412147461
0.00411143492722257
0.004117422353696786
0.004122764308511695
0.00412747086160876
0.004131552496882548
0.00413502007383554
0.004137884790065095
0.004140158144698883
0.004141851902881048
0.004142978061397677
0.004143548815516608
0.0041435765271042166
0.004143073694069423
0.0041420529211739065
0.00414052689223654
0.004138508343750331
0.0041360100399206465
0.004133044749125251
0.004129625223889704
0.004125764170018781
0.004121474246514154
0.004116768029893811
0.00411165800496702
0.0041061565486539215
0.0041002759157051346
0.004094028225753904
0.004087425451552534
0.004080479408330264
0.00407320174422282
0.004065603931724857
0.004057697260116564
0.004049492828815296
0.004041001541603192
0.00403223410168225
0.004023201007508697
0.004013912549359442
0.004004378806584403
0.003994609645499556
0.003984614717876982
0.0039744034599894255
0.00396398509216855
0.003953368618837415
0.003942562828979644
0.00393157629700888
0.003920417384004402
0.003909094239279911
0.0038976148022544705
0.0038859868045961767
0.003874217911033978
0.0038623152054225386
0.0038502858946872455
0.003838136920040442
0.003825875016603104
0.003813506726911144
0.003801038402908755
0.003788476219867684
0.003775826167736317
0.003763094060518527
0.003750285539304676
0.0037374059398655427
0.0037244608042683175
0.003711455194361693
0.0036983940815103313
0.003685282294632946
0.003672124513737346
0.003658925271937335
0.0036456889588217492
0.003632419824011017
0.0036191219807089983
0.003605799409215593
0.0035924559603908077
0.0035790953590661293
0.003565721207399716
0.0035523369881727755
0.003538946068024746
0.003525551700625426
0.003512157029782405
0.003498765092482577
0.003485378821866739
0.0034720010501366775
0.003458634511394182
0.003445281844411834
0.003431945595335554
0.003418628220319126
0.0034053320880908975
0.003392059482453356
0.003380389329203433
0.003368973691776623
0.0033578029381795913
0.003346865873102207
0.0033361516417568173
0.0033256499351172228
0.0033153509872572294
0.0033052455469727354
0.003295324848017874
0.0032855805809559515
0.0032760048668706663
0.003266590232838626
0.0032573295890314666
0.0032482162073222613
0.0032392437012812992
0.0032304113529457498
0.0032217081890609164
0.0032131230853389633
0.0032046559951619128
0.003196302329145381
0.003188057440718927
0.0031799168767978054
0.0031718764000966213
0.0031639319822453823
0.0031560797937235613
0.0031483161939176653
0.0031406377216916482
0.003133041086487882
0.003125523159930402
0.003118080967899468
0.0031107116830472814
0.0031034126177273973
0.003096181217311903
0.003089015053872749
0.0030819118202047927
0.003074869324170091
0.0030678854833442585
0.003060958319946996
0.0030540859560400967
0.0030472666089774838
0.0030404985870927646
0.003033780285610766
0.00302711018277038
0.0030204868361469336
0.0030139088791629994
0.003007375017777283
0.0030008840273418247
0.0029944347496185203
0.0029880260899462913
0.002981657014550951
0.0029753265479902286
0.002969033770726837
0.0029627778168229164
0.0029565578717496545
0.002950373170306089
0.002944222994641582
0.0029381066723767274
0.002932023574817736
0.0029259731152595993
0.002919954747373756
0.002913967963675959
0.002908012294070441
0.0029020873044668305
0.0028961925954660624
0.0028903278011121426
0.0028844925877065603
0.002878686652682392
0.0028729097235352464
0.0028671615568083963
0.002861441937129643
0.0028557506762973443
0.002850087612413514
0.0028444526090616808
0.002838845554527589
0.0028332663610606593
0.0028277149641744736
0.0028221913219844416
0.002816695414581037
0.002811227243436957
0.0028057868308467206
0.0028003742193972838
0.0027949894714682216
0.0027896326687602904
0.0027843039118509603
0.002779003319775901
0.002773731029635157
0.0027684871962229607
0.002763271991680187
0.0027580856051684114
0.0027529282425646333
0.0027478001261757976
0.0027427014944721444
0.0027376326018387098
0.002732593718344015
0.002727585129525281
0.002722607136189393
0.002717660054228927
0.0027127442144525165
0.0027078599624289533
0.002703007658344297
0.0026981876768715192
0.002693400407051931
0.002688646252187913
0.0026839256297463933
0.0026792389712724397
0.0026745867223125497
0.002669969342347017
0.002665387304730959
0.002660841096643421
0.0026563312190441457
0.002651858186637472
0.0026474225278429603
0.0026430247847721655
0.00263866551321123
0.0026343452826087218
0.002630064676068389
0.002625824290346181
0.0026216247358513676
0.002617466636650976
0.0026133506304773994
0.0026092773687384926
0.0026052475165298135
0.0026012617526485196
0.0025973207696084327
0.0025934252736558357
0.002589575984785502
0.0025857736367563954
0.0025820189771067433
0.0025783127671677427
0.0025746557820754924
0.002571048810780694
0.0025674926560554333
0.002563988134496595
0.002560536076525309
0.0025423874093974384
0.002525092338112959
0.002508632984557971
0.002492990210037534
0.00247814286408557
0.002464068477793863
0.002450743906217339
0.0024381458082824536
0.0024262509942368283
0.0024150366746537397
0.002404480636882777
0.0023945613679100925
0.002385258137554487
0.0023765510523088606
0.002368421087520698
0.0023608501036954375
0.0023538208513002026
0.0023473169674023604
0.0023413229666986767
0.0023358242289078872
0.0023308069840613246
0.0023262582968973326
0.0023221660513193794
0.0023185189356954906
0.002315306429644272
0.0023125187928596403
0.00231014705646533
0.0023081830173557606
0.0023066192359684537
0.002305449037942498
0.0023046665201467147
0.0023042665616100034
0.0023042448399559416
0.002304597854036116
0.002305322953575425
0.002306418376791855
0.0023078832971400133
0.00230971788056006
0.002311923354903053
0.0023145020935653494
0.0023174577158178527
0.002320795206887872
0.0023245210615768044
0.0023286434561247166
0.0023331724542282007
0.002338120254671872
0.002343501490072368
0.0023493335889363132
0.0023556372168551565
0.0023624368175723985
0.0023697612814103162
0.002377644777956107
0.0023861278032414122
0.0023952585108696044
0.0024050944247986064
0.0024157046739342212
0.002427172954054904
0.002439601526113065
0.00245311672929187
0.002467876774757849
0.0024840830964303695
0.0025019974901126078
0.002521969178515009
0.002544480064772915
0.002570226350081756
0.002661940105020424
0.00275019089650318
0.0028343051276718658
0.002913611351269846
0.0029874983336120064
0.0030554438112018957
0.0031170292377143546
0.0031719530706455523
0.0032200352438100355
0.0032612161562237518
0.003295549289202722
0.003323191007755925
0.0033443852244447988
0.0033594471795128683
0.0033687463993627782
0.0033726901458128945
0.0033717081884194065
0.003366239452314946
0.0033567208337702444
0.0033435782584946157
0.003327219893968043
0.003308031317159618
0.0032863723765597353
0.0032625754630194294
0.003236944907036542
0.0032097572413745676
0.003181262099338292
0.003151683554741317
0.003121221745413077
0.003090054655458251
0.003058339960945816
0.003026216779245673
0.002993807816175065
0.002961220498812321
0.0029285489379091826
0.0028958752896545686
0.002863271089143357
0.0028307984590218325
0.002798511197759039
0.002766455754239733
0.002734672096669947
0.002703194484436129
0.0026720521516575366
0.002641269911175793
0.0026108686870613125
0.0025808659833320975
0.002551276296532693
0.002522111477184194
0.0024933810486809658
0.0024650924859553813
0.002437251460522667
0.002409862055498492
0.002382926954365682
0.002356447606777198
0.0023304243742801067
0.0023048566584954644
0.002279743013973716
0.0022550812476706
0.0022308685066562447
0.0022071013560196456
0.002183775847116149
0.002160887578734875
0.002138431751223789
0.002116403214320695
0.0020947965105566207
0.002073605913358462
0.0020528254576493913
0.0020324489866561644
0.0020124701549860914
0.0019928824707752674
0.0019736793139258743
0.0019548539566546065
0.0019363995821560897
0.0019183093015903133
0.0019005761695733649
0.001883193198327022
0.001866153370622284
0.0018494496516322375
0.0018330749997952543
0.0018170223812724246
0.0018012847608576085
0.001785855138032942
0.001770726535902639
0.001755892012929761
0.0017413446692974928
0.001727077652677873
0.0017130841634352477
0.0016993574592864796
0.0016858908594369088
0.0016726777482049006
0.0016597115781463692
0.0016469858726848266
0.001634618737246225
0.001622632769089045
0.0016110130428425666
0.0015997454929509581
0.0015888168274370172
0.0015782144593347832
0.0015679264443774303
0.0015579414402476174
0.0015482486415654844
0.001538837750916925
0.0015296989386093442
0.0015208228095820438
0.0015122003737615447
0.0015038230194359236
0.0014956824904350187
0.001487770861001846
0.0014800805186105151
0.0014726041482984486
0.0014653347132192376
0.0014582654409151775
0.0014513898098132605
0.0014447015368127647
0.0014381945658557805
0.0014318630573737594
0.0014257013785152635
0.0014197040940716582
0.0014138659580278882
0.0014081819056731425
0.0014026470462154812
0.0013972566558503189
0.0013920061712390343
0.0013868911833587322
0.0013819074316893747
0.0013770507987079519
0.0013723173046627651
0.0013677031026048422
0.0013632044736547851
0.0013588178224871938
0.0013545396730156422
0.0013503666642637302
0.001346295546409098
0.0013423231769886077
0.001338446517254427
0.001334662628671272
0.0013309686695465639
0.0013273618917861419
0.0013238396377679878
0.0013203993373282596
0.0013170385048539815
0.0013137547364768644
0.001310545707363656
0.0013074091690990313
0.001304342947156465
0.0013013449384538548
0.001298413108990381
0.0012955454915610637
0.0012927401835467302
0.0012899953447759675
0.0012873091954569114
0.0012846800141760241
0.0012821061359620661
0.0012795859504124809
0.0012771178998804396
0.001274700477720668
0.0012723322265917963
0.0012700117368135947
0.0012677376447775331
0.0012655086314087263
0.0012633234206776607
0.0012611807781604029
0.0012590795096455165
0.0012570184597863986
0.0012549965107975824
0.0012530125811936637
0.001251065624569431
0.001249154628420308
0.0012472786130012772
0.0012454366302235523
0.0012436277625877494
0.001241851122152261
0.0012401058495359518
0.0012383911129538417
0.0012367061072851477
0.0012350500531721883
0.001233422196149547
0.0012318218058024225
0.0012302481749532498
0.0012287006188755913
0.001227178474534525
0.0012256810998528584
0.0012242078730018882
0.0012227581917163535
0.0012213314726326452
0.0012199271506493504
0.0012185446783097521
0.001217183525205166
0.001215843177398789
0.0012145231368692335
0.0012132229209729161
0.0012119420619251156
0.0012106801062986053
0.0012094366145396355
0.0012082111605004142
0.001207003330987809
0.0012058127253274974
0.0012046389549429867
0.0012034816429494833
0.0011869235703774023
0.0011719379327280808
0.0011583521887025248
0.0011460265262487547
0.001134840505763535
0.0011246887466418805
0.0011154784372803181
0.0011071274896210374
0.0010995630221156644
0.0010927201044459807
0.0010865407051253342
0.001080972803947061
0.0010759696394314336
0.0010714890675876838
0.0010674930130202406
0.0010639469943302228
0.0010608197269444297
0.0010580827564171489
0.001055710160124236
0.0010536782777782162
0.001051965477185569
0.001050551948806467
0.0010494195248151204
0.0010485515194250353
0.001047932587587058
0.0010475485996347255
0.0010473865298116234
0.0010474343569164381
0.0010476809755546228
0.0010481161166946548
0.0010487302764155488
0.0010495146518708488
0.0010504610836340148
0.00105156200369666
0.001052810388484333
0.0010541997163360218
0.0010557239289625446
0.001057377396458504
0.0010591548854940029
0.0010610515303567714
0.0010630628065539302
0.0010651845067162875
0.001067412718577183
0.0010697438048235665
0.001072174384639213
0.001074701316779725
0.0010773216840360672
0.001080032778958697
0.0010828320907275495
0.0010857172930652
0.0010886862331007808
0.0010917369211016984
0.001094867520998353
0.0010980763416344758
0.0011013618286822091
0.0011047225571669756
0.00110815722455234
0.001111664644339827
0.0011152437401428317
0.001118893540197547
0.0011226131722772343
0.0011264018589792018
0.0011302589133566836
0.0011341837348701994
0.0011381758056353472
0.0011422346869459016
0.001146360016053036
0.001150551503183125
0.0011548089287780536
0.0011591321409434774
0.0011635210530915666
0.0011679756417660799
0.0011724959446385065
0.001177082058665138
0.001181734138395616
0.001186452394424517
0.00119123709197805
0.0011960885496288052
0.0012010071381319816
0.0012059932793771933
0.0012110474454503706
0.0012161701578008713
0.0012213619865093068
0.0012266235496519711
0.001231955512758288
0.001237358588357847
0.0012428335356141366
0.0012483811600422794
0.0012540023133083937
0.0012596978931085313
0.0012654688431253105
0.0012713161530607507
0.001277240858743911
0.0012832440423122475
0.0012893268324658117
0.0012954904047936082
0.0013017359821715987
0.0013080648352321216
0.0013144782829046264
0.0013209776930277724
0.0013275644830332235
0.001334240120701596
0.0013410061249911772
0.0013478640669402418
0.001354815570644
0.0013618623143073201
0.001369006031374595
0.0013762485117383384
0.0013835916030282172
0.001391037211982438
0.0013985873059036572
0.001406243914201699
0.001414009130025675
0.0014218851119881795
0.0014298740859846
0.0014379783471107567
0.0014462002616822496
0.0014545422693593036
0.001463006885381005
0.0014715967029132373
0.0014803143955147836
0.0014891627197264677
0.0014981445177884932
0.0015072627204914518
0.0015165203501668805
0.0015259205238235365
0.001535466456436085
0.0015451614643931702
0.0015550089691124386
0.0015650125008303411
0.0015751757025753248
0.0015855023343332808
0.001595996277414883
0.0016066615390348741
0.0016175022571142156
0.001628522705316417
0.001639727298330357
0.0016511205974125034
0.0016627073162022645
0.0016744923268252187
0.0016864806662997226
0.0016986775432635175
0.0017110883450379862
0.0017237186450488088
0.0017365742106230835
0.0017496610111841027
0.0017629852268666111
0.0017765532575766349
0.0017903717325216807
0.0018044475202388245
0.0018187877391499885
0.0018333997686757041
0.0018482912609407414
0.0018634701531072973
0.0018789446803738222
0.0018947233896801467
0.0019108151541624618
0.0019272291884046455
0.0019439750645356456
0.0019610627292262566
0.001978502521642078
0.001996305192413873
0.0020144819236905215
0.00203304435034459
0.0020520045824056333
0.0020713752288015726
0.0020911694224944894
0.0021114008471033933
0.0021320837651133033
0.0021532330477772683
0.00217486420682586
0.002196993428107112
0.002219637607289106
0.002242814387767146
0.0022665422009283
0.0022908403773677566
0.002315728929605567
0.0023412289794969314
0.002367362565270846
0.002394152757001966
0.002421623714755436
0.0024498007472271302
0.0024787103835650424
0.002508380347930331
0.002538839988196425
0.0025701198505562743
0.0026022520873419234
0.0026352704716184664
0.002669210494841421
0.002704109471172998
0.002740006648943067
0.0027769433297755476
0.002814962995938414
0.002854111446513974
0.0028944369430274034
0.002935990365213849
0.002978825377648472
0.0030229986080095705
0.0030685698377908074
0.0030625834462377917
0.0030547920585226335
0.003045340346122182
0.003034357266035576
0.0030219616261326987
0.003008264584743562
0.0029933708575989293
0.0029773793555521585
0.0029603835706627163
0.0029424718503574775
0.002923727620948057
0.002904229587271664
0.0028840519200918867
0.0028632644362932545
0.0028419327740416165
0.0028201185638513176
0.002797879595976623
0.0027752699843187575
0.002752340326939874
0.0027291378632277098
0.002705706627724028
0.0026820876006068673
0.002658318854799033
0.002634435699656987
0.002610470821180345
0.002586454418668241
0.0025624143377429897
0.002538376199652348
0.0025143635267599602
0.002490397864137196
0.002466498897168664
0.0024426845650954206
0.00241897117042545
0.0023953734841531556
0.0023719048467468703
0.002348577264868941
0.002325401503818069
0.0023023871756919037
0.002279542823288335
0.002256875999777194
0.002234393344190747
0.002212100652795403
0.0021900029464221715
0.002168104533843812
0.002146409071301001
0.0021249196182883297
0.0021036386897204497
0.0020825683046080384
0.0020617100313765828
0.0020410650299690193
0.0020206340908754845
0.002000417671236212
0.0019804159281659977
0.001960628749446264
0.0019410557817347795
0.0019216964564361385
0.0019025500133777117
0.0018836155224305575
0.001864891903211859
0.0018463779430008028
0.0018280723129955078
0.0018099735830325843
0.001792080234887053
0.001774390674263175
0.0017569032415819992
0.0017396162216651886
0.00172252785240954
0.0017056363325401549
0.0016889398285241386
0.0016724364807232934
0.0016561244088555871
0.0016400017168330414
0.0016240664970364545
0.0016083168340838385
0.0015927508081443435
0.001577366497844839
0.0015621619828130092
0.0015471353458960287
0.0015322846750909815
0.0015176080652195504
0.0015031036193759284
0.0014887694501751554
0.0014746036808248504
0.0014606044460423885
0.001446769892835888
0.0014330981811667266
0.0014195874845080007
0.0014062359903129365
0.001393041900404455
0.0013800034312969945
0.0013671188144592282
0.0013543862965262313
0.0013418041394677109
0.001329370620718754
0.0013170840332782405
0.0013049426857798098
0.0012929449025390826
0.0012810890235809105
0.0012693734046493258
0.0012577964172030228
0.0012463564483984114
0.0012350519010619994
0.00122388119365395
0.00121284276022384
0.0012019350503599446
0.0011911565291329105
0.0011805056770346604
0.0011699809899131577
0.0011595809789035026
0.0011493041703559352
0.0011391491057611363
0.0011291143416728969
0.0011191984496287982
0.0011094000160687993
0.0010997176422519518
0.001090149944171615
0.0010806955524689105
0.0010713531123448848
0.0010621212834712145
0.0010529987398996737
0.0010439841699702856
0.0010350762762183407
0.0010262737752803237
0.0010175753977986178
0.0010089798883253392
0.0010004860052250236
0.0009920925205764203
0.0009837982200733117
0.0009756019029245137
0.0009675023817530201
0.000959498482494236
0.00095158904429362
0.0009437729194035149
0.0009360489730792179
0.0009284160834745479
0.0009208731415367963
0.000913419050901018
0.000906052727783976
0.0008987731008774524
0.0008915791112412711
0.0008844697121958525
0.0008774438692145109
0.0008705005626371064
0.0008636387787615245
0.0008568575189138627
0.0008501557961523787
0.0008435326351338439
0.000836987072007239
0.0008305181543070274
0.0008241249408457643
0.0008178065016065661
0.0008115619176352636
0.0008053902809324967
0.0007992906943457665
0.0007932622714615362
0.0007873041364974352
0.0007814154241945725
0.0007755952797101939
0.0007698428585104092
0.0007641573262633575
0.0007585378587326665
0.0007529836416711777
0.0007474938707152609
0.0007420677512793466
0.0007367044984510667
0.000731403336886797
0.0007261635007077033
0.0007209842333963666
0.0007158647876938998
0.0007108044254976301
0.0007058024177594004
0.0007008580443844929
0.0006959705941310796
0.0006911393645104369
0.000686363661687702
0.0006816428003833684
0.0006769761037754203
0.0006723629034022207
0.0006678025390660056
0.000663294358737183
0.0006588377184593276
0.0006544319822548758
0.0006500765220316594
0.0006457707174900919
0.0006415139560311673
0.0006373056326652362
0.0006331451499214996
0.0006290319177583673
0.0006249653534745467
0.0006209448816209467
0.0006169699339133264
0.0006130399491458231
0.0006091543731052348
0.0006053126584861146
0.0006015142648066493
0.0005977586583254102
0.0005940453119588658
0.0005903737051997028
0.0005867433240359731
0.0006118525135638469
0.0006192931713463721
0.0006264380157365838
0.0006333028030884965
0.0006399042933557141
0.0006462596382144891
0.0006523858359321096
0.0006582993661995723
0.0006640159740134346
0.0006695505567918199
0.0006749171168888527
0.0006801287580845979
0.000685197702078289
0.0006901353306544124
0.0006949522214312562
0.0006996581966442734
0.0007042623702719824
0.0007087731944110008
0.0007131985038554891
0.0007175455583290473
0.0007218210820926374
0.0007260313008755929
0.0007301819761120434
0.0007342784366303996
0.0007383256079106505
0.0007423280390779327
0.0007462899278062611
0.0007502151432813076
0.0007541072474108793
0.0007579695144000907
0.0007618049488816458
0.0007656163026681705
0.0007694060903250195
0.0007731766036008897
0.0007769299248503105
0.0007806679395387519
0.0007843923479280242
0.0007881046759434546
0.0007918062853972226
0.0007954983835250296
0.0007991820319667945
0.0008028581551969376
0.0008065275484582165
0.0008101908852452096
0.0008138487243635863
0.0008175015166199663
0.0008211496111418939
0.0008247932613538542
0.0008284326306869874
0.0008320677979695057
0.0008356987625754039
0.0008393254493127086
0.0008429477131065671
0.0008465653434410192
0.000850178068630085
0.0008537855598776757
0.0008573874351808823
0.0008609832630711924
0.0008645725661815228
0.0008681548246927671
0.0008717294796286182
0.0008752959360176209
0.0008788535659524905
0.0008824017115091965
0.0008859396875687691
0.0008894667845336397
0.0008929822709386259
0.0008964853959620428
0.0008999753918621926
0.0009034514762876572
0.0009069128545474603
0.0009103587217686321
0.0009137882649778927
0.0009172006651070691
0.0009205950989291388
0.0009239707409130681
0.0009273267650069324
0.0009306623463571012
0.0009339766629527827
0.0009372688972005454
0.0009405382374491067
0.0009437838794221809
0.0009470050276208115
0.0009502008966298218
0.000953370712388496
0.0009565137133842205
0.0009596291518012041
0.0009627162945874255
0.0009657744244933643
0.0009688028410246087
0.0009718008613654886
0.0009747678212203968
0.0009777030756176126
0.000980605999656393
0.000983475989198886
0.0009863124615074135
0.0009891148558366296
0.0009918826339685672
0.0009946152807075697
0.0009973123043186686
0.0009999732369156853
0.0010025976348162727
0.001005185078840911
0.0010077351745671175
0.0010102475525509765
0.0010127218684902318
0.001015157803362845
0.0010175550635166393
0.0010199133807246798
0.0010222325121963488
0.001024512240560193
0.0010267523738164105
0.001028952745236107
0.0010311132132480305
0.0010332336612890564
0.0010353139976228638
0.0010373541551229426
0.0010393540910498557
0.0010413137867786814
0.0010432332475183057
0.0010451125020031877
0.0010469516021556866
0.0010487506227418327
0.0010505096611831194
0.001052228836607684
0.0010539082900072926
0.0010555481836262734
0.0010571487005267845
0.0010587100441404916
0.001060232437804678
0.0010617161242900337
0.001063161365323336
0.001063315880150479
0.001063398562089547
0.0010634156050625088
0.0010633727886599496
0.0010632754962379724
0.0010631287352036002
0.0010629371582340293
0.0010627050846366323
0.001062436521333344
0.0010621351831793106
0.0010618045124255215
0.0010614476972459583
0.0010610676892735258
0.0010606672201410648
0.001060248817046655
0.0010598148173558046
0.0010593673822926137
0.001058908509745063
0.0010584400462364584
0.0010579636981029581
0.0010574810419187672
0.0010569935342230996
0.0010565025205678791
0.0010560092439524807
0.0010555148526638022
0.0010550204075700739
0.0010545268888973226
0.0010540352025210017
0.0010535461858113514
0.0010530606130529768
0.0010525792004713744
0.0010521026108906923
0.0010516314580482273
0.001051166310589833
0.0010507076957645383
0.0010502561028421535
0.0010498119862692578
0.001049375768586976
0.0010489478431207554
0.0010485285764625337
0.001048118310757921
0.0010477173658111987
0.0010473260410254399
0.0010469446171819088
0.0010465733580766233
0.001046212512023084
0.0010458623132275208
0.0010455229830496932
0.0010451947366211314
0.0010448777672630901
0.0010445722643246916
0.0010442784036105027
0.0010439963626333165
0.0010437263066434654
0.0010434683942609053
0.0010432227780668192
0.0010429896051388204
0.0010427690175303375
0.001042561152701952
0.0010423661439061891
0.0010421841205293116
0.0010420152083935271
0.0010418595300128095
0.0010417172048538515
0.0010415883495005487
0.0010414730778295332
