8.0
8.016821694778477
8.033834406481192
8.051033071211673
8.068411775955079
8.08596425715652
8.103684140013076
8.121565070902317
8.13960078898439
8.157785163134264
8.176112209176035
8.194576095974838
8.213171145266458
8.231891828000826
8.25073275877165
8.269688689215005
8.288754500864892
8.307925197726702
8.327195898698708
8.346561829895109
8.366018316878685
8.385560776782691
8.405184710282636
8.424885693364274
8.444659368821751
8.464501437407788
8.484407648544652
8.504373790489726
8.524395679831775
8.544469150172924
8.5645900398256
8.584754178322742
8.604957371501312
8.625195384872885
8.645463924938062
8.665758618031635
8.686074986199715
8.706408419504903
8.726754144026659
8.747107184666644
8.767462325658906
8.787814047808148
8.808156479641776
8.828483322411001
8.84878776547211
8.869062385764082
8.88929902849491
8.90948866370868
8.929621229102109
8.94968542883428
8.969668520172258
8.9895560784777
9.009331761059284
9.0289771053552
9.048471426778743
9.067791925797398
9.086914169539659
9.105813161403743
9.124465202223124
9.142850590836971
9.16095683100377
9.178781471635798
9.196333363878752
9.213631464552234
9.230701400219658
9.247571092565527
9.264266966129636
9.280811667838917
9.297223194991753
9.313515106777473
9.329697218290459
9.345776419114221
9.361757422420599
9.377643373964272
9.393436314292353
9.409137514991558
9.424747717022464
9.440267296852186
9.455696380991714
9.471034924400735
9.486282763927974
9.501439654629214
9.516505294419646
9.531479340813387
9.546361422285434
9.561151146001013
9.575848103086622
9.590451872238942
9.60496201668819
9.619378103542955
9.633699686073264
9.647926317096458
9.662057531667438
9.67609286676405
9.690031854618807
9.70387402300928
9.717618895510183
9.731265988596965
9.744814821511875
9.758264906335853
9.771615751670936
9.78486686278079
9.798017741724557
9.81106788748818
9.824016796113895
9.83686396082842
9.84960887217024
9.862251018116346
9.874789884208655
9.887224953680297
9.899555707582019
9.911781624908738
9.923902182726469
9.935916856299682
9.947825119219221
9.959626443530844
9.9713202998645
9.98290615756444
9.9943834848202
10.005751748798552
10.017010415776516
10.028158951275442
10.039196820196324
10.05012348695637
10.060938415626675
10.071641070071575
10.082230914089202
10.09270741155337
10.103070026557958
10.113318223560958
10.12345146753201
10.13346922410069
10.143370959706672
10.153156141751653
10.16282423875303
10.172374720499418
10.181807058207998
10.191120724683753
10.200315194480591
10.20938994406441
10.21834445197811
10.22717819900856
10.235890668355571
10.244481345802862
10.252949719891042
10.261295282092593
10.269517526988935
10.277615952449482
10.285590059812758
10.293439354069557
10.301163344048133
10.308761542601438
10.316233466796382
10.323578638105104
10.330796582598275
10.33788683114037
10.344848919586955
10.35168238898389
10.358386785768504
10.364961661972671
10.371406575427786
10.377721089971583
10.383904775656802
10.389957208961638
10.39587797300195
10.401666657745182
10.407322860225971
10.412846184763387
10.41823624317972
10.423492655020857
10.428615047778077
10.43360305711132
10.438456327073768
10.443174510337762
10.44775726842194
