23.901237722176432
23.87679047746663
23.85011596331101
23.823052735451547
23.79597272952278
23.768978334288764
23.742105895692077
23.7153728214909
23.68878916830997
23.66236081053916
23.636090560073832
23.609978748324565
23.584023635430498
23.558221739706408
23.53256811506023
23.507056587799227
23.481679959640065
23.456430182024178
23.431298505906888
23.406275610523746
23.38135171410563
23.356516669071485
23.331760043855816
23.307071193213915
23.282439318581634
23.25785351984141
23.23330283965467
23.208776301358036
23.1842629412823
23.159751836234637
23.135232126783727
23.110693036900813
23.086123890435694
23.061514124842947
23.036853302518914
23.012131120062858
22.987337415735
22.96246217534897
22.93749553680588
22.91242779345073
22.88724939640909
22.861950956042175
22.83652324264101
22.810957186465444
22.785243877220566
22.759374563051725
22.73334064912919
22.707133695884842
22.680745416955524
22.65416767688109
22.627392488599092
22.600412010772978
22.573218544986172
22.545804532830278
22.518162552912152
22.490285317801593
22.462165670938504
22.43379658351612
22.40517115135461
22.3762825917777
22.347124240503064
22.317689548555983
22.287972079214352
22.257965504992075
22.227663604666763
22.19706026035689
22.166149454652714
22.134925267804626
22.103381874971905
22.07151354353446
22.03931463046943
22.00677957979448
21.973902920078878
21.940679262023345
21.907103296109334
21.873169790318194
21.838873587920375
21.804209605334695
21.769172830057613
21.733758318662137
21.697961194866057
21.661776647668965
21.625199929557517
21.588226354778254
21.550851297677337
21.513070191106376
21.474878524893608
21.436271844379526
21.397245749016193
21.357795891029316
21.317917974142166
21.2776077523605
21.23686102881756
21.195673654678277
21.154041528101665
21.111960593260694
21.06942683941857
21.026436300060638
20.982985052081048
20.93906921502323
20.89468495037342
20.84982846090632
20.804495990082163
20.75868382149424
20.71238827836623
20.66560572309841
20.618332556862057
20.5705652192413
20.522300187921523
20.47353397842378
20.424263143884357
20.374484274878764
20.324193999289538
20.273388982217043
20.222065925932625
20.17022156987347
20.117852690678376
20.064956102263842
20.01152865593974
19.95756724056392
19.903068782735065
19.848030247023058
19.79244863623626
19.736320991724902
19.679644393719997
19.622415961706956
19.564632854833288
19.50629227234953
19.44739145408281
19.387927680942138
19.32789827545476
19.267300602332675
19.206132069068566
19.144390126560303
19.082072269763103
19.019176038368492
18.955699017509144
18.891638838488618
18.826993179535044
18.761759766577757
18.695936374045722
18.62952082568678
18.56251099540655
18.494904808125757
18.42670024065481
18.357895322584433
18.28848813719087
18.218476822354535
18.14785957149046
18.076634634489295
18.00480031866716
17.932354989722935
17.85929707270124
17.785625052959503
17.711337477137338
17.636432954126356
17.560910156038744
17.484767819172394
17.408004744970814
17.330619800975686
17.25261192176989
17.173980109908882
17.094723436838077
17.014841043794014
16.934332142686788
16.85319601696136
16.771432022435214
16.689039588109722
16.606018216952553
16.522367486648434
16.438087050315453
16.353176637183992
16.26763605323546
16.18146518179775
16.094663984094485
16.00723249974482
15.9191708472108
15.830479224188965
15.741157907942979
15.651207255574045
15.560627704225668
15.469419771219508
15.37758405411881
15.285121230716078
15.192032058941448
15.098317376688343
15.003978101552894
14.909015230483638
14.813429839337953
14.717223082341873
14.620396191449569
14.522950475599258
14.424887319861977
14.326208184479869
14.226914603790584
14.12700818503454
14.026490607041755
13.9253636187951
13.823629037866896
