1.1703360478500657
1.1738453452814905
1.176956853140688
1.17956300617874
1.1816731934747042
1.1832869727884092
1.1844016608490517
1.1850151320463318
1.1851269604248038
1.184738882549253
1.1838549345234428
1.182481416622745
1.1806267623717404
1.178301357691892
1.175517331277088
1.172288340569015
1.1686293561009748
1.1645564534333481
1.1600866158068661
1.1552375495815588
1.1500275134994384
1.1444751621396505
1.1385994034951827
1.1324192703234053
1.1259538047373323
1.1192219553960008
1.112242486586137
1.10503389845294
1.0976143576276167
1.0900016374992803
1.0822130673959716
1.074265489955223
1.066175225997056
1.0579580462335136
1.0496291491881187
1.0412031447278605
1.0326940426443116
1.0241152457534173
1.0154795470243254
1.0067991302706667
0.9980855739808068
0.9893498578879815
0.9806023719164751
0.9718529271685489
0.9631107686446302
0.954384589417157
0.9456825460021614
0.9370122746994827
0.9283809086948628
0.9197950957340701
0.9112610162054893
0.9027844014808797
0.8943705523842364
0.8860243576712972
0.8777503124208119
0.8695525362473979
0.8614347912621692
0.8534004997149668
0.8454527612634878
0.8375943698251399
0.8298278299723387
0.8221553728423354
0.8145789715382279
0.8071003560022031
0.7997210273503099
0.7924422716599812
0.7852651732066347
0.7781906271494952
0.7712193516697007
0.7643518995651774
0.7575886693123851
0.7509299156018497
0.7443757593608237
0.7379261972754415
0.7315811108260452
0.7253402748500193
0.7192033656479311
0.7131699686487398
0.7072395856498769
0.7014116416488773
0.6956854912830541
0.6900604248927792
0.6845356742259978
0.679110417798335
0.6737837859262574
0.6685548654474299
0.6634227041441868
0.6583863148841137
0.6534446794930386
0.6485967523728797
0.6438414638790052
0.6391777234687632
0.6346044226347097
0.6301204376336366
0.6257246320229373
0.6214158590153088
0.6171929636622825
0.6130547848762783
0.6090001573009197
0.6050279130382799
0.6011368832419529
0.597325899584161
0.5935937956041456
0.5899394079455791
0.5863615774899207
0.5828591503919339
0.579430979024116
0.5760759228353498
0.5727928491296339
0.5695806337699754
0.5664381618125751
0.5633643280756917
0.5603580376474555
0.5574182063373101
0.5545437610743473
0.5517336402563524
0.5489867940530441
0.5463021846668868
0.5436787865539269
0.5411155866081301
0.5386115843114299
0.5361657918521023
0.5337772342139764
0.5314449492383163
0.5291679874240354
0.5269454126557209
0.5247763014773478
0.5226597433057592
0.5205948403851712
0.5185807077249731
0.5166164730223014
0.514701276570615
0.5128342711553894
0.5115398335792655
0.510295028668521
0.5090963285301388
0.5079406333688463
0.5068252013693056
0.5057475956712512
0.5047056427501676
0.5036973988101103
0.502721121968479
0.5017752487559788
0.5008583739311357
0.4999692329159958
0.49910668636102495
0.4982697064803721
0.49745736488825104
0.49666882172889365
0.4959033159351692
0.49516015648198736
0.49443871452294613
0.49373841631573695
0.4930587368549503
0.4923991941411536
0.491759344023923
0.49113877556307184
0.4905371068586057
0.48995398130480494
0.4893890642283691
0.48884203987443753
0.4883126087076543
0.48780048499865286
0.4873053946690097
0.4868270733702314
0.4863652647745662
0.4859197190574521
0.48549019155329687
0.4850764415679062
0.4846782313324514
0.48429532508517464
0.4839274882683847
0.48357448682937
0.48323608661493794
0.48291205285025046
0.4826021496934465
0.4823061398584256
0.48202378429880416
0.4817548419467491
0.4814990695010216
0.48125622125907225
0.48102604909495805
0.4808083020392776
0.48060272655125424
0.48040906627890806
0.48022706233549284
0.4800564530216384
0.47989697395770187
0.4797483581349836
0.4796103359827133
0.4794826354491226
0.47936498209510425
0.4792570991991747
0.4791587078726483
0.4790695271841203
0.4789892742872889
0.4789176645785615
0.4788544118293537
0.4787992283493209
