151.63741293342574
152.53223702138197
153.42067331001132
154.30265708884548
155.17813380966086
156.0470596006824
156.9094010337161
157.7651348461595
158.61424764105897
159.45673556766715
160.29260398440914
161.12186710621455
161.9445476382147
162.7606763978239
163.57029192722206
164.37344009823548
165.17017371157513
165.96055209233865
166.74464068361587
167.52251063996022
168.29423842240124
169.05990539657688
169.81959743546406
170.5734045280784
171.32142039540435
172.06374211470592
172.80046975325442
173.53170601239776
174.2575558827857
174.9781263114551
175.6935258813754
176.4038645039505
177.10925312487709
177.80980344366486
178.50562764703747
179.1968381563481
179.8835473890691
180.56586753434016
181.24391034249703
181.91778692843965
182.58760758864588
183.25348163158708
183.91551722125817
184.5738212334973
185.22849912473515
185.87965481278712
186.5273905692765
187.1718069232569
187.813002575587
188.4510743235983
189.08611699558773
189.71822339466252
190.34748425146083
190.97398818527316
191.59782167310894
192.2190690261516
192.83781237332215
193.45413165131103
194.06810460073197
194.67980676794542
195.2893115121319
195.89669001720827
196.50201130819391
197.10534227164865
197.70674767981873
198.3062902181425
198.90403051578375
199.5000271788745
200.09433682616668
200.6870141268064
201.27811183996033
201.86768085603896
202.45577023927677
203.04242727144307
203.62769749647296
204.21162476582066
204.7942512843514
205.37561765660135
205.95576293324748
206.534724657641
207.11253891227042
207.68924036503145
208.26486231519027
208.8394367389388
209.41299433444937
209.98556456634472
210.55717570950927
211.12785489217487
211.69762813822257
212.26652040864914
212.8345556421532
213.4017567948037
213.4146533216245
213.43103673176114
213.45088514361925
213.47417680244948
213.50089008333742
213.53100348475257
213.56449564117432
213.60134531532782
213.64153140030007
213.68503291943364
213.73182902606712
213.78189900315604
213.8352222628017
213.8917783457079
213.95154692058344
214.01450778350213
214.08064085723169
214.14992619053834
214.222343957474
214.29787445665104
214.37649811050812
214.45819546456974
214.5429471867029
214.63073406637133
214.7215370138899
214.81533705967942
214.91211535352343
215.0118531638267
215.11453187687678
215.22013299610893
215.32863814137406
215.44002904821062
215.55428756712044
215.67139566284803
215.7913354136646
215.9140890106558
216.03963875701382
216.16796706733368
216.29905646691373
216.43288959106036
216.5694491843972
216.70871810017806
216.8506792996048
216.99531585114863
217.1426109298765
217.29254781678077
217.4451098981137
217.60028066472583
217.7580437114086
217.91838273624072
218.08128153993923
218.246724025214
218.4146941961268
218.58517615745367
218.7581541140524
218.93361237023262
219.11153532913087
219.29190749208914
219.47471345803723
219.6599379228792
219.84756567888368
220.03758161407757
220.22997071164417
220.42471804932464
220.62180879882322
220.82122822521634
221.02296168636542
221.22699463233323
221.43331260480403
221.64190123650715
221.85274625064434
222.0658334603209
222.28114876797974
222.49867816483976
222.7184077303372
222.94032363157064
223.16441212274955
223.39065954464638
223.61905232405178
223.84957697323344
224.08222008939833
224.31696835415832
224.55380853299894
224.7927274747518
225.03371211107014
225.27674945590746
225.52182660499983
225.76893073535135
226.01804910472234
226.26916905112157
226.52227799230099
226.7773634252539
227.0344129257163
227.29341414767134
227.55435482285668
227.81722276027546
228.08200584570943
228.3486920412363
228.61726938474905
228.887725989479
229.16005004352138
229.43422980936427
229.7102536234201
229.98810989556057
230.26778710865398
230.54927381810577
230.832558651402
