36.469957401166326
36.50866835778137
36.54741189057741
36.586150974012874
36.624854686031206
36.66349616729314
36.702051505828436
36.74049911243041
36.77881932696592
36.81699414428173
36.85500700762043
36.89284264415207
36.93048692942273
36.96792677323485
37.00515002226775
37.04214537620809
37.07890231499444
37.115411035305804
37.151662394790094
37.187647862801
37.22335947662291
37.25878980233579
37.29393189961312
37.32877928986092
37.36332592720455
37.39756617190977
37.43149476589535
37.46510681004787
37.498397743101606
37.53136332188571
37.563999602772725
37.59630292419566
37.62826989012045
37.65989735438367
37.691182405822445
37.722122354131464
37.752714716404014
37.78295720431189
37.812847711894484
37.84238430392878
37.8715652048589
37.90038878826611
37.92885356686354
37.956958183000026
37.98470139966172
38.01208209195739
38.039099239076016
38.06575191670485
38.09203928989374
38.11796060635532
38.14351519018603
38.16870243599497
38.193521803426336
38.21797281206014
38.24205503667724
38.26576810287123
38.28911168299325
38.312085492412464
38.33468928607641
38.35692285535519
38.378786025153225
38.40027865127249
38.42140061801221
38.442151835988575
38.4625322401604
38.48254178804585
38.502180458116655
38.52144824835541
38.540345174963655
38.55887127120935
38.57702658639964
38.59481118497079
38.61222514568263
38.6292685609092
38.64594153601573
38.66224418881337
38.67817664908475
38.69373905817178
38.708931568619946
38.723754343872415
38.73820755800818
38.75229139551985
38.76600605112508
38.77935172960867
38.79232864569035
38.804937023915784
38.81717709856657
38.82904911358732
38.840553322526546
38.85168998849011
38.86245938410404
38.87286179148601
38.882897502223045
38.89256681735485
38.90187004736108
38.910807512151905
38.919379541060415
38.92758647283683
38.935428655643136
38.9429064470483
38.95002021402291
38.95677033293322
38.96315718953438
38.96918117896218
38.97484270572351
38.98014218368508
38.985080036060495
38.98965669539523
38.99387260354981
38.99772821168104
39.00122398022122
39.00436037885509
39.0071378864953
39.0095569912553
39.01161819042047
39.01332199041762
39.01466890678205
39.01565946412329
39.016294196088786
39.01657364532589
39.016498363442125
39.01606891096408
39.01528585729451
39.01414978066793
39.0126612681051
39.01082091536563
39.0086293268997
39.0060871157984
39.003194903742866
38.99995332095221
38.996363006130316
38.992424606412044
38.98813877730777
38.983506182647325
38.978527494523426
38.97320339323378
38.96753456722228
38.96152171302021
38.95516553518577
38.94846674624396
38.94142606662499
38.934044224602836
38.926321956232556
38.918260007749765
38.90985912836058
38.901120077062764
38.8920436203865
38.8826305323287
38.87288159428781
38.86279759499769
38.85237933046237
38.84162760388984
38.83054322562639
38.81912701309042
38.8073797907064
38.79530238983864
38.782895648725024
38.77016041241105
38.757097532683076
38.7437078680026
38.729992283439714
38.71595165060697
38.70158684759371
38.68689875889951
38.67188827536883
38.65655629412498
38.64090371850476
38.62493145799297
38.608640428157194
38.59203155058282
38.57510575280846
38.55786396826132
38.54030713619282
38.522436201614994
38.50425211523641
38.485755833399196
38.46694831801575
38.44783053650619
38.42840346173579
38.40866807195333
38.38862535072923
38.36827628689442
38.3476218744797
38.326663112654984
38.305401005669594
38.28383656279268
38.26197079825396
38.239804731185465
38.2173393855629
38.19457579014817
38.17151497843193
38.148157988577196
38.1245058633628
38.1005596501276
38.07632040071528
38.051789171419806
38.02696702293083
38.00185502028012
37.97645423278845
