1.5023992545561717
1.5107618300660335
1.5114387295273715
1.510892758282354
1.5101891550057511
1.5095000748276945
1.5088495489773308
1.508239273418458
1.5076665081073646
1.5071283559532862
1.506622146975893
1.5061454675168404
1.5056961368070119
1.5052721793669752
1.5048718003509527
1.504493364349658
1.5041353780824762
1.5037964714608025
1.5034753887421934
1.503170974121842
1.5028821607810314
1.5026079666551408
1.5023474800957395
1.5020998568458264
1.5018643133395864
1.501640121214807
1.5014266025064322
1.5012231253716064
1.5010291002675866
1.5008439765198334
1.5006672392548575
1.5004984065868603
1.5003370271309477
1.5001826777114389
1.500034961290987
1.499893505084209
1.499757958836026
1.4996279932473562
1.4995032985328547
1.4993835830973037
1.4992685723186792
1.4991580074279243
1.4990516444757254
1.4989492533785111
1.498850617036333
1.4987555305162044
1.4986638002951431
1.4985752435577677
1.4984896875438283
1.4984069689414985
1.498326933322681
1.4982494346169335
1.4981743346209304
1.4981015025406785
1.4980308145639436
1.4979621534605831
1.4978954082086677
1.4978304736444803
1.49776725013462
1.497705643268608
1.4976455635705124
1.4975869262282397
1.497529650839245
1.497473661171515
1.497418884938772
1.4973652535889266
1.497312702104881
1.4972611688168613
1.4972105952255097
1.4971609258350396
1.4971121079957932
1.497064091755601
1.4970168297193878
1.4969702769164992
1.4969243906752772
1.4968791305044291
1.496834457980783
1.4967903366430408
1.4967467318911698
1.496703610891103
1.4966609424844328
1.4966186971028117
1.4965768466867884
1.4965353646088255
1.4964942256002667
1.4964534056820296
1.4964128820988218
1.4963726332566782
1.496332638663653
1.4962928788734824
1.4962533354320682
1.4962139908266274
1.49617482843737
1.4961358324915737
1.4960969880199249
1.4960582808150191
1.496019697391898
1.4959812249505315
1.495942851340137
1.495904565025244
1.4958663550534255
1.4958282110246002
1.4957901230618356
1.4957520817835759
1.495714078277221
1.495676104073995
1.495638151125039
1.4956002117786626
1.4955622787587093
1.495524345143967
1.4954864043485854
1.4954484501034426
1.4954104764384173
1.4953724776655226
1.4953344483628583
1.495296383359346
1.4952582777201964
1.4952201267330918
1.4951819258950294
1.4951436708998052
1.4951053576260995
1.4950669821261415
1.4950285406149166
1.494990029459891
1.4949514451712305
1.4949127843924825
1.4948740438917065
1.4948352205530167
1.4947963113685279
1.4947573134306742
1.4947182239248857
1.4946790401226018
1.4946397593745993
1.4946003791046252
1.4945608968033093
1.4945213100223458
1.4944816163689207
1.49444181350038
1.494401899119113
1.4943618709676467
1.494321726823928
1.4942814644967877
1.4942410818215686
1.4942005766559072
1.4941599468756595
1.494119190370949
1.494078305042341
1.4940372887971154
1.4939961395456378
1.493954855197816
1.4939134336596234
1.493871872829692
1.4938301705959505
1.4937883248323054
1.4937463333953542
1.4937041941211129
1.4936619048217563
1.4936194632823536
1.49357686725759
1.493534114468465
1.4934912025989517
1.4934481292926118
1.4934048921491454
1.4933614887208677
1.4933179165091062
1.4932741729604868
1.493230255463117
1.4931861613426303
1.493141887858093
1.4930974321977468
1.49305279147457
1.4930079627216466
1.492962942887317
1.492917728830088
1.4928723173132874
1.4928267049994246
1.4927808868048371
1.4927348621823286
1.492688626331849
1.4926421752367287
1.4925955049270287
1.4925486113654587
1.4925014902324971
1.4924541371737734
1.4924065494607452
1.4923587189565992
1.4923106420767476
1.4922623138961635
1.4922137291028483
1.4921648821315485
1.492115767172002
1.4920663781572732
1.4920167087481788
1.4919667523161504
1.491916501924849
1.4918659503104883
1.4918150898607958
1.491763912592537
1.4917124101274928
