21.59544
21.65870193138496
21.701012509295094
21.752743477618825
21.809640942866764
21.86912473676434
21.92970958075268
21.990540067124165
22.051122599711817
22.111171381614586
22.170519941382214
22.22907031033323
22.286763829143084
22.34356438052172
22.399448761645633
22.45440115962536
22.508409985350788
22.56146606321575
22.613561600585893
22.66468960585731
22.714843564750357
22.764017265420964
22.812204709515747
22.859400073070503
22.905597696566453
22.950792092339263
22.994977962665125
23.03815022482147
23.080304041157166
23.121434853237727
23.161538419763215
23.20061085836446
23.238648691673973
23.275648898301164
23.311608969556534
23.346526972990794
23.38040162406005
23.413232367511693
23.445019470417428
23.475764129172827
23.505468601635744
23.53413634070519
23.561772143888998
23.58838238164049
23.613975214801954
23.638560863238016
23.662151919131258
23.684763714978672
23.70641471862229
23.727127029209175
23.746926835287113
23.76584491435532
23.783917046070798
23.801184222762895
23.817692444695755
23.83349177483807
23.84863421135164
23.863169890920787
23.87714131882255
23.890575944862757
23.90347854906468
23.915826137627203
23.927568260104202
23.93863383879721
23.94894242065548
23.95841564355145
23.96698517526809
23.974596884242402
23.981209959044374
23.986795409432503
23.99133341582737
23.9948109152249
23.9972196568831
23.998554772285733
23.998813769618533
23.99799584062757
23.996101392867704
23.993131738337333
23.98908888642553
23.983975405487946
23.97779432919663
23.97054909250592
23.962243486568156
23.95288162610183
23.94246792518056
23.93100707828376
23.918504044932885
23.904964036689005
23.89039665299261
23.87480182958966
23.858186112039938
23.840551852876363
23.821911350781
23.80227060914141
23.781636014099856
23.76001425844936
23.737412280431375
23.713837931283635
23.68929755888909
23.663798759422416
23.637349235266214
23.609956799004152
23.581629375506573
23.55237500039408
23.522201816431995
23.49111806878047
23.45913209964326
23.426252342635586
23.39248731705932
23.3578456221975
23.322335931693775
23.285966988055932
23.248747597306707
23.210686623795265
23.171792985177174
23.132075647566698
23.091543620863703
23.050205954255105
23.00807173189043
22.965150068730114
22.92145010656454
22.8769810102014
22.831751963818782
22.785772167481078
22.739050833813153
22.691597184832002
22.643420448929263
22.59452985800242
22.544934644729366
22.49464403998441
22.443667270388545
22.39201355599176
22.339692108082048
22.286712127116946
22.233082800772916
22.178813302108164
22.123912787834286
22.06839039669228
22.012255247928422
21.955516439865555
21.89818304856531
21.840264126577015
21.781768701768996
21.72270577623801
21.663084325292676
21.602913296506976
21.54220160883982
21.48095815181686
21.41919178477084
21.3569113361368
21.29412560279876
21.230843349484452
21.16707330820478
21.102824177734973
21.03810462313431
20.972923275301586
20.90728873056362
20.841209550293943
20.774694260559333
20.707751351791746
20.64038927848328
20.572616458902143
20.50444127482736
20.435872071300523
20.36691715639257
20.29758480098393
20.22788323855648
20.15782066499563
20.0874052384014
20.016645078906734
19.945548268502463
19.874122850866996
19.802376831200405
19.73031817606144
19.65795481320694
