0.005920824547894309
0.005916799523979239
0.0059116917937333344
0.005905601579705892
0.005898582704792109
0.005890668990801386
0.005881885840325248
0.0058722552860349855
0.005861798174143745
0.005850535093450872
0.005838486757068178
0.005825674146146119
0.005812118550318968
0.005797841563215106
0.005782865058146272
0.005767211154744345
0.0057509021811939145
0.005733960634147283
0.005716409137356057
0.005698270399635286
0.0056795671726166275
0.005660322208678157
0.0056405582194014895
0.005620297834881718
0.005599563564183695
0.0055783777572073695
0.005556762568187087
0.0055347399210204885
0.005512331476580688
0.005489558602132616
0.005466442342947176
0.005443003396166913
0.005419262086958959
0.0053952383469586356
0.005370951694985929
0.00534642122000725
0.005321665566278621
0.005296702920613889
0.0052715510016937165
0.0052462270513313446
0.00522074782759832
0.005195129599711055
0.005169388144573534
0.0051435387448725495
0.005117596188615297
0.005091574770005945
0.0050654882915545955
0.005039350067315077
0.005013172927154686
0.0049869692219551825
0.004960750829654828
0.00493452916204204
0.004908315172215804
0.004882119362634971
0.004855951793676709
0.004829822092640302
0.004803739463124159
0.004777712694718187
0.004751750172953075
0.0047258598894542245
0.004700049452251559
0.004674326096201287
0.004648696693477391
0.004623167764097773
0.0045977454864496855
0.004572435707784674
0.004547243954654826
0.004522175443267268
0.004497235089734074
0.004472427520196741
0.004447757080811885
0.004423227847578812
0.004398843635999316
0.004374608010556591
0.004350524294004734
0.004326595576460912
0.00430282472429276
0.0042792143887970795
0.004255767014664713
0.004232484848229162
0.004209369945497103
0.004186424179958504
0.0041636492501778335
0.00414104668716466
0.004118617861526334
0.004096363990402629
0.004074286144186083
0.004052385253028805
0.004030662113139994
0.004009117392875678
0.003987751638625808
0.003966565280500928
0.00394555863782345
0.00392473192442654
0.00390408525376548
0.003883618643845241
0.0038633320219694208
0.003843225229313853
0.0038232980253305217
0.0038035500919851996
0.0037839810378342085
0.0037645904019443623
0.0037453776576603535
0.0037263422162247322
0.0037074834302540717
0.0036888005970762234
0.003670292961932735
0.0036519597210508646
0.0036338000245892716
0.0036158129794611306
0.003597997652039283
0.003580353070747215
0.0035628782285390855
0.003545572085273717
0.003528433569985356
0.003511461583054808
0.0034946549982853136
0.0034780126648853316
0.0034615334093626945
0.003445216037332661
0.0034290593352434653
0.003413062072021946
0.003397223000642684
0.0033815408596234993
0.003366014374449549
0.003350642258929715
0.003335423216486943
0.0033203559413856943
0.0033054391198987032
0.003290671431415705
0.003276051549496232
0.00326157814286844
0.0032472498763770324
0.0032330654118814485
0.003219023409106494
0.003205122526447934
0.0031913614217345394
0.0031777387529480406
0.003164253178903692
0.0031509033598919943
0.0031376879582842823
0.0031246056391028773
0.003111655070558082
0.003098834929748898
0.0030861438873816286
0.0030735806240943953
0.003061143825600658
0.0030488321830324486
0.003036644393304723
0.003024579159455886
0.0030126351909641838
0.0030008112040426603
0.0029891059219124922
0.00297751807505643
0.002966046401453042
0.002954689646792652
0.0029434465646759594
0.0029323159167959157
0.002921296473104373
0.002910387011963103
0.0028995863202812147
0.002888893193638864
0.0028783064363978907
0.0028678248618010114
0.002857447292058742
0.002847172558426031
0.0028369995012682333
0.0028269269701174803
0.0028169538237198554
0.002807078930073806
0.002797301166460233
0.0027876194194650303
0.0027780325849943487
0.002768539568282637
0.0027591392838947505
0.0027498306557214723
0.002740612616969739
0.0027314841101472955
0.002722444087042607
0.0027134915086997184
0.0027046253453891734
0.002695844576574633
0.0026871481908757326
0.0026785351860276726
0.0026700045688372994
0.002661555355136287
0.0026531865697316985
0.0026448972463537068
0.0026366864276013823
0.0026285531648861282
0.0026204965183733065
0.002612515556921904
0.002604609358022972
0.002596777007736498
0.0025890176006270254
0.002581330239698124
0.0025737140363261786
0.0025661681101931347
0.0025586915892185846
