0.03868633297376264
0.020763441248011754
0.011634507868878855
0.007238378522479082
0.005183432979272184
0.004240367165477996
0.0038153706522166
0.003630100995694808
0.003556007692184871
0.0035341767369281916
0.0035377270060066874
0.0035544271361414616
0.003578722279146675
0.0036080931102101125
0.0036413982843646405
0.0036781215692949735
0.0037180304376359724
0.0037610213218219586
0.003807049338566707
0.003856096138544117
0.003908154916439554
0.003963223123900073
0.004021298633878026
0.004082377454954932
