462222.01718784
309898.9134052166
310052.15201887785
310189.4319202155
310307.56478201767
310406.7863697287
310487.7520102054
310551.1448187556
310597.6257270058
310627.8281044356
310642.35814702377
310641.7959671351
310626.6967264874
310597.59172890324
310554.98946434876
310499.37660536496
310443.97744814854
310364.0201207859
310258.95245102554
310155.0181316257
310040.89194831403
309916.3537344318
309781.6851667452
309637.2194286442
309483.28366833925
309320.19212502555
309148.2457648685
308967.73273300554
308778.9288888239
308582.09833122394
308377.4939027698
308165.35767223773
307945.92139634007
307719.4069615706
307486.0268070426
307245.98432919994
306999.47426920605
306746.68308379094
306487.7893002906
306222.9638566069
305952.37042672513
305676.16573246464
305394.499842048
305107.51645609055
304815.3531815564
304518.14179420745
304216.008490071
303909.074126392
303597.45445252955
303281.2603312631
302960.59795090056
302635.56902861095
302306.2710053554
301972.79723279463
301635.2371525118
301293.6764678968
300948.19730900985
300598.8783907353
300245.7951645059
299889.0199639027
299528.62214437494
299164.6682173503
298797.2219789864
298426.3446337787
298052.0949132747
297674.529190095
297293.70158746856
296909.6640844825
296522.46661724325
296132.157176107
295738.78189918364
295342.3851622464
294943.00966523716
294540.69651548524
294135.48530786816
293727.4142018898
293316.51999597345
292902.8381990192
292486.4030993601
292067.24783123285
291645.4044388779
291220.90393837
290793.77637728094
290364.050892285
289931.7557647774
289496.9184746171
289059.56575206114
288619.72362797876
288177.4174824324
287732.6720916788
287285.51167365373
286835.95993211836
286384.0400992324
285929.77497707284
285473.18697771383
285014.29816218786
284553.13027828763
284089.7047972659
283624.0429494976
283156.1657591177
282686.094077715
282213.84861707606
281739.4499810599
281262.91869659536
280784.2752438702
280303.5400857083
279820.73369619274
279335.87658853043
278848.98934220045
278360.09262940567
277869.20724083274
277376.35411075153
276881.5543414588
276384.8292270911
275886.20027679414
275385.6892372892
274883.3181148111
274379.1091964526
273873.08507088973
273365.26864851377
272855.6831809513
272344.35227998404
271831.2999358549
271316.5505349532
270800.1288768826
270282.0601908899
269762.3701516505
269241.08489440085
268718.23102938826
268193.8356556458
267667.92637405347
267140.53129967727
266611.6790733643
266081.398872576
265549.72042141785
250328.7502991826
246862.46742276265
243545.8853712231
240363.89544343523
237301.03620424474
234344.3181663805
231482.97384987943
228708.00843814245
226011.8354894406
223387.99879577156
220830.95910344247
218335.92853820833
215898.74046906116
213515.7460691944
211183.73126150956
208899.84942228746
206661.5664048096
204466.6152946181
202312.95892481587
200198.75863316943
198122.34808029197
196082.2112022883
194076.96356462906
192105.33653278503
190166.16379054988
188258.36982752662
186380.96008878463
184533.01253688132
182713.6704225022
180922.1360975698
179157.6657356745
177419.56485067593
175707.18452654424
174019.91829089206
172357.19958216345
170718.49977677455
169103.32675842886
167511.22402814362
165941.7703710126
164394.5801154266
162869.30404362007
161365.63104059617
159883.29060379614
158422.05638140975
156981.75096688702
155562.2522570279
154163.50178936057
152785.5156238216
151428.39854264425
150092.36263885003
148777.7517914587
147485.07415279877
146215.04571020108
144968.64941169712
143747.21656849503
142552.54079539553
141387.04057262334
140253.99636971697
139157.90556976548
138105.0300735881
137104.27223327762
136168.63845554562
135317.81998179553
134583.06465091926
