136.63422487120638
136.73268092937533
136.89022017117034
137.10270239948707
137.36635877966478
137.67773638554883
138.03365613740755
138.43117943556487
138.8675807584428
139.34032468953737
139.8470464051784
140.3855349601941
140.9537188860574
141.54965372782675
142.17151122187425
142.81756987081513
143.48620671302487
144.17589011605
144.8851734487328
145.61268950767501
146.35714559090786
147.11731912612322
147.8920537731363
148.68025593082862
149.48089158798834
150.29298346546844
151.11560840412125
151.947894959178
152.78902116725365
153.63821245705128
154.49473967919855
155.35791723452576
156.22710128354214
157.10168802292313
157.98111201752135
158.86484457879024
159.75239218258096
160.64329492107476
161.53712498515537
162.4334851748388
163.33200743647373
164.2323514263279
165.13420310090132
166.03727333486987
166.9412965679852
167.84602948255085
168.75124971327665
169.656754591399
170.56235992495903
171.46789881706255
172.37322052382402
173.27818935352624
174.18268360832582
175.08659456960075
175.9898255277992
176.89229085737975
177.79391513718875
178.69463231635717
179.59438492555554
180.4931233332097
181.39080504606065
182.2873940532493
183.18286021292346
184.0771786802021
184.9703293751903
185.86229648961805
186.75306803057623
187.64263539974516
188.53099300645113
189.41813791284454
190.30406950947213
191.18878921950477
192.0723002298911
192.95460724772525
193.83571628014863
194.7156344361453
195.59436974863945
196.47193101536044
197.34832765700017
198.22356959125625
199.09766712142098
199.97063083824887
200.84247153390783
201.71320012689233
202.58282759684886
203.45136492833623
204.31882306261352
205.1852128566161
206.0505450483467
206.91483022797084
207.77807881396635
208.64030103373423
209.50150690813135
210.36170623943624
211.22090860230747
212.07912333733643
212.936359546839
213.79262609256753
214.64793159505842
215.5022844343648
216.35569275195047
217.2081644535488
218.05970721281417
218.91032847561576
219.76003546484117
220.60883518559666
221.45673443070666
222.30373978642652
223.14985763829785
223.99509417708518
224.83945540474207
225.68294714036432
226.52557502609412
227.36734453294656
228.20826096653468
229.0483294726737
229.88755504285106
230.72594251954987
231.56349660141888
232.400221848282
233.2361226859854
234.0712034110797
234.90546819533697
235.7389210901043
236.57156603049506
237.4034068394217
238.23444723147202
239.06469081663414
239.89414110387372
240.7228015045679
241.5506753358009
242.37776582352492
243.20407610559297
244.0296092346664
244.85436818100308
245.6783558351299
246.50157501040533
247.32402844547462
248.14571880662407
248.96664869003607
249.78682062395123
250.60623707073933
251.42490042888429
252.2428126952385
253.05997656551952
253.8763942406075
254.6920678682062
255.50699954371333
256.32119131117094
257.1346451642683
257.9473630473765
258.7593468565987
259.57059844082397
260.38111960277394
261.1909121000352
261.9999776460717
262.808317911213
263.61593452361444
264.4228290701876
265.22900309749963
266.03445811264004
266.8391955840551
267.64321694234906
268.44652358105265
269.24911685735975
270.05099809283183
270.8521685740716
271.6526295533659
272.4523822492997
273.25142784734095
274.04976750039737
274.84740232934706
275.64433342354243
276.4405618412892
277.2360886103012
278.0309147281313
278.82504116258076
279.6184688520857
280.4111987060832
281.20323160535736
281.99456840236576
282.7852099215476
283.5751569596136
284.36441028581874
285.15297064221875
285.94083874391094
286.72801527925947
287.514500910106
288.30029627196694
289.085401974217
289.8698186002602
290.65354670768835
291.4365868284285
292.2189394688787
293.0006051100334
293.7815842075989
294.5618771920989
295.34148446897154
296.12040641865684
