9.309759533173963
9.292181165656874
9.274333376390999
9.256224186918095
9.237862082513185
9.219255275185516
9.200411473525703
9.181338075700813
9.162042074131396
9.142530114551562
9.122808522728581
9.102883328690643
9.082760288379065
9.062444902765064
9.041942434539365
9.021257922532895
9.00039620306189
8.979361893238345
8.958159427213573
8.936793054507866
8.91526684602576
8.893584700468338
8.871750348047643
8.849767354969215
8.827639127197871
8.805368913964761
8.782959811123739
8.760414764442071
8.737736572890075
8.714927891972637
8.691991237152667
8.668928987340509
8.645743388504833
8.622436557378885
8.599010485254334
8.575467041854845
8.551807979272038
8.52803493594616
8.50414944067276
8.48015291661664
8.456046685314746
8.431831970650968
8.407509902786758
8.38308152203316
8.358547782651467
8.333909556571355
8.30916763701704
8.284322742033508
8.259375517906483
8.234326542471118
8.209176328305803
8.183925325808469
8.15857392615402
8.133122464132288
8.107571220866806
8.081920426415342
8.056170262253765
8.030320863645265
8.004372321897446
7.978324686510035
7.95217796721634
7.925932135921665
7.899587128542171
7.873142846747677
7.846599159612018
7.819955905174565
7.7932128919165615
7.766369900155842
7.739426683363527
7.712382969406135
7.68523846171658
7.657992840397332
7.630645763259005
7.6031968667974645
7.575645767112491
7.5479920607709134
7.520235325616977
7.492375121532627
7.464410991150311
7.436342460520699
7.40816903973769
7.379890223522952
7.351505491772073
7.323014310064401
7.2944161301384565
7.265710390334761
7.236896516007831
7.207973919908928
7.178942002541186
7.14980015248855
7.12054774671994
7.091184150869949
7.061708719497327
7.0321207963224515
7.002419714444864
6.972604796541948
6.942675355049746
6.9126306923268315
6.882470100802141
6.852192863107584
6.821798252196221
6.791285531446755
6.7606539547550355
6.7299027666132
6.699031202177118
6.66803848732268
6.636923838691489
6.605686463726471
6.574325560697884
6.542840318720173
6.511229917760101
6.47949352863655
6.447630313012373
6.415639423378628
6.38352000303155
6.351271186042541
6.318892097221478
6.286381852073609
6.253739556750285
6.220964307993739
6.188055193076179
6.155011289733338
6.121831666092722
6.088515380596703
6.055061481920612
6.0214690088860126
5.9877369903692514
5.9538644452054665
5.919850382088124
5.885693799464209
5.851393685425181
5.816949017593776
5.782358763006719
5.747621877993461
5.712737308050973
5.677703987714675
5.64252084042556
5.607186778393543
5.571700702457081
5.536061501939133
5.5002680544994424
5.464319225983213
5.428213870266169
5.391950829096048
5.355528931930528
5.31894699577158
5.282203824996307
5.245298211184227
5.208228932941023
5.170994755718761
5.133594431632581
5.096026699273846
5.058290283519758
5.020383895339417
4.982306231596346
4.944055974847456
4.905631793138448
4.867032339795649
4.828256253214286
4.789302156643171
4.750168657965838
4.710854349478077
4.671357807661915
4.631677592956029
4.591812249522613
4.5517603050107
4.51152027031597
4.471090639337072
4.430469888728497
4.389656477650023
4.3486488475128136
4.307445421722206
4.266044605417282
4.2244447852072815
4.182644328904984
4.140641585257147
4.098434869531538
4.056022505177517
4.013402782428053
3.9705739710216386
3.927534320241553
3.884282059053599
3.8408153945555212
3.797132512958824
3.753231594566777
3.709110766552038
3.664768149528023
3.62020184160828
3.575409918164566
3.530390431541801
3.4851414107760217
3.439660861315586
3.393946764746384
3.3479970785219817
3.3018097356997385
3.2553826446840555
3.2087136889780115
3.1618007269448025
3.1146415915805368
