0.0030685698377908074
0.0030625834462377917
0.0030547920585226335
0.003045340346122182
0.003034357266035576
0.0030219616261326987
0.003008264584743562
0.0029933708575989293
0.0029773793555521585
0.0029603835706627163
0.0029424718503574775
0.002923727620948057
0.002904229587271664
0.0028840519200918867
0.0028632644362932545
0.0028419327740416165
0.0028201185638513176
0.002797879595976623
0.0027752699843187575
0.002752340326939874
0.0027291378632277098
0.002705706627724028
0.0026820876006068673
0.002658318854799033
0.002634435699656987
0.002610470821180345
0.002586454418668241
0.0025624143377429897
0.002538376199652348
0.0025143635267599602
0.002490397864137196
0.002466498897168664
0.0024426845650954206
0.00241897117042545
0.0023953734841531556
0.0023719048467468703
0.002348577264868941
0.002325401503818069
0.0023023871756919037
0.002279542823288335
0.002256875999777194
0.002234393344190747
0.002212100652795403
0.0021900029464221715
0.002168104533843812
0.002146409071301001
0.0021249196182883297
0.0021036386897204497
0.0020825683046080384
0.0020617100313765828
0.0020410650299690193
0.0020206340908754845
0.002000417671236212
0.0019804159281659977
0.001960628749446264
0.0019410557817347795
0.0019216964564361385
0.0019025500133777117
0.0018836155224305575
0.001864891903211859
0.0018463779430008028
0.0018280723129955078
0.0018099735830325843
0.001792080234887053
0.001774390674263175
0.0017569032415819992
0.0017396162216651886
0.00172252785240954
0.0017056363325401549
0.0016889398285241386
0.0016724364807232934
0.0016561244088555871
0.0016400017168330414
0.0016240664970364545
0.0016083168340838385
0.0015927508081443435
0.001577366497844839
0.0015621619828130092
0.0015471353458960287
0.0015322846750909815
0.0015176080652195504
0.0015031036193759284
0.0014887694501751554
0.0014746036808248504
0.0014606044460423885
0.001446769892835888
0.0014330981811667266
0.0014195874845080007
0.0014062359903129365
0.001393041900404455
0.0013800034312969945
0.0013671188144592282
0.0013543862965262313
0.0013418041394677109
0.001329370620718754
0.0013170840332782405
0.0013049426857798098
0.0012929449025390826
0.0012810890235809105
0.0012693734046493258
0.0012577964172030228
0.0012463564483984114
0.0012350519010619994
0.00122388119365395
0.00121284276022384
0.0012019350503599446
0.0011911565291329105
0.0011805056770346604
0.0011699809899131577
0.0011595809789035026
0.0011493041703559352
0.0011391491057611363
0.0011291143416728969
0.0011191984496287982
0.0011094000160687993
0.0010997176422519518
0.001090149944171615
0.0010806955524689105
0.0010713531123448848
0.0010621212834712145
0.0010529987398996737
0.0010439841699702856
0.0010350762762183407
0.0010262737752803237
0.0010175753977986178
0.0010089798883253392
0.0010004860052250236
0.0009920925205764203
0.0009837982200733117
0.0009756019029245137
0.0009675023817530201
0.000959498482494236
0.00095158904429362
0.0009437729194035149
0.0009360489730792179
0.0009284160834745479
0.0009208731415367963
0.000913419050901018
0.000906052727783976
0.0008987731008774524
0.0008915791112412711
0.0008844697121958525
0.0008774438692145109
0.0008705005626371064
0.0008636387787615245
0.0008568575189138627
0.0008501557961523787
0.0008435326351338439
0.000836987072007239
0.0008305181543070274
0.0008241249408457643
0.0008178065016065661
0.0008115619176352636
0.0008053902809324967
0.0007992906943457665
0.0007932622714615362
0.0007873041364974352
0.0007814154241945725
0.0007755952797101939
0.0007698428585104092
0.0007641573262633575
0.0007585378587326665
0.0007529836416711777
0.0007474938707152609
0.0007420677512793466
0.0007367044984510667
0.000731403336886797
0.0007261635007077033
0.0007209842333963666
0.0007158647876938998
0.0007108044254976301
0.0007058024177594004
0.0007008580443844929
0.0006959705941310796
0.0006911393645104369
0.000686363661687702
0.0006816428003833684
0.0006769761037754203
0.0006723629034022207
0.0006678025390660056
0.000663294358737183
0.0006588377184593276
0.0006544319822548758
0.0006500765220316594
0.0006457707174900919
0.0006415139560311673
0.0006373056326652362
0.0006331451499214996
0.0006290319177583673
0.0006249653534745467
0.0006209448816209467
0.0006169699339133264
0.0006130399491458231
0.0006091543731052348
0.0006053126584861146
0.0006015142648066493
0.0005977586583254102
0.0005940453119588658
0.0005903737051997028
