0.005476448315104309
0.0055423623290830355
0.005602451318821794
0.005657091993569824
0.0057065917483115226
0.005751233652711206
0.005791284511245458
0.005826997070818696
0.005858610796181705
0.005886352599697104
0.005910437457465522
0.005931068986388662
0.005948439991734431
0.005962732990026262
0.005974120710080444
0.005982766573910749
0.00598882517699584
0.0059924426702749195
0.005993757258966063
0.005992899574198853
0.0059899930690704714
0.005985154393406239
0.005978493749647125
0.0059701152340702985
0.005960117161832538
0.005948592376693875
0.005935628545896607
0.005921308440694919
0.005905710203043228
0.0058889075989522
0.005870970259057588
0.005851963906851057
0.005831950575155108
0.00581098881130824
0.005789133871553635
0.005766437905121672
0.005742950128475603
0.005718716990179224
0.005693782326832322
0.005668187510506183
0.00564197158809677
0.005615171412999747
0.0055878217694962165
0.005559955490223593
0.005531603567091402
0.005502795255987169
0.005473558175602811
0.005443918400697562
0.00541390055009944
0.005383527869733036
0.005352822310947862
0.005321804604408365
0.0052904943297932975
0.005258909981540098
0.005227069030857439
0.005194987984217506
0.005162682438528381
0.005130167133175906
0.005097455999114305
0.00506456220517468
0.005031498201751211
0.004998275762015892
0.004964906020804048
0.004931399511304637
0.0048977661996818765
0.004864015517747265
0.004830156393794109
0.004796197281700347
0.004762146188399031
0.004728010699810231
0.004693798005322582
0.004659514920907231
0.004625167910942664
0.004590763108823712
0.004556306336423996
0.0045218031224770975
0.004487258719937645
0.0044526781223801605
0.004418066079490087
0.004383427111698083
0.0043487655240059455
0.00431408541904956
0.004279390709441639
0.004244685129434655
0.004209972245941954
0.004175255468952884
0.004140538061375758
0.00410582314834048
0.004071113725990911
0.004036412669795346
0.004001722742401813
0.003967046601063493
0.003932386804658079
0.0038977458203235736
0.0038631260297317897
0.0038285297350196517
0.0037939591643972002
0.0037594164774503278
0.003724903770155053
0.0036904230796194403
0.003655976388568255
0.0036215656295846893
0.003587192689122668
0.0035528594113025283
0.0035185676015022167
0.0034843190297553896
0.0034501154339673643
0.0034159585229590265
0.0033818499793485317
0.0033477914622799055
0.0033137846100072545
0.003279831042342823
0.0032459323629766925
0.0032120901616754607
0.0031783060163669014
0.0031445814951172554
0.003110918158007311
0.0030773175589133154
0.003043781247198236
0.003010310769318705
0.0029769076703527204
0.0029435734954527805
0.0029103097912290808
0.00287711810706689
0.002843999996382278
0.0028109570178199298
0.0027779907363967415
0.002745102724594541
0.002712294563405269
0.0026795678433315802
0.0026469241653459016
0.002614365141810559
0.002581892397361691
0.0025495075697592852
0.0025172123107057914
0.002485008286635417
0.0024528971794761955
0.002420880687386828
0.0023889605254700953
0.002357138426464647
0.002325416141416763
0.0022937954403336844
0.0022622781128199434
0.00223086596869811
0.002199560838615231
0.0021683645746361567
0.002137279050824994
0.0021063061638156135
0.0020754478333723536
0.0020447060029417704
0.00201408264019634
0.0019835797375709198
0.001953199312792704
0.0019229434094053782
0.001892814097288089
0.0018628134731698209
0.0018329436611396765
0.0018032068131535162
0.0017736051095373951
0.001744140759488105
0.0017148160015711066
0.001685633104216143
0.0016565943662106189
0.0016277021171909039
0.001598958718131617
0.0015703665618328085
0.0015419280734050155
0.001513645710751976
0.0014855219650507807
0.0014575593612291258
0.001429760458439239
0.001402127850527973
0.0013746641665024662
0.0013473720709905933
0.001320254264695389
0.0012933134848424075
0.0012665525366679345
0.0012399741598232434
0.001213581245464515
0.0011873766805333213
0.0011613633912486143
0.0011355443437134508
0.001109922540895143
0.0010845010276500369
0.0010592828548123875
0.0010342712225213245
0.0010094692531978128
0.0009848801525878473
0.0009605071673493702
0.0009363535851836322
0.0009124227349153215
0.0008887179865154795
0.0008652427510602562
0.0008420004806175949
0.0008189946680532066
0.0007962288467460859
0.0007737065902027967
0.0007514315115585647
0.0007294072629517593
