47391.318
44993.7159548623
44882.88088297366
44777.77809761422
44677.086818624375
44580.57570544161
44488.236790632676
44400.09604704102
44316.172073207024
44236.46717647768
44160.965696106
44089.63410039798
44022.42165878299
43959.26140856778
43900.07133075272
43844.75568852327
43793.20648900018
43745.305030067575
43700.9234952124
43659.92656134764
43622.17298758504
43587.51715667355
43555.81054506854
43526.90310210519
43500.6445232865
43476.88540707409
43455.47828864404
43436.27854772972
43419.14519085107
43403.9417784887
43390.536004659996
43378.80138271377
43368.61688351149
43359.86730141371
43352.443402884026
43346.24200014319
43341.16595857221
43337.124146590744
43334.03133640418
43331.80806348731
43330.380452065874
43329.68001321053
43329.64342150425
43330.212275593796
43331.33284731436
43332.95582348409
43335.03604391392
43337.53223867317
43340.40676718754
43343.625361333994
43347.156874324595
43350.97303684456
43355.048221622026
43359.35921735625
43363.88501271292
43368.60659090828
43373.50673524294
43378.56984580959
43383.781767481756
43389.12962919323
43394.60169443382
43400.187222818095
43405.87634252518
43411.65993335764
43417.529520127944
43423.47717604612
43429.495435753255
43435.57721762292
43441.71575493245
43447.90453548961
43454.13724928888
43460.40774376014
43466.70998616042
43473.038032672564
43479.38600373931
43485.748065191576
43492.1184147132
43498.49127319194
43504.860880510976
43511.22149534246
43517.56739851194
43523.892899514016
43530.192345770745
43536.460134239525
43542.690724990054
43548.87865638985
43555.01856155326
43561.10518572975
43567.133404327324
43573.09824128715
43578.994887548826
43584.818719366056
43590.565316256514
43596.2304783915
43601.81024325281
43607.30090140741
43612.69910162291
43618.00150591065
43623.20533413799
43628.30802646828
43633.307336977385
43638.201342984765
43642.98845229406
43647.66740893579
43652.237297519314
43656.697546230826
43661.047928511805
43665.28864255071
43669.4200400734
43673.44295736031
43677.35854124741
43681.16827406418
43684.87396849691
43688.477761534465
43691.98210757201
43695.38977074718
43698.7038165809
43701.92760299402
43705.0647707699
43708.11923353081
43711.09516729387
43713.99699966959
43716.82939876301
43719.59726183475
43722.30570377531
43724.960045443106
43727.56580191314
43730.128670679645
43732.65451985271
43735.14937638533
43737.61941436444
43740.070943395556
43742.510442414554
43744.94432508553
43747.379365802764
43749.8222659193
43752.279841465126
43754.75897922627
43757.26662500708
43759.80977328954
43762.39545732174
43765.030739485876
43767.722701925624
43770.478437432575
43773.30504059281
43776.20959919468
43779.19918589777
43782.28085016186
43785.461610434904
43788.748446597216
43792.14829265926
43795.668029709996
43799.31447911176
43803.094395938126
43807.014462650324
43811.08128300794
43815.3013762095
43819.68117125825
43824.227001548665
43828.945099669116
43833.84159241608
43838.92249601562
43844.19616070585
43849.66368398342
43855.332788662716
43861.20914694803
43867.298180297694
43873.60515596053
43880.13508523459
43886.893177110636
43893.884160331276
43901.112723777194
43908.583407005804
43916.29809466743
43924.2658038675
43932.4884971049
43940.96994259413
43949.713868232204
43958.723857778765
43968.0033328381
43977.555548739016
43987.38359278651
43997.4903830243
44007.8786672071
44018.551021933454
44029.509851930474
44040.75738948885
44052.29569404715
44064.12665192538
44076.251976206666
44088.67320676736
44101.39171045445
44114.40868141048
44127.72514154448
44141.34194114958
44155.25975966572
44169.47910658697
44184.00032251288
44198.82358034268
