2.5216870341380186
2.5686072484629343
2.612320337286095
2.6528112823026664
2.6900744369933425
2.724131812190316
2.7550350305302174
2.782863925736955
2.8077237625761815
2.8297417416553294
2.849063025912164
2.865846581830404
2.8802609564150115
2.8924802967802368
2.9026806987402596
2.9110370054292325
2.917720113571824
2.9228948054618513
2.9267180920464777
2.9293380287330177
2.9308929503390693
2.931511063868572
2.931310335977114
2.930398614463952
2.9288739284007277
2.926824918333704
2.9243313554220647
2.921464715724299
2.9182887826823367
2.9148602569352553
2.9112293578156034
2.907440405233666
2.9035323819392165
2.899539427900117
2.895491363947715
2.891414121932434
2.8873301634920634
2.8832588594231363
2.879216835281503
2.8752182850989487
2.8712752553092757
2.8673979010710893
2.8635947171827643
2.8598727457351303
2.856237762556465
2.8526944443791864
2.8492465185513023
2.8458968969319476
2.84264779555189
2.8395008413726224
2.836457167458801
2.8335174977003446
2.830682222121559
2.827951463714107
2.8253251376369435
2.822803003542164
2.8203847117099294
2.8180698436078133
2.815857947430646
2.813748569111097
2.8117412792844068
2.809835696567801
2.808031507566399
2.8063284839548563
2.804726496883932
2.8032255290881554
2.801825684867902
2.80052719822341
2.799330439383793
2.798235920063318
2.797244297278805
2.796356376286249
2.795573112654358
2.7948956136701435
2.794325139241675
2.793863102458647
2.7935110699682526
2.7932707623228326
2.7931440544557873
2.7931329764445514
2.793239715201973
2.793466614964295
2.7938161811538245
2.794291083663093
2.7948941616463454
2.795628429762887
2.796497086099003
2.797503522054139
2.798651334516786
2.799944340704541
2.801386596103219
2.8029824160140246
2.80473640130891
2.806475747625147
2.8081460007212935
2.8097448083486793
2.811270477520078
2.81272188586273
2.8140984169219454
2.8153998991623332
2.816626553646993
2.81777894707733
2.818857948001745
2.8198646876085784
2.8208005242129195
2.8216670111164692
2.822465867543728
2.8231989468429197
2.8238682294817115
2.824475790130519
2.8250237679918833
2.8255143657556143
2.825949828497455
2.8263324297930343
2.826664459282338
2.826948211584263
2.8271859764485225
2.8273800300385097
2.8275326272470247
2.8276459949547226
2.827722326148466
2.8277637748233886
2.8277724515985554
2.8277504199817054
2.8276996932236536
2.8276222317076365
2.827519940823215
2.827394669278339
2.827248207806841
2.8270822882320545
2.8268985828503665
2.8266987041014344
2.826484204494493
2.826256576762679
2.8260172542195767
2.8257676112943746
2.8255089642239697
2.8252425718822343
2.8249696367283117
2.824691305857445
2.824408672139277
2.8241227754298923
2.823834603845174
2.82354509508418
2.823255137792302
2.822965572954999
2.822677195313768
2.8223907547968805
2.8221069579582045
2.8218264694180983
2.821549913301071
2.8212778746654688
2.8210109009210353
2.8207495032306555
2.8204941578931013
2.8202453077040026
2.820003363292639
2.8197687044325237
2.8195416813240657
2.8193226158478732
2.8191118027875364
2.8189095110209665
2.8187159846795837
2.818531444274816
2.818356087791594
2.8181900917486176
2.818033612225368
2.8178867858559307
2.8177497307897985
2.8176225476199326
2.817505320278458
2.817398116900401
2.8173009906559803
2.817213980551995
2.8171371122029125
2.817070398572285
2.8170138406851604
2.816967428312191
2.816931140626148
2.8169049468315674
2.816888806768274
2.8168826714895387
2.8168864838156047
2.816900178863354
2.8169236845528594
2.8169569220915593
2.8169998064368142
2.8170522467375627
2.817114146755811
2.8171854052686545
2.817265916451538
2.817355570243439
2.8174542526946453
2.8175618462977705
2.8176782303026653
2.817803281015832
2.81793687208496
2.818078874769156
2.818229158195473
