3e-05
3.1995580699841024e-05
3.179769171523244e-05
3.161774324491819e-05
3.144740818715953e-05
3.128450214323619e-05
3.1127904355468335e-05
3.097674098714109e-05
3.083026080464785e-05
3.068781886335346e-05
3.054887347718058e-05
3.041298836005755e-05
3.0279819770473264e-05
3.014911243120839e-05
3.0020687852776257e-05
2.9894432595971095e-05
2.9770286214247487e-05
2.9648229565118506e-05
2.9528274008235866e-05
2.9410451830759796e-05
2.9294808078934412e-05
2.9181393841797317e-05
2.9070260933640354e-05
2.8961457855452583e-05
2.885502687746932e-05
2.8751002069758224e-05
2.8649408108568376e-05
2.855025969790414e-05
2.8453561463445984e-05
2.8359308196580416e-05
2.8267485346884792e-05
2.8178069681057287e-05
2.8090987202484043e-05
2.8006328117813155e-05
2.7923919482109575e-05
2.7843754047680447e-05
2.7765777147591125e-05
2.7689930172631057e-05
2.7616151281979644e-05
2.7544376046225957e-05
2.7474538036244838e-05
2.740656935842832e-05
2.734040113811547e-05
2.7275963910226172e-05
2.7213188186717547e-05
2.7152004534455148e-05
2.709234404960672e-05
2.7034138671424765e-05
2.697732119248794e-05
2.6921825771181576e-05
2.6867587933310362e-05
2.68145447812454e-05
2.6762635139112913e-05
2.671179968046497e-05
2.666198104071573e-05
2.661312391652674e-05
2.656517515409949e-05
2.6518083828265106e-05
2.6471801314180315e-05
2.642628129179094e-05
2.6381480050934758e-05
2.633735618892578e-05
2.6293870906111744e-05
2.625098808683678e-05
2.6208674065104336e-05
2.6166898121857954e-05
2.6125632276913983e-05
2.6084849842181307e-05
2.6044531771650673e-05
2.6004657580759898e-05
2.5965211466980302e-05
2.592618098488721e-05
2.5887557213031993e-05
2.584933494881456e-05
2.581151293630616e-05
2.577409413258172e-05
2.573708601994805e-05
2.570050097078339e-05
2.5664356675451107e-05
2.562867664350201e-05
2.559349510976226e-05
2.5558840798108666e-05
2.5524762633721282e-05
2.5491314401906596e-05
2.5458559872144647e-05
2.542657412370689e-05
2.5395445113386772e-05
2.536527553377609e-05
2.533618502148313e-05
2.5308312788396498e-05
2.5281820766389912e-05
2.5256897377621207e-05
2.5233762070222895e-05
2.5241567989608205e-05
2.5257787522053512e-05
2.5273531533873658e-05
2.5288803195291306e-05
2.5303599982463446e-05
2.5317930274646532e-05
2.5331788846962817e-05
2.5345178253510218e-05
2.535810139620074e-05
2.5370561078181823e-05
2.5382560568269204e-05
2.5394103576178993e-05
2.5405194200408536e-05
2.5415836912631326e-05
2.5426039553126714e-05
2.5435801144302604e-05
2.54451271882136e-05
2.5454029265115654e-05
2.5462510290531396e-05
2.5470576352116462e-05
2.5478233726793774e-05
2.5485488858274415e-05
2.5492348336509583e-05
2.5498818878996586e-05
2.55049073132021e-05
2.5510620559960763e-05
2.5515965617798783e-05
2.552094954815734e-05
2.55255794614657e-05
2.5529862504043327e-05
2.553380584579447e-05
2.553741666867029e-05
2.5540702155860865e-05
2.5543669481697028e-05
2.5546325802233098e-05
2.5548678246473338e-05
2.5550733908232033e-05
2.5552499838582493e-05
2.5553983038885226e-05
2.555519045435948e-05
2.5556128968177667e-05
2.555680539605783e-05
2.555722648132738e-05
2.5557398890442716e-05
2.555732920893369e-05
2.5557023937749992e-05
2.5556489490002453e-05
2.5555732188059906e-05
2.555475826098938e-05
2.555357384232555e-05
2.555218496814341e-05
2.555059757541431e-05
2.554881750063625e-05
2.5546850478714437e-05
2.5544702142075572e-05
2.5542378020010917e-05
2.5539883538213516e-05
2.5537224018517742e-05
2.5534404678808407e-05
2.5531430633103195e-05
2.5528306891775854e-05
2.552503836193386e-05
2.5521629847915856e-05
2.5518086051909246e-05
2.5514411574681976e-05
2.5510610916409144e-05
2.5506688477589473e-05
2.5502648560046543e-05
2.5498495368004082e-05
2.5494233009223963e-05
2.548986549620825e-05
2.548539674745043e-05
2.5480830588735295e-05
2.5476170754478795e-05
2.5471420889104558e-05
2.5466584548445116e-05
2.5461665201178776e-05
2.5456666230278355e-05
2.545159093447961e-05
2.5446442529765985e-05
2.5441224150858545e-05
2.5435938852716852e-05
2.5430589612037507e-05
2.5425179328760715e-05
2.5419710827569374e-05
2.5414186859384947e-05
2.540861010285799e-05
2.5402983165852196e-05
2.5397308586917122e-05
2.5391588836743604e-05
2.5385826319618018e-05
2.5380023374851938e-05
2.5374182278198972e-05
2.5368305243259398e-05
2.536239442285954e-05
2.5356451910422602e-05
2.5350479741309615e-05
2.534447989414759e-05
2.5338454292139887e-05
2.5332404804345667e-05
2.53263332469503e-05
2.5320241384504773e-05
2.5314130931151106e-05
2.530800355181931e-05
2.5301860863406694e-05
2.5295704435938683e-05
