42.52355921724997
42.397248564258334
42.2709070460415
42.144536446504375
42.01813881376464
41.89171618981976
41.76527057772069
41.63880393971351
41.51231819931729
41.38581524381307
41.25929692668967
41.13276506999305
41.00622146657735
40.879667882262474
40.75310605790358
40.62653771137733
40.49996350737361
40.373386133796295
40.246808338366534
40.12023075855676
39.99365497030949
39.86708258436874
39.74051520655036
39.61395443388591
39.487401855356254
39.36085905317727
39.23432760411857
39.107809080790645
38.981305052894
38.854817088431325
38.72834675488477
38.601895620360125
38.47546525469989
38.34905723056692
38.22267312450042
38.096314517945785
37.969982998259944
37.843680159693434
37.7174076043509
37.591166943131036
37.46495979664727
37.33878779613059
37.212652584315336
37.0865558163093
36.96049916044897
36.834484299140975
36.7085129296907
36.58258676511894
36.456707534967315
36.33087698609351
36.20509688345684
36.07936901089511
35.95369517189329
35.82807719034482
35.702516911306006
35.57701620174437
35.45157695128127
35.32620107292953
35.20089050382648
35.075647205963
34.95047316690898
34.825370400535654
34.70034094773522
34.57538687713824
34.45051028582902
34.32571330005951
34.20099807596193
34.07636680026046
33.95182169098242
33.82736499816892
33.702999004585536
33.57872602643301
33.45454841405839
33.33046855266654
33.206488863032455
33.08261180221432
32.958839864267574
32.835175580959955
32.711621522487796
32.58818029819338
32.464854557283665
32.341646989550185
32.21856032609025
32.09559734002935
31.972760847244782
31.85005370709035
31.727478823122077
31.605039143824907
31.482737663339996
31.360577422192776
31.23856150802126
31.116693056304584
30.99497525109147
30.873411325728327
30.7520045635866
30.630758298789253
30.5096759169358
30.388760855825538
30.268016606178634
30.147446712354505
30.02705477306706
29.906844442096197
29.786819428995038
29.66698349979229
29.54734047768905
29.427894243749396
29.308648737584008
29.189607958026084
29.070775963798706
28.952156874172804
28.833754869614822
28.715574192423112
28.597619147352113
28.479894102223152
28.362403488520933
28.24515180197442
28.12814360312096
28.011383517852423
27.894876237941997
27.778626521550294
27.66263919370937
27.546919146783114
27.43147134090249
27.316300804374112
27.201412634060333
27.08681199572929
26.972504124373003
26.85849432449176
26.74478797034283
26.631390506151543
26.518307446282773
26.405544375370624
26.293106948404212
26.181000890767386
26.069231998229952
25.936580911437975
25.804239072389397
25.672227373349
25.54056524212041
25.409271391735224
25.27836409044689
25.14786130112193
25.017780760311933
24.888140023157487
24.758956488235647
24.63024741086521
24.50202991014478
24.374320973009958
24.2471374573551
24.120496095487308
23.994413498692783
23.868906163393778
23.74399047918978
23.61968273896932
23.495999151220744
23.372955854645436
23.250568935173852
23.128854445497275
23.00782842725129
22.887506936019108
22.767906069362194
22.64904199813217
22.530931001371382
22.413589505171913
22.29703412593358
22.181281718544692
22.066349430105223
21.952254759925324
21.83901562666557
21.72665044364406
21.61517820352561
21.504618573837387
21.394992005033167
21.286319853167257
21.17862451965595
21.07192961111942
20.966260122938635
20.861642650966985
20.75810563685367
20.65567965373357
20.554397740705635
20.454295796687056
20.355413047068534
20.257792600358634
20.161482117052522
20.066534619820693
19.97300948357183
19.880973657192314
19.790503187650174
19.701685144601804
19.614620084425155
19.529425254720458
19.446238837634727
19.365225687854668
19.28658528579045
19.210563091536216
19.137467347074196
19.067695078859863
19.00177471077716
