0.0014675
0.0017656678278244562
0.0020615594691068976
0.0023521088608732654
0.002637574994298717
0.00291821291046138
0.0031942408532425856
0.003465841858203276
0.0037331701981048954
0.003996358168146589
0.004255521748084318
0.004510764879430913
0.004762182530009076
0.005009862825224802
0.005253888507667398
0.005494337932158283
0.00573128574727789
0.005964803368254906
0.00619495931174726
0.006421819438874521
0.00664544713645304
0.006865903455513278
0.007083247219088908
0.0072975351066907794
0.00750882171993042
0.007717159631847747
0.007922599421234805
0.008125189692376527
0.008324977079987833
0.008522006238605172
0.00871631981521674
0.008907958403439997
0.009096960477036196
0.009283362299955926
0.009467197809404925
0.009648498467567396
0.009827293076587633
0.010003607550139418
0.01017746463335493
0.010348883560975559
0.010517879639809113
0.010684463772793895
0.010848641765131735
0.011010413656449149
0.011169772794117867
0.011326704743017469
0.01148118597199202
0.0116331822968495
0.011782646937582585
0.011929518496719778
0.012073718371028934
0.012215148134482543
0.01235368692099464
0.012489189327693028
0.012621484725094391
0.01275037946302546
0.012875664221032427
0.012997129401558507
0.013114591286100426
0.013227929416842076
0.013337130192707413
0.013442323956154209
0.013543798100630585
0.013641974152615375
0.0137373529761401
0.013830448133760673
0.013921730390724056
0.014011595162436476
0.014100354312181726
0.014188241783634786
0.014275427170396683
0.014362030423368914
0.014448134937065807
0.014533798017176483
0.014619058759398113
0.014703943762337074
0.014788471164048848
0.01487265344528604
0.014956499354780365
0.015040015220956405
0.01512320584022767
0.015206075074259865
0.015288626249596754
0.015370862423074769
0.015452786555660666
0.015534401625042268
0.015615710696721675
0.015696716967279572
0.01577741981261572
0.015857828245066007
0.01593794535411716
0.016017778698619957
0.016097326477751996
0.016176593368975502
0.016255584016643034
0.016334303086019006
0.016412755305359298
0.016490944758453727
0.016568877353617083
0.016646557984449025
0.016723991680893602
0.01680118359125155
0.016878138966295142
0.016954863147469825
0.017031361557672854
0.017107639693699776
0.017183703119813872
0.01725955746210797
0.017335208403455878
0.017410661678925084
0.017485923071567412
0.017560998408531658
0.017635893557457077
0.017710614423117915
0.017785166944293888
0.017859557090847234
0.017933790860987352
0.01800787427870876
0.01808181339138693
0.0181556142675192
0.018229282994598865
0.01830282567711067
0.018376248434637907
0.018449557400070513
0.018522758717905336
0.0185958585426308
0.018668863037187372
0.018741778371494208
0.018814610721050413
0.018887366265567314
0.018960051187676085
0.019032671671667774
0.019105233902276194
0.01917774406349689
0.019250208337438113
0.019322632903200212
0.019395023935780537
0.019467387605000552
0.019539730074452966
0.01961205750046624
0.019684376031084826
0.019756691805063124
0.019829010950871622
0.01990133958571371
0.019973683814552782
0.02004604972914743
0.020118443407095107
0.020190870910882727
0.02026333828694413
0.020335851564723898
0.02040841675574715
0.020481039852695018
0.020553726828485892
0.02062648363536224
0.020699316203982687
0.020772230442520346
0.020845232235765954
0.020918327444237713
0.020991521903296454
0.021064821422267198
0.021138231783567194
0.02121175874184009
0.021285408023097273
0.02135918532386597
0.021433096310344367
0.021507146617564404
0.02158134184856188
0.021655687573554315
0.021730189329126775
0.021804852617425714
0.02187968290536077
0.021954685623815317
0.022029866166864687
0.022105229891003466
0.022180782114380754
