5.0
4.036517123324225
4.080054147128354
4.121579932117026
4.161044035859262
4.1984516367207245
4.2338303950480185
4.267215444411934
4.29865458120201
4.328202892556873
4.355922118745806
4.381879331514333
4.406145686807388
4.428795266008018
4.449904017613596
4.469548807309737
4.487806667623538
4.504753718170859
4.520465093144152
4.535014063342697
4.548471698371579
4.560906624972666
4.572384664032404
4.582968742193355
4.592718762951239
4.6016915513260805
4.609940842968396
4.617517309919003
4.624468615992587
4.6308394955474395
4.636671850177538
4.642004858692282
4.64687509625075
4.6513166595363336
4.655361295005514
4.659038528090053
4.66237579151815
4.665398551350917
4.6681304296512
4.670593322978083
4.6728075161249825
4.674791790717731
4.67656352842458
4.67813880867148
4.679532500841156
4.68075835101531
4.681829063376856
4.68275637643269
4.683551134248844
4.684223352912137
4.684782282445844
4.68523646441522
4.685593785460902
4.685861526997463
4.686046411310231
4.6861546442775035
4.686191954936878
4.686163632106461
4.686074558260811
4.6859292408524595
4.685731841258877
4.685486201524563
4.685195869058028
4.684864119432933
4.684493977433719
4.684088236476205
4.683649476525021
4.6831800806214945
4.682682250127386
4.682158018782449
4.6816092656667845
4.68103772715229
4.6804450079211195
4.679832591123584
4.6792018477424655
4.678554045225153
4.6778903554410665
4.677211862017021
4.676519567099298
4.675814397587144
4.675097210879637
4.674368800173717
4.673629899348908
4.672881187471328
4.672123292946757
4.671356797350541
4.67058223895987
4.669800116011686
4.669010889707996
4.668214986988422
4.667412803088317
4.666604703899516
4.665791028148755
4.664972089408867
4.664148177955122
4.663319562479436
4.662486491673246
4.66164919568963
4.660807887493922
4.659962764111496
4.659114007781165
4.658261787021008
4.657406257613727
4.656547563517943
4.655685837710824
4.654821202967706
4.65395377258332
4.653083651039289
4.65221093462206
4.65133571199502
4.650458064728207
4.6495780677891
4.648695789997327
4.647811294446038
4.646924638892514
4.646035876120378
4.645145054275347
4.644252217177074
4.6433574046079755
4.642460652581834
4.641561993592726
4.640661456846508
4.6397590684755965
4.6388548517386425
4.637948827206139
4.637041012932753
4.636131424617894
4.635220075754681
4.634306977768977
4.633392140148327
4.632475570562324
4.63155727497467
4.630637257747304
4.62971552173773
4.628792068389692
4.627866897817575
4.626940008885354
4.626011399280085
4.625081065580788
4.624149003322506
4.623215207056541
4.622279670406381
4.621342386120542
4.6204033461216
4.619462541552634
4.618519962820412
4.617575599636228
4.616629441054375
4.615681475508064
4.614731690843846
4.613780074353566
4.612826612805244
4.6118712924719265
4.610914099159347
4.609955018232472
4.6089940346405935
4.608031132941833
4.607066297326454
4.6060995116395596
4.60513075940324
4.604160023838135
4.6031872878846505
4.602212534223749
4.601235745297752
4.6002569033311325
4.599275990351083
4.598292988208515
4.597307878599161
4.596320643085307
4.595331263117798
4.5943397200588585
4.593345995205536
4.592350069814226
4.591351925126095
4.59035154239371
4.589348902908863
4.588343974477473
4.587336764992719
4.58632724332868
4.5853153910896
4.584301190283742
4.583284623271178
4.582265672217372
4.581244320123296
4.580220565887401
4.579194362408491
4.578165708895549
4.577134590047464
4.576100991176807
4.575064898281413
4.574026298119756
4.572985178291516
4.571941527324411
4.570895334767757
4.569846591293212
4.568795288803332
4.5677414205483595
4.5666849812525285
4.565625967249653
