185301.03792
665161.5404469084
661746.3223397154
658568.4844192049
655601.1936744484
652823.6631938644
650218.7038299175
647771.5139514499
645469.0404924763
643299.6079986946
641252.6797622626
639318.6889527868
637488.9104294558
635755.3586466621
634110.7038267481
632548.2017934443
631061.6344827161
629645.259033201
628293.7638891359
627002.2306968846
625766.1010228177
624581.1471056078
623443.4459995123
622349.3565790935
621295.4989679382
620278.7360285032
619296.1566117061
618345.0603144593
617422.9435359726
616527.4866574337
615656.5421982692
614808.1238270422
613980.3961238234
613171.6650087563
612380.3687650276
611605.0695956608
610844.4456653162
610097.2835838773
609362.4712977922
608638.9913593441
607925.9145495377
607222.393833725
606527.6586324128
605841.0093919944
605161.8124427138
604489.495131857
603823.5412221705
603163.4865460563
602508.9149064039
601859.454216281
601214.7728689488
600574.5763304784
599938.6039469996
599306.6259598492
598678.4407174153
598053.8720812468
597432.7670129935
596814.993337435
596200.4376723238
595589.0035171722
594980.6094928547
594375.1877238479
593772.6823553512
593173.0481970204
592576.249485936
591982.2587609272
591391.05584104
590802.6269007592
590216.9636352172
589634.062508828
589053.9240804467
588476.5523996997
587901.9544680075
587330.1397592745
586761.1197948088
586194.9077677046
585631.5182121925
585070.9667135306
584513.2696546705
583958.4439959035
583406.5070841103
582857.4764886515
582311.3698607142
581768.2048138886
581227.9988232128
580690.7691408411
580156.5327260282
579625.3061879958
579097.1057397588
578571.9471617655
578049.8457737671
577530.8164140221
577014.8734246001
576502.0306420666
575992.301392587
575485.6984908596
574982.2342421252
574481.9204468998
573984.768407733
573490.7889378045
572999.9923707959
572512.388571881
572027.9869495453
571546.7964679154
571068.8256595661
570594.0826385147
570122.5751133367
569654.3104002554
569189.2954361544
568727.5367914465
568269.0406826603
567813.8129847674
567361.8592432642
566913.1846858056
566467.7942335632
566025.6925122307
565586.8838625533
565151.3723506154
564719.1617776294
564290.2556894294
563864.6573855389
563442.3699279432
563023.3961494457
562607.738661689
562195.3998629104
561786.3819452566
561380.6869019005
560978.3165337924
560579.2724561457
560183.5561046156
559791.1687412355
559402.1114601255
559016.3851928501
558633.9907136423
558254.9286443888
557879.1994593156
557506.8034895178
557137.7409273337
556772.0118303936
556409.6161256421
556050.5536130264
555694.8239691368
555342.4267505693
554993.3611159626
554647.6267978584
554305.2229388483
553966.1486347545
553630.4028788238
553297.9845637358
552968.8924834543
552643.1253352733
552320.6817215986
552001.5601518421
551685.7590441421
551373.2767270511
551064.1114411466
550758.2613405441
550455.7244943733
550156.4988880712
549860.5824247504
549567.9729263252
549278.6681346567
548992.6657126358
548709.9632450537
548430.5582395967
548154.4481275834
547881.6302647598
547612.1019319592
547345.8603357103
547082.9026087963
546823.225810756
546566.8269282869
546313.7028756128
546063.8504948477
545817.266556192
545573.9477582133
545333.8907279588
545097.0920211128
544863.5481220301
544633.2554438314
544406.2103283387
544182.4090460634
543961.8477961345
543744.5227061445
543530.4298320521
543319.5651579887
543111.9245960437
542907.5039860777
542706.2990954124
542508.3056185982
542313.5191770941
542121.9353189935
541933.5495186399
541748.3571763027
541566.3536178246
541387.5340942517
541211.8937814122
541039.427779554
540870.1311129453
