20.130038614890502
19.634923211320572
19.159815189584513
18.704246364407076
18.26772219244124
17.849722555724664
17.449704243591412
17.067103729735525
16.701340175446948
16.351818601104178
16.017933169078727
15.699070520778768
15.394613111122064
15.10394248588519
14.826442451131426
14.561502089067062
14.308518580916324
14.066899804402961
13.836066680835359
13.615455254282278
13.404518492601124
13.202727806890506
13.009574292088896
12.824569696793949
12.647247134851712
12.477161554831115
12.313889986171318
12.157031582616032
12.006207484606003
11.86106196274695
11.721257559579911
11.586479077445338
11.456431379122069
11.330838665429427
11.20944369323156
11.092006949581275
10.978305796085733
10.868133595922746
10.761298834326432
10.657624241825632
10.556945928079907
10.45911253283049
10.363984399275635
10.271432774094329
10.181339037378377
10.093593964886848
10.00809702430213
9.924755706536494
9.843484892603112
9.764206256117284
9.686847701123348
9.611342834641379
9.537630473087068
9.465654181530375
9.395361844616064
9.326705267865856
9.259639808011379
9.194124030964042
9.130119396007949
9.067589964800504
9.006502133779145
8.946824388598346
8.888527079256155
8.831582214611739
8.775963275042802
8.721645042042777
8.668603443610948
8.616815414343254
8.566258769186373
8.516912089872227
8.468754623103724
8.4217661896149
8.375927103279372
8.331218099489904
8.287620272078874
8.245115018094191
8.203683989788034
8.16330905321634
8.123972252885451
8.085655781918904
8.048341957251582
8.012013199391248
7.976652016317998
7.942240991121169
7.9087627730005785
7.876200071284636
7.844535652142119
7.8137523376872355
7.78383300719913
7.754760600197188
7.7265181211326714
7.699088645475168
7.672455326989291
7.646601406013035
7.621510218564287
7.597165206116121
7.5735499257367955
7.550648061163056
7.528443433473419
7.506920012250614
7.4860619267537025
7.46585347705536
7.446279145064898
7.427323605365012
7.408971735798023
7.39120862774498
7.374019596048018
7.357390028190816
7.341305884427486
7.325753205493084
7.310718290876227
7.296187706437015
7.282148291492984
7.268587165360847
7.255491733345625
7.24284969217216
7.230649034857197
7.218878055023075
7.207525350656647
7.196579827319405
7.186030700816768
7.175867499336433
7.1660800650672165
7.156658555311219
7.147593443103406
7.138875517353633
7.130495882527063
7.122445957879553
7.114717476265192
7.107302482533479
7.100193331534032
7.093382685746771
7.086863512528825
7.080629081156653
7.074672959285821
7.068989009355287
7.06357138460012
7.058414524806597
7.053513151818353
7.048862264807696
7.044457135327636
7.040293302159924
7.036366565973974
7.032672983810984
7.029208863407051
7.025970757368509
7.0229554572121415
7.020159987282401
7.017581598557159
7.015217762352973
7.013066163940346
7.011124696078849
7.009391452481524
7.007864721217449
7.006542978060872
7.005424879794829
7.004509257476749
7.003795109673123
7.003281595669876
7.00296802866473
7.0028538689475015
7.002938717073934
7.0032223098172
7.003704503400462
7.0043852786512355
7.005264729169799
7.006343054720335
7.0076205544977626
7.009097620423331
7.010774730443278
7.012652441750644
7.014731384224276
7.017012253829542
7.019495802972822
7.022182844814657
7.025074234059431
7.028170865779365
7.031473668909745
7.034983599935501
7.038701636662653
7.042628772060219
7.0467660081730825
7.051114350108862
7.055674800102158
7.060448351659724
7.065435983790159
7.070638655321743
7.076057299312178
7.081692817553937
7.087546075179096
7.093617895367502
7.099909054162175
7.106420275395948
7.1131522257332875
7.120105509831363
7.127280665624366
7.1346781597351505
7.142298383018215
7.1501416462380805
