5.36289
4.812730829248845
4.81909514390816
4.8263617349399235
4.834400369470664
4.843181239342898
4.8526870949223655
4.862899186725941
4.873795504384651
4.885350922978433
4.897537830824352
4.910326346163905
4.9236854981267175
4.937583445070707
4.951988093718975
4.96686755926578
4.982190544650404
4.997926635919023
5.014046516240558
5.030522105290438
5.047326633404191
5.064434661233385
5.081822055889505
5.099465934022037
5.117344581270507
5.135437356204083
5.1537245854934035
5.172187455694116
5.190807905801122
5.209568523629323
5.2284524481940275
5.247443279512691
5.266526110531399
5.285681888141167
5.304898472143635
5.324159464301607
5.343449712839837
5.36275416336603
5.382057825757644
5.401345747948299
5.4206029958657025
5.43981463898085
5.458965740996544
5.478041357398529
5.497026525356813
5.515906281336759
5.534665659779211
5.553289698631654
5.571763463838929
5.590072051952305
5.6082006130616335
5.626134368909166
5.643858633365909
5.661358834563869
5.678620538380475
5.695629473087657
5.712371555011838
5.728832915057635
5.74499992596564
5.760859231304279
5.776397769268663
5.791602808404339
5.806461971896269
5.820963267582996
5.835095120107054
5.848846395992554
5.862206436486537
5.875165019837101
5.887712657672742
5.899840224267711
5.911539253994581
5.922801904419713
5.933620986702689
5.943989996412398
5.95390314493875
5.963355391701946
5.972342477465207
5.980860959020495
5.988908245688306
5.996482638080262
6.003583445080093
6.010210730037917
6.01636580477907
6.022050989885788
6.027269748598465
6.0320267552389275
6.0363279727703985
6.040180741316974
6.043593879820841
6.0465778034312185
6.049144659722117
6.051308487454397
6.05308540233049
6.056472252837522
6.060131493832867
6.063519552707023
6.066639793655118
6.069495677906756
6.0720909182287
6.074429258592399
6.0765146535482595
6.078351192484673
6.0799430875921345
6.081294668826308
6.082410374159523
6.083294739207742
6.083952387662636
6.084386861680871
6.084605264366752
6.084612383693875
6.084410819169422
6.084006636077128
6.083404784787672
6.082610238682522
6.081627985948752
6.0804630216559294
6.079120340180076
6.077604927974952
6.075921756697929
6.074075776694843
6.072071910842809
6.0699150487560605
6.0676100413505525
6.065161695765366
6.062574770634893
6.0598539717076925
6.057003947803642
6.054029287100392
6.050934513743477
6.047724084764821
6.044402387305326
6.040973736125363
6.037442371395308
6.033812456752864
6.030088077615701
6.0262732397384715
6.02237186799984
6.018387805410113
6.0143248123274855
6.010186565867585
6.0059766594997805
6.001698602816691
5.9973558214641
5.992951657222712
5.988489368232508
5.983972129344892
5.979403032598009
5.974785087803376
5.970121223232673
5.965414286402117
5.960667044938951
5.95588218752786
5.95106232492549
5.946209991040674
5.9413276440678935
5.936417667672004
5.931482372217906
5.926523996035647
5.921544706719892
5.916546602457577
5.911531713377686
5.906502002919042
5.901459369214745
5.8964056464853725
5.8913426064402525
5.886271959682958
5.881195357116998
5.876114391349611
5.871030598093239
5.865945457556791
5.860860395830401
5.85577678625959
5.850695950804911
5.845619161389668
5.840547641229457
5.835482566148042
5.83042506587164
5.825376225306884
5.820337085797545
5.815308646361227
5.810291864903484
5.805287659410922
5.800296909123008
5.795320455677699
5.790359104237784
5.785413624591661
5.780484752230619
5.7755731894038975
5.770679606148227
5.765804641295564
5.760948903456336
5.756112971978218
5.751297397884217
5.746502704784394
5.741729389767649
5.7369779242676415
5.732248754909626
5.727542304332556
5.72285897198902
