5.428812999284531
5.424458704851282
5.420100539393253
5.415738505768422
5.411372606938293
5.407002845763857
5.402629224986577
5.398251747233321
5.39387041502408
5.389485230779749
5.385096196829629
5.380703315418614
5.376306588714083
5.371906018812514
5.367501607745839
5.363093357487544
5.358681267514461
5.354265342215446
5.34984558590951
5.345421997874954
5.34099457983452
5.336563333522031
5.332128260654626
5.3276893629331505
5.323246642046066
5.3188000996736955
5.314349737492405
5.3098955571786695
5.305437560413039
5.3009757488839915
5.296510124291685
5.29204068835163
5.287567442798263
5.28309038938845
5.278609529904903
5.27412486615954
5.2696363999967595
5.265144133296678
5.2606480679782885
5.256148206002582
5.251644549375606
5.247137100151494
5.2426258604354325
5.238110832386614
5.233592018221132
5.229069420214859
5.224543040706294
5.22001288209937
5.215478946866262
5.210941237550149
5.206399756767982
5.201854507213213
5.19730549165853
5.192752712958566
5.188196174052617
5.183635877967328
5.179071827819399
5.174504026818273
5.169932478268827
5.165357185574067
5.16077815223782
5.156195381867433
5.151608878176479
5.147018644987468
5.1424246862345715
5.137827005966345
5.133225608348483
5.128620497666567
5.124011678328837
5.1193991548689795
5.11478293194893
5.110163014361694
5.105539407034187
5.100912115030095
5.096281143552754
5.091646497948059
5.087008183707385
5.082366206470544
5.077720572028756
5.073071286327655
5.068418355470311
5.063761785720297
5.059101583504759
5.05443775541754
5.049770308222314
5.04509924885576
5.040424584430769
5.035746322239667
5.0310644697574824
5.026379034645247
5.021690024753317
5.0169974481247355
5.012301312998626
5.007601627813614
5.0028984012112865
4.998191642039685
4.993481359356825
4.988767562434254
4.984050260760641
4.979329464045399
4.974605182222338
4.969877425453349
4.965146204132126
4.960411528887908
4.955673410589267
4.950931860347908
4.946186889522515
4.941438509722615
4.936686732812469
4.931931570915002
4.9271730364157404
4.922411141966789
4.9176459004908235
4.912877325185108
4.90810542952553
4.903330227270655
4.8985517324657994
4.893769959447119
4.888984922845706
4.884196637591703
4.879405118918424
4.874610382366474
4.869812443787889
4.865011319350261
4.860207025540868
4.855399579170805
4.850588997379093
4.845775297636794
4.840958497751094
4.836138615869388
4.83131567048332
4.826489680432814
4.8216606649100715
4.816828643463527
4.811993636001774
4.807134000643436
4.802271182565132
4.797405247813107
4.792536262788043
4.787664294623961
4.782789411242906
4.777911681333701
4.773031174304077
4.768147960223421
4.763262109764634
4.758373694149637
4.753482785100848
4.748589454799718
4.743693775852696
4.738795821264594
4.733895664419115
4.728993379066259
4.724089039316269
4.719182719639838
4.714274494874345
4.709364440235944
4.704452631337439
4.699539144211903
4.6946240553421505
4.689707441696221
4.684789380769121
4.679869950631212
4.674949229983696
4.670027298221802
4.66510423550638
4.660180122844801
4.655255042182178
4.650329076504169
4.645402309952828
4.640474827957242
4.63554671738103
4.630618066689145
4.625688966136901
4.620759507984703
4.615829786742647
4.610899899450025
4.605969945995787
4.601040029487346
4.596110256676796
4.5911807384556536
4.586251590431977
4.581322933607176
4.576394895174369
4.571467609466172
4.566541219087792
4.561615876282226
4.556691744589248
4.5517690008808085
4.546847837885057
4.5419284673542295
4.537011124095334
4.5320960711793195
4.5271836067957425
4.522274073464244
4.517367870724253
4.512465473143933
4.507567456822264
4.502674540194494
4.497787650612908
