148.47622362224033
147.3695551104937
146.2861102196108
145.22521138893148
144.1861371844124
143.1681616969684
142.17057709709644
141.19270573384657
140.23390590672795
139.2935738681743
138.3711435859709
137.46608541600332
136.57790375875922
135.70613524016696
134.85034505962656
134.01012562608682
133.18509384789414
132.37488893732802
131.57917038077497
130.7976160787609
130.02992065234452
129.2757939079366
128.5349594502517
127.80715343205472
127.09212342912986
126.38962742916561
125.6994329237967
125.0213160937488
124.35506107780287
123.70045931708263
123.05730896693778
122.42541436942557
121.80458558007838
121.1946379432739
120.59539171110445
120.00667170116509
119.42830698915652
118.8601306326271
118.30197942256515
117.75369365989692
117.2151169542583
116.68609604268532
116.16648062611755
115.65612322183185
115.15487903012185
114.66260581371814
114.17916378860167
113.70441552500635
113.23822585753354
112.78046180341434
112.33099248805823
111.88968907711629
111.45642471436965
111.03107446482558
110.61351526246906
110.203625862176
109.80128679534573
109.40638032885796
109.01879042699967
108.63840271604664
108.26510445121586
107.89878448573626
107.53933324181168
107.18664268327379
106.84060628974454
106.50111903214687
106.16807734941955
105.84137912630773
105.52092367211495
105.2066117003134
104.89834530892293
104.59602796157606
104.29956446919819
104.0088609722385
103.72382492339422
103.44436507077843
103.17039144148627
102.9018153255201
102.63854926003846
102.38050701389838
102.12760357246357
101.87975512265453
101.63687903821999
101.39889386521111
101.16571930764255
100.93727621332651
100.71348655986785
100.49427344080937
100.27956105191939
100.06927467761261
99.86334067749921
99.66168647305535
99.46424053441172
99.2709323672556
99.08169249984338
98.89645247012157
98.71514481295372
98.53770304745206
98.36406166441282
98.19415611385426
98.027922792657
97.86529903230641
97.7062230867372
97.55063412028004
97.39847219571078
97.24967826240257
97.10419414458129
96.96196252968501
96.82292695682801
96.68703180537003
96.55422228359133
96.42444441747432
96.29764503959255
96.17377177810735
96.0527730458731
95.93459802965151
95.81919667943582
95.70651969788486
95.59651852986796
95.48914535212111
95.38435306301427
95.28209527243106
95.1823262917599
95.08500112399825
94.99007544437816
94.89750561969177
94.8072486695091
94.71926226655106
94.63350472735672
94.54993500306328
94.46851267029852
94.38919792218563
94.31195155945996
93.0006884296971
91.75027262979856
90.55767934910381
89.42005073386194
88.33468635403847
87.29903445338216
86.31068356876231
85.367354533077
84.4668928675492
83.60726156274238
82.78653424275024
82.00288870341348
81.25460081283042
80.54003876063713
79.85765764136525
79.20599435650627
78.58366281959933
77.98934944863892
77.42180893028635
76.87986024071913
76.3623829084148
75.86831350470638
75.39664234854443
74.94641041252343
74.5167064178737
74.10666410676363
73.71545968089485
73.3423093959971
72.98646730243509
72.64722312272437
72.32390025731219
72.01585391051304
71.72246932899613
71.44316014570231
71.17736682252249
70.92455518549744
70.68421504670148
70.4558589073514
70.23902073703744
70.03325482430519
69.83813469413016
69.65325208811737
69.4782160035319
69.31265178752096
69.15620028312603
69.008517023906
68.86927147420015
68.73814631225294
68.61483674239047
68.49904989043677
68.39050416575898
68.28892871267848
68.19406284342145
68.10565555865682
68.02346505670069
67.94725827887223
67.8768104795459
67.8119048194697
67.75233198100939
67.69788980406162
67.64838294145744
67.60362253274893
67.56342589270159
67.52761622698694
67.49602234660988
67.46847840833784
