17.05556
23.175845170170494
23.16811990465936
23.160185309825376
23.15202335329326
23.143632354083824
23.13501264298597
23.126164685722276
23.117088843377118
23.107785346072287
23.098254294127614
23.088495662510077
23.078509305439756
23.068294960762543
23.057852254057035
23.04718070248591
23.036340430576402
23.025211772228932
23.013788352812163
23.00219097485232
22.990364036625373
22.978303676102765
22.966008380742934
22.953476867135816
22.940707809473608
22.92769980633179
22.914451378047314
22.9009609679346
22.88722694390011
22.873247600018328
22.85902115801882
22.844545768682416
22.829819513151303
22.814840404158435
22.799606387180425
22.78411534151949
22.768365081318013
22.752353356510383
22.736077853716022
22.719536197077414
22.70272594904639
22.685644611122644
22.66828962454747
22.650658370955885
22.632748172990386
22.614556294878916
22.596079942980328
22.577316266299746
22.5582623569765
22.53891525074743
22.519271927387905
22.49932931113298
22.47908427108125
22.458533621583562
22.437674122619082
22.416502480160887
22.395015346533295
22.37320932076337
22.351080948928633
22.328626724503007
22.305843088703686
22.282726430840835
22.259273088671925
22.235479348763672
22.211341446863262
22.186855568281057
22.162017848287395
22.136824372525222
22.11127117744133
22.08535425073815
22.059069531848593
22.032412912436065
22.005380236922495
21.97796730304658
21.950169862455024
21.92198362132788
21.893404241042695
21.86442733887858
21.83504848876356
21.80526322206768
21.775067028444532
21.74445535672443
21.713423615861355
21.681967175937917
21.65008136922978
21.61776149133403
21.585002802363626
21.55180052821149
21.51814986188805
21.484045964934474
21.44948396891476
21.41445897699617
21.378966065604452
21.343000286184456
21.306556667043168
21.26963021529537
21.23221591890943
21.19430874885846
21.155903661380584
21.116995600352052
21.077579499777514
21.037650286401018
20.99720288244236
20.956232208462215
20.914733186360767
20.872700742513487
20.83012981104856
20.78701533726998
20.7433522812302
20.69913562145703
20.65436035883831
20.60902152066884
20.563114164863332
20.516633384339578
20.469574311575503
20.42193212334405
20.37370204562966
20.324879358729746
20.27545940254477
20.22543758206012
20.174809373023024
20.12357032781727
20.07171608153869
20.019242358273427
19.96614497758176
19.912419861188894
19.858063039884637
19.803070660633114
19.747438993893297
19.69116444115089
19.634243542661658
19.576672985405878
19.518449611252493
19.459570425332345
19.400032604617394
22.781204101068802
22.329113109236417
21.892281314450674
21.46948682607635
21.05968287954139
20.6619673133653
20.275553613721492
19.89974871297235
19.533936152704847
19.17756312812147
18.83013034833295
18.49118397301083
18.160309106357808
17.83712447764907
17.521278038826367
17.212443279944686
16.910316112942922
16.614612209850186
16.32506470747944
16.041422209787456
15.763447033349593
15.490913652151297
15.223607306069598
14.961322743667825
14.70386307472047
14.451038711563783
14.202666381169344
13.958568191941117
13.718570740764756
13.482504246879008
13.250201699750988
13.021498008354039
12.79622913908078
12.574231228966315
12.3553396599236
12.139388078251159
11.926207341689327
11.715624373671455
11.507460900989559
11.301532046676769
11.097644744235279
10.895595932036239
10.695170477319042
10.496138767020833
10.298253886775042
10.101248288518166
9.904829819423373
9.708676947730972
9.512432970696146
9.31569892076398
9.118024789908718
8.918898556158686
8.717732300983606
8.5138444200901
8.306436502195334
8.094562794882377
7.877089145669206
7.6526366348572505
7.419502310446758
7.175544529721187
6.918011419076581
6.643273515738762
6.3463853851023995
6.020318837984197
