0.05746506954088063
0.05655090183573107
0.056059555338328966
0.05565694989303231
0.05527805586868681
0.054907698093470715
0.05454220959371667
0.054180634282134967
0.053822656699802
0.053468113632085396
0.05311687907702339
0.05276883737552256
0.052423877121988885
0.05208188993013534
0.05174277029529551
0.051406415672425744
0.051072726569073724
0.050741606612434945
0.05041296258637874
0.05008670444208325
0.0497627452869606
0.049441001356133704
0.04912139197007741
0.048803839481425505
0.048488269213422044
0.04817460939205938
0.047862791073579845
0.04755274806871886
0.04724441686481483
0.0469377365467054
0.04663264871715614
0.04632909741742528
0.046027029048449054
0.04572639229303421
0.04542713803936215
0.0451292193060415
0.044832591168889664
0.04453721068957906
0.04424303684624278
0.043950030466105565
0.0436581541601798
0.04336737226004205
0.04307765075669451
0.04278895724149519
0.04250126084913448
0.042214532202624944
0.04192874336026366
0.04164386776452268
0.04135988019281799
0.04107675671010425
0.040794474623242136
0.04051301243708195
0.04023234981220686
0.03995246752428076
0.03967334742494264
0.03939497240419342
0.039117326354220015
0.038840394134601476
0.03856416153884681
0.03828861526221132
0.03801374287074208
0.037739532771504616
0.03746597418394268
0.03719305711232688
0.03692077231924697
0.03664911130010652
0.036378066258578534
0.03610763008298231
0.03583779632354432
0.03556855917050633
0.03529991343304529
0.0350318545189719
0.034764378415174844
0.03449748166878042
0.034231161368996184
0.03396541512961167
0.033700241072127365
0.033435637809486066
0.03317160443038071
0.03290814048411524
0.032645245965993844
0.032382921303217495
0.03212116734126472
0.03185998533073754
0.03159937691465113
0.03133934411614937
0.0310798893266272
0.030821015294242544
0.03056272511280035
0.0303050222109937
0.030047910341984826
0.02979139357331196
0.0295354762771075
0.02928016312061326
0.02902545905698
0.028771369316337513
0.028517899397123583
0.02826505505765985
0.028012842307962818
0.02776126740177911
0.027510336828834074
0.02726005730728401
0.02701043577636142
0.026761479389204295
0.026513195505859965
0.026265591686454533
0.02601867568451941
0.025772455440467027
0.02552693907520679
0.02528213488389453
0.025038051329807496
0.024794697038337674
0.024552080791096467
0.024310211520124272
0.024069098302197785
0.023828750353229747
0.02358917702275377
0.023350387788489527
0.0231123922509818
0.022875200128308223
0.022638821250850323
0.022403265556122622
0.022168543083654953
0.021934663969923156
0.02170163844332318
0.021469476819184572
0.02123818949481886
0.02100778694459813
0.02077827971506074
0.020549678420039248
0.02032199373580749
0.020095236396242937
0.019869417188000827
0.01964454694569702
0.019420636547095606
0.019197696908299474
0.018975738978939703
0.018754773737361514
0.018534812185804463
0.018315865345573466
0.018097944252199148
0.01788105995058491
0.017665223490138368
0.01745044591988564
0.017236738283566422
0.017024111614708
0.016812576931677016
0.01660214523270728
0.016392827490902394
0.016184634649212253
0.015977577615382217
0.01577166725687418
0.015566914395759014
0.015363329803579672
0.015160924196184722
0.014959708228531913
0.014759692489461917
0.014560887496442288
0.01436330369028184
0.014166951429816005
0.013971840986563526
0.01377798253935564
0.01358538616893825
0.013394061852548593
0.013204019458467345
0.013015268740547871
0.012827819332724174
0.012641680743499188
0.012456862350415671
0.012273373394511695
0.012091222974763007
0.011910420042514937
0.011730973395906457
0.011552891674289276
0.011376183352644786
0.011200856736002626
0.011026919953863533
0.010854380954630639
0.010683247500052387
0.010513527159681487
0.010345227305353538
0.01017835510568949
0.010012917520626673
0.009848921295982402
0.009686372958055033
0.009525278808267104
0.00936564491785563
0.009207477122614147
0.009050781017692064
0.008895561952456084
0.008741825025419371
0.008589575079243536
0.008438816695819092
0.008289554191429712
0.008141791612006082
0.007995532728474697
0.007850781032207498
0.0077075397305777504
0.007565811742628077
