19.80943
28.16209904347382
28.024988134027183
27.887686308265568
27.75034150002989
27.61311151834033
27.476151731819197
27.339610968543777
27.20362936078483
27.068336778944683
26.933851575929484
26.800279596947533
26.667713454620255
26.53623207197015
26.40590048946038
26.276769924535007
26.148878065040925
26.022249572123034
25.8968967639061
25.772820448566524
25.650010874198976
25.528448763058577
25.40810639910993
25.28894874010767
25.170934528421707
25.054017378261687
24.938146820627658
24.82326929102413
24.709329048564058
24.596270070482834
24.48403373191286
24.37256239916421
24.26179922596931
24.151688572916502
24.042176438594637
23.933210815892377
23.824741978510154
23.716722703274723
23.60910843412694
23.50185739374019
23.394930648660594
23.28829213367617
23.1819086408522
23.07574977833945
22.96978790369363
22.863998036056014
22.758357751150594
22.652847062663774
22.547448293195586
22.442145937613926
22.33692652130702
22.2317784555182
22.126691891661004
22.021658576251813
21.9166717078612
21.811725797272313
21.70681653184387
21.60194064490519
21.497095790858236
21.3922804265271
21.28749369917496
21.182735341502486
21.07800557384718
20.97330501371943
20.86863459273731
20.763995480956435
20.65938901853319
20.554816654608544
20.45027989325461
20.345780246286267
20.241319192706097
20.13689814452062
20.032518418639338
19.928181214550193
19.82388759744083
19.71963848642685
19.615434647534137
19.511276691075263
19.40716507305544
19.30310010024165
19.199081938529233
19.09511062424419
18.991186078024683
18.88730812093388
18.783476492465805
18.679690870118318
18.575950890220398
18.472256169716193
18.368606328624367
18.265001012908296
18.16143991751091
18.05792280932614
17.954449549898154
17.851020117658415
17.747634629529774
17.644293361745504
17.54099678487024
17.437745522524335
17.33454045871998
17.2313826951801
17.12827358117096
17.02521472744786
16.922208018810778
16.819255625267644
16.716360011797615
16.613523946714274
16.51075050863857
16.408042235901615
16.30540352214702
16.202838584525164
16.10035178611199
15.997947815162833
15.89563168437812
15.79340872903852
15.691284604064586
15.589265280057502
15.487357038378736
15.385566465327196
15.283900445472783
15.182366154205344
15.08097104955721
14.979722863356963
14.878629591770776
14.777699485286478
14.676941038193815
14.57636297761274
14.475974252119787
14.375784020020543
14.27580163731437
14.176036645395387
14.076498758531818
13.97719785116358
13.878143945520824
13.779347196437513
13.680817882528421
13.582566389321194
13.484603197706114
13.386938870750285
13.289584040635914
13.192549395701162
13.095845667578223
12.999483618445838
12.903474028415934
12.807827683073281
12.71255536118562
12.617667822600911
12.523175796346592
12.429089968945119
12.335420972958643
12.242179375774764
12.149375668644394
12.057020255981708
11.965123444935447
11.87369543523986
11.782746309352952
11.692286022888757
11.602324395349962
11.512871101166152
11.42393566104268
11.335527433624373
11.247655607477695
11.160329193394562
11.073557011350301
10.987347713828864
10.901709717407787
10.816651254710125
10.73218034424014
10.648304786967449
10.565032147594739
10.482369804134356
10.400324861756493
10.318904202267992
10.238114466721749
10.15796205742148
10.078453104253416
9.999593521744032
9.921388950395414
9.843844776861983
9.766966129679274
9.690757877064403
9.615224625305663
9.540370717498456
9.466200232585038
9.392716984687548
9.31992452272866
9.247826130334737
9.176424826016357
9.105723363620806
9.035724233050956
8.966429661244787
8.897841613409522
8.829961794504227
8.762791650964473
8.696332372662527
8.63058489509637
8.565549901800567
8.501227826971991
8.437618858303168
8.374722940015802
