87663.108924
701775.0838765126
705134.0364407965
708886.3110645823
712808.0971461894
716774.8015270279
720712.6676524788
724577.2884186086
728342.4112232027
731993.4310402164
735523.3458225123
738930.1477995125
742215.0949816057
745381.5465864916
748434.1784675695
751378.4368536279
754220.1712559296
756965.3795256435
759620.0359122748
762189.9755558133
764680.8191880771
767097.9267652109
769446.3696422455
771730.9194196609
773956.0443377293
776125.9138209299
778244.4073183633
780315.1258447369
782341.4063803516
784326.3358976349
786272.7676858881
788183.335182914
790060.4688948569
791906.4087490981
793723.2196079515
795512.8042923339
797276.9158102995
799017.1679741973
800735.0490771383
802431.9290801535
804109.0715412605
805767.6407752441
807408.7106434527
809033.2722068971
810642.2404505829
812236.4610034777
813816.7151238295
815383.7258561564
816938.1638317297
818480.6496813509
820011.7602435747
821532.0312643778
823041.9618159684
824542.0162616278
826032.628893381
827514.205042495
828987.1250599084
830451.7455946716
831908.4016011473
833357.4094706262
834799.0673644303
836233.6577035667
837661.4488838831
839082.6954335028
840497.640705595
841906.5172202174
843309.5476974874
844706.9463135939
846098.9197889665
847485.6670634414
848867.382418489
850244.2532252402
851616.4624734964
852984.1891000804
854347.6083970065
855706.8921046809
857062.2093578585
858413.7271086132
859761.610085975
861106.021557404
862447.1238701057
863785.0776081638
865120.0437945694
866452.1817984057
867781.6519601234
869108.6139528657
870433.2281807913
871755.654861287
873076.0559505387
874394.5930116482
875711.4296162975
877026.7293237462
878340.6579548137
879653.3823355808
880965.0706424201
882275.892682732
883586.0202209897
884895.6265582638
886204.8872025869
887513.9791503998
888823.0816778798
890132.3766978247
891442.0476217206
892752.280398234
894063.2636574437
895375.1877625699
896688.2464686208
898002.6353944192
899318.5529889974
900636.200156425
901955.7810500683
903277.5023278955
904601.5727136291
905928.2051689699
907257.6148426185
908590.0196711184
909925.6406744202
911264.7028642965
912607.4328343351
913954.0616020455
915304.8227585445
916659.953014286
918019.6931980172
919384.2865549072
920753.9805519184
922129.0246673293
923509.6735011978
924896.1843134237
926288.818045164
927687.8390861676
929093.5158603872
930506.1204629091
931925.9279382674
1486749.0970917023
1479586.171991182
1472684.038503614
1466037.8910014383
1459642.1763180576
1453490.9176357694
1447577.9312012147
1441896.9627209804
1436441.7800646527
1431206.2301743326
1426184.2795482764
1421370.0358037536
1416757.7642971873
1412341.896938234
1408117.0344999896
1404077.951041845
1400219.5902425153
1396537.0657875424
1393025.6572836707
1389680.8069995437
1386498.1169053514
1383473.340742421
1380602.3854661467
1377881.301408009
1375306.2811322743
1372873.6530612586
1370579.8778052141
1368421.5449571116
1366395.366219678
1364498.17314754
1362726.9124350073
1361078.642357957
1359550.5288357772
1358139.8408327727
1356843.9479725333
1355660.3161302188
1354586.505514625
1353620.1651935263
1352759.0320019836
1352000.926460568
1351343.7500438362
1350785.4833948805
1350324.1809399622
1349957.9719574745
1349685.0563578622
1349503.7014318395
1349412.2419918387
1349409.0769905788
1349490.9261926739
1349659.7813204455
1349912.4940581797
1350249.4796299217
1350665.8940887642
1351162.2539606404
1351737.367337996
1352390.0992699147
1353119.3697979788
1353924.1591317996
1354803.5076399057
1355756.5209633482
1356782.3774648746
1357880.3381368492
1359049.7594858578
1360290.1204385194
1361601.0582925514
1362982.4272981153
