1.5008
1.5043343472330748
1.5030292144341426
1.502028207812005
1.5013124642604796
1.500796455279388
1.500421482259776
1.500147569832327
1.499946924789137
1.4997998482888337
1.499692163603536
1.4996135516842612
1.4995564408613085
1.4995152453569187
1.4994858306735264
1.4994651311548182
1.4994508724176536
1.4994413677246656
1.4994353674608265
1.4994319472999726
1.4994304248622052
1.4994302975109188
1.499431195913745
1.4994328493937585
1.4994350601112154
1.49943768386027
1.499440615817317
1.4994437799905656
1.499447121430818
1.499450600497377
1.4994541886495498
1.4994578653674493
1.499461615906237
1.499465429663533
1.4994692989964873
1.4994732183675163
1.4994771837294605
1.4994811920845585
1.4994852411691706
1.4994893292291662
1.4994934548604462
1.4994976168960965
1.4995018143268146
1.499506046244982
1.4995103118055009
1.4995146101984616
1.4995189406301415
1.499523302309851
1.4995276944408709
1.4995321162142472
1.4995365668045824
1.4995410453672138
1.4995455510363627
1.4995500829239614
1.4995546401189588
1.4995592216869644
1.4995638266701374
1.499568454087255
1.499573102933916
1.4995777721828516
1.4995824607843173
1.4995871676665589
1.499591891736339
1.4995966318795182
1.4996013869616855
1.4996061558288385
1.4996109373081044
1.499615730208508
1.499620533321778
1.499625345423194
1.4996301652724733
1.4996349916146952
1.4996398231812613
1.4996446586908927
1.49964949685066
1.4996543363570485
1.499659175897053
1.4996640141493047
1.499668849785227
1.499673681470217
1.499678507864855
1.4996833276261357
1.4996881394087223
1.4996929418662215
1.4996977336524733
1.4997025134228599
1.499707279835625
1.499712031553206
1.4997167672435723
1.4997214855815717
1.4997261852502781
1.4997308649423402
1.499735523361328
1.4997401592230724
1.499744771256999
1.4997493582074481
1.4997539188349838
1.499758451917681
1.4997629562523982
1.4997674306560227
1.4997718739666912
1.4997762850449832
1.499780662775079
1.4997850060658868
1.499789313852131
1.4997935850953985
1.499797818785147
1.4998020139396644
1.4998061696069822
1.4998102848657409
1.499814358826002
1.499818390630007
1.499822379452884
1.4998263245032923
1.4998302250240152
1.499834080292489
1.4998378896212734
1.4998416523584626
1.499845367888031
1.499849035630121
1.4998526550412656
1.4998562256145487
1.4998597468797057
1.4998632184031602
1.4998666397879996
1.49987001067389
1.4998733307369334
1.499876599689463
1.4998798172797847
1.4998829832918594
1.4998860975449333
1.499889159893114
1.499892170224897
1.499895128462642
1.4998980345620023
1.499900888511311
1.499903690330922
1.4999064400725142
1.499909137818354
1.499911783680525
1.4999143778001245
1.499916920346428
1.4999194115160273
1.4999218515319421
1.49992424064271
1.4999265791214547
1.4999288672649373
1.4999311053925928
1.4999332938455514
1.499935432985652
1.4999375231944478
1.4999395648722018
1.4999415584368847
1.4999435043231677
1.4999454029814174
1.4999591674853485
1.4999491526172033
1.4999508308358764
1.4999525392023918
1.499954206602004
1.4999558310683003
1.4999574123915271
1.4999589507893836
1.4999604466672611
1.4999619005162428
1.4999633128676668
1.4999646842726233
1.4999660152924708
1.4999673064942192
1.4999685584480673
1.499969771725898
1.49997094690021
1.499972084543249
1.499973185226246
1.499974249518713
1.4999752779877775
1.4999762711975504
1.4999772297085203
1.4999781540769774
1.4999790448544594
1.4999799025872262
1.4999807278157593
1.499981521074283
1.4999822828903169
1.4999830137842471
1.4999837142689243
1.4999843848492855
1.4999850260219993
1.4999856382751342
1.4999862220878495
1.4999867779301077
1.49998730626241
1.4999878075355524
1.4999882821904014
1.4999887306576904
1.4999891533578367
1.4999895507007757
1.4999899230858142
1.499990270901501
