625779.8936999999
244228.92498239732
242913.09697173152
241646.4063788077
240434.1468115524
239279.5041584848
238184.03947525626
237148.07373459134
236170.99272918934
235251.4885924315
234387.75082214712
233577.616957094
232818.69095035756
232108.4356485385
231444.24450496564
230823.49664505306
230243.6019441753
229702.02436094417
229196.30696151085
228724.09281583232
228283.1324287106
227871.2900803939
227486.54691530872
227127.00152703136
226790.8686422453
226476.47638794885
226182.26252956042
225906.77053430432
225648.64246294583
225406.6169002053
225179.52150976114
224966.2681472261
224765.8475386899
224577.32409438447
224399.83090473688
224232.56495155033
224074.78255571928
223925.79507384778
223784.964849163
223651.70141675067
223525.45795902738
223405.72800440493
223292.0423598846
223183.96626687376
223081.0967685472
222983.0602765654
222889.5103247566
222800.12549744156
222714.60752030474
222632.67950213508
222554.08431620183
222478.58311063627
222405.95393772563
222335.99049269097
222268.5009531003
222203.30691071568
222140.24238813188
222079.15293317978
222019.89478458624
221962.33410292186
221906.34626133807
221851.8151910851
221798.63277718364
221746.69830006367
221695.91791931813
221646.20735456553
221597.4822751856
221549.66641597197
221502.68897451437
221456.48398098745
221410.9899672302
221366.1496597665
221321.90969482812
221278.22035358284
221235.0353159481
221192.31143152862
221150.00850633826
221108.08910408337
221066.5183609287
221025.26381271498
220984.2952337271
220943.58448616767
220903.10537957295
220862.83353946055
220822.74628457747
220782.8225121374
220743.04259052235
220703.38825892334
220663.84253348163
220624.38961947736
220585.01482918306
220545.70450501246
220506.44594762262
220467.22734864696
220428.03772777406
220388.8668738922
220349.70529004096
220310.54414194365
220271.3752098806
220232.19084370875
220192.98392082285
220153.74780689066
220114.4763191696
220075.1636922616
220035.80454615224
219996.39385638834
219956.92692626713
219917.39936090718
219877.8070430881
219838.14611075
219798.4129360462
219758.604105849
219718.71640363045
219678.7467926115
219638.69240012052
219598.5505030643
219558.31851446052
219517.993970945
219477.57452120312
219437.05791526244
219396.44199458524
219355.72468291776
219314.9039778387
219273.98813296616
219232.95890852847
219191.8193797786
219150.56594269094
219109.1905424205
219067.7037342261
219026.11555793963
218984.3982416959
218942.5757922856
218900.62872544365
218858.55644819213
218816.34476962566
218774.00137747452
218731.53736818675
218688.94807272736
218646.23099127243
218603.3838778832
218560.404675305
218517.29146516407
218474.0424302751
218430.65582618694
218387.12995975118
218343.46317300448
218299.6538310869
218255.70031321316
218211.60100595094
218167.3542982325
218122.95857768875
218078.412227965
218033.71362677883
217988.86114453923
217943.8531433823
217898.68797652173
217853.36398783646
217807.87951162973
217762.2328725256
217716.42238546058
217670.4463557515
217624.30307921572
217577.99084233886
217531.50792246492
217484.85258801884
217438.0230987413
217391.01770593692
217343.83465273408
217296.47217435006
217248.92849836388
217201.20184498795
217153.2904273509
217105.1924517694
217056.90611803505
217008.42961968784
216959.76114430017
216910.89887375245
216861.84098450944
216812.14461323735
216762.57477247147
216712.89911181034
216663.03910458722
216612.98670107688
216563.24002794054
216512.82020493026
216462.15766544192
216411.26452592807
216360.1450511221
216308.80309925036
216257.24047840998
216205.4575980897
216153.4539261851
216101.2279767766
216048.77878619666
215996.10432365575
215943.20260862785
215890.07158513373
215836.70949233105
215783.1136428181
