0.00011319283934802313
0.00011797552560372745
0.00012237980976026127
0.00012650548191646302
0.00013041494507686873
0.00013414933864639176
0.00013773720325565097
0.0001411996927922294
0.00014455361367152685
0.00014781309277450073
0.00015099040913697144
0.00015409634137837953
0.000157140256498998
0.0001601300798522757
0.0001630722290215244
0.0001659715573298028
0.0001688313294728209
0.0001716532377271159
0.00017443745913612433
0.00017718274978412702
0.00017988657024539274
0.0001825452355767175
0.00018515408320609917
0.00018770765241272916
0.00019019986959961012
0.00019262423413779448
0.00019497400016725393
0.0001972423503597385
0.00019942255827837109
0.0002015081365976122
0.00020349296907082686
0.00020537142473932068
0.00020713845345318076
0.00020878966231054711
0.00021032137310895174
0.0002117306613312768
0.00021301537756091384
0.0002141741525263991
0.00021520638722596002
0.0002161122297682994
0.0002168925406983148
0.00021754884865185362
0.00021808329820937992
0.00021849859179791796
0.00021879792742446986
0.00021898493392381662
0.00021906360526979124
0.00021903823534174483
0.00021891335436129809
0.0002186936680286513
0.00021838400019823288
0.00021798923974327542
0.00021751429208117753
0.00021696403566395044
0.00021634328358379178
0.00021565675031560527
0.0002149090234986228
0.00021410454057226876
0.0002132475700010262
0.0002123421967730184
0.00021139231181524994
0.00021040160494559018
0.0002093735609729732
0.00020831145855570833
0.00020721837143838017
0.00020609717170527795
0.00020495053470830313
0.00020378094535391668
0.00020259070546117396
0.00020138194193148134
0.00020015661550020652
0.00019891652986712787
0.0001976633410335233
0.0001963985666944839
0.0001951235955637165
0.00019383969652725573
0.00019254802754256313
0.00019124964421840854
0.00018994550802633374
0.0001886364941058279
0.0001873233986410861
0.00018600694579413554
0.00018468779418909993
0.0001833665429486424
0.00018204373729008403
0.0001807198736929035
0.00017939540465246851
0.00017807074303843762
0.00017674626607753173
0.00017542231898188938
0.00017409921824511535
0.00017277725462773856
0.0001714566958553699
0.00017013778904941313
0.00016882076291387113
0.000167505829696579
0.00016619318694512634
0.00016488301907631217
0.00016357549877531004
0.0001622707882414687
0.00016096904029574272
0.00015967039936351618
0.0001583750023451631
0.0001570829793872429
0.0001557944545635211
0.00015450954647704287
0.00015322836879093842
0.0001519510306964178
0.0001506776373252623
0.00014940829011297546
0.00014814308711815332
0.00014688212330425128
0.00014562549078653904
0.00014437327905024376
0.00014312557514191285
0.00014188246383822683
0.00014064402779440747
0.0001394103476749784
0.0001381815022692662
0.0001369575685926143
0.00013573862197619325
0.0001345247361461233
0.00013331598329322758
0.0001321124341345787
0.00013091415796821095
0.00012972122272089713
0.00012853369499091148
0.00012735164008527062
0.0001261751220528729
0.00012500420371364723
0.00012383894668405656
0.0001226794113993589
0.00012152565713334935
0.0001203777420154263
0.00011923572304496329
0.00011809965610428225
0.00011696959596909319
0.00011584559631760964
0.0001147277097379183
0.00011361598773399032
0.00011251048073032796
0.00011141123807553602
0.00011031830804445519
0.0001092317378398561
0.00010815157359260645
0.00010707786036154681
0.00010601064213187958
0.00010494996181375607
0.00010389586123950888
0.0001028483811604762
0.00010180756124342673
0.00010077344006652918
9.974605511453639e-05
9.872544277406115e-05
9.771163832815929e-05
9.670467595069353e-05
9.570458870049539e-05
9.471140851540111e-05
9.372516620575746e-05
9.274589144816006e-05
9.177361277899884e-05
9.080835758762036e-05
8.985015210996665e-05
8.889902142161794e-05
8.795498943131785e-05
8.70180788745055e-05
8.608831130657113e-05
8.51657070966228e-05
8.425028542110064e-05
8.33420642578123e-05
8.244106037993129e-05
8.154728935046238e-05
8.066076551649392e-05
7.978150200436165e-05
7.890951071463517e-05
7.804480231748393e-05
7.718738624865424e-05
7.633727070545962e-05
7.549446264331701e-05
7.465896777278707e-05
7.383079055684132e-05
7.300993420881734e-05
7.219640069056514e-05
7.139019071123481e-05
7.059130372678339e-05
6.979973793946133e-05
6.901549029838009e-05
6.823855650033382e-05
6.746893099127982e-05
6.670660696845742e-05
6.595157638298754e-05
6.520382994321293e-05
6.446335711852175e-05
6.373014614399426e-05
6.300418402557011e-05
6.228545654569954e-05
6.157394827018028e-05
6.086964255509509e-05
6.01725215547433e-05
