-32.194686214754604
12.575991174133595
1.4778850863961304
-32.62117901290229
12.589889775345753
1.4762518825544864
-32.89182259992887
12.589991413622013
1.475424916252759
-33.06331378748473
12.587848248921151
1.474934534486961
-33.16521665200203
12.585444569530674
1.4746303957408093
-33.216690357047675
12.58311578311153
1.474447780012154
-33.23114725916355
12.580894937001023
1.4743499095497064
-33.21826526576713
12.57876625628295
1.4743126722285682
-33.185124033658475
12.576711118293552
1.4743192650761605
-33.13693980737104
12.574714738257743
1.4743576575058397
-33.077571257400415
12.572766030527639
1.4744191171754055
-33.00987878389599
12.570856665035539
1.4744972575967086
-32.93598449402331
12.568980286200468
1.474587389083473
-32.85746259492388
12.567131960229661
1.474686062655213
-32.77547996523309
12.56530779156852
1.4747907430000025
-32.69090049934411
12.56350465371327
1.4748995706198262
-32.60436281464012
12.561719997065557
1.4750111870809715
-32.51633821990953
12.55995170962988
1.4751246057280087
-32.42717398011575
12.558198014740256
1.4752391155994966
-32.33712559345605
12.556457395252785
1.4753542098326526
-32.2463808443483
12.554728536953965
1.4754695322563132
-32.155077698421266
12.553010286090366
1.475584837554239
-32.063317588869
12.55130161736552
1.4756999615794686
-31.971175258031206
12.549601609738142
1.4758147992706547
-31.878706028498666
12.547909428058459
1.4759292882611328
-31.78595116034058
12.546224309078749
1.4760433967471729
-31.69294178670054
12.544545550746452
1.4761571145377872
-31.599701796321227
12.542872503960734
1.4762704464760523
-31.5062499381189
12.54120456617796
1.4763834076237965
-31.412601352820246
12.539541176405239
1.4764960197535697
-31.318768683930305
12.537881811236831
1.4766083088068265
-31.224762880785487
12.536225981675036
1.4767203030637563
-31.130593776985435
12.53457323054317
1.4768320318352917
-31.036270505449504
12.532923130346338
1.4769435245367846
-30.941801795107875
12.531275281474048
1.4770548100394632
-30.847196182040843
12.529629310664019
1.4771659162229798
-30.752462159053934
12.527984869669192
1.4772768696729428
-30.657608281058735
12.526341634083867
1.4773876954821878
-30.562643238840632
12.524699302295796
1.4774984171258743
-30.467575910283582
12.523057594540486
1.4776090563886215
-30.37241539556235
12.521416252039064
1.4777196333280156
-30.277171040932895
12.519775036206044
1.4778301662631883
-30.181852454505474
12.518133727916045
1.4779406717803338
-30.086469516264994
12.51649212682218
1.4780511647495473
-29.9910323840591
12.514850050718431
1.4781616583488562
-29.89555149671356
12.513207334941827
1.4782721640926335
-29.80003757504788
12.511563831810223
1.478382691862487
-29.704501621435732
12.509919410091364
1.4784932499391978
-29.608954918190786
12.508273954501218
1.478603845034953
-29.513409025147535
12.506627365228551
1.4787144823251306
-29.41787577654055
12.5049795574834
1.4788251654794615
-29.322367277328528
12.503330461067618
1.4789358966921886
-29.226895899039892
12.501680019965537
1.4790466767112471
-29.131474275166273
12.500028191952557
1.4791575048663597
-29.036115296145386
12.498374948221606
1.4792683790961718
-28.940832103937282
12.496720273023548
1.4793792959743177
-28.84563808619252
12.49506416332235
1.479490250734685
-28.750546870017047
12.493406628462566
1.4796012372958296
-28.655572315318214
12.491747689847656
1.4797122482846754
-28.56072850772064
12.49008738062897
1.4798232750596698
-28.466029751049163
12.488425745403093
1.4799343077334206
-28.371490559357053
12.48676283991749
1.4800453351948826
-28.277125648489353
12.485098730781843
1.4801563451314963
-28.18294992717266
12.483433495186473
1.4802673240508437
-28.088978487615634
12.481767220624192
1.4803782573024908
-27.9952265956214
12.480100004617015
1.480489129099798
-27.90170968018042
12.478431954444904
1.4805999225418287
-27.808443322556837
12.476763186877315
1.4807106196355686
-27.71544324485951
12.47509382790544
1.4808212013184192
-27.622725298082315
12.47342401247513
1.4809316474811751
-27.530305449620798
12.471753884220167
1.481041936991509
-27.438199770258304
12.470083595193653
1.4811520477180062
-27.34642442062861
12.468413305598505
1.4812619565549572
-27.25499563715596
12.466743183515577
1.4813716394478824
-27.16392971747473
12.465073404629138
1.481481071419897
-27.073243005345727
12.463404151949007
1.481590226598967
-26.982951875068142
12.461735615529104
1.481699078246208
-26.893072715399498
12.460067992181253
1.4818075987851145
-26.803621913030476
12.458401485185464
1.4819157598319679
-26.71461583556953
12.456736303993996
1.4820235322273638
-26.62607081413274
12.455072663931006
1.4821308860688813
-26.538003125500172
12.45341078588648
1.4822377907450393
-26.450428973900042
12.451750896004109
1.4823442149704782
-26.36336447244576
12.450093225363608
1.4824501268223742
-26.276825624242957
12.448438009656783
1.4825554937782728
-26.190828303212594
12.446785488857369
1.4826602827550939
-26.10538823467163
12.445135906884694
1.4827644601495025
-26.020520975695923
12.443489511261754
1.4828679918796366
-25.93624189532916
12.441846552766377
1.4829708434280306
-25.852566154652084
12.440207285077099
1.4830729798858544
-25.769508686798325
12.438571964413008
1.48317436599838
-25.687084176927517
12.436940849168561
1.4832749662116937
-25.605307042242693
12.435314199542267
1.483374744720421
-25.524191412071485
12.433692277161699
1.4834736655167047
-25.4437511080981
12.432075344703447
1.4835716924400906
-25.36399962477233
12.430463665508952
1.4836687892284077
-25.284950109982457
12.4288575031976
1.4837649195694906
-25.20661534602502
12.42725712127617
1.4838600471536993
-25.1290077309461
12.425662782746457
1.4839541357270423
-25.052139260316082
12.424074749711545
1.4840471491449538
-24.976021509474105
12.422493282980358
1.4841390514264081
-24.90066561633946
12.420918641672936
1.4842298068084152
-24.826082264804835
12.419351082826221
1.484319379800687
-24.752281668811968
12.417790861000633
1.4844077352403429
-24.679273557132433
12.416238227889963
1.4844948383464953
-24.607067158924977
12.414693431933747
1.4845806547746387
-24.53567119012208
12.413156717934468
1.484665150670618
-24.4650938406908
12.411628326679073
1.4847482927240356
-24.39534276281608
12.41010849456708
1.4848300482209802
-24.326425060055257
12.40859745324552
1.4849103850958536
-24.258347277510254
12.40709542925157
1.4849892719822093
-24.19111539303287
12.405602643664421
1.485066678262389
-24.124734809536463
12.404119311766829
1.4851425741158324
-24.059210348401173
12.40264564271709
1.485216930565882
-23.99454624403571
12.401181839233503
1.4852897195249608
-23.930746139596636
12.399728097290184
1.4853609138379482
-23.867813083877984
12.398284605827703
1.4854304873236492
-23.805749529418048
12.396851546476599
1.4854984148141768
-23.744557331775287
12.395429093296773
1.4855646721921754
-23.684237750035106
12.394017412532294
1.485629236425709
-23.624791448508127
12.392616662382444
1.4856920856007614
-23.566218499617495
12.391226992790392
1.4857531989512074
-23.508518387980033
12.389848545248444
1.4858125568861948
-23.45169001564766
12.388481452622354
1.4858701410148154
-23.395731708507363
12.387125838993486
1.4859259341680704
-23.34064122378789
12.38578181952038
1.4859799204180044
-23.28641575866709
12.384449500318535
1.4860320850939703
-23.23305195993527
12.38312897836077
1.4860824147961114
-23.180545934684407
12.381820341395962
1.4861308974057919
-23.128893261974863
12.380523667888246
1.486177522093285
-23.07808900542933
12.379239026974894
1.4862222793224542
-23.028127726733054
12.377966478444486
1.4862651608526083
-22.97900349995704
12.376706072733628
1.4863061597374705
-22.930709926675398
12.375457850943256
1.4863452703213698
-22.88324015180761
12.374221844873624
1.4863824882326762
-22.836586880145212
12.372998077077115
1.4864178103745047
-22.79074239348714
12.371786560930204
1.4864512349128505
-22.745698568337573
12.370587300721299
1.4864827612621352
-22.70144689410298
12.36940029175715
1.4865123900683237
-22.657978491728436
12.368225520484252
1.4865401231897206
-22.61528413271346
12.36706296462675
1.4865659636754638
-22.573354258447964
12.365912593338763
1.486589915741925
-22.532178999807783
12.364774367371348
1.4866119847470773
-22.491748196953186
12.363648239252973
1.4866321771630124
-22.4520514192774
12.362534153482125
1.4866505005466104
-22.413077985432043
12.36143204673238
1.486666963508632
-22.37481698340275
12.360341848068098
1.4866815756813143
-22.337257290556458
12.359263479170627
1.4866943476845553
-22.300387593628432
12.358196854573498
1.4867052910908833
-22.26419640858126
12.357141881905934
1.4867144183893342
-22.22867210031851
12.356098462144523
1.4867217429483266
-22.193802902173168
12.35506648987085
1.4867272789777493
-22.159576935162903
12.354045853535176
1.4867310414902977
-22.125982226948224
12.353036435725716
1.4867330462622976
-22.093081497714152
12.352051007496119
1.4867433850282137
-22.060633142538318
12.351050879424205
1.4867319234984742
-22.028861236660745
12.350074191666595
1.4867286964261293
-21.99767159613077
12.3491083561984
1.486723837034853
-21.967052093641293
12.34815308429892
1.4867173114809127
-21.936990847345506
12.347208220258345
1.4867091377288255
-21.90747585572972
12.346273612192789
1.4866993351988451
-21.87849509221629
12.345349105564711
1.4866879240595268
-21.850036558843193
12.344434542653111
1.4866749250347544
-21.822088318000905
12.343529762702111
1.4866603592831678
-21.794638514031927
12.342634602165765
1.4866442483216205
-21.76767539004355
12.341748894970552
1.486626613970454
-21.74118730229916
12.34087247277758
1.4866074783090446
-21.71516273322454
12.340005165243701
1.4865868636364266
-21.689590303491332
12.339146800277135
1.486564792434567
-21.664458783397233
12.338297204289455
1.4865412873333812
-21.63975710359977
12.337456202441706
1.4865163710770553
-21.615474365295515
12.33662361888454
1.4864900664914176
-21.591599849812663
12.335799276993264
1.4864623964524355
-21.568123027669003
12.334982999595477
1.486433383855765
-21.545033567095796
12.334174609192985
1.4864030515873108
-21.522321342028242
12.333373928177009
1.4863714224949296
-21.499976439582895
12.332580779036254
1.4863385193611718
-21.477989167029424
12.331794984558613
1.4863043648771752
-21.4563500582674
12.331016368025224
1.486268981617595
-21.43504987981684
12.330244753398247
1.4862323920167504
-21.414079636347044
12.329479965501017
1.4861946183457644
-21.393430575745022
12.328721830191355
1.4861556826909195
-21.373094193732722
12.327970174528007
1.4861156069330812
-21.353062238060105
12.327224826929605
1.4860744127282055
-21.333326712283064
12.326485617327355
1.4860321214889816
-21.313879879141403
12.325752377310234
1.485988754367506
-21.294714263532576
12.32502494026385
1.485944332239043
-21.27582265513305
12.324303141502561
1.4858988756868596
-21.257198110638
12.323586818395013
1.4858524049880313
-21.238833955674163
12.322875810483298
1.4858049401003042
-21.220723786359247
12.32216995959607
1.4857565006499174
-21.20286147056009
12.321469109955553
1.4857071059204332
-21.185241148826638
12.320773108278177
1.4856567748424276
-21.167857235047578
12.320081803870762
1.4856055259842131
-21.150704416814204
12.319395048719741
1.4855533775433347
-21.133777655516933
12.318712697575863
1.485500347339014
-21.117072186179456
12.318034608034035
1.4854464528054403
-21.100583517063328
12.317360640607342
1.4853917109857726
-21.08430742900737
12.316690658797423
1.485336138527068
