8.055694982101635
8.018689654918989
8.008280355226173
8.015065932695025
8.033940220714566
8.061590391142165
8.095691351211387
8.134559654588362
8.17695945740306
8.221976952762338
8.268933655100154
8.317324577673213
8.3667733444535
8.41699921256011
8.467792654482201
8.51899718600471
8.570495800992951
8.622200829987538
8.674046356099996
8.725982546707248
8.777971422419375
8.82998370458315
8.881996471591759
8.933991420917504
8.985953583943804
9.03787037852976
9.089730912855606
9.141525475722027
9.193245164810058
9.244881616720159
9.29642681187471
9.347872934321156
9.399212271676953
9.450437144341047
9.501539855984745
9.552512659477056
9.603347733981254
9.654037170125035
9.704572961001437
9.754946997382294
9.805151065981539
9.855176849935743
9.905015930907304
9.954659792388709
10.004099823908144
10.0533273259249
10.102333515266002
10.151109530998049
10.199646440660974
10.24793524681
10.29596689382834
10.343732274982461
10.391222239698688
10.438427601044355
10.485339143399285
10.531947630305073
10.578243812480377
10.624218435990574
10.669862250559973
10.715166018014525
10.760120520841932
10.804716570855822
10.848945017949488
10.892796758923973
10.936262746374434
10.979333997617744
11.022001603643686
11.064256738070927
11.106090666088415
11.147494753362077
11.188460474886
11.22897942375654
11.269043319847476
11.308644018363713
11.347773518250689
11.38642397043645
11.424587685883091
11.462257143424306
11.499424997365448
11.536084084823656
11.572227432784379
11.607848264852684
11.642940007677067
11.677496297024653
11.711510983487747
11.744978137802068
11.777892055758537
11.810247262691616
11.842038517528346
11.873260816384134
11.903909395692304
11.933979734856797
11.963467558418603
11.992368837728971
12.020679792123742
12.04839688959601
12.07551684696536
12.10203662954522
12.127953450311026
12.153264768574552
12.177968288172028
12.202061955175175
12.225543955137278
12.248412709887434
12.270666873889045
12.2923053301798
12.313327185912414
12.333731767517138
12.353518615508436
12.372687478959632
12.391238309670518
12.409171256054256
12.426486656770248
12.443185034131115
12.459267087311677
12.474733685388891
12.489585860241506
12.503824799338027
12.517451838442124
12.530468454263305
12.542876257080982
12.554676983368983
12.565872488446768
12.576464739182741
12.586455806773909
12.595847859625112
12.604643156349429
12.612844038910268
12.62045292592405
12.627472306141055
12.633904732120293
12.639752814112562
12.64501921416481
12.649706640456587
12.653817841878483
12.657355602860285
12.660322738455758
12.662722089688735
12.664556519164423
12.66582890694814
12.666542146712466
12.666699142152767
12.666302803669636
12.665356045316072
12.663861782005956
12.661822926979948
12.659242389523511
12.656123072931827
12.652467872715153
12.648279675038102
12.643561355385437
12.638315777447167
12.632545792214897
12.626254237281545
12.619444281741927
12.612118794923882
12.604279062096456
12.59592914536625
12.587071722873203
12.577709499274134
12.56784519216464
12.557481518654555
12.546621189394203
12.535266906421704
12.52342136281512
12.511087243206232
12.498267224729283
12.484963978211935
12.471180169519805
12.45691846101226
12.44218151308788
12.426971985806704
12.41129254058123
12.395145841929285
12.378534559283393
12.361461368851666
12.343928955525415
12.325940014829046
12.307497254907956
12.28860339855034
12.269261185238737
12.249473373227596
12.229242741643098
12.20857209260129
12.1874642533411
12.16592207836855
12.14394845160886
12.121546288562541
12.098718538462487
12.07546818642822
12.051798255614237
12.027711809348686
12.003211953259179
11.978301837382148
11.95298465825241
11.927263660969356
11.901142141236344
11.874623447369538
11.84771098227307
