18.515334876656382
18.50352344351786
18.490634327584385
18.476835135995316
18.462186716919657
18.446736368854282
18.43052320116054
18.413583489749147
18.395952640780553
18.377666614508783
18.358762886962396
18.33928118424253
18.319264124412072
18.298757847814684
18.277812688090403
18.25648392209609
18.234832631377035
18.212926707549236
18.190842037310908
18.168663909106147
18.14648869260874
18.124425854468136
18.10260038978512
18.081155769499684
18.06025753053336
18.040097669772496
18.020900046811082
18.002927056171124
17.986487900014705
17.971948879311313
17.959746225615145
17.950403614759534
17.944546319988984
17.942934364920077
17.946487373072916
17.95632227613789
17.973795316765806
18.00054700824934
18.03854266524781
18.090091775004748
18.157812266003727
18.244477017724414
18.352639913572137
18.48390429427529
18.637727984291832
18.809880897551235
18.99119356919339
19.167829514595557
19.324102499133602
19.447113116025886
19.530501351996545
19.57501890966986
19.58626203015369
19.571631566829492
19.538162005991445
19.491539547031863
19.43594910688553
19.37429890293092
19.308539008917332
19.239948239783615
19.16935381458069
19.097286531577776
19.024085568255956
18.94996740943995
18.875070463198163
18.79948365493065
18.72326464329203
18.646451382028566
18.569069439209436
18.491132144941723
18.41266115423011
18.333666794332437
18.254148584296093
18.174117605857962
18.093580312562246
18.012542798846372
17.931010986303583
17.848990738590082
17.766487931910802
17.68350810257049
17.600058033876728
17.51614347046772
17.43177061119664
17.346945761467477
17.261675331806302
17.175965835423167
17.089823885109865
17.003256189739965
16.916269550568202
16.828870857452717
16.74106708508653
16.652865289288616
16.564272603389668
16.475296234735563
16.38594346131898
16.296221628549272
16.206138146151204
16.115700485224142
16.024916175418365
15.933792802257372
15.842338004589156
15.750559472165941
15.658464943345102
15.566062202908288
15.473359079991631
15.380363446122441
15.28708321335616
15.193526332507252
15.099700791469777
15.005614613619606
14.91127585629449
14.816692609345276
14.721872993752752
14.626825160305334
14.531557288331518
14.436077584482778
14.340394281561371
14.24451563738887
14.148449933710586
14.052205475131895
13.955790588081898
13.85921361980124
13.762482937349947
13.665606926631957
13.568593991433245
13.471452552470401
13.374191046446947
13.276817925114687
13.17934165433774
13.081770713156924
12.984113592852326
12.886378796002452
12.78857483553785
12.690710233787541
12.592793521517303
12.494833236957566
12.396837924820336
12.298816135303971
12.200776423084084
12.102708957118672
12.004665225159517
11.90662446273278
11.808599894911891
11.710600103365511
11.612633661388541
11.514709136311007
11.416835089175903
11.319020074147794
11.22127263772579
11.123601317812371
11.026014642676031
10.928521129834365
10.83112928487484
10.733847600226385
10.636684553889248
10.539648608128532
10.44274820813434
10.345991780651373
10.249387732578345
10.152944449538458
10.056670294420822
9.960573605893398
9.864662696887102
9.768945853050585
9.673431331176257
9.578127357596642
9.483042126551284
9.388183798523377
9.293560498546881
9.199180314482716
9.105051295265076
9.011181449116785
8.917578741734287
8.824251094441939
8.731206382315813
8.638452432277015
8.545997021154552
8.453847873718718
8.362012660684279
8.270498996684793
8.17931443821831
8.08846648156456
7.997962560675462
7.907810045038419
7.8180162375147235
7.7285883721529
7.63953361197893
7.550859046764503
7.462571690774365
7.374678480494742
7.287186272344268
7.200101840369131
7.113431873924776
7.027182975345582
6.941361657605161
6.8559743419698
6.771027355646521
6.686526929429874
6.602479195348281
6.518890184314635
