11.814806850850635
11.817793403491429
11.820750964473461
11.823679639022313
11.826579505417397
11.82945063756296
11.832293109107368
11.835106994106793
11.83789236703148
11.840649302668117
11.843377876024222
11.846078162251402
11.848750236587158
11.851394174312173
11.85401005072007
11.856597941096938
11.85915792070863
11.861690064793983
11.864194448562671
11.866671147196538
11.869120235853508
11.871541789673387
11.873935883784979
11.876302593314055
11.878641993391842
11.880954159163764
11.88323916579817
11.885497088494951
11.887728002493878
11.889931983082597
11.892109105604172
11.894259445464186
11.896383078137356
11.898480079173572
11.900550524203487
11.902594488943533
11.904612049200459
11.906603280875327
11.908568259967053
11.910507062575457
11.912419764903857
11.91430644326125
11.916167174064032
11.918002033837382
11.919811099216217
11.921594446945818
11.923352153882123
11.925084296991685
11.92679095335134
11.928472200147581
11.930128114675691
11.93175877433858
11.93336425664543
11.93494463921716
11.936499999763903
11.938030416103224
11.93953596615136
11.941016727920827
11.942472779517928
11.943904199140023
11.945311065072728
11.946693455686933
11.948051449435685
11.949385124850984
11.950694560540414
11.951979835183721
11.95324102752921
11.95447821639013
11.955691480640894
11.956880899213232
11.958046551092265
11.9591885153125
11.960306870953724
11.961401697136834
11.962473073019591
11.963521077792322
11.964545790673506
11.965547290905352
11.96652565774926
11.967480970481263
11.968413308387369
11.969322750758865
11.97020937688755
11.97107326606091
11.971914497557256
11.972733150640764
11.973529304556484
11.97430303852529
11.975054431738762
11.975783563354021
11.976490512488496
11.977175358214629
11.97783817955455
11.978479055474653
11.979098064880139
11.979695286609486
11.980270799428862
11.980824682026462
11.981357013006814
11.981867870884976
11.982357334080701
11.982825480912524
11.983272389591763
11.983698138216475
11.984102804765323
11.98448646709138
11.984849202915834
11.98519108982166
11.98551220523601
11.985812626467684
11.986092430624169
11.986351694680927
11.9865904954316
11.986808909491714
11.987007013291743
11.987184883070046
11.987342594865725
11.987480224511378
11.98759784762575
11.987695539606262
11.987773375621478
11.987831430603414
11.987869779239741
11.987888495965905
11.987887654957095
11.987867330120103
11.987827595085045
11.987768523196976
11.987690187507356
11.987592660765381
11.987476015409202
11.987340323556955
11.98718565699768
11.987012087182087
11.98681968521317
11.98660852183665
11.986378667431284
11.986130191998976
11.98586316515475
11.985577656116545
11.985273733694825
11.984951466282016
11.984610921841758
11.984252167897967
11.983875271523713
11.983480299329887
11.983067317453683
11.982636391546857
11.982187586763787
11.981720967749322
11.981236598626394
11.98073454298343
11.980214863861505
11.979677623741278
11.979122884529698
11.97855070754644
11.977961153510115
11.977354282524214
11.976730154062766
11.976088826955785
11.975430359374407
11.974754808815748
11.974062232087498
11.973352685292198
11.97262622381127
11.971882902288675
11.971122774614333
11.97034589390719
11.969552312497967
11.968742081911591
11.96791525284929
11.96707187517034
11.966211997873472
11.96533566907793
11.964442936004142
11.96353384495405
11.962608441291032
11.961666769419466
11.960708872763883
11.959734793747726
11.958744573771675
11.95773825319159
11.956715871295984
11.955677466283076
11.954623075237393
11.953552734105912
11.95246647767373
11.951364339539222
11.950246352088765
11.949112546470896
11.947962952569966
11.946797598979282
11.94561651297367
11.944419720481484
11.943207246056055
11.941979112846486
11.940735342567905
11.93947595547103
11.938200970311085
