7066577.5803864
7071230.155822675
7073740.901486402
7076447.038667764
7079217.936032123
7081987.431616922
7084722.151119835
7087406.954402283
7090035.657801385
7092606.9919872675
7095122.390384275
7097584.859925811
7099998.418991758
7102367.834896299
7104698.522135322
7106996.529913282
7109268.582791216
7111522.156994324
7113765.58500519
7116008.1867515305
7118260.429187541
7120534.118558731
7122842.6317857765
7125201.1956030885
7127627.224611006
7130140.732465779
7132764.834255556
7135526.362904222
7138456.628445038
7141592.356413732
7144976.850528825
7148661.435108293
7152707.231837231
7157187.443505559
7162189.91781497
7167820.540478784
7174207.050945513
7181503.3515524715
7189893.871975509
7199597.008716269
7210865.564376123
7223980.177660787
7239228.669485419
7256860.293959115
7277001.333423487
7299524.1785639785
7323888.643951402
7349029.740907425
7373419.963399459
7395394.728727634
7413640.264323894
7427558.395901481
7437293.086754564
7443476.378492846
7446911.422032784
7448351.837004915
7448404.590852925
7447516.841884374
7446000.52621036
7444066.04235638
7441852.42360227
7439450.462380675
7436919.103053415
7434296.565899773
7431607.7040007645
7428868.791898205
7426090.615554864
7423280.452348694
7420443.3345796
7417582.856299319
7414701.463501971
7411801.6868003495
7408885.178741005
7405952.888867613
7403006.320525319
7400046.582728252
7397074.699344001
7394091.62793074
7391098.272886185
7388095.494084427
7385084.012969873
7382064.820246218
7379038.56273837
7376005.96548319
7372967.7240376165
7369924.506138901
7366876.952889092
7363825.679757923
7360771.277473637
7357714.312852905
7354655.329591535
7351594.8490315
7348533.37090809
7345471.374079776
7342409.317241621
7339347.639620491
7336286.761647675
7333227.085623549
7330168.996334709
7327112.861670922
7324059.03320487
7321007.846747512
7317959.622876651
7314914.66743723
7311873.272013984
7308835.714375569
7305802.258890896
7302773.156917737
7299748.647163816
7296728.956021648
7293714.297877303
7290704.875394008
7287700.87977215
7284702.490985906
7281709.87799842
7278723.198955865
7275742.601362593
7272768.222237755
7269800.188255235
7266838.615867916
7263883.611417646
7260935.271232245
7257993.681710711
7255058.919397893
7252131.051049993
7249210.133691841
7246296.214667236
7243389.331683521
7240489.512851308
7237596.776720429
7234711.1323130885
7231832.579155116
7228961.107306316
7226096.69739037
7223239.320625492
7220388.938856315
7217545.504587646
7214708.96102068
7211879.24209254
7209056.272519117
7206247.624125577
7203426.35145412
7200623.410506988
7197826.794360642
7195036.387971969
7192252.065401121
7189473.691083817
7186701.120196908
7183934.198925355
7181172.76467162
7178416.646231652
7175665.663952382
7172919.62988031
7170178.347906135
7167441.613909532
7164709.215906248
7161980.934198467
7159256.541529672
7156535.803244389
7153818.477453017
7151104.315201891
7148393.060648483
7145684.451241988
7142978.217908872
7140274.0852433685
7137571.771702775
7134870.989807389
7132171.446344796
7129472.842578297
7126774.874459473
7124077.232844237
7121379.603712569
7118681.668391409
7115983.103780484
7113283.582580894
7110582.773526244
7107880.341615722
7105175.948349254
7102469.251964197
7099759.907673305
7097047.567903808
7094331.882537232
7091612.499149438
7088889.06325107
7086161.218527603
7083428.60707896
7080690.869658377
7077947.645910033
7075198.574605325
7072443.293877307
7069681.441453122
7066912.654883986
7064136.571772349
7061352.829996273
7058561.067930062
7055760.924661429
7052952.04020465
7050134.055709145
7047306.613663741
7044469.35809547
