93.26680795719547
94.58624244039741
95.9218649035672
97.25591996392518
98.57835426465779
99.88371126756824
101.16869924543265
102.43134246341901
103.67034509687741
104.88478965615616
106.07397949089405
107.23735713430435
108.37446256081739
109.4849124803492
110.56839077872122
111.62464494833483
112.65348585006491
113.65478946903852
114.62850003359144
115.57463425364011
116.49328665816965
117.3846361548239
118.24895404300449
119.08661381128918
119.8981031565312
120.68403878746318
121.44518473004156
122.18247504483111
122.89704210786648
123.59025190339705
124.26374813205094
124.91953353846453
125.55993304768899
126.18783874119264
126.80670718363409
127.42071224306869
128.03489092431468
128.65530101953595
129.28916738800044
129.9449641494567
130.63232605133294
131.36159290601447
132.1426677511899
132.98276550413195
133.8827276653718
134.83225060183335
135.8059298889194
136.76376108582255
137.65909954862667
138.45204127070784
139.12053839241415
139.66265442247484
140.09076412749408
140.42323860312524
140.67834295317869
140.87128499209194
141.013561675662
141.11340299891015
141.17653542570275
141.20690450284894
141.20724264935436
141.17947732154667
141.12501040026342
141.04490399153738
140.9400017273094
140.81100726271953
140.6585345115701
140.4831395762017
140.28534114435317
140.06586630981306
139.82474321800163
139.56242111825208
139.27980145867352
138.9771267373533
138.65484131276887
138.3133853694654
137.9531948820481
137.57470163730468
137.17833320799346
136.7645123252579
136.333660334814
135.8861894139332
135.42250976886447
134.94302685944075
134.4481413703951
133.93824915915127
133.41374119674924
132.87500350940175
132.32241712435064
131.75635802188467
131.17719709426893
130.5853001118587
129.98102769637669
129.3647353012038
128.73677319842918
128.09748647244737
127.44721501989625
126.78629355527198
126.11505162262311
125.43381361248986
124.7428987840744
124.04262129234296
123.33329021981862
122.61520961280712
121.88867852182175
121.15399104596835
120.4114363810495
119.66129887115792
118.90385806352548
118.13938876639666
117.3681611097023
116.59044060830257
115.80648822757948
115.01656045115087
114.22090935049884
113.41978265628056
112.6134238311197
111.8020721436658
110.98596274371067
110.16532673816761
109.34039126770779
108.51137958386752
107.67851112643598
106.8420016009395
106.00206305604952
105.15890396074256
104.31272928104788
103.46374055622677
102.61213597423169
101.75811044630458
100.90185568057557
100.0435602545371
99.18340968626768
98.321586504297
97.45827031600308
96.59363787444508
95.72786314354
94.8611173615023
93.99356910246823
93.12487275454714
92.25653041255508
91.38757732813642
90.51846914225412
89.64936222829454
88.78041051890548
87.91176561409519
87.04357684464648
86.17599132514563
85.30915400046004
84.44320768766036
83.57829311446761
82.7145489548048
81.85211186178523
80.9911164983276
80.1316955655128
79.27397982876731
78.41809814193162
77.56417746926635
76.71234290544564
75.86271769358322
75.01542324134014
74.1705791351653
73.32830315271548
72.48871127351214
71.65191768788652
70.81803480427243
69.98717325490252
69.15944189996827
68.3349478303064
67.51379636867216
66.69609106966485
65.8819337183678
65.07142432777219
64.26466113504654
63.46174059672271
62.6627573828638
61.86780437028194
61.07697263487693
60.29035144316138
59.508028243041764
58.730088653928284
57.95661645623613
57.187693580353596
56.42340009514214
55.66381419603907
54.909012192829664
54.159068497160376
53.414055609857634
52.6740441081219
51.93910263266282
51.20929787484393
50.48469456390033
49.76535545429674
49.05134131328893
48.34271090875321
47.63952099734597
46.94182631305528
46.2496795562069
45.56313138298004
44.88223039549687
