6480.0
6450.9419228547295
6421.318106132307
6391.152428717028
6360.477300453157
6329.32662205768
6297.733261254529
6265.728221708019
6233.340455875908
6200.596911202588
6167.522653044369
6134.141005599328
6100.473689355027
6066.540948940721
6032.36166923629
5997.953480482534
5963.332853317198
5928.51518482164
5893.514876595792
5858.345405765919
5823.019389713609
5787.548645209255
5751.944242542454
5716.216555164733
5680.375305295268
5644.429605885789
5608.387999295069
5572.258492984616
5536.048592514151
5499.765332087112
5463.415302871748
5427.004679301826
5390.53924354178
5354.02440828393
5317.465238029874
5280.86646899393
5244.232527753448
5207.567548758808
5170.875390804737
5134.159652554345
5097.423687197702
5060.670616318122
5023.903343031154
4987.124564454195
4950.336785555246
4913.542321580959
4876.743324210336
4839.941779028433
4803.139519820386
4766.338237754966
4729.539490224434
4692.744709348164
4655.955210125832
4619.1721982464005
4582.396777566335
4545.629956439068
4508.872656801795
4472.125718981114
4435.389908301055
4398.6659212224895
4361.954391216191
4325.255894416218
4288.57095508579
4251.900050923834
4215.243618240642
4178.602057033329
4141.975735995106
4105.364997496628
4068.770162582998
4032.191536036379
3995.6294115621226
3959.0840771661324
3922.555820803301
3886.0449363921934
3849.551730310387
3813.0765285094326
3776.619684419841
3740.181587857127
3703.762675192879
3667.3634411244198
3630.984452468905
3594.626364531473
3558.289940764573
3521.976076665206
3485.68582917529
3449.42045329808
3413.1814482821137
3376.9706166491555
3340.790140705037
3304.6426832160255
3268.5315220588536
3232.46073353442
3196.4354468322445
3160.4622048836436
3124.5494854904655
3088.7084888137047
3052.954323965378
3017.307888942228
2981.7988996345084
2946.4708466169527
2911.3889606131097
2876.651569992978
2842.3990129878357
2808.792651995718
2775.9214992004577
2743.704163711076
2711.954775755216
2680.5205665059684
2649.32026338243
2618.3194534350055
2587.5057751725544
2556.875978096959
2526.430372682439
2496.1706172615964
2466.098859236978
2436.217405450352
2406.5285962970756
2377.034757885388
2347.7381840666776
2318.6411299252286
2289.7458096927326
2261.054396394236
2232.5690221881255
2204.291778994374
2176.224719246622
2148.369856696143
2120.729167231568
2093.3045896924036
2066.098026660287
2039.1113452146885
2012.3463776412489
1985.8049220820178
1959.4887431176373
1933.3995722722814
1907.5391084328094
1881.9090181742454
1856.5109359843095
1831.346464380311
1806.4171739122912
1781.7246030468755
1757.270257926837
1733.0556120019405
1709.0821055271745
1685.351144925053
1661.864102009228
1638.6223130672447
1615.6270778008814
1592.879658123134
1570.3812768115786
1548.1331160185205
1526.1363156390873
1504.3919715391685
1482.9011336459234
1461.6648039044344
1440.68393410497
1419.9594235862698
1399.492116821252
1379.2828008925578
1359.332202866433
1339.6409870745313
1320.2097523143661
1301.0390289802763
1282.1292761379484
1263.4808785566927
1245.0941437148285
1226.9692987946717
1209.1064876846983
1191.5057680075122
1174.1671081931931
1157.0903846184867
1140.2753788330554
1123.7217748946405
1107.4291568354733
1091.3970062825726
1075.624700254695
1060.1115091586266
1044.3881605683878
1028.2550243468806
1012.0927962768998
995.9023495726035
979.6977056351384
963.4952447891635
947.3107616761839
931.1586861976776
915.0518578305467
899.0014388309766
883.0168779073778
867.10590929177
851.2745937329712
835.5273893334848
819.8672674115057
804.2958409099397
788.8135118642024
773.4196251982628
758.1126215652033
742.8901826334138
727.7493707844549
712.6867455441609
697.6984752427616
682.7804313288713
682.8267481580376
682.8442506323431
682.8381710486368
682.8128086114884
682.7716874188989
682.7176913249538
682.6531776719211
682.5800722724006
682.4999482172256
682.4140909474713
682.3235517825304
682.2291918167265
682.1317178233786
682.0317115546447
681.9296536018386
681.825942789815
681.7209119129609
681.614840481401
681.507965028781
681.4004874350935
681.2925816365752
681.184399027229
681.0760728007555
680.9677214357499
680.8594514892654
680.7513598328795
680.6435354400696
680.5360608130071
680.429013120007
680.3224651011467
680.216485788406
680.1111410776365
680.0064941823412
679.9026059933219
679.7995353634708
679.6973393331243
679.5960733083037
679.4957912016675
679.3965455440033
679.2983875724875
679.2013673006571
679.1055335740127
679.0109341143617
678.9176155553547
678.8256234711539
678.7350023997604
678.6457958622063
678.558046378552
678.471795481434
678.3870837277408
678.3039507088738
678.2224350599445
678.1425744681852
678.0644056619888
677.9879645124265
677.9132858519415
677.840403670222
677.76935102631
677.7001600744717
677.6328620710239
677.5674873811897
677.5040654860137
677.442624989349
677.3831936249333
677.3257982635607
677.270464920358
677.217218762165
677.1660841150247
677.1170844753541
677.0702425076322
677.0255800615602
676.9831181770126
676.9428770921089
676.9048762513542
676.869134313861
676.8356691616603
676.8044979080989
676.775636906323
676.749101757843
676.7249073211768
676.7030677205678
676.6835963547725
676.6665059059164
676.6518083484095
676.6395149579225
676.6296363204161
676.6221823412221
676.6171622541696
676.614584630754
676.614457389346
676.6167878044323
676.7034061304773
676.869641655233
677.1110874180023
677.4235819831471
677.8031942414268
678.2462105554366
678.7491222175839
679.3086146001881
679.921556051306
680.5849878662477
681.2961147329777
682.0522957083233
682.851035693792
683.6899773826019
684.566893651563
685.4796803731027
686.4263496241775
687.4050232701353
688.4139269028191
689.451384113352
690.515811081126
691.605711461538
692.7196715559812
693.8563557485086
695.0145021944488
696.1929187470632
697.390479109102
698.6061191968461
699.8388337049003
701.0876728606585
702.351739357963
703.6301854600732
704.9222102625876
706.2270571074939
707.5440111400005
708.8723970002653
710.2115766425779
711.5609472749532
712.9199394124915
714.288015038223
715.6646658654998
717.0494116963342
718.4417988703784
719.8413987995474
721.2478065835512
722.6606397018736
724.0795367779734
725.504156411721
726.9341760763035
728.369291076037
729.8092135617268
731.2536716003925
732.7024082963615
734.1551809608906
735.6117603276388
737.0719298114589
738.5354848081141
740.0022320326634
741.4719888943785
742.9445829061733
744.4198511266457
745.8976396329258
747.3778030226313
748.8602039433239
750.3447126479466
751.8312065748089
753.3195699507634
754.8096934162925
756.3014736712978
757.794813140447
759.2896196569994
760.7858061640899
762.2832904325048
763.7819947940444
765.2818458896057
766.782774431176
768.2847149769692
769.7876057189761
771.2913882822484
772.7960075352631
774.3014114107592
775.8075507364671
777.3143790751834
778.821852573679
780.3299298199476
781.8385717083363
783.3477413121262
784.8574037631457
786.3675261380318
787.878077350774
789.3890280511888
790.9003505290024
792.4120186232273
793.9240076365471
795.4362942544237
796.9488564686746
798.4616735052706
799.9747257561172
801.4879947146065
803.0014629147258
804.5151138735293
806.0289320367862
807.5429027276302
809.057012098045
810.5712470830284
812.0855953572881
813.6000452943273
815.1145859277917
808.1685314439823
801.299530095485
794.499115618348
787.7600625003541
781.0762141863187
774.4422929530765
767.8537482845535
761.3066369844062
754.7975273835702
748.3234219673539
741.8816942613545
735.4700368877817
729.0864184689179
722.7290476082069
716.3963425857683
710.0869057070357
703.7995014701627
697.533037890315
691.286550451361
685.0591881965661
678.8502019733937
672.6589336630112
666.4848073157232
660.3273211544108
654.186040613805
648.0605922277483
641.9506582510601
635.8559719201486
629.7763132709493
623.7115054447306
617.661411422265
611.6259311351936
605.6049989104027
599.5985812091295
593.6066746275026
587.6293041294557
581.6665214865629
575.7184039024164
569.7850528018037
563.8665927671948
557.9631706069855
552.0749545415957
546.202133494953
540.3449164800971
534.5035320686857
528.6782279350556
522.8692704662403
517.0769444299534
511.30155269305453
505.5434159834221
499.8028726884587
494.08027868368634
488.37600718503194
482.690448618474
477.02401050072626
471.3771173245687
465.7502104423182
460.1437479407493
454.55820450055495
448.9940712331669
443.4518554874557
437.9320806185139
432.43528571039434
426.96202524436507
421.51286870396217
416.0884001079053
410.68921746182133
405.3159321197392
399.9691680465214
394.64956097283437
389.3577574349942
384.09441369311503
378.86019452250014
373.6557718752101
368.4818234112719
363.339030902097
358.22807851236706
353.1496509709083
348.1044316458491
343.0931005445279
338.1163322640175
333.1747939235247
328.2691431150068
323.4000259127704
318.568074986182
313.7739078615246
309.01812537908353
304.3013103894285
299.62402672834065
294.9868185028663
290.3902097116559
285.83470421140265
281.32078602833013
276.8489199999901
272.4195526995622
268.0331137008179
263.6900169269695
259.3906622325606
255.13543704340546
250.92471800786421
246.75887259152472
242.63826055171722
238.5632352354636
234.53414465386774
230.55133229689548
226.61513766421697
222.72589649959104
218.88394072752033
215.08959810108848
211.34319157863683
207.64503845402322
203.99544927054197
200.39472655219993
196.84316338806016
193.3410419059633
189.88863167134224
186.48618804529227
183.13395053377656
179.83214115706042
176.58096286535485
173.3805980328409
170.2312070330297
167.13292682237184
164.0858699056461
161.0901231425683
158.14574683355167
155.2527739181749
152.41120931685745
149.6210294166304
146.88218170014216
144.19458451550798
141.55812698328222
138.9726690356865
136.43804158225245
133.95404679521994
131.52045850735783
129.13702271433297
126.80345817333097
124.51945708932409
122.28468588017175
120.09878601162481
117.96137489327451
115.8720468265358
113.83037399587394
111.8359074946681
109.88817837734992
107.9866986000928
106.13096251099459
104.32044750092635
102.55461523803216
100.83291273747999
99.15477341538832
97.51961812123726
95.92685614387042
94.37588630931543
92.86609753548245
91.39687014283804
89.96757657255895
88.57758220740153
87.2262461486172
85.9129219482698
84.6369582966494
83.39769966500302
82.19448690431867
81.02665780138658
79.89354759382373
78.79448944617562
77.72881488960314
76.69585422801705
75.69493691383563
74.72539189680953
73.78654794957892
72.87773397379661
71.99827929076757
71.14751392061396
70.32476885397517
69.52937632019194
68.76067005580063
68.01798557697859
67.30066045933451
66.60803462812989
65.9394506616535
65.29425411005404
64.6717938314728
64.07142234681534
63.4924962139702
62.9343764217288
62.39642880310009
61.87802446715456
61.37854024798737
60.89735916887312
60.43387091920394
59.987472341371664
59.55756792438054
59.14357030066964
58.74490074238753
58.36098965320214
57.991277051646776
57.63521304199942
57.42855575419628
57.24265879130511
57.07563736080705
56.925778722682686
56.79152133112008
56.671437961106186
56.564221509768515
56.46867292686327
56.38369085492657
56.30826265429473
56.24145655986115
56.182414771055
56.130347318412014
56.084526582402816
56.04428236520392
56.00899781342629
55.97810414722284
55.95107830197163
55.92743906157797
55.90674395672772
55.88858640967522
55.87259310027574
55.8584215317415
55.84575777763833
55.83431439410573
55.82382848329576
55.81405988905272
55.80478954757694
55.795817914628614
55.78696353034798
55.77806167800752
55.76896313668328
55.75953302116643
55.749649702979895
55.739203806848465
55.72809727740047
55.7162425112663
55.70356155008908
55.68998533028137
55.675452985653344
55.65991119930532
55.64331360142483
55.6256202098566
55.60679691052556
55.58681497498999
55.565650612584776
55.54328455478567
55.5197016695843
55.4948906038124
55.46884345149259
55.441555446422015
55.41302467731675
55.38325182395739
55.352239912882446
55.319994091273905
55.28652141777218
55.251830669043244
55.21593216100099
55.17883758366275
55.1405598486858
55.10111294869786
55.06051182759497
55.01877226103722
54.97591074642517
54.93194661854226
54.88689543729812
54.84077529314831
54.79360463907664
54.74540221901494
54.6961870023384
54.64597812400326
54.59479482992388
54.54265642721312
54.489582238935675
54.43559156304755
54.38070363521733
54.3249375952453
54.26831245681577
54.21084708033599
54.15256014863177
54.09347014528561
54.03359533541744
53.97295374872208
53.91156316458969
53.84944109914782
53.786604794074435
53.723071207041386
53.65885700365787
53.593978550792116
53.528451911157795
53.46229283905987
53.39551677720141
53.32813885446012
53.260173884549715
53.19163636548665
53.1225404797892
53.052900095340235
52.98272876685053
52.912039737863545
52.840845943247196
52.76916001212184
52.696994271177594
52.62436074833757
52.55127117672674
52.47773699890918
52.403769371359516
52.32937916913665
52.25457699073068
52.17937316305601
52.10377774656596
52.02780054046593
51.951451088004475
51.87473868182301
51.79767236934662
51.7202609582002
51.64251302163511
51.564436903953315
51.48604072591691
51.40733239013215
51.32831958639833
51.24900979701254
51.16941030202251
51.08951925906092
51.0093562731277
50.92892049714766
50.84822596863822
50.76727458453346
50.68607313284185
50.604627749164415
50.52294093364286
50.44102171432056
50.35887562561755
50.27650803650886
50.19392905804611
50.11114295907841
50.02815053466334
49.94495663242962
49.861565966917816
49.77798312354838
49.69421256305466
49.61025862569105
49.526125535226384
49.44181740274779
49.35733823029556
49.27269191434577
49.18788224915415
49.102912929971964
49.017787556143254
48.93250963409065
48.847082580196606
48.76150972358514
48.67579430880911
48.58993949844724
48.50394837561443
48.41782394638915
48.3315691421606
48.245186821898784
48.15867977435011
48.072050720160945
47.985302313931626
47.89843714620302
47.81145774537796
47.724366579579396
47.63716605844759
47.549858534877735
47.4624463067004
47.37493161830622
47.287316662216604
47.1996035806023
47.11179446675126
47.02389136648742
46.935896279541964
46.847811160878635
46.759637921974225
46.671378432056066
46.58303451929756
46.49460797197323
46.406088094427304
46.317491727203965
46.22881650438568
46.140064560827916
46.05123796273042
45.962342097819054
45.87337710911889
45.784348534375034
45.69525296039922
45.60609152794682
45.51686541250928
45.427575812168925
45.33822393805849
45.24881100686128
45.15933822519437
45.06980681174825
44.98021797020488
44.890572892636655
44.80087275737607
44.71111873688106
44.62131197037367
44.53145358584858
43.26157916061913
42.04033516049955
40.86437529160172
39.73106442939782
38.638455751015876
37.58524687686503
36.57071612291115
35.59464307586848
34.657216139114105
33.75892780580281
32.90045756653764
32.08254302938068
31.30584237185327
30.57079544248347
29.8774956607262
29.225588455647383
28.61421210645459
28.041992023294146
27.50709021714594
27.007300741439458
26.54017319750347
26.103143012849227
25.693649675220747
25.309230551429312
24.947585417009005
24.60661297626705
24.284424369138527
23.979340026750215
23.6898759562836
23.414724407012017
23.15273250301283
22.902881177754207
22.664265758803893
22.436078847711126
22.21759568057814
22.008161880330945
21.807183366348667
21.61411812592305
21.428469542082127
21.249780991090443
21.077631455803132
20.911631938970633
20.751422498304073
20.596669759796963
20.44706479616142
20.302321282894727
20.162173869464766
20.026376695699973
19.89470206056289
19.766939171475272
19.642892980586037
19.52238309034537
19.405242720116917
19.291317728439196
19.180465687485434
19.072555007510157
18.9674641098049
18.865080647063802
18.765300770199037
18.668028440631176
18.57317478697578
18.48065750489808
18.39040029874528
18.30233236341048
18.216387904746185
18.13250569673625
18.050628673554726
17.970703554589956
17.892680500488996
17.816512798280105
17.742156573654604
17.669570528531814
17.598715702087613
17.529555253495733
17.46205426470808
17.396179561683553
17.331899552561843
17.26918408136783
17.208004295921214
17.148332528714718
17.090142189610507
17.033407669288362
16.97810425245962
16.924208039937795
16.87169587872956
16.82054529937867
16.77073445985978
16.722242095379762
16.675047473500012
16.62913035404583
16.584470953317183
16.541049912159732
16.49884826749641
16.457847426957397
16.418029146281203
16.37937550919127
16.341868909481434
16.305492035070237
16.270227853807953
16.236059600842307
16.202970767368598
16.17094509060809
16.139966544874778
16.11001933360546
16.08108788224139
16.05315683186169
16.026211033479733
16.000235542923296
15.975215616228049
15.951136705481948
15.927984455064978
15.905744698235088
15.88440345401685
15.863946924382113
15.84436149152108
15.825633715593213
15.807750332375322
15.790698251194947
15.774464552968912
15.759036488354202
15.744401475995641
15.730547100856603
15.71746111262094
15.70513142415561
15.693546110025101
15.682693405049607
15.672561702900339
15.663139554725932
15.654415667804974
15.64637890422022
15.639018279550823
15.632322961579218
15.626282269010193
15.620885670199531
15.602085206388585
15.580856406405628
15.555173217846997
15.524226714460283
15.487786441626094
15.445891370656232
15.398702913313024
15.346435466663646
15.289323604376506
15.227606636178663
15.161521409562026
15.091299045589283
15.017163560847635
14.939331394623798
14.858011367606615
14.773404841650358
14.685705967889643
14.595101968064917
14.501773422311784
14.40589455076869
14.307633483385562
14.207152515810181
14.104608350946641
14.000152326604995
13.893930630032003
13.786084500266073
13.676750419307993
13.566060293095747
13.454141623264386
13.34111767065747
13.227107611560209
13.112226687640305
12.996586350621493
12.880294402778386
12.763455134435155
12.646169459781513
12.528535052497647
12.41064648291086
12.292595358731107
12.174470471807467
12.056357956605682
11.938341352412552
11.820502207099251
11.70291963990491
11.585671032232566
11.468832190537576
11.352477680697849
11.236681234837382
11.121516253627059
11.0070564366788
10.893376586281825
10.780553648110574
10.668668079665691
10.557805677884788
10.44806005936393
10.339536082857148
10.232354655974108
10.12665961397106
10.022627764974272
9.920483884139795
9.820523635566088
9.723149540877152
9.628929063149965
9.538691417065621
9.453694695323762
10.663598400544204
11.836230443710107
12.96648580537452
14.050769093079872
15.086634515090012
16.072596118132566
17.007985852048517
17.892834053374525
18.727767374239438
19.513920399694825
20.252856319405304
20.94649230811838
21.597026627024945
22.20686627417364
22.77855574681125
23.314708755199156
23.81794535048083
24.290836884028458
24.735860639239476
25.1553650957607
25.551545842232407
25.926431340469104
26.281877174273177
26.619567117408437
26.94101930500851
27.24759590900921
27.54051495239914
27.820863167751742
28.089609079780534
28.34761573277477
28.59565269433016
28.8344070913078
29.06449362972298
29.28646352503447
29.500812404551542
29.707987242828178
29.908392414055715
30.10239495234381
30.290329110765978
30.472500305759812
30.649188526785306
30.820651283335717
30.987126153290458
31.14883298872013
31.305975827901708
31.45874455561694
31.60731634787244
31.75185693194395
31.892521688120826
32.029456615615
32.16279918174759
32.292675451452546
32.419215551379736
32.54253151880465
32.66273337955936
32.77992561249829
32.89420756698697
33.00567383752013
33.114414600869004
33.22051592037899
33.32406002138584
33.425125541165656
33.523787756370375
33.62011879050089
33.71418780363634
33.80606116634541
33.895802619463375
33.98347342120844
34.0691324829197
34.15283649455929
34.23464004096816
34.31459570976123
34.392754191640456
34.46916437381864
34.54387342716825
34.61692688764398
34.688368732469385
34.75824145152536
34.826586114334845
34.893442432997176
34.9588488213902
35.02284245092887
35.08545930314101
35.14673421929475
35.20670094729266
35.26539218602816
35.32283962738183
35.3790739960178
35.434125087131534
35.48802180228289
35.540792183440246
35.592463445349054
35.64306200633136
35.69261351761342
35.74114289127097
35.78867432687362
35.83523133690813
35.880836771049076
35.925512839343796
35.969281134373276
36.01216265244502
36.05417781387237
36.09534648238829
36.135687983741036
36.17522112351402
36.21396420421067
36.251935041641445
36.28915098064975
36.3256289102082
36.361385277917186
36.39643610393556
36.43079699437009
36.46448315414953
36.49750939940852
36.5298901694036
36.56163953798262
36.59277122462968
36.62329860510242
36.653234721682026
36.68259229305235
36.7113837238246
36.73962111372248
36.767316270019116
36.794480705720346
36.82112565772851
36.847262091714526
36.87290070980642
36.898051958019096
36.9227260334345
36.9469328911415
36.97068225094538
36.993983603855845
37.016846218362026
37.03927914650351
37.06129122974391
37.08289110465653
37.10408720842733
37.12488778418354
37.14530088615406
37.165334384667716
37.184995970995764
37.20429316204433
37.22323330490225
37.24182358124958
37.26007101163173
37.27798245960432
37.295564635753095
37.31282410159363
37.32976727335487
37.34640042565069
37.36272969504317
37.37876108350151
37.39450046176028
37.40995357258026
37.42512603391533
37.440023341988386
37.45465087427925
37.46901389242821
37.483117545057326
37.496966870512075
37.51056679952655
37.523922157814646
37.53703766858876
37.54991795500977
37.56256754256914
37.57499086140602
37.58719224856173
37.599175950172445
37.61094612360351
37.622506839525634
37.63386208393655
37.64501576012779
37.65597169060026
37.666733618928625
37.6773052115771
37.687690059667446
37.69789168070108
37.70791352023627
37.71775895352211
37.727431287090525
37.736933760307096
37.74626954688278
37.75544175634647
37.764453435480796
37.77330756972155
37.7820070845216
37.79055484668098
37.79895366564362
37.80720629476164
37.81531543252856
37.823283723781906
37.83111376087626
37.83880808482744
37.84636918642883
37.85379950734048
37.86110144115174
37.86827733441808
37.8753294876732
37.882260156416514
310098.0196361324
310098.0196361324
310098.0196361324
310098.0196361324
310098.0196361324
310098.0196361324
310098.0196361324
310098.0196361324
310098.0196361324
310098.0196361324
310098.0196361324
310098.0196361324
310098.0196361324
310098.0196361324
310098.0196361324
310098.0196361324
310098.0196361324
310098.0196361324
310098.0196361324
310098.0196361324
310098.0196361324
310098.0196361324
310098.0196361324
310098.0196361324
310098.0196361324
310098.0196361324
310098.0196361324
310098.0196361324
310098.0196361324
310098.0196361324
310098.0196361324
310098.0196361324
310098.0196361324
310098.0196361324
310098.0196361324
310098.0196361324
310098.0196361324
310098.0196361324
310098.0196361324
310098.0196361324
310098.0196361324
310098.0196361324
310098.0196361324
310098.0196361324
310098.0196361324
310098.0196361324
310098.0196361324
310098.0196361324
310098.0196361324
310098.0196361324
310098.0196361324
310098.0196361324
310098.0196361324
310098.0196361324
310098.0196361324
310098.0196361324
310098.0196361324
310098.0196361324
310098.0196361324
310098.0196361324
310098.0196361324
310098.0196361324
310098.0196361324
310098.0196361324
310098.0196361324
310098.0196361324
310098.0196361324
310098.0196361324
310098.0196361324
310098.0196361324
310098.0196361324
310098.0196361324
310098.0196361324
310098.0196361324
310098.0196361324
310098.0196361324
310098.0196361324
310098.0196361324
310098.0196361324
310098.0196361324
310098.0196361324
310098.0196361324
310098.0196361324
310098.0196361324
310098.0196361324
310098.0196361324
310098.0196361324
310098.0196361324
310098.0196361324
310098.0196361324
310098.0196361324
310098.0196361324
310098.0196361324
310098.0196361324
310098.0196361324
310098.0196361324
310098.0196361324
310098.0196361324
310098.0196361324
310098.0196361324
310098.0196361324
310098.0196361324
310098.0196361324
310098.0196361324
310098.0196361324
310098.0196361324
310098.0196361324
310098.0196361324
310098.0196361324
310098.0196361324
310098.0196361324
310098.0196361324
310098.0196361324
310098.0196361324
310098.0196361324
310098.0196361324
310098.0196361324
310098.0196361324
310098.0196361324
310098.0196361324
310098.0196361324
310098.0196361324
310098.0196361324
310098.0196361324
310098.0196361324
310098.0196361324
310098.0196361324
310098.0196361324
310098.0196361324
310098.0196361324
310098.0196361324
310098.0196361324
310098.0196361324
310098.0196361324
310098.0196361324
310098.0196361324
310098.0196361324
310098.0196361324
310098.0196361324
310098.0196361324
310098.0196361324
310098.0196361324
310098.0196361324
310098.0196361324
310098.0196361324
310098.0196361324
310098.0196361324
310098.0196361324
310098.0196361324
310098.0196361324
310098.0196361324
310098.0196361324
310098.0196361324
310098.0196361324
310098.0196361324
310098.0196361324
310098.0196361324
310098.0196361324
310098.0196361324
310098.0196361324
310098.0196361324
310098.0196361324
310098.0196361324
310098.0196361324
310098.0196361324
310098.0196361324
310098.0196361324
310098.0196361324
310098.0196361324
310098.0196361324
310098.0196361324
310098.0196361324
310098.0196361324
310098.0196361324
310098.0196361324
310098.0196361324
310098.0196361324
310098.0196361324
310098.0196361324
310098.0196361324
310098.0196361324
310098.0196361324
310098.0196361324
310098.0196361324
310098.0196361324
310098.0196361324
310098.0196361324
310098.0196361324
310098.0196361324
310098.0196361324
310098.0196361324
310098.0196361324
310098.0196361324
310098.0196361324
310098.0196361324
310098.0196361324
310098.0196361324
310098.0196361324
310098.0196361324
282917.32189688785
282917.32189688785
282917.32189688785
282917.32189688785
282917.32189688785
282917.32189688785
282917.32189688785
282917.32189688785
282917.32189688785
282917.32189688785
282917.32189688785
282917.32189688785
282917.32189688785
282917.32189688785
282917.32189688785
282917.32189688785
282917.32189688785
282917.32189688785
282917.32189688785
282917.32189688785
282917.32189688785
282917.32189688785
282917.32189688785
282917.32189688785
282917.32189688785
282917.32189688785
282917.32189688785
282917.32189688785
282917.32189688785
282917.32189688785
282917.32189688785
282917.32189688785
282917.32189688785
282917.32189688785
282917.32189688785
282917.32189688785
282917.32189688785
282917.32189688785
282917.32189688785
282917.32189688785
282917.32189688785
282917.32189688785
282917.32189688785
282917.32189688785
282917.32189688785
282917.32189688785
282917.32189688785
282917.32189688785
282917.32189688785
282917.32189688785
282917.32189688785
282917.32189688785
282917.32189688785
282917.32189688785
282917.32189688785
282917.32189688785
282917.32189688785
282917.32189688785
282917.32189688785
282917.32189688785
282917.32189688785
282917.32189688785
282917.32189688785
282917.32189688785
282917.32189688785
282917.32189688785
282917.32189688785
282917.32189688785
282917.32189688785
282917.32189688785
282917.32189688785
282917.32189688785
282917.32189688785
282917.32189688785
282917.32189688785
282917.32189688785
282917.32189688785
282917.32189688785
282917.32189688785
282917.32189688785
282917.32189688785
282917.32189688785
282917.32189688785
282917.32189688785
282917.32189688785
282917.32189688785
282917.32189688785
282917.32189688785
282917.32189688785
282917.32189688785
282917.32189688785
282917.32189688785
282917.32189688785
282917.32189688785
282917.32189688785
282917.32189688785
282917.32189688785
282917.32189688785
282917.32189688785
282917.32189688785
282917.32189688785
282917.32189688785
282917.32189688785
282917.32189688785
282917.32189688785
282917.32189688785
282917.32189688785
282917.32189688785
282917.32189688785
282917.32189688785
282917.32189688785
282917.32189688785
282917.32189688785
282917.32189688785
282917.32189688785
282917.32189688785
282917.32189688785
282917.32189688785
282917.32189688785
282917.32189688785
282917.32189688785
282917.32189688785
282917.32189688785
282917.32189688785
282917.32189688785
282917.32189688785
282917.32189688785
282917.32189688785
282917.32189688785
282917.32189688785
282917.32189688785
282917.32189688785
282917.32189688785
282917.32189688785
282917.32189688785
282917.32189688785
282917.32189688785
282917.32189688785
282917.32189688785
282917.32189688785
282917.32189688785
282917.32189688785
282917.32189688785
282917.32189688785
282917.32189688785
282917.32189688785
282917.32189688785
282917.32189688785
282917.32189688785
282917.32189688785
282917.32189688785
282917.32189688785
282917.32189688785
282917.32189688785
282917.32189688785
282917.32189688785
282917.32189688785
282917.32189688785
282917.32189688785
282917.32189688785
282917.32189688785
282917.32189688785
282917.32189688785
282917.32189688785
282917.32189688785
282917.32189688785
282917.32189688785
282917.32189688785
282917.32189688785
282917.32189688785
282917.32189688785
282917.32189688785
282917.32189688785
282917.32189688785
282917.32189688785
282917.32189688785
282917.32189688785
282917.32189688785
282917.32189688785
282917.32189688785
282917.32189688785
282917.32189688785
282917.32189688785
282917.32189688785
282917.32189688785
282917.32189688785
282917.32189688785
282917.32189688785
282917.32189688785
282917.32189688785
282917.32189688785
282917.32189688785
282917.32189688785
282917.32189688785
282917.32189688785
282917.32189688785
282917.32189688785
282917.32189688785
282917.32189688785
-31511076.668994915
4163175612481.0425
4163175612481.0425
4163175612481.0425
4163175612481.0425
4163175612481.0425
4163175612481.0425
4163175612481.0425
4163175612481.0425
4163175612481.0425
4163175612481.0425
4163175612481.0425
4163175612481.0425
4163175612481.0425
4163175612481.0425
4163175612481.0425
4163175612481.0425
4163175612481.0425
4163175612481.0425
4163175612481.0425
4163175612481.0425
4163175612481.0425
4163175612481.0425
4163175612481.0425
4163175612481.0425
4163175612481.0425
4163175612481.0425
4163175612481.0425
4163175612481.0425
4163175612481.0425
4163175612481.0425
4163175612481.0425
4163175612481.0425
4163175612481.0425
4163175612481.0425
4163175612481.0425
4163175612481.0425
4163175612481.0425
4163175612481.0425
4163175612481.0425
4163175612481.0425
4163175612481.0425
4163175612481.0425
4163175612481.0425
4163175612481.0425
4163175612481.0425
4163175612481.0425
4163175612481.0425
4163175612481.0425
4163175612481.0425
4163175612481.0425
4163175612481.0425
4163175612481.0425
4163175612481.0425
4163175612481.0425
4163175612481.0425
4163175612481.0425
4163175612481.0425
4163175612481.0425
4163175612481.0425
4163175612481.0425
4163175612481.0425
4163175612481.0425
4163175612481.0425
4163175612481.0425
4163175612481.0425
4163175612481.0425
4163175612481.0425
4163175612481.0425
4163175612481.0425
4163175612481.0425
4163175612481.0425
4163175612481.0425
4163175612481.0425
4163175612481.0425
4163175612481.0425
4163175612481.0425
4163175612481.0425
4163175612481.0425
4163175612481.0425
4163175612481.0425
4163175612481.0425
4163175612481.0425
4163175612481.0425
4163175612481.0425
4163175612481.0425
4163175612481.0425
4163175612481.0425
4163175612481.0425
4163175612481.0425
4163175612481.0425
4163175612481.0425
4163175612481.0425
4163175612481.0425
4163175612481.0425
4163175612481.0425
4163175612481.0425
4163175612481.0425
4163175612481.0425
4163175612481.0425
4163175612481.0425
4163175612481.0425
4163175612481.0425
4163175612481.0425
4163175612481.0425
4163175612481.0425
4163175612481.0425
4163175612481.0425
4163175612481.0425
4163175612481.0425
4163175612481.0425
4163175612481.0425
4163175612481.0425
4163175612481.0425
4163175612481.0425
4163175612481.0425
4163175612481.0425
4163175612481.0425
4163175612481.0425
4163175612481.0425
4163175612481.0425
4163175612481.0425
4163175612481.0425
4163175612481.0425
4163175612481.0425
4163175612481.0425
4163175612481.0425
4163175612481.0425
4163175612481.0425
4163175612481.0425
4163175612481.0425
4163175612481.0425
4163175612481.0425
4163175612481.0425
4163175612481.0425
4163175612481.0425
4163175612481.0425
4163175612481.0425
4163175612481.0425
4163175612481.0425
4163175612481.0425
4163175612481.0425
4163175612481.0425
4163175612481.0425
4163175612481.0425
4163175612481.0425
4163175612481.0425
4163175612481.0425
4163175612481.0425
4163175612481.0425
4163175612481.0425
4163175612481.0425
4163175612481.0425
4163175612481.0425
4163175612481.0425
4163175612481.0425
4163175612481.0425
4163175612481.0425
4163175612481.0425
4163175612481.0425
4163175612481.0425
4163175612481.0425
4163175612481.0425
4163175612481.0425
4163175612481.0425
4163175612481.0425
4163175612481.0425
4163175612481.0425
4163175612481.0425
4163175612481.0425
4163175612481.0425
4163175612481.0425
4163175612481.0425
4163175612481.0425
4163175612481.0425
4163175612481.0425
4163175612481.0425
4163175612481.0425
4163175612481.0425
4163175612481.0425
4163175612481.0425
4163175612481.0425
4163175612481.0425
4163175612481.0425
4163175612481.0425
4163175612481.0425
4163175612481.0425
4163175612481.0425
4163175612481.0425
4163175612481.0425
4163175612481.0425
4163175612481.0425
4163175612481.0425
4163175612481.0425
4163175612481.0425
4163175612481.0425
4163175612481.0425
4163175612481.0425
