21.585690586096046
21.580019495586523
21.655454476417262
21.741946702505196
21.827080282987627
21.909458521735104
21.98955816387477
22.068015089778033
22.145349561518746
22.221954504054455
22.298122159451687
22.37406959631565
22.44995820448512
22.525908038200935
22.602008356431462
22.678325414139444
22.754908254707924
22.831793034226443
22.909006257829912
22.986567204539405
23.06448974418447
23.142783697774373
23.221455854630168
23.30051073147473
23.379951137698594
23.459778595255457
23.53999364974267
23.62059610021916
23.70158516849435
23.7829596234587
23.864717872120536
23.946858026065115
24.029377949829538
24.11227529601746
24.195547530725946
24.279191951921817
24.36320570270865
24.447585780908234
24.532329045998086
24.61743222416457
24.702891912023738
24.788704579410545
24.874866571526073
24.96137411065217
25.04822329758446
25.13541011289243
25.222930418085202
25.310779956739694
25.3989543556323
25.487449125904117
25.576259664281803
25.665381254370388
25.754809068030493
25.84453816684925
25.93456350371229
26.024879924482427
26.11548216978975
26.206364876936497
26.297522581919868
26.388949721574875
26.48064063583902
26.572589570140053
26.664790677907664
26.757238023209293
26.84992558351014
26.942847252556728
27.035996843383156
27.129368091438508
27.222954657833654
27.316750132705074
27.41074803869301
27.504941834530523
27.599324918739956
27.69389063343241
27.788632268205745
27.8835430641358
27.978616217855347
28.07384488571466
28.16922218801713
28.26474121332301
28.360395022813833
28.45617665470969
28.552079128731076
28.648095450596827
28.74421861654896
28.840441617895284
28.936757445560087
29.03315909463304
29.129639568906153
29.2261918853885
29.322809078788143
29.419484205950805
29.516210350244297
29.61298062587824
29.70978818214824
29.806626207593744
29.903487934059196
30.00036664064788
30.097255657558325
30.194148369793275
30.291038220731537
30.38791871555338
30.48478342451053
30.5816259860323
30.678440109659743
30.77521957880042
30.871958253296793
30.96865007180194
31.065289053956814
31.161869302364067
31.258385004354068
31.354830433539373
31.451199951154862
31.547488007181187
31.643689141250235
31.73979798333181
31.835809254201646
31.93171776569155
32.027518420723204
32.12320621312797
32.218776227255574
32.3142236373754
32.40954370687475
32.504731787259026
32.599783316959275
32.6946938199535
32.7894589042081
32.88407425994676
32.97853565775437
33.07283894652391
33.16698005125472
33.26095497071074
33.35475977494776
33.44839060271873
33.541843658766545
33.635115211013705
33.7282015876584
33.82109917418666
33.91380441031008
34.006313786838795
34.09862384249906
34.19073116070486
34.28263236629291
34.37432412222983
34.465803126300685
34.557066107787286
34.6481098241448
34.738931057684724
34.829526612272176
34.91989331004497
35.01002798816174
35.09992749558621
35.189588689914025
35.2790084342486
35.36818359413189
35.4571095998914
35.54578727107389
35.63421016350088
35.722375693764675
35.81028083358978
35.89792244321285
35.985297340408906
36.072402314502035
36.15923412928087
36.245789522814704
36.332065206179195
36.41805786178646
36.503764141603604
36.58918066538331
36.67430401896159
36.759130752648126
36.84365737972092
36.92788037503126
37.011796173722146
37.09540117006233
37.17869171639712
37.261664122217155
37.34431465334583
37.42663953124628
37.50863493244817
37.59029698809527
37.67162178361372
37.75260535850189
37.83324370624167
37.913532774331756
37.99346846444298
38.073046632695956
38.152263090061076
38.23111360288095
38.30959389351535
38.387699641108625
38.46542648247967
38.54277001313416
38.61972578839912
38.69628932467964
38.77245610083742
38.848221559691034
38.9235811096376
38.998530126395444
