89.51456966399999
189.7464672763828
186.2171655741832
184.18776076754295
183.40465901425108
183.631378489346
184.6509681332708
186.26731063706654
188.30550044721332
190.61161238545205
193.05216694707389
195.5135787852933
197.9017951709222
200.14220046137686
202.1797024692807
203.97876173401764
205.52302046880996
206.81417967318586
207.86988524724373
208.7206006591393
209.40570266994177
209.96924938458636
210.45595977788005
210.9078823435073
211.36205005259382
211.84919319742457
212.39338749471918
213.01239862293195
213.71845292686027
214.51919553625171
215.41866017511148
216.4181428922457
217.51692893684546
218.7128621427625
220.0027700786137
221.3827694683288
222.84847919294057
224.39516614785424
226.01784495370615
227.7113476562858
229.47037501948003
231.28953723159876
233.16338892153206
235.08646126302457
237.0532925052041
239.05845735681257
241.09659513043468
243.16243560516887
245.25082702982397
247.35675191871505
249.47535180072367
251.60194216707885
253.7320261418093
255.86130522944228
257.9856872503991
260.10129163814355
262.2044523168844
264.29171840650815
266.35985301496765
268.40583038040785
270.4268316186175
272.42023931832387
274.38363120946974
276.3147731096178
278.211611332414
280.07226472046756
281.89501644406806
283.6783056870706
285.42071932272546
287.12098366506484
288.77795636611535
290.39061851535126
291.9580669857554
293.4795070602131
294.9542453628404
296.3816831119981
297.7613097051972
299.09269664042256
300.3754917739546
301.60941391089307
302.7942477216703
303.92983897536
305.016090078853
306.05295590953006
307.04043992813763
307.9785905579187
308.8674978157221
309.7072901806634
310.49813168600264
311.24021922011855
311.9337800228123
312.5790693635802
313.17636838907293
313.72598212743435
314.2282376379037
314.6834822946231
315.09208219425625
315.45442067766675
315.7708969565081
316.04192483623535
316.26793152760064
316.4493565393479
316.58665064528566
316.6802749195555
316.73069983431157
316.73840441461215
316.70387544566694
316.6276067280957
316.51009837718635
316.3518561625324
316.15339088476725
315.9152177864008
315.6378559941176
315.3218279900493
314.9676590669205
314.5758770729548
314.1470114983461
313.6815935208908
313.1801553437371
312.6432298549542
312.07135025187546
311.4650496822384
310.82486090114963
310.1513159431404
309.4449458085441
308.7062801635181
307.935847053276
307.1341726278161
306.30178087985695
305.439193394438
304.54692910988933
303.6255040897255
302.675431305312
301.69722042874247
300.6913776359633
299.77795316200786
298.45474024937397
297.06122131205564
295.74154249770834
294.54540483540853
293.48402775221825
292.5540892080253
291.7473317863325
291.05441163769547
290.466208976833
289.9742198820861
289.5706095303058
289.2481602720181
289.00019859619454
288.8205273353571
288.7033687297643
288.64331748783974
288.63530160448255
288.67454891034583
288.7565578665703
288.87707160218537
289.0320545361876
289.21767115025114
289.4302666154526
289.6663490582943
289.9225733005758
290.19572593479853
290.4827116163817
290.7805404636218
291.0863164641992
291.3972267927066
291.71053194696145
292.023556613405
292.33368117306725
292.6383337589611
292.9349827735516
293.2211297736847
293.49430257107537
293.75204865252795
293.99192832124015
294.21150868086556
294.40821772654084
294.58001164659
294.72403763684633
294.8379382508294
294.91918374192824
294.9651947471004
294.9733222328043
294.94082604068274
294.86484738504305
294.74237301405276
294.5701877850353
294.3448109695483
294.06240943456237
293.7186775091604
293.3086681203676
292.8265514388634
292.26526367767747
291.6159860272685
290.86735503487165
290.00423800538795
289.0057850599138
287.842243312481
286.4695851536254
