2038.7593612800001
2206.0981551767477
2202.990188363955
2200.6981380488733
2198.7294107544576
2196.981361767767
2195.4291998001363
2194.0637094554068
2192.8787858373917
2191.868968351377
2191.0289772067435
2190.353645463259
2189.8379244580187
2189.4768989045633
2189.2657998177006
2189.200013697858
2189.2750883349936
2189.486735857671
2189.830833603979
2190.3034232962073
2190.9007089123083
2191.6190535718492
2192.454975692081
2193.405144618983
2194.466375896725
2195.6356263052753
2196.9099887685843
2198.286687213662
2199.763071442852
2201.3366120673068
2203.0048955378847
2204.765619300486
2206.6165870952896
2208.5557044133816
2210.5809741196003
2212.6904922466256
2214.8824439624286
2217.155099710912
2219.5068115238178
2221.936009500652
2224.441198452344
2227.0209547037416
2229.673923049407
2232.3988138569352
2235.1944003118238
2238.0595157978023
2240.993051406568
2243.9939535709027
2247.061221815284
2250.1939066182604
2253.391107381012
2256.6519704967304
2259.9756875156663
2263.361542668861
2266.808715065479
2270.316570006118
2273.8844630302615
2277.511786951935
2281.19797048439
2284.942476944579
2288.7448030224414
2292.6044776094745
2296.5210606829633
2300.494142242783
2304.5233412979783
2308.608304900385
2312.7487072228146
2316.944248679407
2321.194655085831
2325.499676857256
2329.8590882419976
2334.2726865889385
2338.7402916468836
2343.261744894108
2347.8369088964446
2352.465666692337
2357.1479212033823
2361.883594668918
2366.6726281032975
2371.5149807745943
2376.41062970344
2381.359569180884
2386.3618103040913
2391.417380528807
2396.5263232375787
2401.688697322681
2406.90457678284
2412.1740503327687
2417.497221024674
2422.8742058808125
2428.3051355363164
2433.7901538913898
2439.329417772154
2444.9230965993324
2450.5713720640083
2456.2744378097073
2462.0324991201283
2467.845772611703
2473.7144859303744
2479.6388774518255
2485.619195984482
2491.6557004746064
2497.748659712774
2503.8983520410648
2510.105065060245
2516.369095336292
2522.690748105529
2529.0703369776993
2535.50807714299
2542.004617525294
2548.5598682755985
2555.174493514985
2561.848737870963
2568.5829587507387
2575.3775197379277
2582.2327902524
2589.1491452014648
2596.126964621417
2603.166633308494
2610.2685404384106
2617.4330791735533
2624.66064625687
2631.951641591539
2639.3064678053897
2646.725529799053
2654.2092342768365
2661.757989259143
2669.3722035753813
2677.052286336166
2684.79864638361
2692.61169171844
2700.491828902669
2708.4394624364536
2716.4549941077757
2724.5388223134833
2732.6913413502143
2740.912940673652
2749.204004124502
2757.564909119539
2765.996025806024
2774.4977161776155
2783.0703331500827
2791.7142195947254
2800.4297073276643
2809.217116052864
2818.0767522567685
2827.00890805238
2836.013859970448
2845.091867695441
2854.2431727438816
2863.4679970824245
2872.7665416831774
2882.1389850134915
2891.5854814574795
2901.106159666338
2910.701120834553
2920.370436898884
2930.1141486570086
2939.932263802546
2949.8247548731315
2959.7915571080925
2969.8325662121924
2979.9476360217773
2990.136576069676
3000.399149044899
3010.735068143336
3021.1439943053824
3031.6255333363865
3042.179232905739
3052.8045794203604
3063.500994768136
3074.2678329269625
3085.104376434887
3096.009832716634
3106.9833302621296
3118.02391465205
3129.1305444259224
3140.3020867877976
3151.537313144863
3162.8348944740687
3174.1933965120165
3185.6112747632747
3197.086869322375
3208.6183995047104
3220.203958281682
3231.8415065154504
3243.52886698882
3255.2637182258354
3267.043588098817
3278.8658472177435
3290.7277020980746
3302.6261881032874
3314.558162158684
3326.520295233265
3338.5090645867404
3350.5207457791926
3362.551404441071
3374.596887801813
3386.652815975636
