47391.318
49508.00671464629
49576.68025289651
49641.57936157963
49703.148330049065
49761.75650204262
49817.711251207285
49871.26990216209
49922.64931179388
49972.033541989775
50019.58001431558
50065.42445426773
50109.68486745724
50152.4647397086
50193.85561388392
50233.93916554459
50272.788661685045
50310.470802394026
50347.04663990088
50382.57216013751
50417.099172294475
50450.67588030973
50483.34734548558
50515.15586188647
50546.14126198679
50576.34116664137
50605.79119069731
50634.525198956646
50662.57510817636
50689.971513527824
50716.74345781982
50742.91860164504
50768.523301680885
50793.582679882194
50818.12068579631
50842.16015340816
50865.722853602434
50888.82954307204
50911.50001030426
50933.75311912705
50955.60685016779
50977.07834049442
50998.18392162869
51018.93915607365
51039.35887245482
51059.45719934666
51079.24759783476
51098.74289285145
51117.95530331008
51136.8964710634
51155.57748870088
51174.00892620814
51192.200856503034
51210.16287987103
51227.90414732024
51245.43338288218
51262.758904880764
51279.88864620097
51296.83017358446
51313.59070598515
51330.177132014556
51346.596026514366
51362.8536662857
51378.956045013125
51394.90888741635
51410.717262345046
51426.3866136821
51441.92219503641
51457.32877416751
51472.610911336815
51487.77296941629
51502.81912341032
51517.753369485945
51532.57953353436
51547.301279287945
51561.922116015376
51576.445405815924
51590.87437053171
51605.21209830234
51619.46154977617
51633.62556400006
51647.70686400276
51661.7080620906
51675.63166486855
51689.48007800457
51703.25561074841
51716.96048022097
51730.596815483506
51744.166661403135
51757.671982320644
51771.11466553485
51784.49652461252
51797.81930253292
51811.08467467516
51824.29425165882
51837.44958204334
51850.552154894714
51863.60340222756
51876.604701326476
51889.55737695547
51902.462703459336
51915.32190676534
51928.13616628653
51940.90661673488
51953.63434984776
51966.320416031915
51978.965825929925
51991.571551912064
52004.13852949803
52016.66765871257
52029.159805377356
52041.6158023423
52054.03645066101
52066.42252071061
52078.77475326162
52091.09386049733
52103.38052698837
52115.63541062213
52127.859143490656
52140.05233273928
52152.21556137631
52164.34938904801
52176.45435277927
52189.242447530014
52200.61946171651
52213.31217010107
52224.63541181706
52236.70705678246
52248.64982977135
52260.56673519503
52273.02398543947
52284.89708485622
52296.737336634455
52308.552869931445
52319.63890102476
52331.39672989466
52343.14126989598
52354.86328059498
52366.56265922784
52378.23959270878
52389.894272896236
52401.52688596146
52413.1376108452
52424.72661833462
52436.29407041659
52447.84011983245
52459.36490978742
52470.868573777814
52482.351235506416
52493.813008864054
52505.25399796268
52516.67429720515
52528.07399138226
52539.45315579073
52550.81185636548
52562.15014982195
52573.46808380598
52584.76569704704
52596.04301951529
52607.3000725786
52618.53686916034
52629.75341389577
52640.949703287966
52652.12572586042
52663.28146230889
52674.416885650266
52685.53196136846
52696.62664755848
52707.70089506691
52718.75464763057
52729.787842011036
52740.80040812842
52751.79226918997
52762.763341818456
52773.71353617568
52784.64275608534
52795.55089915184
52806.43785687723
52817.18504923967
52827.97832719217
52838.77107743957
52849.5476560685
52860.307750085834
52871.18935386746
52881.948959075744
52892.680891392774
52903.38637684984
52914.066200015564
52924.72084500836
52935.35064508974
52945.955817357484
52956.53648885636
52967.092596498376
52977.624332679334
52988.1315936824
52998.614298846
53009.07233941411
53019.505702562805
53029.91404736173
