18.327219958700667
18.38244950008069
18.461445176035898
18.53985092306458
18.617237673138654
18.693657872050135
18.769164518488818
18.843803228526667
18.91761361632474
18.990630540686116
19.062885090127594
19.1344053569365
19.205217043652997
19.275343936739095
19.344808275181276
19.413631036154598
19.481832155376555
19.549430696177783
19.616444978436366
19.682892676220177
19.748790891143493
19.814156206977355
19.87900472988422
19.943352117716895
20.007213601081723
20.07060399827822
20.133537725761247
20.19602880540254
20.258090869536538
20.31973716454496
20.38098055355305
20.441833518667796
20.502308163076464
20.562416213236716
20.622169021321167
20.681577568026977
20.740652465820236
20.799403962654065
20.857841946175753
20.91597594842074
20.97381515097834
21.031368390604786
21.088644165252717
21.145650640481946
21.202395656213827
21.258886733790213
21.315131083297803
21.37113561111908
21.426906927672142
21.482451355303102
21.5377749362965
21.59288344097109
21.6477823758303
21.7024769917389
21.756972292099377
21.81127304100376
21.86538377133854
21.919308792822463
21.973052199958857
22.02661787988596
22.080009520110515
22.133230616111632
22.186284478803426
22.2391742418463
22.291902868798456
22.344473160100254
22.396887759885246
22.449149162613022
22.501259719519876
22.55322164488431
22.60503702210537
22.656707809592366
22.70823584646555
22.75962285806788
22.8108704612885
22.861980169699343
22.912953398506513
22.963791469318735
23.01449561473546
23.06506698275758
23.115506641024016
23.165815580877673
23.215994721264572
23.266044912469994
23.31596693969589
23.365761526483634
23.415429337986538
23.464970984096556
23.514387022429595
23.563677961174
23.61284426180667
23.6618863416814
23.65705252464455
23.652771148208274
23.648901607392748
23.645338119446865
23.642002343478623
23.6388355993716
23.63579408990956
23.632845130508443
23.62996433059725
23.62713348939295
23.624339025261413
23.62157080347814
23.6188212613987
23.616084755618957
23.613357074814825
23.610635076225783
23.60791641440676
23.605199338831785
23.602482542874405
23.59976505112396
23.59704613530688
23.594325251551634
23.591601993579378
23.588876057777316
23.586147217138425
23.583415301816654
23.580680184618217
23.577941770175922
23.57519998687154
23.57245478080861
23.56970611131518
23.566953947588075
23.564198266188924
23.561439049175718
23.5586762827086
23.555909956009486
23.553140060585644
23.55036658965037
23.547589537690538
23.544808900143973
23.54202467315854
23.53923685341239
23.536445437979747
23.533650424230707
23.530851809756392
23.52804959231311
23.525243769780573
23.52243434013072
23.51962130140439
23.516804651693857
23.51398438912983
23.511160511871626
23.508333018099847
23.505501906010934
23.502667173812974
23.49982881972263
23.4969868419628
23.494141238760832
23.491292008347187
23.488439148954452
23.485582658816536
23.482722536168097
23.47985877924407
23.476991386279376
23.474120355508607
23.471245685165833
23.46836737348445
23.465485418697078
23.462599819035443
23.459710572730344
23.45681767801157
23.4539211331079
23.451020936247076
23.448117085655753
23.445209579559577
23.44229841618314
23.43938359375
23.436465110482732
23.433542964602907
23.430617154331188
23.42768767788732
23.424754533490184
23.42181771935787
23.41887723370768
23.41593307475623
23.412985240719475
23.410033729812824
23.407078540251113
23.404119670248768
23.401157118019807
23.398190881777946
23.395220959736708
23.39224735010942
23.38927005110935
23.3862890609498
23.383304377844155
23.380316000005994
23.377323925649172
23.374328152987903
23.371328680236896
23.368325505611367
23.365318627327216
23.36230804360109
23.359293752650476
23.35627575269382
23.353254041950592
23.350228618641452
