-2.559631979283193
-2.5146660221122437
-2.473376269175381
-2.438421071411526
-2.4124708921086104
-2.3971719097842987
-2.392420372659534
-2.3965008050346115
-2.4068916743579805
-2.4210986235820835
-2.4371178550985717
-2.4535411429581657
-2.469474798011679
-2.4844085718391242
-2.4980961396096633
-2.5104630184858028
-2.5215402758985923
-2.5314185538108913
-2.540217307660433
-2.548065158118183
-2.5550881118623
-2.5614031292327337
-2.5671151511794807
-2.572316242718265
-2.5770859453246544
-2.581492254564377
-2.5855928655864617
-2.5894364783695742
-2.5930640497373174
-2.596509936779736
-2.5998029100524174
-2.6029670343090583
-2.606022423883248
-2.6089858847838836
-2.6118714570858086
-2.6146908709034107
-2.617453928618597
-2.6201688244913477
-2.622842411435595
-2.6254804235928875
-2.6280876616954147
-2.6306681476327234
-2.633225253011444
-2.635761806349962
-2.638280182302542
-2.6407823760334934
-2.6432700651772003
-2.6457446615080538
-2.6482073540526514
-2.6506591450647
-2.6531008800860247
-2.655533273062109
-2.6579569273627333
-2.660372353323206
-2.6627799830317476
-2.6651801826669916
-2.6675732628349706
-2.669959487334263
-2.6723390803998432
-2.6747122329832447
-2.6770791078023835
-2.6794398438633515
-2.6817945600455686
-2.684143358306239
-2.686486326293131
-2.688823539578323
-2.6911550635948673
-2.6934809551896586
-2.6958012640808366
-2.698116033914617
-2.7004253033564507
-2.702729106880789
-2.7050274754782775
-2.7073204373081907
-2.709608018215416
-2.7118902421165982
-2.714167131444992
-2.716438707428156
-2.7187049903675438
-2.7209659998766345
-2.7232217550587414
-2.725472274671747
-2.7277175772638356
-2.72995768126267
-2.7321926051032843
-2.73442236725534
-2.7366469862956793
-2.7388664809790906
-2.7410808702105496
-2.743290173078054
-2.7454944089073097
-2.7476935972036243
-2.749887757696071
-2.7520769102517195
-2.754261074948692
-2.756440272004267
-2.758614521694676
-2.760783844415487
-2.7629482606165734
-2.7651077907029924
-2.7672624550580625
-2.769412273981613
-2.771557267610105
-2.773697455912084
-2.7758328585827017
-2.7779634950133523
-2.7800893842558394
-2.7822105448935552
-2.784326995064218
-2.7864387523087095
-2.7885458335557276
-2.790648255039086
-2.7927460322415447
-2.7948391797630805
-2.7969277113183444
-2.799011639591081
-2.8010909761935534
-2.803165731563721
-2.805235914879389
-2.8073015339626664
-2.8093625952066725
-2.811419103419426
-2.8134710618101884
-2.8155184717639186
-2.8175613328443494
-2.8195996426079044
-2.8216333965239357
-2.8236625877709325
-2.8256872072133925
-2.8277072431581685
-2.8297226812659972
-2.8317335043759693
-2.8337396923156066
-2.8357412217953852
-2.837738066130018
-2.8397301951445533
-2.841717574848009
-2.8437001673331315
-2.8456779304636086
-2.8476508176256976
-2.8496187774946047
-2.8515817537198576
-2.8535396846409924
-2.8554925029221643
-2.857440135234505
-2.859382501850133
-2.8613195162411724
-2.863251084618377
-2.865177105503144
-2.865062258133736
-2.8641333310167383
-2.863771450822243
-2.8639052905477236
-2.864442684703629
-2.8652957715723146
-2.866389572055991
-2.8676634311865143
-2.8690792035599757
-2.8705923809714675
-2.8721713084592353
-2.8737949970008416
-2.8754476240785842
-2.877117248364645
-2.878794842749798
-2.8804735674300512
-2.8821482233523144
-2.883814840917319
-2.885470370093048
-2.88711244646613
-2.888739214061939
-2.8903491907671794
-2.891941165623008
-2.893514119984211
-2.8950671665261805
-2.8965995015358863
-2.8981103670594437
-2.899599020270973
-2.901064708111381
-2.9025066454413087
-2.903923995640934
-2.9053158525250913
-2.9066812227055316
-2.90801900771294
-2.909327985022283
-2.9106067874305768
-2.9118538799713747
-2.9130675335965055
-2.9142457947009794
-2.915386449562857
-2.916486982313126
-2.917544525077401
-2.918555798396332
-2.919517039615435
-2.920423916576176
-2.9212714228539345
-2.9220537503566275
-2.9227641333135477
-2.923394656695072
-2.923936019814226
