309.50309280457003
309.51888516215587
309.5346775197418
309.5504698773276
309.5662622349135
309.58205459249945
309.59784695008517
309.61363930767106
309.629431665257
309.6452240228428
309.6610163804287
309.6768087380146
309.69260109560037
309.70839345318626
309.72418581077216
309.739978168358
309.7557705259439
309.7715628835297
309.78735524111556
309.80314759870146
309.81893995628735
309.8347323138732
309.850524671459
309.8663170290449
309.88210938663076
309.89790174421665
309.91369410180255
309.92948645938833
309.9452788169742
309.9610711745601
309.97686353214596
309.99265588973185
310.0084482473177
310.0242406049035
310.0400329624894
310.0558253200753
310.0716176776611
310.08741003524705
310.1032023928329
310.11899475041866
310.1347871080046
310.1505794655905
310.1663718231763
310.1821641807622
310.19795653834797
310.21374889593386
310.2295412535198
310.2453336111056
310.26112596869143
310.2769183262774
310.29271068386316
310.30850304144906
310.324295399035
310.34008775662073
310.3558801142066
310.3716724717926
310.38746482937836
310.40325718696425
310.41904954455015
310.43484190213593
310.4506342597218
310.4664266173077
310.48221897489356
310.49801133247945
310.5138036900653
310.5295960476511
310.545388405237
310.5611807628229
310.57697312040875
310.5927654779946
310.6085578355805
310.6243501931663
310.6401425507522
310.6559349083381
310.6717272659239
310.6875196235098
310.7033119810957
310.7191043386815
310.7348966962674
310.7506890538533
310.76648141143903
310.782273769025
310.7980661266109
310.81385848419666
310.8296508417826
310.84544319936845
310.8612355569542
310.8770279145402
310.89282027212596
310.90861262971185
310.92440498729775
310.94019734488353
310.9559897024694
310.9717820600554
310.98757441764116
311.003366775227
311.01915913281294
311.0349514903987
311.0507438479846
311.06653620557057
311.0823285631563
311.0981209207422
311.1139132783281
311.1297056359139
311.1454979934998
311.1612903510857
311.1770827086715
311.1928750662574
311.2086674238433
311.2244597814291
311.240252139015
311.25604449660085
311.2718368541867
311.2876292117726
311.3034215693585
311.3192139269443
311.33500628453015
311.35079864211605
311.3665909997019
311.3823833572878
311.3981757148737
311.41396807245945
311.42976043004535
311.44555278763124
311.461345145217
311.477137502803
311.49292986038887
311.5087222179746
311.52451457556054
311.54030693314644
311.5560992907322
311.57189164831817
311.5876840059039
311.6034763634898
311.61926872107574
311.6350610786615
311.6508534362474
311.6666457938333
311.6824381514191
311.698230509005
311.71402286659094
311.7298152241767
311.74560758176256
311.7613999393485
311.7771922969343
311.7929846545202
311.8087770121061
311.8245693696919
311.84036172727775
311.85615408486365
311.8719464424495
311.8877388000354
311.9035311576213
311.91932351520705
311.93511587279295
311.95090823037884
311.9667005879647
311.9824929455506
311.9982853031364
312.01407766072225
312.02987001830815
312.04566237589404
312.0614547334799
312.0772470910657
312.0930394486516
312.10883180623745
312.12462416382334
312.14041652140924
312.156208878995
312.1720012365809
312.1877935941668
312.2035859517526
312.21937830933854
312.23517066692443
312.25096302451016
312.2667553820961
312.2825477396819
312.2983400972678
312.31413245485373
312.32992481243946
312.34571717002535
312.3615095276113
312.3773018851971
312.393094242783
312.4088866003689
312.42467895795465
312.44047131554055
312.4562636731265
312.4720560307123
312.4878483882981
312.503640745884
312.51943310346985
312.53522546105575
312.55101781864164
312.5668101762275
312.5826025338133
312.5983948913992
312.61418724898505
312.62997960657094
312.64577196415684
