0.012046328590155846
0.011590314498965784
0.011309241332924781
0.011140114507380432
0.011046628982361776
0.011006051605695864
0.011003386318302805
0.01102837098624757
0.011073793262865084
0.011134484543312518
0.011206688365564392
0.011287647357581605
0.01137532381913877
0.011468205399422745
0.011565166925021008
0.011665370440408074
0.011768191942696835
0.011873167169399977
0.011979951219112687
0.012088288346809962
0.012197989314517994
0.01230891438951846
0.012420960581906728
0.01253405207198697
0.012648133040031663
0.012763162305013632
0.01287910932411637
0.01299595121420281
0.013113670539177261
0.013232253669931722
0.013351689571202153
0.01347196890580067
0.013593083374076526
0.013715025227176386
0.013837786908305397
0.013961360787958458
0.014085738967919027
0.014210913135428518
0.014336874453854573
0.014463613479846055
0.014591120099674289
0.014719383479459877
0.014848392025455919
0.014978133351637645
0.015108594252634493
0.01523976068061454
0.01537161772514718
0.015504149595368524
0.01563733960399304
0.015771170152867116
0.01590562271987416
0.016040677847078248
0.016176315130050772
0.016312513208364292
0.016449249757265434
0.016586501480559585
0.016724244104752924
0.016862452374507054
0.017001100049468205
0.017140159902536683
0.017279603719644
0.017419402301107494
0.017559525464630785
0.017699942050018076
0.017840619925669206
0.017981525996918872
0.018122626216282182
0.018263885595663568
0.018405268220583502
0.01854673726647233
0.018688255017075977
0.01882978288501186
0.018971281434508897
0.019112710406357265
0.019254028745088473
0.019395194628397304
0.01953616549881043
0.019676898097597862
0.019817348500914496
0.019957472158151485
0.02009722393246537
0.02023655814344615
0.02037542861187391
0.020513788706504044
0.020651591392811888
0.02078878928361651
0.020925334691493522
0.02106117968287749
0.021196276133743856
0.02133057578675078
0.02146403030971209
0.021596591355263584
0.02172821062157587
0.02185883991395942
0.021988431207199535
0.022116936708451836
0.02224430892052357
0.022370500705359217
0.022495465347545766
0.022619156617647598
0.022741528835180273
0.022862536931028056
0.022982136509111458
0.023100283907109703
0.023216936256045248
0.023332051538539185
0.023445588645549745
0.023557507431410742
0.023667768766992486
0.023776334590813117
0.02388316795793692
0.02398823308650426
0.02409149540174591
0.0241929215773474
0.024292479574035988
0.024390138675278165
0.02448586951998586
0.024579644132141452
0.024671435947268318
0.024761219835681778
0.02484897212247516
0.024934670604204824
0.025018294562254476
0.025099824772872398
0.025179243513889282
0.025256534568138568
0.025331683223612986
0.025404676270405775
0.02547550199449661
0.025544150168454818
0.025610612039143592
0.0256748803125189
0.02573694913562888
0.025796814075926485
0.025854472098017965
0.02590992153797665
0.025963162075359033
0.02601419470306532
0.026063021695191268
0.02610964657302356
0.026154074069332647
0.02619631009112018
0.026236361680979012
0.026274236977225085
0.026309945172959242
0.02634349647421747
0.026374902057364164
0.02640417402588342
0.02643132536671778
0.026456369906301524
0.02647932226643072
0.02650019782010863
0.02651901264749775
0.026535783492107088
0.02655052771733423
0.02656328771957656
0.02657402226363329
0.02658279124555645
0.026589611163908428
0.026594500321120505
0.0265974782404183
0.026598565158896227
0.02659778177914684
0.026595149139582736
0.026590688538227807
0.026584421480929196
0.026576369641110376
0.026566554825373442
0.026554998942446187
0.026541723974376853
0.026526751949501957
0.02651010491697944
0.02649180492279919
0.026471873987228344
0.02645033408366916
0.02642720711891398
0.02640251491477996
0.02637627919110573
0.026348521550089807
0.026319263461946664
0.026288526251853593
0.026256331088160494
0.026222698971830313
0.026187650727075965
0.02615120699315829
0.026113388217308287
0.026074214648734592
0.026033706333674585
0.025991883111450214
0.025948764611484095
0.025904370251235532
0.02585871923501075
0.02581183055360574
0.025763722984736538
0.02571441509421443
0.025663925237820996
0.02561227156384086
0.025559472016207407
0.025505544338221598
