11.185979864987651
11.236031184033562
11.244691927003968
11.243472797737354
11.240296265161884
11.23677494096718
11.233232542642906
11.229733010904035
11.22628798060157
11.222898589499016
11.21956390868773
11.21628264354107
11.21305347653275
11.209875135367255
11.206746405225163
11.203666129437178
11.200633207643024
11.1976465933443
11.194705291295918
11.191808354869309
11.188954883445655
11.18614401987303
11.183374948009499
11.180646890366324
11.177959105860001
11.17531088767754
11.17270156125648
11.170130482378765
11.167597035376083
11.165100631443094
11.162640707054239
11.160216722479372
11.157828160393107
11.15547452457281
11.153155338679994
11.150870145120164
11.148618503976106
11.14639999201001
11.144214201729827
11.142060740515696
11.139939229802344
11.137849304313693
11.13579061134613
11.133762810097096
11.13176557103592
11.12979857531396
11.12786151421141
11.125954088618217
11.124076008546801
11.122226992674443
11.120406767913265
11.11861506900599
11.116851638145738
11.11511622414661
11.113408584688239
11.111728480542345
11.110075680747894
11.10844995987816
11.106851098021885
11.10527888059257
11.103733098104016
11.10221354594906
11.100720024188469
11.099252337350972
11.097810294243995
11.096393707774489
11.095002394779335
11.09363617586465
11.092294875253515
11.09097832064163
11.0896863430604
11.088418776747032
11.087175459021244
11.085956230168192
11.084760933327274
11.083589414386463
11.082441521881867
11.081317106902251
11.080216022998194
11.079138126095678
11.078083274413846
11.077051328386721
11.07604215058863
11.075055605663232
11.074091560255852
11.073149882949028
11.072230444201075
11.071333116287535
11.070457773245327
11.069604290819509
11.06877254641251
11.067962419035693
11.067173789263142
11.066406539187604
11.06566055237845
11.064935713841534
11.064231909980942
11.063549028562486
11.06288695867885
11.062245590716381
11.0616248163234
11.06102452837996
11.060444620969065
11.059884989349175
11.059345529928034
11.058826140237736
11.058326718910978
11.057847165658435
11.057387384306194
11.056947268401913
11.056526726550477
11.056125663528649
11.055743982599926
11.055381589513303
11.05503839098036
11.054714294645212
11.054409209070974
11.054123043726635
11.053855708974567
11.053607116058735
11.05337717709362
11.053165805053862
11.052972913764537
11.052798417892127
11.052642232936117
11.052504275221184
11.052384461890062
11.052282710896929
11.0521989410014
11.052133071763084
11.05208502353668
11.052054717467648
11.052042075488343
11.052047020314744
11.052069475443618
11.052109365150246
11.052166614486591
11.052241149279991
11.052332896132295
11.052441782419487
11.052567736291767
11.052710686674091
11.052870563267161
11.053047296548879
11.053240817776217
11.053451058987543
11.0536779530054
11.053921433439676
11.054181434691246
11.054457891956028
11.054750741229453
11.055059919311374
11.055385363811398
11.055727013154648
11.056084806587915
11.056458684186277
11.056848586860097
11.057254456362479
11.057676235297118
11.058113867126592
11.058567296181057
11.05903646766739
11.059521327678755
11.060021823204565
11.060537902140922
11.061069513301446
11.061616606428563
11.062179132205232
11.062757042267066
11.063350289214972
11.063958826628152
11.064582609077624
11.065221592140123
11.065875732412527
11.066544987526678
11.0672293161647
11.067928678074773
11.068643034087383
11.069372346132015
11.070116577254355
11.070875691633976
11.071649654602457
11.072438432662072
11.073241993504896
11.074060306032482
11.07489334037596
11.075741067916738
11.07660346130763
11.077480494494576
11.078372142738838
11.079278382639744
11.08019919215799
11.081134550639423
11.082084438839448
11.083048838947944
11.084027734614736
11.085021110975665
11.086028954679202
11.08705125391368
