0.0
33.98356069381526
0.0
34.18449138565196
0.0
34.38103125451979
0.0
34.56817166948352
0.0
34.74595687371793
0.0
34.91489536890944
0.0
35.075622584921376
0.0
35.22881400186284
0.0
35.37513745796
0.0
35.51522403476448
0.0
35.649650789545454
0.0
35.77893155328852
0.0
35.903513356236836
0.0
36.023776792813976
0.0
36.14003910902045
0.0
36.252559098131265
0.0
36.36154313262912
0.0
36.4671517883789
0.0
36.56950667768159
0.0
36.66869718885767
0.0
36.76478690717753
0.0
36.85781955784716
0.0
36.94782438322573
0.0
37.03482087046931
0.0
37.1188228226243
0.0
37.199841761799945
0.0
37.27788969692361
0.0
37.35298129579844
0.0
37.425135509257046
0.0
37.49437671241519
0.0
37.56073542431622
0.0
37.6242486706264
0.0
37.6849600534362
0.0
37.74291958446538
0.0
37.79818333405759
0.0
37.85081294306637
0.0
37.90087504605312
0.0
37.94844062289837
0.0
37.99358432522123
0.0
38.03638379086952
0.0
38.07691896374068
0.0
38.11527144085692
0.0
38.151523847407226
0.0
38.185759251404114
0.0
38.218060627869896
0.0
38.24851036588356
0.0
38.27718982937922
0.0
38.30417896373656
0.0
38.329555956020016
0.0
38.3533969408911
0.0
38.37577575155652
0.0
38.396763717418644
0.0
38.416429499352056
0.0
38.43483896745626
0.0
38.45205510895338
0.0
38.46813797194458
0.0
38.48314463650959
0.0
38.49712921201794
0.0
38.51014285775134
0.0
38.52223382292498
0.0
38.53344750586327
0.0
38.54382652523561
0.0
38.55341080430395
0.0
38.5622376674487
0.0
38.57034194323331
0.0
38.57775607294571
0.0
38.5845102210062
0.0
38.59063239689895
0.0
38.596148566781466
0.0
38.6010827739503
0.0
38.60545725578241
0.0
38.60929255680554
0.0
38.61260764117913
0.0
38.61542000326219
0.0
38.61774577098897
0.0
38.61959980782431
0.0
38.62099580768154
0.0
38.6219463890043
0.0
38.622463179677254
0.0
38.62255690033701
0.0
38.62223744077106
0.0
38.621513930781624
0.0
38.620394809151854
0.0
38.61888788575172
0.0
38.6170003982143
0.0
38.614739066796645
0.0
38.612110142963544
0.0
38.60911945466547
0.0
38.605772447811695
0.0
38.602074224013904
0.0
38.598029576227404
0.0
38.593643017224814
0.0
38.588918811239616
0.0
38.5838609982093
0.0
38.57847341656619
0.0
38.572759725720104
0.0
38.566723422770096
0.0
38.56036786097623
0.0
38.553696264779155
0.0
38.54671174240708
0.0
38.539417298361066
0.0
38.531815844185054
0.0
38.52391020863044
0.0
38.51570314455893
0.0
38.50719733822927
0.0
38.49839541510193
0.0
38.48929994513248
0.0
38.47991344910408
0.0
38.47023840285305
0.0
38.46027724026446
0.0
38.4500323593704
0.0
38.43950612226763
0.0
38.42870086065284
0.0
38.41761887640606
0.0
38.40626244458876
0.0
38.39463381617429
0.0
38.3827352170117
0.0
38.37056885321482
0.0
38.3581369079022
0.0
38.345441546941856
0.0
38.33248491689769
0.0
38.31926914675531
0.0
38.305796349975246
0.0
38.292068622137485
0.0
38.27808804576501
0.0
38.26385668696341
0.0
38.24937659973
0.0
38.234649823268754
0.0
38.21967838380176
0.0
38.204464295060816
0.0
38.18900955953021
0.0
38.17331616557366
0.0
38.1573860929484
0.0
38.14122130817321
0.0
38.12482376853159
0.0
38.108195419309276
0.0
38.0913381968692
0.0
38.07425402712592
0.0
38.05694482640581
0.0
38.039412503188956
0.0
38.02165895517469
0.0
38.00368607170246
0.0
37.98549573559515
0.0
37.96708981914135
0.0
37.94847018880923
0.0
37.92963870170803
0.0
37.91059721016031
0.0
37.891347557751196
0.0
37.87189158149425
0.0
37.85223111422643
0.0
37.83236798017052
0.0
37.8123039992433
0.0
37.79204098606412
0.0
37.7715807500941
0.0
37.75092509652601
0.0
37.7300758249166
0.0
37.7090347323816
0.0
37.68780361114922
0.0
37.6663842506656
0.0
37.64477843757388
0.0
37.622987955720276
0.0
37.60101458591374
0.0
37.57886010833094
0.0
37.556526299828285
0.0
37.53401493775276
0.0
37.51132779742997
0.0
37.48846665409697
0.0
37.465433282553
0.0
37.442229457815586
0.0
37.41885695629466
0.0
37.39531755347292
0.0
37.37161302732364
0.0
37.34774515743069
0.0
37.32371572504241
0.0
37.29952651358082
0.0
37.27517930907757
0.0
37.250675900873084
0.0
37.22601808168881
0.0
37.20120764699876
0.0
37.176246396899266
0.0
37.15113613591292
0.0
37.12587867224199
0.0
37.10047581996585
0.0
37.074929397995454
0.0
37.04924122933013
0.0
37.02341314442124
0.0
36.99744697873015
0.0
36.97134457434238
0.0
36.945107778950515
0.0
36.91873844634962
0.0
36.89223843892098
0.0
36.86560962367833
0.0
36.838853876553834
0.0
36.811973078733736
0.0
36.78496912035275
0.0
36.757843897823676
0.0
36.730599315026744
0.0
36.70323728440069
0.0
36.675759723496036
