1332330.2313984
1344349.2959325078
1356225.6540432821
1367928.5630402367
1379442.6235521918
1390773.5009966353
1401930.825780874
1412924.731640146
1423765.1336513835
1434461.5672334458
1445023.1492473863
1455458.5707811317
1465776.101494833
1475983.5999415733
1486088.5275603214
1496097.964985067
1506018.6297287173
1515856.8945566518
1525618.8060496477
1535310.1029948953
1544936.2343493733
1554502.376599937
1564013.4504048661
1573474.136446837
1582888.8904608756
1592261.9574256197
1601597.3849239098
1610899.0356914976
1620170.5993813314
1629415.6035765787
1638637.4240890783
1647839.2945817374
1657024.3155540454
1666195.462729594
1675355.594883623
1684507.4611473242
1693653.7078240192
1702796.8847505823
1711939.4512356012
1721083.7816039072
1730232.1703751986
1739386.8371026812
1748549.9308958263
1757723.5346497365
1766909.669001916
1776110.2960357494
1785327.3227486666
1794562.6043014629
1803817.9470641422
1813095.1114724844
1822395.8147083852
1831721.7332160955
1841074.505065555
1850455.7858842642
1859867.0371515902
1869309.8473244978
1878785.7218890209
1888296.137817042
1897842.5452026164
1907426.3688040022
1917049.0094965752
1926711.8456421006
1936416.2343793537
1946163.512840838
1955954.9992998734
1965791.994252125
1975675.7814352228
1985607.6287899308
1995588.789365968
2005620.502175484
2015703.9929968
2025840.475130883
2036031.1501129323
2046277.2083810696
2056579.829904129
2066940.1847702796
2077359.4337381367
2087838.7287518058
2098379.2134212437
2108982.0234691417
2119648.2871454414
2130379.1256105113
2141175.6532878564
2152038.978187134
2162970.2021982837
2173970.421357245
2185040.7260839073
2196182.201392694
2207395.9270761535
2218682.9778618715
2230044.4235429037
2241481.3290818925
2252994.754688967
2264585.755873428
2276255.3834691634
2288004.6836336902
2299834.697820675
2311746.4627256445
2323741.0102046495
2335819.3671654523
2347982.5554309017
2360231.5915739327
2372567.4867237485
2384991.246342478
2397503.8699717284
2410106.3509483007
2422799.6760882293
2435584.825338401
2448462.631375146
2461434.479317985
2474500.7626371467
2487662.85420708
2500921.5519634364
2514277.785379272
2527732.4736257815
2541286.5249258573
2554940.8358646184
2568696.290655348
2582553.7603592495
2596514.1020573205
2610578.1579726003
2624746.7545409156
2639020.7014281945
2653400.790492324
2667887.79468746
2682482.4669085555
2697185.5387738086
2711997.719342635
2726919.6937666945
2741952.1218713135
2757095.636664655
2772350.842771776
2787718.314790669
2803198.5955672543
2818792.1943861614
2834499.585073997
2850321.2040117728
2866257.448052895
2882308.6723431093
2898475.1880386537
2914757.25991863
2931155.103887644
2947668.8843644466
2964298.7115523363
2981044.6385868313
2997906.6585559626
3014884.7013885574
3031978.6306054946
3049188.2399289757
3066513.2497446286
3083953.303411058
3101507.96341139
3119176.707341218
3136958.923727145
3154853.9076699708
3172860.856306573
3190978.8640841283
3209206.9178404883
3227543.8916841606
3245988.5416672956
3264539.500245005
3283195.270514148
3301954.220224645
3320814.575556348
3339774.4146542274
3358831.6609147736
3377984.0760163567
3397229.2526861434
3416564.6071963194
3435987.3715822706
3455494.5855752886
3475083.0882425243
3494749.5093270354
3514490.2602804573
3534301.5249815993
3554179.250133588
3574119.135333177
3594116.622805362
3614166.886797129
3634264.822624236
3654405.0353653114
3674581.8281979808
3694789.190372079
3715020.784815519
3735269.9353690385
3755529.6136463685
3775792.4255174263
3796050.597212521
3816295.9610465853
3836519.940763186
3856713.536499218
3876867.309371982
3896971.3656917126
3917015.3408036605
3936988.3825652986
3956879.1344654798
3976675.718394004
3996365.717071504
4015936.1561514894
