4.6633
4.542579024708311
4.602281739357757
4.660223178515079
4.715959403825015
4.7694841747156405
4.8208770452406
4.870231979606088
4.917642739290536
4.963199808404287
5.0069897241188706
5.0490949520526245
5.089593915537769
5.128561087260822
5.16606711504082
5.2021789685617374
5.2369600987162315
5.2704706036055535
5.302767396821618
5.333904374807783
5.3639325809888065
5.392900365045198
5.4208535362308625
5.447835510030804
5.473887447755508
5.499048388893015
5.5233553762047904
5.5468435736718495
5.569546377482406
5.591495520311351
5.612721169179604
5.633252017204803
5.653115369565959
5.672337224007751
5.690942346206938
5.708954340315684
5.726395714985722
5.743287945164603
5.759651529941156
5.775506046702453
5.790870201849727
5.805761878305614
5.820198180030533
5.834195473751979
5.847769428096794
5.860935050303572
5.8737067206804365
5.8860982249613
5.8981227847037045
5.909793085860438
5.921121305648276
5.932119137827997
5.9427978165018995
5.953168034301693
5.96324038038593
5.973024735120476
5.982530705569168
5.991767539120769
6.000744140211627
6.009469086138093
6.017950642006323
6.0261967748714875
6.034215167116852
6.042013229119617
6.0495981112477075
6.05697671522846
6.064155704927164
6.071141516571296
6.077940368453405
6.08455827014373
6.091001031241309
6.097274269690628
6.103383419688959
6.109333739207924
6.115130317151312
6.120778080169707
6.126281799151235
6.131646095406437
6.13687544656418
6.141974192194474
6.146946539172957
6.151796566801147
6.156528231695327
6.161145372456461
6.165651714132705
6.170050872485223
6.1743463580676154
6.178541580128406
6.182639850345759
6.186644386402751
6.190558315411344
6.194384677192359
6.198126427418843
6.20178644062919
6.2053675131166
6.208872365700583
6.212303646386332
6.2156639329170345
6.218955735224335
6.222181497781553
6.2253436018641075
6.228444367721403
6.231486056664176
6.234470873070997
6.237400966317567
6.240278432632112
6.243105316880096
6.245883614281266
6.2486153843658965
6.2513021910041635
6.253946340619821
6.256549307113882
6.259112973891034
6.261639070904756
6.264129288807504
6.266585280217319
6.269008660937029
6.271401011128264
6.273763876441832
6.276098769106101
6.27840716897468
6.280690524534881
6.282950253878211
6.285187745634042
6.287404359867721
6.289601428944034
6.291780258357139
6.2939421275278375
6.296088290569095
6.298219977020522
6.300338392552777
6.302444719642296
6.304540118217263
6.306625726275227
6.308702660472991
6.310772016689256
6.312834870560356
6.314892277989653
6.316945275630803
6.3189948813451915
6.321042094633899
6.323087897044267
6.325133252551338
6.327179107914258
6.329226393007711
6.331276021128436
6.333328889276824
6.335385878413552
6.337447853691178
6.3395156646605555
6.341590145451933
6.343672114930469
6.345762376826015
6.347861719836795
6.349970917706685
6.352090729275707
6.3542218985033765
6.35636515446441
6.358521211316285
6.36069076823818
6.362874509340625
6.365073103545366
6.367287204434688
6.369517450069464
6.371764462775329
6.374028848896017
6.3763111985131244
6.378612085131368
6.380932065328458
6.383271678368543
6.385631445778266
6.38801187088429
6.390413438311303
6.392836613439136
6.395281841817958
6.3977495485402125
6.400240137567934
6.402753991014156
6.4052914683769115
6.407852905724373
6.410438614829694
6.413048882253778
6.415683968374522
6.418344106360698
6.421029501088841
6.423740328001204
6.426476731903046
6.429238825697152
6.432026689053763
6.434840367013726
6.437679868522832
6.440545164895076
6.4434361882026066
6.44635282959007
6.4492949375109205
6.452262315883173
6.455254722162123
6.458271865327319
6.461313403781123
