0.0038130287076702384
0.004211141751265897
0.004558947278420816
0.004850000452522799
0.005082583631024736
0.00525900858983236
0.005384487714315547
0.0054659246750558286
0.005510861350935982
0.005526692656140713
0.005520160193949616
0.005497078299463987
0.005462227189464526
0.005419353223101713
0.005371232212148076
0.005319769153200647
0.005266121543587792
0.005210841207265579
0.005154030947463153
0.005095508895072092
0.005034968268676882
0.004972117049480541
0.004906783283900987
0.004838977451664302
0.004768911434313085
0.0046969811030622725
0.00462372418019214
0.004549766132150977
0.004475765107372133
0.004402363659046019
0.004330151456790062
0.004259640224041089
0.004191250089127354
0.004125305400907445
0.004062037642746844
0.004001593138750883
0.003944043567725682
0.0038893977245640894
0.0038376133953892024
0.003788608588350024
0.0037422716650718463
0.0036984701463670757
0.003657058127861405
0.0036178823486254508
0.0035807870211825854
0.0035456175656329216
0.0035122234034272344
0.0034804600016917903
0.0034501900737481297
0.0034212847100312947
0.0033936236140166094
0.0033670953088920062
0.003341597052212494
0.003317034585946491
0.0032933217727008014
0.003270380157923173
0.0032481384887105397
0.0032265322123388603
0.003205502971578164
0.003184998109055915
0.0031649701891797023
0.0031453765432416588
0.00312617884113669
0.0031073426914942637
0.0030888372708298474
0.0030706349814700086
0.0030527111374149584
0.0030350436769106407
0.0030176129002593773
0.0030004012312640684
0.002983393000646306
0.0029665742497799576
0.0029499325531215357
0.002933456857784177
0.002917137338783316
0.0029009652685724665
0.002884932899581783
0.002869033358566734
0.0028532605516670946
0.002837609079165503
0.002822074159019776
0.002806651558322605
0.0027913375319168197
0.0027761287674632827
0.0027610223363222666
0.0027460156496679307
0.0027311064193093655
0.0027162926227411567
0.0027015724719914934
0.0026869443858772413
0.0026724069653129416
0.0026579589713550153
0.0026435993056936734
0.0026293269933334077
0.002615141167228662
0.002601041054664774
0.0025870259651954294
0.002573095279967093
0.002559248442278378
0.0025454849492379554
0.002531804344398859
0.002518206211260021
0.002504690167537261
0.0024912558601165365
0.0024779029606116724
0.0024646311614571884
0.0024514401724744493
0.002438329717856256
0.0024252995335210404
0.0024123493647933637
0.0023994789643722535
0.00238668809055338
0.0023739765056749493
0.0023613439747606287
0.0023487902642876767
0.0023363151413806713
0.002323918372515456
0.0023115997230684715
0.0022993589565353874
0.0022871958339506816
0.0022751101133870835
0.002263101549525595
0.0022511698932879257
0.0022393148915239077
0.002227536286747626
0.0022158338169164416
0.0022042072152480695
0.002192656210071278
0.00218118052470642
0.0021697798773724817
0.0021584539811176843
0.0021472025437710937
0.002136025267912964
0.002124921850861906
0.002113891984677152
0.002098387562801159
0.002085201276740879
0.002072057669527028
0.0020584580618413046
0.002044477235683857
0.0020303138600650077
0.002016145067188439
0.002002094827529585
0.001988239122507401
0.001974619270619259
0.0019612540370766217
0.0019481484632657346
0.0019352996922895333
0.0019227005957077271
0.0019103419433829617
0.001898213660768428
0.0018863055348601592
0.0018746075954389455
0.0018631103088364764
0.0018518046653585318
0.0018406822075183354
0.001829735026138989
0.0018189557396990472
0.0018083374655796516
0.0017978737880442663
0.0017875587256141541
0.001777386699275032
0.0017673525022634912
0.0017574512717922876
0.0017476784628575703
0.0017380298241521804
0.0017285013760459397
0.0017190893905631918
0.001709790373277272
0.0017006010470430473
0.0016915183374991965
0.0016825393602883858
0.001673661409969588
0.0016648819506246062
0.001656198608193245
0.0016476091686049483
0.0016391115971309282
0.0016307038712139084
0.0016223843168519264
0.0016141513161832203
0.0016060034193816851
0.0015979393542396552
0.0015899580437081574
0.001582058631923812
0.0015742405213275024
0.0015665034247347024
0.0015588474381012414
0.0015512731425216006
0.0015437817482720328
0.0015363753004053267
0.0015290569761041242
0.0015218315214604043
0.0015147059044700617
0.001507690310751941
0.001500799695563457
0.0014940562623725804
0.0014874935287888965
0.0014811631973741127
0.0014751471535556972
