4.1839
3.065605730990277
3.0661526995806567
3.0667910487737093
3.067515441058937
3.0683206406151573
3.0692015588957733
3.070153291016561
3.071171140126427
3.0722506325394776
3.073387525803846
3.074577811406504
3.0758177134454923
3.0771036843141393
3.078432398216715
3.0798007431574805
3.0812058007171705
3.0826448660463623
3.0841154153452592
3.0856150965993527
3.0871417227086924
3.0886932616384826
3.090267826859884
3.0918636681469653
3.0934791627737006
3.0951128071380873
3.0967632088270958
3.0984290876220775
3.1001092344242536
3.10180255573534
3.1035080333499168
3.105224727091414
3.1069517693958195
3.1086883602579203
3.110433762521135
3.1121872974903124
3.113948340848045
3.1157163188549637
3.1174907048152085
3.119271015789432
3.121056809537891
3.1228476816779343
3.124643263040326
3.1264432172103653
3.128247238240375
3.130055048521149
3.131866396800762
3.1336810563400816
3.1354988231948
3.1373195146150934
3.1391429675539304
3.14096903727662
3.1427975960638896
3.144628532002015
3.146461747853659
3.1482971600038763
3.1501346974756754
3.151974301010618
3.153815922209689
3.155659522730473
3.157505073536554
3.1593525541959617
3.1612019522249684
3.16305326247456
3.1649064865566006
3.166761543341192
3.168618528894237
3.1704774683378707
3.1723383853165092
3.1742013078737292
3.1760662680688396
3.177933301618086
3.1798024475594477
3.1816737479393775
3.1835472475202375
3.1854229935071854
3.1873010352933164
3.1891814242217484
3.191064213363995
3.1929494573132846
3.194837211992127
3.196727534473164
3.19862048281263
3.200516115895452
3.2024144932915526
3.20431567512239
3.2062197219374116
3.208126694599494
3.210036654179199
3.2119496618569308
3.2138657788327394
3.215785066243273
3.2177075850853916
3.2196333961459564
3.221562559937599
3.223495136639895
3.2254311860456704
3.2273707675122263
3.2293139399169126
3.2312607616169955
3.2332112904133634
3.2351655835180284
3.237123697524879
3.239085688383678
3.241051611377029
3.243021521100063
3.2449954714426785
3.2469735155741413
3.2489557059298457
3.25094209420017
3.2529327313211405
3.254927667466808
3.2569269520432993
3.2589306336841903
3.2609387602473694
3.2629513788129625
3.2649685356825344
3.266990276379195
3.269016645648658
3.2710476874611754
3.273083445014154
3.2751239607355025
3.277169276287572
3.279218786545795
3.281274671075403
3.2833340182862534
3.285399781112575
3.2874697028894504
3.2895447802004494
3.2916249301524285
3.2937095668149485
3.2957999416178625
3.2978954902873308
3.2999962489332035
3.302102989596558
3.304214162678006
3.306330639691058
3.308452453480931
3.3105796341838465
3.3127122113837832
3.314850214023426
3.3169936704051506
3.3191426081955684
3.321297054430755
3.323457035522046
3.3256225772618406
3.3277937048295905
3.3299704427978054
3.332152815137996
3.334340845226408
3.336534555849749
3.338733969210672
3.34093910693302
3.343149990066939
3.3453666390937578
3.347589073930601
3.3498173139348824
3.352051377908449
3.3542912841016177
3.3565370502169145
3.35878869341264
3.3610462303061706
3.3633096769771327
3.365579048970233
3.367854361298024
3.3701356284433657
3.3724228643617393
3.374716082483314
3.3770152957148727
3.3793205164415374
3.3816317565282232
3.383949027321096
3.3862723396486056
3.3886017038225873
3.3909371296389756
3.3932786263785304
3.395626202807264
3.397979867176758
3.400337497392108
3.4027029036113077
3.4050748262300132
3.4074528370982744
3.4098369789507617
3.4122300379651778
3.4146265934720494
3.4170291819906966
3.41943791164866
3.421852792006619
3.424273823942673
3.4267010080302507
3.429134344530889
3.4315738333782466
3.434019470906661
3.436471262786313
3.438929204619418
3.441393294820634
3.4438635313708335
3.4463399149944753
3.448822436407861
