0.0017173177476050043
0.0020091710637321508
0.002616558160527589
0.0034599734584978723
0.004597054662526564
0.006026696782818635
0.0076899271978130524
0.00950770919320952
0.011409105801032318
0.013337732930053532
0.015249549908000148
0.017110354754665606
0.018894564937996634
0.020584638579853515
0.02217040794464006
0.023648026090680004
0.025018595224108136
0.02628670609386792
0.027459106798339048
0.028543629385213043
0.029548409275754757
0.030481370454321633
0.03134992154070243
0.03216080388526402
0.03292004089390525
0.033632949733590524
0.03430418802083764
0.03493781733548316
0.03553737221249453
0.036105927944240696
0.036646163605196805
0.037160418656451005
0.03765074263393851
0.038118938099383416
0.03856659737197081
0.038995133705071586
0.039405807618271706
0.039799749060563196
0.040177976027785715
0.040541410190304224
0.04089089000557402
0.04122718173288181
0.041550988690087
0.041862959054567696
0.042163692446286476
0.04245374550108732
0.04273363660159562
0.04300384990784676
0.04326483880464383
0.04351702886086099
0.04376082038214967
0.04399659062182371
0.04422469570571107
0.04444547231556157
0.0446592391713976
0.0448662983395404
0.04506693639539527
0.04526142546343544
0.04545002414832477
0.045632978378817884
0.04581052216756624
0.045982878309464216
0.04615025901474662
0.046312866495220664
0.046470893502101124
0.046624523824824855
0.046773932754971596
0.04691928751697453
0.04706074767271528
0.047198465497376364
0.04733258633615935
0.04746324893638354
0.047590585762124285
0.04771472329187894
0.047835782298492384
0.04795387811404727
0.04806912088305174
0.048181615800213635
0.04829146333753519
0.048398759459959036
0.04850359582979238
0.048606060001952854
0.04870623560946111
0.048804202540005046
0.04890003710497885
0.04899381219916901
0.0490855974543041
0.049175459385163836
0.049263461527846074
0.049349664573370824
0.04943412649486696
0.04951690266754222
0.04959804598494984
0.0496776069684503
0.0497556338737734
0.04983217279038457
0.04990726773746472
0.049980960756964773
0.050053292000245705
0.050124299811389585
0.05019402080815814
0.050262489958027484
0.05032974065084257
0.05039580476925541
0.050460712754691085
0.05052449367169759
0.05058717526885402
0.05064878403646489
0.050709345263033334
0.05076888308770634
0.05082742055187051
0.050884979647644456
0.050941581364393244
0.05099724573296548
0.051051991868966265
0.05110583801291396
0.05115880156968667
0.05121089914563512
0.05126214658432935
0.051312559000765645
0.05136215081408337
0.05141093577865084
0.051458927014534236
0.05150613703550588
0.05155257777745301
0.05159826062400821
0.0516431964320302
0.05168739555541201
0.05173086786892807
0.051773622789635945
0.05181566929863237
0.05185701596121354
0.0518976709463558
0.05193764204576209
0.051976936691252314
0.05201556197250408
0.05205352465296773
0.052090831186358634
0.052127487731262585
0.05216350016584407
0.05219887410202329
0.052233614898680676
0.0522677276745901
0.05230121732067269
0.052334088511989243
0.052366345719004816
0.05239799321859425
0.05242903510453941
0.05245947529772297
0.05248931755557518
0.05251823789173459
0.052546191334201284
0.05257327986117843
0.05259957982545292
0.05262515039324276
0.05265003736808719
0.052674276146394736
0.052697894323704836
0.05272084457464304
0.052743137927455615
0.05276480807602448
0.052785880689755565
0.05280637568172585
0.052826308740771044
0.052845692417515355
0.05286453690966486
0.052882850636918693
0.05290064066607668
0.052917913027879446
0.052934672954833034
0.05295092506130525
0.05296667348083397
0.0529819219715804
0.05299667399798536
0.05301093279448465
0.053024701415688116
0.05303798277633624
0.05305077968345
0.053063094862347476
0.05307493097827015
0.05308629065449925
0.05309717648781161
0.053107591062041416
0.05311753696011523
0.053127016775201756
0.05313603312116815
0.05314458864271927
0.05315268602551404
0.05316032800655933
0.05316751738502138
0.05317425703384529
0.053180549912337415
0.05318639908004117
0.05319180771230533
0.05319677911775865
0.05320131675830701
0.0532054242719409
0.0532091054991966
0.0532123645139176
