31.477205973601922
31.033414335176317
30.84531154844182
30.767574222366203
30.755022409309877
30.787024707557126
30.851102768763248
30.938690911588527
31.043627842639037
31.16140160981283
31.28868169886651
31.422999847860346
31.562523109058596
31.705889148379494
31.852085273356035
32.000358903205154
32.15015099055398
32.30104637238512
32.452736697282276
32.60499273865329
32.757643731892536
32.91056197429033
33.0636513684494
33.21683891839142
33.37006843334905
33.52329587907098
33.67648595581652
33.82960958738454
33.98264208488828
34.13556180882046
34.28834919798733
34.44098606771289
34.59345510505216
34.745739507682146
34.89782272723823
35.04968828833278
35.201319662240316
35.35270017994799
35.50381297347086
35.65464093740802
35.805166704960996
35.95537263426894
36.105240802097626
36.25475300277412
36.40389075087164
36.55263528658956
36.70096758308719
36.848868355251824
36.996318069540486
37.14329695464388
37.28978501280035
37.43576203164033
37.58120759648008
37.72610110300854
37.87042177032869
38.01414865432635
38.15726066134717
38.29973656216692
38.44155500624364
38.58269453624125
38.7231336028152
38.862850579650576
39.00182377874277
39.140031465909935
39.27745187652585
39.41406323146026
39.54984375321337
39.68477168222907
39.818825293370935
39.951982912543734
40.08422293344154
40.215523834402624
40.3458641953501
40.475222714795855
40.60357822688457
40.73090971845293
40.857196346078794
40.98241745309346
41.1065525865292
41.22958151397436
41.351484240305936
41.47224102427031
41.591832394881145
41.71023916760367
41.82744246029358
41.94342370885896
42.05816468261291
42.171647499285164
42.283854639660206
42.39476896181049
42.50437371489279
42.612652552476774
42.71958954537513
42.8251691939457
42.92937643983628
43.03219667714448
43.13361576296555
43.23362002730267
43.33219628231575
43.4293318308857
43.52501447447369
43.61923252025572
43.7119747875154
43.80323061327953
43.892989857183196
43.98124290555318
44.067980674700756
44.15319461341735
44.236876704668646
44.31901946648523
44.399615952050276
44.4786597489872
44.55614497785231
44.632066289840715
44.70641886371472
44.77919840196797
44.850401126239476
44.920023771994266
44.9880635824904
45.054518302052394
45.11938616867497
45.182665905981494
45.24435671456357
45.30445826273031
45.36297067669638
45.41989453024048
45.47523083386553
45.52898102349419
45.58114694873347
45.631730860743374
45.68073539974484
45.728163582202136
45.774018787716535
45.81830474566675
45.86102552163233
45.90218550363583
45.941789388239535
45.979842166531704
46.01634911003678
46.05131575658381
46.0847478961659
46.116651556823015
46.147032990579575
46.17589865946669
46.2032552216584
46.229109517749855
46.25346855720358
46.27633950498986
46.29772966844457
46.31764648436761
46.33609750638264
46.35309039257858
46.36863289345051
46.38273284015768
46.39539813311364
46.406642388108615
46.41646041107569
46.42486851092175
46.431874612558076
46.43748651491453
46.44171215901639
46.44455956886627
46.44603679973079
46.44615190831288
46.44491293520528
46.44232789331545
46.43840475920251
46.433151465937925
46.426575896871334
46.41868588002642
46.409489183004546
46.3989935083391
46.38720648927452
46.37413568595411
46.35978858200753
46.344172581530366
46.32729500644847
46.30916309426005
46.28978399614836
46.269164775457355
46.247312406522454
46.22423377384861
46.19993567162709
46.174424803582426
46.14770778314082
46.11979113391117
46.09068129046997
46.06038459944014
46.02890732085554
45.996255629801226
45.96243561832063
45.92745329757991
45.891314600280516
45.85402538331037
45.81559143062472
45.77601845634713
45.73531210808154
45.69347797042606
45.65052156868017
