190.07767352080222
191.86933525108074
194.64100183732205
198.14310253984434
202.15904535676876
206.45505479487323
210.80273570450132
215.00978375331132
218.9370414967206
222.49964661255748
225.65847262994453
228.4084152333364
230.7672715043014
232.76657756764595
234.44463987035712
235.84161021697628
236.99631049688878
237.94443466277514
238.71773578804897
239.3438480006494
239.84647261467967
240.24574313100956
240.55865490400893
240.7994957078457
240.98024553447482
241.1109326613705
241.19994308373057
241.25428544505016
241.27981573750316
241.2814267356409
241.2632070837127
241.22857451668472
241.18038723438306
241.12103688656762
241.05252612494468
240.97653325344973
240.89446608371435
240.80750678710245
240.71664924629954
240.62273014139274
240.5264548386598
240.4284189265418
240.3291261610446
240.22900339592377
240.1284130234293
240.02766333416275
239.9270171529685
239.82669904040972
239.726901297837
239.62778898329373
239.52950409926956
239.43216909622004
239.3358898034329
239.24075789151337
239.14685292944478
239.05424411906148
238.96299175805848
238.87314846473012
238.78476022819385
238.6978672765515
238.6125048418391
238.52870378309356
238.44649114311423
238.3658906081999
238.28692291202032
238.20960618399224
238.13395624516258
238.05998687523427
237.98771003126157
237.91713605807746
237.8482738536407
237.78113102815308
237.71571404325852
237.6520283293148
237.59007839325926
237.52986792263656
237.47139986519161
237.4146765112806
237.3596995641856
237.3064702017442
237.2549891365739
237.20525666719502
237.15727272510662
237.11103692092266
237.0665485783594
237.02380677449113
236.98281037110164
236.94355803960752
236.90604829409511
236.87027951464785
236.83624996329075
236.803957810644
236.77340114727582
236.74457800829143
236.71748637731477
236.69212420330882
236.66848941821868
236.64657993667223
236.62639366635216
236.60792852173756
236.59118242408135
236.57615330603687
236.56283912064598
236.55123783742434
236.54134745097716
236.53316597919618
236.52669146046486
236.5219219603467
236.5188555616773
236.5174903706002
236.51782450907132
236.5198561120233
236.52358332145636
236.52900428753009
236.53611715521453
236.54492006446574
236.55541113922308
236.56758848118568
236.58145016142404
236.59699421111094
236.61421860991862
236.6331212806743
236.6537000692465
236.67595274446631
236.69987697300488
236.72547031255635
236.75273019203095
236.78165390446094
236.81223857775032
236.84448116724565
236.87837843051636
236.91392690805552
236.95112290495868
236.98996245908842
237.0304413263851
237.07255494312685
237.11629840989568
237.16166644825557
237.208653375068
237.2572530681922
237.3074589241299
237.35926382023513
237.41266006898766
237.4676393736452
237.52419277423277
237.58231059500585
237.64198238412422
237.70319685099395
237.76594179158502
238.05003227000014
237.6675227277914
237.36140758863675
237.12639137266217
236.95186103137254
236.82657492174116
236.74046041047592
236.68512643984675
236.6533145864806
236.64031470358057
236.64216802452208
236.65559636357847
236.67811098182278
236.70781268373307
236.74324454391737
236.7832825911824
236.827054236901
236.87387712517156
236.9232130813339
236.97463327302407
237.02779173672656
237.0824051433261
237.1382372350434
237.19508676434597
237.2527780548242
237.31115352492657
237.3700676749844
237.4293821516465
237.48896158788622
237.54867000610855
237.60836757953956
237.66790760679447
237.72713357526226
237.78587618623692
237.8439502528798
237.9011513476296
237.95725210213715
238.01199804057862
238.0651028173743
238.11624269762802
238.1650501175272
238.211106093021
238.25393122501936
238.29297498543866
238.32760286461405
238.3570809180392
238.38055704927302
238.3970382978059
238.40536310741592
238.40416733081028
