68648.04000000001
154169.02507061925
154206.78215390953
154237.02658695422
154264.26115725757
154289.09127136512
154311.93684353103
154333.1304122885
154352.93654587373
154371.56607834095
154389.1873897219
154405.9353476356
154421.9183845108
154437.2240911431
154451.92363171902
154466.07522417698
154479.7268805302
154492.91856196825
154505.68387185293
154518.0513842606
154530.0456854559
154541.68818951864
154552.99777650254
154563.99129133477
154574.6839335562
154585.08956159744
154595.22093026325
154605.08987606113
154614.70746189076
154624.08409007365
154633.22959081718
154642.15329162008
154650.86407189444
154659.37040621435
154667.6803987747
154675.8018110713
154683.74208444776
154691.50835863824
154699.10748732297
154706.54605136873
154713.83037034073
154720.96651271157
154727.96030503677
154734.81734045377
154741.5429865295
154748.14239275974
154754.62049770157
154760.9820358571
154767.23154437254
154773.3733695411
154779.41167322648
154785.3504390883
154791.1934787776
154796.9444379502
154802.60680222718
154808.18390301624
154813.67892325763
154819.09490302092
154824.43474501502
154829.70121996343
154834.8969718737
154840.02452315897
154845.08627964614
154850.08453545946
154855.02147772862
154859.89919124122
154864.71966284813
154869.48478583468
154874.19636407826
154878.85611620315
154883.46567927394
154888.02661276894
154892.5404022262
154897.0084625949
154901.43214177492
154905.8127237247
154910.1514316958
154914.44943114673
154918.7078326497
154922.92769463
154927.1100260169
154931.25578873773
154935.3659001151
154939.44123523714
154943.48262907547
154947.4908786203
154951.46674488598
154955.41095479112
154959.32420298376
154963.207153585
154967.06044179286
154970.88467547778
154923.1262865621
154881.8715233577
154844.86320597847
154810.89046105996
154779.5134858547
154750.10816990025
154722.2774418744
154695.72377862578
154670.2238293567
154645.60953297446
154621.75405871292
154598.56133351653
154575.95823855465
154553.8887931377
154532.30981895633
154511.18770737192
154490.4960087556
154470.21363463422
154450.32351665676
154430.81160619968
154411.66612792655
154392.87702280533
154374.4355323017
154356.3338879571
154338.5650795146
154321.12268164565
154304.00072438197
154287.19359615122
154270.69597115714
154254.50275485116
154238.60904301167
154223.01009087244
154207.7012898336
154192.67814976812
154177.93628557085
154163.47140680032
154149.27930972876
154135.35587109372
154121.69704320395
154108.2988500174
154095.1573839393
154082.2688032189
154069.6293297399
154057.23524711616
154045.08289906674
154033.16868794645
154021.4890734178
154010.040571253
153998.81975220714
153987.82324095548
153977.0477151067
153966.48990423232
153956.14658895618
153946.01460006417
153936.0908176585
153926.37217028774
153916.8556341693
153907.53823236763
153898.4170340192
153889.48915359442
153880.75175010564
153872.20202642938
153863.83722853457
153855.65464482445
153847.65160541455
153839.8254814631
153832.1736845159
153824.693665831
153817.38291574994
153810.2389630608
153803.2593743899
153796.44175355937
153789.78374103134
153783.28301329058
153776.9372822763
153770.74429481005
153764.70183203404
153758.80770887717
153753.05977349542
153747.45590676295
153741.9940217277
153736.67206311613
153731.4880068306
153726.43985943645
153721.52565770288
153716.74346808853
153712.09138631643
153707.56753686193
153703.17007254914
153698.8971740607
153694.7470495278
153690.7179340787
153686.80808942651
153683.01580344528
153679.33938976954
153675.7771873705
153672.3275601819
153668.9888967004
153665.75960957937
153662.63813530706
153659.62293377257
153656.71248793157
153653.905303473
153651.19990839425
153648.5948527211
153646.08870815104
153643.68006768392
