12.502854864247798
12.612057918639682
12.670001422455481
12.718867849924235
12.765801929379966
12.812238465659997
12.858475971089783
12.904583394614274
12.950582979627432
12.996487208429645
13.042306280725816
13.088049638052272
13.133726284472415
13.17934486371888
13.224913686869208
13.270440749734492
13.315933747821907
13.361400090412838
13.406846914036565
13.452281095376605
13.49770926360882
13.54313781216989
13.588572909960998
13.634020511997457
13.67948636951841
13.72497603957487
13.770494894115629
13.81604812859223
13.861640770104778
13.907277685110493
13.95296358671714
13.998703041582477
14.044500476441009
14.090360184277982
14.136286330170329
14.182282956812916
14.22835398974794
14.274503242314276
14.320734420332728
14.36705112654224
14.413456864801237
14.459955044067643
14.506548982170028
14.553241909381795
14.600036971809713
14.646937234607087
14.693945685021301
14.741065235285419
14.788298725361884
14.835648925547005
14.883118538943306
14.93071020380742
14.978426495779793
15.026269937149586
15.074242971207495
15.122348003639285
15.170587380269811
15.218963393489402
15.267478284222744
15.316134243548106
15.364933414191782
15.413877891939073
15.46296972697341
15.512210925148313
15.561603449195703
15.611149219873816
15.660850117057187
15.710707980771593
15.760724612176343
15.810901774496141
15.861241193904979
15.911744560363756
15.962413528413906
16.013249717928677
16.0642547148239
16.11543007172974
16.16677730862518
16.21829791343649
16.269993342601225
16.321865021598892
16.373914345449695
16.426142679182284
16.478551358271954
16.531141689049853
16.583914949084644
16.636872387537313
16.690015225489987
16.743344656249693
16.79686184562775
16.850567932195666
16.90446402751813
16.958551216363734
17.012830556894283
17.06730308083301
17.121969793612404
17.176831674502328
17.231889676718602
17.28714472751285
17.34259772824391
17.398249554431278
17.45410105579107
17.51015305625477
17.566406353971196
17.622861721292107
17.67951990474175
17.736381624970512
17.793447576693325
17.850718428612762
17.90819482896728
17.96587737733585
18.023766681980316
18.081863297167246
18.14016776211785
18.198680587054884
18.257402255226502
18.31633322273787
18.375473918350206
18.43482474326604
18.494386070901665
18.55415824664714
18.61414158761398
18.674336382370534
18.73474289066571
18.7953613431405
18.856191941028126
18.917234855842587
18.978490229055833
19.03995817176375
19.101638764341118
19.163532056085625
19.22563806485122
19.287956776670654
19.35048814536788
19.41323209215981
19.47618850524823
19.539357239401514
19.60273811552658
19.6663309202312
19.730135405376743
19.79415128762165
19.858378247955677
19.922815931225234
19.98746394564987
20.05232186233022
20.117389214747437
20.18266549825459
20.248150169559928
20.31384264620247
20.379742306020102
20.445848486610277
20.51216048478377
20.578677556011648
20.645398913865755
20.71232372945293
20.77945113084339
20.846780202493434
20.914309984662946
20.98203947282789
21.049967617088278
21.11809332157188
21.186415443834147
21.25493279425465
21.323644135430566
21.392548181567562
21.461643597868537
21.53092899992086
21.600402953082256
21.670063971866227
21.739910519327378
21.809941006447115
21.880153791520527
21.950547179544806
22.0211194216101
22.09186871429317
22.162793199054857
22.233890961641695
22.30516003149279
22.376598381152398
22.44820392568922
22.519974522123107
22.591907968860077
22.66400200513654
22.736254310473598
22.80866250414236
22.88122414464127
22.953936729186548
23.026797693216473
23.09980440991107
23.172954189727815
23.246244279954777
23.31967186428243
23.393234062395006
23.466927929583143
23.540750456378507
23.614698568212326
23.688769125098727
23.762958921344442
23.837264685286367
23.9116830790583
