24.82997
24.339946672113374
23.867836949967042
23.412517969725055
22.972434791175402
22.546493744171254
22.133837238165963
21.733746738378102
21.34559881905521
20.96884273713599
20.602987120839224
20.24759081832755
19.902255869898315
19.566621769341513
19.240360587293647
18.9231727669245
18.614783464061748
18.314939347310055
18.02340579399267
17.73996443030996
17.46441097279042
17.19655333466223
16.936209965993314
16.683208400735214
16.43738398738571
16.198578783003462
15.966640592864612
15.741422140225199
15.522780352502467
15.31057575176355
15.104671938750718
14.90493516081399
14.711233955093192
14.523438859118855
14.341422181707397
14.165057827630312
13.994221170058067
13.82878896523216
13.668639304216962
13.51365159693875
13.363706584042026
13.218686372392012
13.078474490332212
12.94295595908304
12.812017107750389
12.685546660968395
12.563434565507976
12.445572683855378
12.331854887898805
12.222177158385604
12.116437675950753
12.014536918021996
11.916377752907458
11.821865528414834
11.730908153490232
11.64341612850708
11.559302711508815
11.47848392207966
11.400878569921927
11.32640830017305
11.254997624393782
11.186573940450467
11.121067542712515
11.058411623305952
10.998542264945248
10.941398425791377
10.886921916775258
10.835057371799182
10.785752211202398
10.738956598826421
10.694623392941319
10.652708091191606
10.613168769584142
10.575966015364168
10.541062853399632
10.508424665405308
10.478019100969153
10.449815978868667
10.423787176549942
10.3999065048372
10.378149563876484
10.358493574893588
10.340917180418586
10.325400202985367
10.311923348639
10.300467836401754
10.291014927433302
10.283545316841556
10.278038335168379
10.274470882603973
10.272815982233933
10.273040781144935
10.275103736416158
10.278950573217852
10.284508315923238
10.291676478999827
10.300313266165793
10.310214027513874
10.32107668359938
10.332446164155455
10.343628774217768
10.353582682267184
10.360878173591495
10.364068325735115
10.362837318903619
10.35886050352648
10.354685929069149
10.352175928584318
10.352236987404224
10.355193813499392
10.361107437661012
10.369936347162177
10.381605153314304
10.396031752415803
10.413137505736643
10.432850725215154
10.455107574036
10.479851992842995
10.507035277643785
10.536615551117874
10.568557219557896
10.602830449597343
10.639410676313476
10.67827814552911
10.71941748974436
10.762817335838378
10.808469942219167
10.856370862971142
10.906518636558909
10.958914496714133
11.013562103227923
11.070467290479233
11.129637831644251
11.191083216648233
11.254814442038406
11.320843811072463
11.389184742431276
11.459851586076242
11.532859444881222
11.608224000775301
11.685961344237587
11.766087806086913
11.848619790610535
11.93357360917458
12.020965313558039
12.110810528350145
12.203124281849554
12.29792083500333
12.39521350802419
12.495014504427076
12.597334732330866
12.70218362297757
12.80956894653157
12.919496625333668
13.03197054489946
13.146992363069629
13.264561317839227
13.384674034514173
13.507324332965654
13.63250303587508
13.760197778983512
13.89039282447777
14.023068878760167
14.15820291595739
14.295768008625807
14.435733167200716
14.578063189818224
14.722718524201627
14.869655143355066
15.018824436834628
15.170173119376868
15.323643158648915
15.479171723843114
15.636691156772098
15.796128967022318
15.957407852597948
16.185805758995926
16.462536400876388
16.749389189056554
17.0446035341899
17.344523005663543
17.64543024479252
17.943852112773328
18.236635112467404
18.520963545192096
18.79436179210664
19.05469095518354
19.300142549526765
19.529228067928223
19.740766447913664
19.933866226463266
20.107904643057164
20.262505183074737
20.397513881402737
20.51297534874259
20.609109938814914
20.686290027258273
20.745019927009704
20.785917256510487
20.80969547905944
20.867880832094833
20.951208795111487
21.03221623294801
21.110979372027828
21.18776333410638
21.26284164629772
21.33646485568801
21.40885025454014
21.480180862398562
21.55060821110337
21.620256407040465
21.689226334672323
21.757599531975725
21.825441579999154
21.892804979841976
21.959731561727278
22.026254478105123
22.09239984362513
22.158188078390456
22.223635004601256
22.288752739570462
22.353550421365078
22.41803479733541
22.482210700623646
22.54608143535751
22.60964908755542
22.672914775704882
22.735878852435334
22.798541066609232
22.860900693427975
22.922956638731222
22.984707522505825
23.046151745670624
23.10728754342735
23.16811302783631
23.22862622176137
23.28882508591153
23.34870754036818
23.40827148171339
23.467514796653322
23.526435372852717
23.58503110755238
23.643299914426343
23.701239729042538
23.75884851321644
23.816124258487598
23.873064988901582
23.929668763241786
23.985933676825358
24.041857862953535
24.09743949408753
24.152676782806026
24.20756798258828
24.262111388135285
24.316305337837928
24.370148209541128
24.423638426605816
24.47677445466665
24.529554802809827
24.58197802377174
24.634042714103373
24.685747514305
24.73709110893319
24.78807222668238
24.838689640443
24.88894216733775
24.938828668737074
24.988348050257205
25.037499277219624
25.08628132025371
25.13469322189936
25.182734066341393
25.230402980615185
25.2776991351246
25.324621743797355
25.371170064071507
25.417343396799126
25.463141086105647
25.50856251922189
25.553607126296537
25.59827438019259
25.642563796269535
25.6864749321521
25.730007387486232
25.77316080368258
25.81593486364793
25.858329291504837
25.900343852299812
25.94197835170025
25.983232635680576
26.024106590197732
26.005746299214728
25.98825818649449
25.971173084850257
25.954286158636368
25.937509564613176
25.92080483492053
25.90415627280072
25.88755579475604
25.87100007331358
25.854487467849577
25.838017064749796
25.821588264524966
25.80520060373897
25.788853678240123
25.77254711009834
25.75628053339797
25.740053588163534
25.723865917791752
25.707717167993234
25.691606986382496
25.675535022344587
25.659500927018012
25.64350435332507
25.627544956019786
25.61162239174087
25.595736319064336
25.579886398553608
25.56407229280631
25.54829366649747
25.5325501864192
25.51684152151691
25.501167342922287
25.485527323983092
25.469921140290058
25.454348469700978
25.438808992362148
25.423302390727375
25.40782834957458
25.392386556020224
25.376976699531696
25.3615984719377
25.346251567436827
25.33093568260438
25.315650516397668
25.30039577015964
25.28517114762121
25.269976354902205
25.254811100511024
25.239675095343145
25.224568052678514
25.209489688177904
25.19443971987832
25.17941786818753
25.164423855877818
25.14945740807891
25.134518252270276
25.119606118272696
25.104720738239244
25.089861846645633
25.075029180280033
25.060222478232394
25.04544148188332
25.030685934892492
25.01595558318674
25.001250174947707
24.986569460599267
24.971913192794563
24.957281126402837
24.942673018495988
24.928088628334905
24.9135277173556
24.89899004915517
24.884475389477597
24.869983506199375
24.855514169315068
24.8410671509227
24.826642225209046
24.812239168434928
24.79785775892034
24.78349777702956
24.769159005156208
24.754841227708308
24.74054423109324
24.726267803702775
24.71201173589804
24.697775819994522
24.683559850247015
24.669363622834684
24.655186935846082
24.641029589264207
24.626891384951612
24.612772126635548
24.598671619893135
24.584589672136627
24.57052609259868
24.556480692317717
24.542453284123333
24.52844368262177
24.51445170418149
24.500477166918763
24.48651989068336
24.47257969704436
24.458656409275964
24.44474985234344
24.43085985288912
24.416986239218534
24.40312884128654
24.389287490683643
24.011547700001763
23.632525212237578
23.25944504608879
22.892118353613206
22.53003278570676
22.17273508194016
21.819840267889024
21.47102095946946
21.12599777435053
20.78453159156488
20.446417296588617
20.111478686954836
19.779564291457508
19.450543915451284
19.124305768406074
18.800754062205034
18.479806992895433
18.16139503694604
17.84545950709979
17.5319513221559
17.220829964645432
16.91206257216593
16.605623176772834
16.301492036575887
15.999655065173748
15.700103337780329
15.402832663838694
15.107843216626847
14.815139211793845
14.524728627969365
14.236622963586994
13.950837024888582
13.66738874076519
13.386299000664735
13.10759151227721
12.83129267611169
12.55743147441838
12.286039372194452
12.017150228253387
11.750800214540693
11.487027742051023
11.225873391847108
10.967379849804242
10.711591843808549
10.458556082225723
10.208321192532189
9.960937659064221
9.716457758894267
9.474935494889273
9.236426525043385
9.000988087208642
8.768678918372183
8.539559167647408
8.31369030215976
8.091135005015104
7.8719570645397035
7.656221253975712
7.443993200803949
7.235339244846884
7.030326284278693
6.829021608636676
6.631492717889729
6.437807126576809
6.248032151983796
6.062234685284885
5.880480944539921
5.702836208419334
5.5293645295329465
5.360128426279719
5.19518855222654
5.034603342182268
4.878428634376418
4.726717268500495
4.57951865984359
4.436878350371563
4.298837538376191
4.165432589266714
4.036694531191892
3.9126485404548483
3.7933134230888736
3.67870110045558
3.568816108243037
3.4636551196962504
3.3632065052029856
3.267449941368044
3.176356083315588
3.0898863140427886
3.0079925841054624
2.9306173536736435
2.8576936470205676
2.7891452268242602
2.7248868923476266
2.664824901761565
2.6088575147800364
2.5568756408099507
2.5087636142698204
2.4644000162107855
2.4236585855742794
2.386409173046349
2.3525187187902934
2.3218522333122698
2.294273760773092
2.2696473056918856
2.2478377063363504
2.228711440938767
2.2121373560142734
2.1979873092916375
2.1861367229206667
2.176465045548359
2.1688561244491407
2.1631984910820106
2.1593855651946012
2.1573157838979795
2.1568926630182945
2.1580247985325274
2.160625816067336
2.164614276339817
2.1699135441051114
2.1764516277037727
2.184160995721623
2.192978386245143
2.2028445646544568
2.213704132321028
2.2255053044963815
2.238199671194094
2.251741985824503
2.2660899474552387
2.281203991238249
2.29704708656905
2.313584543917224
2.3307838309978592
2.34861439870583
2.3670475170284018
2.386056120983108
2.4056146664923994
2.4256989960000404
2.4462862135522236
2.467354569005438
2.4888833509796346
2.510852788146296
2.5332439584240354
2.556038705646933
2.5792195632711987
2.60276968469199
2.6266727797532563
2.6509130570478145
2.675475211522804
2.7003441623666244
2.7255054158152556
2.7509447048888984
2.776648042911872
2.802601696953422
2.82879216109011
2.8552061327590588
2.881830446541729
2.908652292648815
2.9356587663595146
2.9628371951182118
2.990175036665299
3.0176598664717025
3.0452793709275316
3.073021342458939
3.1008736762807376
3.128824368648427
3.1568615164857796
3.1849733182694666
3.213148076056662
3.241374198545322
3.2696402050599738
3.2979347303586866
3.326246530159182
3.3545644872843123
3.382877618329099
3.4111750807535723
3.4394461803076304
3.4676803786963353
3.4958673013964052
3.5239967455372696
3.5520586877629188
3.5800432919940484
3.6079409170135137
3.6357421238021046
3.6634376825558657
3.691018579320923
3.7184760221866435
3.7458014469833354
3.772986522436115
3.8000231547324517
3.8269034914667532
3.8536199249314538
3.8801650947302813
3.906531889695451
3.932713449096826
3.9587031631370793
3.9844946727329225
4.010081868588234
4.035458889570524
4.0606201204074805
4.085560188725373
4.110993994690343
4.136569764585528
4.1621982936293405
4.187802890446346
4.213318024797713
4.238687573307488
4.263863481836452
4.288804650026028
4.313475991538661
4.337847637823772
4.361894260064816
4.385594489051693
4.40893041666698
4.431887165762526
4.454452517639595
4.476616366542003
4.498371108975044
4.519710719220348
4.540630760347065
4.561128193820774
4.581201211676358
4.600849088279403
4.620072049134717
4.6388711545796
4.657248196514
4.6752056065826935
4.692746370843459
4.709873966872175
4.726592290820252
4.742905600143537
4.758818462860876
4.77433571141787
4.7894624014571265
4.804203775005725
4.818565227616745
4.832552279053583
4.8461705471516
4.859425724532089
4.872323557878412
4.884869829515161
4.897070341058214
4.908930898927499
4.920457301535491
4.931655327983257
4.942530728112633
4.953089213778042
4.963336451214828
4.973278054393041
4.982919579256266
4.992266518754917
5.001324298592057
5.010098273607722
5.018593724734942
5.02681585646696
5.034769794781136
5.04246058547024
5.0498931928366515
5.057072498709375
5.064003301747672
5.0706903169987685
5.0771381756802425
5.083351425160792
5.089334529115571
5.095091867834865
5.100627467753955
5.105945829219208
5.111051086671166
5.115947292971006
5.12063842069454
5.125128363047876
5.129420934829259
5.133519873434998
5.137428839902359
5.14115141998283
5.144691125239971
5.148051394166678
5.151235593317266
5.154247018450372
5.15708889567912
5.159764382625394
5.1622765695755035
5.164628480634841
5.166823074879402
5.168863247502395
5.17075183095429
5.172491596074998
5.174085253216959
5.175535453358132
5.176844789204037
5.178015796278083
5.179050953999599
5.179952686749
5.1807233649197295
5.181365305956541
5.181880775379899
5.182271987796274
5.182541107894111
5.182690251425405
5.182721486172783
5.1826368329020145
5.18243826629998
5.1821277158980745
5.181707066981093
5.1811781614816255
5.180542798860079
5.179802736970372
5.178959692911392
5.178015343864373
5.176971327916253
5.175829244869215
5.174590657036428
5.173257090024276
5.171830033501087
5.170310941952618
5.168701235424367
5.167002300250927
5.1652154897725175
5.163342125038873
5.161383495500618
5.159340859688337
5.157215445879487
5.1550084527533215
5.15275056087448
5.150354138004712
5.147936609037212
5.145384964240809
5.142790750397107
5.140117546375851
5.137370256334467
5.134573787506306
5.131680527142193
5.128715418783787
5.125680168396644
5.122545983204054
5.119374539801742
5.116136514940454
5.112831752076757
5.109461029067527
5.106025133242436
5.102524832650859
5.0989608756998095
5.095333991659883
5.091644891174106
5.087894266745871
5.084082793208176
5.080211128176334
5.076279912486112
5.072289770618706
5.068241311113766
5.064135126971453
5.059971796044296
5.055751881419522
5.051475931792401
5.047144481831053
5.0427580525331654
5.038317151574901
5.03382227365234
5.0292739008156975
5.0246725027965855
5.0200185373284905
5.01531245046073
5.010554676865977
5.0057456401416225
5.000885753105056
4.995975418083052
4.991015027195389
4.98600496263284
4.980945596929663
4.975837293230694
4.970680405553191
4.965475279043517
4.960222250228779
4.954921647263531
4.949573790171636
4.944178991083388
4.938737554467989
4.933249777361484
4.927718290827761
4.922141596307915
4.916518842451825
4.910850377470824
4.905136532841751
4.899374133334188
4.893567417994368
4.88771717023723
4.881823259156513
4.875885861561768
4.869905161039671
4.863881344865907
4.857814602419531
4.851705123981583
4.845553104306854
4.83935872789533
4.833122182858953
4.826843656042496
4.820523332361704
4.814161390185682
4.8077580149995365
4.801313385157443
4.81253713326465
4.795082727529214
4.752922527749867
4.69024947669216
4.611175082722801
4.519496062855315
4.4185484355007905
4.311140733852521
4.199548390910367
4.085549438356349
3.970484374780055
3.8553275130642954
3.7407614200993518
3.6272493027098807
3.515102160347922
3.4045384275528034
3.2957341020666426
3.188861506898959
3.0841152957984925
2.9817252797207296
2.88195701532053
2.785102494662627
2.6914642852262856
2.601336812023987
2.514988122928501
2.432644628767688
2.3544802556428475
2.280610456038295
2.211090765880189
2.1459191245023903
2.085040969239424
2.028356109879399
1.9757265053155453
1.9269842409356344
1.8819391943297539
1.8403860506304577
1.8021104734339595
1.766894348766161
1.734520099698169
1.7047741225527064
1.6774494276694427
1.652347583744761
1.6292800694706415
1.6080691333357793
1.5885482549228302
1.5705622909774386
1.5539673738242339
1.5386306484851788
1.5244298435288564
1.5112527787094858
1.4989968072336075
1.4875682265822678
1.4768816775200824
1.4668595460870864
1.4574313793751321
1.4485333227027481
1.4401075832963606
1.4321019236460781
1.424469186227323
1.4171668501755657
1.4101566196938233
1.40340404339764
1.396878163407626
1.390551192742929
1.3843982194163669
1.3783969355565902
1.3725273898637238
1.3667717617262056
1.3611141553757555
1.355540412525143
1.3500379420127397
1.3445955650636294
1.3392033748654923
1.3338526092460288
1.3285355353254211
1.3232453451010289
1.3179760610014242
1.3127224505224655
1.3074799491292135
1.3022445906740225
1.2970129446431369
1.2917820596017464
1.2865494122608447
1.2813128616386509
1.2760706078349673
1.2708211549789232
1.2655632779493136
1.2602959925024046
1.255018528474851
1.2497303057594846
1.2444309127793554
1.239120087210729
1.23379769872894
1.228463733572243
1.2231182807381955
1.217761519644862
1.2123937091052994
1.2070151774785487
1.2016263138738
1.196227560296649
1.1908194046374543
1.1854023744119446
1.1799770311733653
1.1745439655237713
1.1691037926595806
1.1636571483933165
1.1582046855995938
1.1527470710389545
1.1472849825181344
1.1418191063498526
1.136350135079244
1.130878765447674
1.1254056965679429
1.1199316282987695
1.114457259736515
1.1089832879453478
1.1035104067501516
1.098039305670395
1.092570668961189
1.08710517474974
1.081643494257471
1.0761862910991782
1.07073422065161
1.0652879294847026
1.059848054849536
1.0544152242177254
1.0489900548676219
1.0435731535132047
1.038165115972034
1.0327665268690496
1.027377959373367
1.0219999749655388
1.016633123233032
1.0112779416918758
1.006478906801525
1.001399932419969
0.9960711071292878
0.990690878952255
0.9854464809332838
0.980470204061617
0.9758416648194213
0.971601484872583
0.9677646409298608
0.9643304969901597
0.9612895477327008
0.9586276690469063
0.9563286799881832
0.9543758295975556
0.9527526256749523
0.9514432719863453
0.9504328777052486
0.9497075371797901
0.9492543376748067
0.9490613284858782
0.9491174705386486
0.9494125772818425
0.9499372528971933
0.950682831110131
0.9516413163233408
0.9528053279072499
0.9541680479791145
0.9557231727168015
0.9574648670937539
0.9593877228318841
0.9614867193195752
0.9637571872142254
0.9661947744326232
0.9687954142210147
0.9715552949858797
0.9744708315526602
0.9775386375005461
0.9807554981921666
0.9841183440780541
0.9876242238006309
0.9912702748979395
0.9950536760274609
0.9989716988414233
1.003021559347258
1.0072004367890115
1.0115054236653842
1.015933471177267
1.0204813238703445
1.0251454393006172
1.0299218872165359
1.0348062207080504
1.039793308741121
1.044877114985684
1.050050401058541
1.0553043219367908
1.060627865188886
1.0660070601571363
1.0714238419720215
1.0768543870590652
1.0822666212012328
1.087616400072759
1.092841501868625
1.0978519054730111
1.1025135525343737
1.1066202435661725
1.2330464258107194
1.1941198563790867
1.134363906716972
1.0890426665688957
1.0629441683394525
1.054203280828905
1.0601400800535612
1.0784173341980745
1.107155000276568
1.144850528955469
1.1902829376596242
1.2424335881031687
1.300426921474282
1.3634885662238467
1.4309173249142948
1.502067704477463
1.5763400569799995
1.6531758617589103
1.7320561581404246
1.8125016079657905
1.894073105576131
1.9763722368024748
2.0590411998878597
2.141762044757659
2.2242552201306345
2.306277554564832
2.3876198034337417
2.4681039231830297
2.547580209794996
2.6259244359643326
2.7030349803562874
2.7788304753169153
2.8532469554182813
2.9262358030681357
2.9977616898971684
3.067800741053753
3.1363389052439237
3.203370514733083
3.268897018996812
3.3329258754414455
3.3954695809123088
3.456544828513482
3.516171775336263
3.574373407927197
3.6311749936191906
3.6866036070677257
3.740687722605798
3.7934568640358606
3.844941304541925
3.895171810284586
3.9441794220248942
3.9919940822301716
4.038648600251084
4.084173635698754
4.128599560208805
4.171956443066939
4.214273924413187
4.255581130807331
4.29590661572261
4.335278316405852
4.373723522502364
4.41126885371202
4.447940244697952
4.483762935945986
4.518761469585898
4.552959689346834
4.586380743973678
4.619047093545998
4.650980518159246
4.6822021285979405
4.712732378585746
4.742591078316095
4.771797408987581
4.8003699381101494
4.828326635376375
4.855684888924791
4.882461521852009
4.908672808843637
4.934334492822517
4.959461801522824
4.984069463912899
5.008171726409036
5.031782368832252
5.0549147200584965
5.077581673332262
5.099795701222991
5.121568870203548
5.142912854824665
5.163838951491828
5.1843580918276855
5.204480855623037
5.224217483368826
5.243577888377912
5.262571668499666
5.281208117433869
5.299496235639627
5.317444740866625
5.335062078302336
5.352356430349269
5.369335726043759
5.386007650122431
5.402379651753282
5.41845895293422
5.434252556577185
5.449767254282746
5.465009633818952
5.479986086312085
5.494702813165716
5.509165832710712
5.5233809865981645
5.537353945950148
5.551090217272124
5.564595148135769
5.577873932645721
5.590931616695963
5.60377310302135
5.616403156060782
5.6288264066289155
5.641047356411848
5.653070382291992
5.66489974050947
5.676539570661949
5.6879940016253565
5.6992668220176155
5.710361852917272
5.721282810102075
5.732033308685098
5.74261686693572
5.753036909763268
5.7632967719426045
5.773399701138587
5.783348860764413
5.7931473326986325
5.802798119882571
5.812304148803354
5.821668271881696
5.83089326976326
5.839981853524784
5.848936666799393
5.857760287822779
5.866455231406911
5.875023950842946
5.883468839737599
5.891792233784836
5.899996412474931
5.9080836007455
5.916055970574727
5.923915642520409
5.93166468720722
5.939305126762947
5.946838936206096
5.954268044786479
5.9615943372818965
5.968819655251058
5.975945798246142
5.982974524984173
5.989907554479142
5.996746567139217
6.003493205828201
6.0101490768908805
6.016715751146116
6.023194764849611
6.029587620623554
6.035895788358754
6.042120706087262
6.048263780826829
6.054326389401207
6.060309879232512
6.066215569110943
6.072044749938543
6.077798685453135
6.0834786129267675
6.089085743845635
6.094621264567539
6.100086336960738
6.105482099023126
6.110809665482932
6.116070128381017
6.121264557636617
6.126394001596929
6.131459487568911
6.1364620223376525
6.14140259266747
6.146282165789599
6.151101689876677
6.155862094501752
6.16056429108567
6.165209173331406
6.169797617645291
6.174330483547303
6.1788086140695375
6.183232836143541
6.187603960976528
6.191922784417845
6.196190087315078
6.200406635860039
6.20457318192542
6.208690463392674
6.212759204470633
-340418.3375776041
-340418.3375776041
-340418.3375776041
-340418.3375776041
-340418.3375776041
-340418.3375776041
-340418.3375776041
-340418.3375776041
-340418.3375776041
-340418.3375776041
-340418.3375776041
-340418.3375776041
-340418.3375776041
-340418.3375776041
-340418.3375776041
-340418.3375776041
-340418.3375776041
-340418.3375776041
-340418.3375776041
-340418.3375776041
-340418.3375776041
-340418.3375776041
-340418.3375776041
-340418.3375776041
-340418.3375776041
-340418.3375776041
-340418.3375776041
-340418.3375776041
-340418.3375776041
-340418.3375776041
-340418.3375776041
-340418.3375776041
-340418.3375776041
-340418.3375776041
-340418.3375776041
-340418.3375776041
-340418.3375776041
-340418.3375776041
-340418.3375776041
-340418.3375776041
-340418.3375776041
-340418.3375776041
-340418.3375776041
-340418.3375776041
-340418.3375776041
-340418.3375776041
-340418.3375776041
-340418.3375776041
-340418.3375776041
-340418.3375776041
-340418.3375776041
-340418.3375776041
-340418.3375776041
-340418.3375776041
-340418.3375776041
-340418.3375776041
-340418.3375776041
-340418.3375776041
-340418.3375776041
-340418.3375776041
-340418.3375776041
-340418.3375776041
-340418.3375776041
-340418.3375776041
-340418.3375776041
-340418.3375776041
-340418.3375776041
-340418.3375776041
-340418.3375776041
-340418.3375776041
-340418.3375776041
-340418.3375776041
-340418.3375776041
-340418.3375776041
-340418.3375776041
-340418.3375776041
-340418.3375776041
-340418.3375776041
-340418.3375776041
-340418.3375776041
-340418.3375776041
-340418.3375776041
-340418.3375776041
-340418.3375776041
-340418.3375776041
-340418.3375776041
-340418.3375776041
-340418.3375776041
-340418.3375776041
-340418.3375776041
-340418.3375776041
-340418.3375776041
-340418.3375776041
-340418.3375776041
-340418.3375776041
-340418.3375776041
-340418.3375776041
-340418.3375776041
-340418.3375776041
-340418.3375776041
-340418.3375776041
-340418.3375776041
-340418.3375776041
-340418.3375776041
-340418.3375776041
-340418.3375776041
-340418.3375776041
-340418.3375776041
-340418.3375776041
-340418.3375776041
-340418.3375776041
-340418.3375776041
-340418.3375776041
-340418.3375776041
-340418.3375776041
-340418.3375776041
-340418.3375776041
-340418.3375776041
-340418.3375776041
-340418.3375776041
-340418.3375776041
-340418.3375776041
-340418.3375776041
-340418.3375776041
-340418.3375776041
-340418.3375776041
-340418.3375776041
-340418.3375776041
-340418.3375776041
-340418.3375776041
-340418.3375776041
-340418.3375776041
-340418.3375776041
-340418.3375776041
-340418.3375776041
-340418.3375776041
-340418.3375776041
-340418.3375776041
-340418.3375776041
-340418.3375776041
-340418.3375776041
-340418.3375776041
-340418.3375776041
-340418.3375776041
-340418.3375776041
-340418.3375776041
-340418.3375776041
-340418.3375776041
-340418.3375776041
-340418.3375776041
-340418.3375776041
-340418.3375776041
-340418.3375776041
-340418.3375776041
-340418.3375776041
-340418.3375776041
-340418.3375776041
-340418.3375776041
-340418.3375776041
-340418.3375776041
-340418.3375776041
-340418.3375776041
-340418.3375776041
-340418.3375776041
-340418.3375776041
-340418.3375776041
-340418.3375776041
-340418.3375776041
-340418.3375776041
-340418.3375776041
-340418.3375776041
-340418.3375776041
-340418.3375776041
-340418.3375776041
-340418.3375776041
-340418.3375776041
-340418.3375776041
-340418.3375776041
-340418.3375776041
-340418.3375776041
-340418.3375776041
-340418.3375776041
-340418.3375776041
-340418.3375776041
-340418.3375776041
-340418.3375776041
-340418.3375776041
-340418.3375776041
-340418.3375776041
-340418.3375776041
-340418.3375776041
-340418.3375776041
-340418.3375776041
-340418.3375776041
-340418.3375776041
-340418.3375776041
-340418.3375776041
-340418.3375776041
-340418.3375776041
-525747.3616727269
-525747.3616727269
-525747.3616727269
-525747.3616727269
-525747.3616727269
-525747.3616727269
-525747.3616727269
-525747.3616727269
-525747.3616727269
-525747.3616727269
-525747.3616727269
-525747.3616727269
-525747.3616727269
-525747.3616727269
-525747.3616727269
-525747.3616727269
-525747.3616727269
-525747.3616727269
-525747.3616727269
-525747.3616727269
-525747.3616727269
-525747.3616727269
-525747.3616727269
-525747.3616727269
-525747.3616727269
-525747.3616727269
-525747.3616727269
-525747.3616727269
-525747.3616727269
-525747.3616727269
-525747.3616727269
-525747.3616727269
-525747.3616727269
-525747.3616727269
-525747.3616727269
-525747.3616727269
-525747.3616727269
-525747.3616727269
-525747.3616727269
-525747.3616727269
-525747.3616727269
-525747.3616727269
-525747.3616727269
-525747.3616727269
-525747.3616727269
-525747.3616727269
-525747.3616727269
-525747.3616727269
-525747.3616727269
-525747.3616727269
-525747.3616727269
-525747.3616727269
-525747.3616727269
-525747.3616727269
-525747.3616727269
-525747.3616727269
-525747.3616727269
-525747.3616727269
-525747.3616727269
-525747.3616727269
-525747.3616727269
-525747.3616727269
-525747.3616727269
-525747.3616727269
-525747.3616727269
-525747.3616727269
-525747.3616727269
-525747.3616727269
-525747.3616727269
-525747.3616727269
-525747.3616727269
-525747.3616727269
-525747.3616727269
-525747.3616727269
-525747.3616727269
-525747.3616727269
-525747.3616727269
-525747.3616727269
-525747.3616727269
-525747.3616727269
-525747.3616727269
-525747.3616727269
-525747.3616727269
-525747.3616727269
-525747.3616727269
-525747.3616727269
-525747.3616727269
-525747.3616727269
-525747.3616727269
-525747.3616727269
-525747.3616727269
-525747.3616727269
-525747.3616727269
-525747.3616727269
-525747.3616727269
-525747.3616727269
-525747.3616727269
-525747.3616727269
-525747.3616727269
-525747.3616727269
-525747.3616727269
-525747.3616727269
-525747.3616727269
-525747.3616727269
-525747.3616727269
-525747.3616727269
-525747.3616727269
-525747.3616727269
-525747.3616727269
-525747.3616727269
-525747.3616727269
-525747.3616727269
-525747.3616727269
-525747.3616727269
-525747.3616727269
-525747.3616727269
-525747.3616727269
-525747.3616727269
-525747.3616727269
-525747.3616727269
-525747.3616727269
-525747.3616727269
-525747.3616727269
-525747.3616727269
-525747.3616727269
-525747.3616727269
-525747.3616727269
-525747.3616727269
-525747.3616727269
-525747.3616727269
-525747.3616727269
-525747.3616727269
-525747.3616727269
-525747.3616727269
-525747.3616727269
-525747.3616727269
-525747.3616727269
-525747.3616727269
-525747.3616727269
-525747.3616727269
-525747.3616727269
-525747.3616727269
-525747.3616727269
-525747.3616727269
-525747.3616727269
-525747.3616727269
-525747.3616727269
-525747.3616727269
-525747.3616727269
-525747.3616727269
-525747.3616727269
-525747.3616727269
-525747.3616727269
-525747.3616727269
-525747.3616727269
-525747.3616727269
-525747.3616727269
-525747.3616727269
-525747.3616727269
-525747.3616727269
-525747.3616727269
-525747.3616727269
-525747.3616727269
-525747.3616727269
-525747.3616727269
-525747.3616727269
-525747.3616727269
-525747.3616727269
-525747.3616727269
-525747.3616727269
-525747.3616727269
-525747.3616727269
-525747.3616727269
-525747.3616727269
-525747.3616727269
-525747.3616727269
-525747.3616727269
-525747.3616727269
-525747.3616727269
-525747.3616727269
-525747.3616727269
-525747.3616727269
-525747.3616727269
-525747.3616727269
-525747.3616727269
-525747.3616727269
-525747.3616727269
-525747.3616727269
-525747.3616727269
-525747.3616727269
-525747.3616727269
-525747.3616727269
-525747.3616727269
-525747.3616727269
-525747.3616727269
-525747.3616727269
-525747.3616727269
-525747.3616727269
-525747.3616727269
-5229313.399126694
74452100113191.34
74452100113191.34
74452100113191.34
74452100113191.34
74452100113191.34
74452100113191.34
74452100113191.34
74452100113191.34
74452100113191.34
74452100113191.34
74452100113191.34
74452100113191.34
74452100113191.34
74452100113191.34
74452100113191.34
74452100113191.34
74452100113191.34
74452100113191.34
74452100113191.34
74452100113191.34
74452100113191.34
74452100113191.34
74452100113191.34
74452100113191.34
74452100113191.34
74452100113191.34
74452100113191.34
74452100113191.34
74452100113191.34
74452100113191.34
74452100113191.34
74452100113191.34
74452100113191.34
74452100113191.34
74452100113191.34
74452100113191.34
74452100113191.34
74452100113191.34
74452100113191.34
74452100113191.34
74452100113191.34
74452100113191.34
74452100113191.34
74452100113191.34
74452100113191.34
74452100113191.34
74452100113191.34
74452100113191.34
74452100113191.34
74452100113191.34
74452100113191.34
74452100113191.34
74452100113191.34
74452100113191.34
74452100113191.34
74452100113191.34
74452100113191.34
74452100113191.34
74452100113191.34
74452100113191.34
74452100113191.34
74452100113191.34
74452100113191.34
74452100113191.34
74452100113191.34
74452100113191.34
74452100113191.34
74452100113191.34
74452100113191.34
74452100113191.34
74452100113191.34
74452100113191.34
74452100113191.34
74452100113191.34
74452100113191.34
74452100113191.34
74452100113191.34
74452100113191.34
74452100113191.34
74452100113191.34
74452100113191.34
74452100113191.34
74452100113191.34
74452100113191.34
74452100113191.34
74452100113191.34
74452100113191.34
74452100113191.34
74452100113191.34
74452100113191.34
74452100113191.34
74452100113191.34
74452100113191.34
74452100113191.34
74452100113191.34
74452100113191.34
74452100113191.34
74452100113191.34
74452100113191.34
74452100113191.34
74452100113191.34
74452100113191.34
74452100113191.34
74452100113191.34
74452100113191.34
74452100113191.34
74452100113191.34
74452100113191.34
74452100113191.34
74452100113191.34
74452100113191.34
74452100113191.34
74452100113191.34
74452100113191.34
74452100113191.34
74452100113191.34
74452100113191.34
74452100113191.34
74452100113191.34
74452100113191.34
74452100113191.34
74452100113191.34
74452100113191.34
74452100113191.34
74452100113191.34
74452100113191.34
74452100113191.34
74452100113191.34
74452100113191.34
74452100113191.34
74452100113191.34
74452100113191.34
74452100113191.34
74452100113191.34
74452100113191.34
74452100113191.34
74452100113191.34
74452100113191.34
74452100113191.34
74452100113191.34
74452100113191.34
74452100113191.34
74452100113191.34
74452100113191.34
74452100113191.34
74452100113191.34
74452100113191.34
74452100113191.34
74452100113191.34
74452100113191.34
74452100113191.34
74452100113191.34
74452100113191.34
74452100113191.34
74452100113191.34
74452100113191.34
74452100113191.34
74452100113191.34
74452100113191.34
74452100113191.34
74452100113191.34
74452100113191.34
74452100113191.34
74452100113191.34
74452100113191.34
74452100113191.34
74452100113191.34
74452100113191.34
74452100113191.34
74452100113191.34
74452100113191.34
74452100113191.34
74452100113191.34
74452100113191.34
74452100113191.34
74452100113191.34
74452100113191.34
74452100113191.34
74452100113191.34
74452100113191.34
74452100113191.34
74452100113191.34
74452100113191.34
74452100113191.34
74452100113191.34
74452100113191.34
74452100113191.34
74452100113191.34
74452100113191.34
74452100113191.34
74452100113191.34
74452100113191.34
74452100113191.34
74452100113191.34
74452100113191.34
74452100113191.34
74452100113191.34
