240647.19494400002
170135.5289593684
180622.10278695077
190651.83472937366
200155.5111910804
209115.1210341341
217552.3405010354
225516.39990831446
233073.02895740786
240295.66942142742
247259.2135102774
254035.89635827913
260692.68561366948
267289.4786648046
273877.55713633925
280497.9995458134
287180.06142660754
293939.81949276483
300779.5397555305
307688.184772089
314643.2206607464
321613.5265250687
328562.9109533892
335453.6261033769
342249.3582854349
348917.3896887465
355429.86269171926
361764.2574996952
367903.2866732164
373834.4267428558
379549.275405722
385042.87075050705
390313.05635002156
395359.93326576106
400185.41022854904
404792.84550191514
409186.7654259123
413372.64232222125
417356.71571810823
421145.843812527
424747.3755253686
428169.03663455386
431418.82608399645
434504.9204463508
437435.5857918521
440219.0969567421
442863.66455062776
445377.36300931807
447768.10237119335
450043.5388393028
452211.0626700925
454277.7605188859
456250.39205515105
458135.3736797734
459938.7686335078
461666.2827350679
463323.2649729987
464914.7121904119
466445.27713899943
467919.27923156874
469340.7173849776
470713.2844129186
472040.38249678555
473325.139330007
474570.4245946785
475778.8664880325
476952.868069155
478094.6232434804
479206.13224363024
480289.21650063543
481345.5328295648
482376.5868789566
483383.74581413326
484368.2502216445
485331.2252356155
486273.6908976443
487196.57177010825
488100.7058290552
488986.8526672874
489855.70104142657
490707.8757985598
491543.9442191798
492364.4218132566
493169.77760605083
493960.43894938123
494736.79589300987
495499.20514941844
496247.99368367123
496983.46195843804
497705.88686256437
498415.5243497582
499112.6118122984
499797.37021299417
500470.0059968552
501130.7128025314
501779.67299181817
502417.0590143798
503043.0346231427
503657.7559548346
504261.37248874665
504854.0278957055
505435.860788302
506007.00538230396
506567.59207836865
507117.7479723581
507657.59730171773
508187.26183475374
508706.86120893987
509216.51322383917
509716.33409366396
510206.4386639729
510686.9405966359
511157.95252669527
511619.58619442076
512071.9525812326
512515.16186535277
512949.3237824436
513374.54738056014
513790.94123001903
514198.6134235049
514597.6716020559
514988.22297275666
515370.374319279
515744.23200638284
516109.9019792843
516467.4897586034
516817.10043188854
517158.83864205744
517492.8085734649
517819.1139360503
518137.85794807586
518449.1433176086
518753.07222340297
519049.74629503425
519339.26659316156
520288.2261297125
521727.9433340031
523434.299597557
525232.7393519859
527053.0910107356
528868.6030683417
530670.0307500941
532454.7044739496
534222.3489393011
535973.433240747
537708.6052079427
539428.5204656391
541133.8054581891
542825.0578384222
544502.8521128091
546167.7421927297
547820.2602886276
549460.9135087786
551090.1795442676
552708.5023866683
554316.2886036854
555913.9043979266
557501.6734935567
559079.8757975196
560648.7467372161
562208.4771694557
563759.2137488716
565301.0596687999
566834.0756947359
568358.2814277039
569873.6567512907
571380.1434281153
572877.6468237845
574366.0377479587
575845.1544115779
577314.8045094735
578774.7674535104
580224.7966899181
581664.6225889894
583093.9550017768
584512.4878446538
585919.6841409822
587315.8765832185
588700.0394065313
590072.090912327
591431.700679224
592778.562377046
594112.3983734688
595432.9736290334
596740.1135914208
598033.7275619343
599313.8396643897
600580.6305240092
601834.4942587126
603076.1177124843
604306.5925543859
605527.576852723
606741.532655031
607952.0829586596
609164.5608771305
610386.8767347023
611630.9273037285
612914.961790676
614267.6996488586
