12.6003389
11.93043928379816
11.614303842501448
11.325955223216981
11.059363624295857
10.809183800454262
10.570782861887428
10.340267568715742
10.114495564329017
9.891080421032598
9.668397762723412
9.445592945225938
9.222582523477913
9.00003367213435
8.779300860774777
8.56230095907439
8.351319145142408
8.148757649994685
7.956861421071602
7.777469328585431
7.611838069562598
7.460567333801465
7.32362701113987
7.200462466122914
7.090141254786178
6.991505728705132
6.903306159843109
6.824301811216164
6.753327971322796
6.689333457055151
6.6313957601372815
6.578721109458899
6.530635522178839
6.48657132775988
6.446052169139281
6.408678312308052
6.374113256675831
6.342072084374476
6.312311646577568
6.284622493340336
6.25882235860708
6.234750976665752
6.212266005319455
6.191239848223805
6.171557194248666
6.15311311950392
6.135811624573443
6.119564489412409
6.104290455306681
6.089914429877683
6.076367003167306
6.063583970470062
6.051505947089855
6.040078034688035
6.029249524578752
6.018973627677001
6.0092072240508845
5.999910627406792
5.99104736153954
5.982583946968806
5.974489696785654
5.9667365212512795
5.959298741001821
5.952152908880699
5.94527764048829
5.938653453542697
5.932262616110058
5.9260890037055844
5.920117965200605
5.9143361974035304
5.908731628120473
5.90329330744576
5.8980113069868825
5.892876626691823
5.887881108919533
5.883017359375734
5.878278674525579
5.8736589750903185
5.869152745236904
5.864754977075517
5.860461120090078
5.856267035139384
5.852168952681848
5.848163434892981
5.8442473413625535
5.840417798076219
5.836672169404768
5.833008032842259
5.829423156252084
5.825915477397292
5.822483085548253
5.819124204976509
5.815837180158888
5.812620462530189
5.809472598636153
5.806392219551154
5.803378031436424
5.800428807126034
5.797543378637438
5.79472063051315
5.791959493908469
5.789258941348246
5.786617982082904
5.7840356579806675
5.781511039898896
5.7790432244833
5.776631331348546
5.774274500598649
5.771971890649695
5.769722676321213
5.7675260471659655
5.765381206011225
5.763287367687256
5.761243757921362
5.759249612378559
5.757304175827438
5.755406701441765
5.753556450140264
5.75175269010242
5.749994696297995
5.74828175010277
5.7466131389729505
5.7449881561710345
5.7434061005362125
5.741866276293771
5.740367992898208
5.738910564905403
5.737493311870016
5.736115558264427
5.734776633416269
5.733475871461668
5.732212611312032
5.730986196631875
5.7297959758266215
5.728641302037984
5.8142542367507675
5.867391488526521
5.928711072954338
5.993054782619258
6.057943878089516
6.12220054697623
6.1852695553905015
6.246892747382213
6.306954617242558
6.36540873600994
6.422242591973389
6.477460622963331
6.531075929247198
6.5831061655383065
6.633571467188368
6.682493379346947
6.729894288017088
6.775797106602126
6.82022509517059
6.863201750384556
6.904750734204565
6.944895824690778
6.983660879955636
7.021069810299412
7.05714655569912
7.091915066843376
7.1253992885613675
7.1576231447856085
7.188610524312409
7.218385266782976
7.246971148258092
7.274391865807939
7.300671020479526
7.325832097942929
7.349898446028699
7.372893248234905
7.394839492082001
7.415759931102986
7.435677038368054
7.454612950125537
7.472589357072675
7.489629194569027
7.505748125778284
7.520971085179972
7.535315354898284
7.548798816015224
7.561437951482079
7.573247485207756
7.584239909111822
7.594424856237423
7.603808260061073
7.612391212910153
7.620168394975497
7.627125881304298
7.633238033263131
7.63846301919612
7.642736244424634
7.645960528716688
7.647991113806543
7.648612260005745
7.647499810461594
7.644159696974618
7.637823957949454
7.627269256855309
