66.21020851909334
66.8696086887425
67.49718937891363
68.09421708662757
68.66196980318466
69.20167319726487
69.71449097539634
70.20152586184662
70.66382260062683
71.10237125072518
71.51811041614698
71.91193033103694
72.28467578042745
72.63714885270157
72.97011152548
73.28428808950571
73.5803674168201
73.85900508057361
74.12082533440248
74.36642295955997
74.59636498801092
74.81119230955173
75.01142117075673
75.19754457321542
75.370033578144
75.52933852404696
75.67589016369038
75.81010072623525
75.93236490997613
76.04306081074263
76.14255079065246
76.23118229155536
76.30928859717994
76.37718954769022
76.43519221007304
76.4835915075143
76.52267081067762
76.55270249357304
76.5739484564959
76.58666061832417
76.59108138028597
76.58744406314749
76.57597331962211
76.55688552366445
76.53038913818763
76.49668506262614
76.45596696166062
76.40842157632322
76.35422901861233
76.29356305066338
76.22659134944588
76.15347575788766
76.0743725232625
75.98943251965451
75.89880147516132
75.80262016438003
75.70102460719352
75.59414625410206
75.4821121627447
75.36504516611664
75.24306403295489
75.11628362073475
74.98481502168983
74.8487657022417
74.70823963620109
74.56333743207854
74.41415645482182
74.26079094227704
74.10333211665247
73.94186829124659
73.77648497268576
73.60726495890293
73.43428843307369
73.25763305371447
73.07737404113473
72.89358426042402
72.70633430114466
72.51569255389059
72.3217252838642
72.12449670161422
71.92406903106964
71.72050257499761
71.51385577800573
71.30418528720325
71.0915460106287
70.87599117354668
70.65757237271036
70.4363396286815
70.21234143629513
69.98562481335141
69.75623534761277
69.524217242181
69.28961335932489
69.0524652628253
68.81281325890181
68.57069643578156
68.32615270196791
68.07921882326427
67.82993045860512
67.57832219474456
67.32442757984967
67.0682791560443
66.80990849094653
66.54934620824125
66.28662201732729
66.0217647420769
65.75480234874382
65.48576197305404
65.21466995111759
64.94155182652254
64.66643240746757
64.38933575869464
64.1102852432957
63.82930354097754
63.546412670284184
63.26163401023057
62.974988321371555
62.68649576632834
62.39617592979448
62.104047838042305
61.81012997794984
61.51444031556763
61.21699631424412
60.91781495232757
60.61691274046184
60.31430573849277
60.010009572001195
59.70403944847826
59.39641017315801
59.0871361645218
58.77623146948857
58.463709778304484
58.14958443914525
57.83386847244366
57.51657458495495
57.197715183571574
56.877302388899366
56.55534804860608
56.23186375055347
55.90686083572338
55.580350410948185
55.252343361455814
54.922850363238986
54.591881895258325
54.25944825148854
53.925559552816864
53.59022575880264
53.25345667930661
52.9152619859985
52.5756512237512
52.23463382192959
51.892219105582015
51.54841630654236
51.20323457445015
50.856682987696516
50.50877056430326
50.15950627274237
49.80889904270327
49.4569577758149
49.10369135632955
48.749108661775495
48.393218573585386
48.036029987707096
47.67755182520369
47.3177930428495
46.956762643728844
46.59446968784397
46.23092330273902
45.86613269414645
45.50010715666281
45.13285608446011
44.76438898203992
44.394715475036364
44.02384532107516
43.651788420695155
43.278554828339445
42.90415476342273
42.52859862148207
42.15189698541816
41.77406063683404
41.395100567478956
41.0150279908046
40.63385435364136
40.25159134800262
39.868250923024824
39.48384529705181
39.09838696987172
38.7118887351154
38.324363692825166
37.93582526220342
37.54628719455086
37.15576358640424
36.76426889288454
36.37181794126604
35.978425944778394
35.584108516653174
35.188881684427976
34.79276190452118
34.395766077091274
