344783.48900400003
354963.005444542
354617.2035830097
354270.0705933306
353912.7513669569
353540.4657047427
353150.4688647626
352741.09510298213
352311.1668809513
351859.722292181
351385.8612609963
350888.659316033
350367.1155814999
349820.11740787054
349246.4122384907
348644.58152158296
348013.01361280406
347349.87364926556
346653.0688170988
345920.20753963647
345148.5510093778
344334.9552318093
343475.80136033596
342566.911573371
341603.44705446996
340579.78374812996
339489.36043051403
338324.49219657184
337076.1406595957
335733.6299248408
334284.294702605
332713.04381855024
331001.81323489355
329128.9213319571
327068.2127702296
324788.0927513215
322250.3559771049
319408.88325555343
316208.3221196955
312583.0502257376
308457.05570939434
303745.9635166597
298363.38480055233
292234.99399147026
285324.5542241112
277674.38254948927
269454.487371887
260997.23934377238
252777.46702377338
245310.27953853772
238998.70983609883
234021.2149482212
230325.79664656898
227711.17998374315
225925.85147341216
224736.1561887365
223955.37831486407
223446.9638588622
223116.3553660706
222900.28142537858
222757.3106487086
222660.68221131497
222593.26185852237
222544.1415382123
222506.40420620344
222475.6768029242
222449.2023097829
222425.24804589717
222402.72968285883
222380.97291772155
222359.56977916983
222338.26002514886
222316.88756116442
222295.37803462447
222273.68992169463
222251.8058057382
222229.72430810734
222207.4539114821
222185.0090733532
222162.40776681982
222139.67030551995
222116.8176661174
222093.8704160585
222070.84990479075
222047.77719062494
222024.67290682413
222001.5571803203
221978.44958758674
221955.36913288553
221932.33424090818
221909.36275826336
221886.47196068085
221863.67856356862
221840.9987346053
221818.4481074672
221796.04179606086
221773.79440876824
221751.720062919
221729.8323981425
221708.1445899795
221686.66936254493
221665.41900060148
221644.4053609772
221623.6398832393
221603.13359965774
221582.89714442287
221562.94076213788
221543.27431559467
221523.90729282674
221504.84881350063
221486.1076346299
221467.69215564805
221449.61042290146
221431.870133548
221414.4786389354
221397.44294746008
221380.7697269802
221364.46530678935
221348.53567920337
221332.986500795
221317.82309331227
221303.05044431923
221288.67320759533
221274.69570332332
221261.1219181083
221247.95550485744
221235.19978254274
221222.85773589739
221210.93201505477
221199.42493517045
221188.3384760446
221177.67428177278
221167.43366045703
221157.61758397796
221148.22668786533
221139.26127128155
221130.72129713238
221122.60639231285
221114.91584812643
221107.64862085955
221101.58041177192
221094.33049095405
221088.32451147612
221082.73532805822
221077.55979133403
221072.79457730197
221068.43614808976
221064.48071398036
221060.92421011618
221057.76228267758
221054.99028121753
221052.6032550339
221050.59595223737
221048.9628206242
221047.69800980698
221046.79537424757
221046.2484769381
221046.05059360282
221046.19471730222
221046.67356339275
221047.47957478085
221048.6049274574
221050.04153628688
221051.78106103916
221053.81491265108
221056.13425971335
221058.73003517653
221061.59294326865
221064.7134666222
221068.0818736064
221071.6882258587
221075.5223860162
221079.5740256383
221083.83263331963
221088.28752299008
221092.92784240042
221097.7425817831
221102.72058269393
221107.8505470228
221113.12104617673
221118.52053042827
221124.03733842846
221129.65970687298
221135.3757803327
221141.1736212348
221147.04121998255
221152.96650523803
221158.93735433675
221164.9416038397
221170.96706022875
221177.00151072768
221183.0327342584
221189.04851251165
221195.0366411567
221200.9849411502
221206.88127017816
221212.71353419626
221218.46969908735
221224.13780242333
221229.70596532105
