0.89981
0.9054878453605004
0.9107384364123058
0.9165437159230435
0.9226627413941767
0.9289654670674563
0.9353833237049276
0.9418799102711315
0.9484356785155506
0.9550398916890355
0.9616864179947598
0.9683715285568266
0.9750927447462361
0.9818482348077948
0.9886364980088899
0.9954561992694834
1.0023060825275594
1.0091849252713625
1.0160915145578284
1.0230246341978229
1.0299830576856766
1.0369655440097567
1.043970834815015
1.050997652079844
1.0580446958225105
1.0651106415254419
1.0721941370410366
1.079293798762462
1.0864082068273417
1.0935358990802828
1.100675363453693
1.1078250283329398
1.1149832571822123
1.122148306082503
1.1293183433748324
1.136491399402063
1.1436653400508676
1.1508378258685439
1.158006260237488
1.1651677246337102
1.1723188999321843
1.1794559756929857
1.1865745564306358
1.1936695882948434
1.2007353546843536
1.2077656230443468
1.2147540468353153
1.2216948829042937
1.2285839140542076
1.2354192154412857
1.2422013186353758
1.2489326275398083
1.2556164064416933
1.2622558753440116
1.268853624760412
1.2754114544513186
1.2819304202622546
1.2884109814030151
1.294853160604062
1.3012566810814898
1.3076210712617158
1.3139457399903873
1.3202300285038553
1.3264732454388213
1.3326746900079898
1.3388336670913052
1.3449494969396536
1.3510215213247976
1.3570491073205555
1.3630316495441794
1.3689688565820393
1.374859771460752
1.38070364522413
1.3865004359640598
1.3922496409168357
1.397950805478099
1.4036035136100107
1.4092073818496007
1.4147620557568246
1.420267207624508
1.4257225858197227
1.431127838174925
1.4364827190363374
1.4417869993732595
1.4470404679738138
1.4522429317162828
1.4573942152338502
1.46249416026304
1.467542624829548
1.4725394823530176
1.4774846207146377
1.4823779413116276
1.4872193581122641
1.4920087967195619
1.4967461934487503
1.5014314944219815
1.5060646546830676
1.510645637333614
1.515174412692823
1.519650957481807
1.524075254033593
1.528447289529675
1.5327670552638057
1.537034545933536
1.5412497589599063
1.5454126938355188
1.549523351501116
1.5535817337506546
1.557587842664786
1.5615416800725073
1.5654432470407165
1.5692925433912728
1.5730895672451224
1.5768343145929768
1.5805267788919715
1.5841669506877065
1.5877548172610083
1.5912903622987347
1.5947735655879203
1.5982044027325462
1.6015828448922065
1.6049088585419269
1.6081824052524212
1.611403441490054
1.6145719184357983
1.6176877818224968
1.6207509717897488
1.6237614227557748
1.626719063305632
1.6296238160951881
1.6324755977702836
1.6352743189005665
1.6380198839274902
1.6407121911260176
1.643351132579614
1.6459365941681459
1.6484684555683222
1.650946590266384
1.6533708655827617
1.655741142708454
1.6580517744905403
1.6603139527239428
1.6625214809644246
1.664674381701802
1.6667724918245241
1.6688156397719554
1.6708036472114935
1.6727363297433007
1.674613497339154
1.6764349546480715
1.6782005012375631
1.6799099318065331
1.6815630363887817
1.6831596005570293
1.6846994056327482
1.686182228904599
1.687607843856987
1.688976020409615
1.6902865251684827
1.691539121688667
1.6927335707490656
1.6938696306392276
1.6949470574583836
1.6959656054267278
1.6969250272089975
1.6978250742503564
1.6986654971245918
1.6994460458945788
1.7001664704849573
1.7008265210669324
1.7014259484551006
1.7019645045161167
1.7024419425890547
1.702858017917246
1.7032124880913175
1.7035051135031813
1.7037356578106202
1.7039038884121294
1.704009576931599
1.7040524997124011
1.704032438320403
1.7039491800553757
1.7038025184702406
1.7035922538975456
1.7033181939825375
1.702980154222127
1.702577958509033
1.7021114396803498
1.7015804400697119
1.700984812062244
1.700324418651399
1.6995991339967949
1.6988088439820874
1.697953446771929
1.6970328533669876
1.696046988156013
1.6949957894639052
1.6938792100946753
1.6926972178682524
1.6914497961499797
