100198.94001738887
227552.48808665495
228445.751705195
229336.38501751045
230225.68609068522
231113.82809918546
232000.93315740107
232887.10022346987
233772.41027161706
234656.9300631596
235540.71513720672
236423.81218245087
237306.2609138234
238188.09555389785
239069.34599947292
239950.0387378405
240830.19756457178
241709.8441440767
242588.9984459749
243467.67908354182
244345.90357512966
245223.6885451458
246101.04987772577
246978.00283353287
247854.56213789692
248730.7420467512
249606.55639551056
250482.01863487446
251357.14185673202
252231.93881256777
253106.4219263517
253980.603303381
254854.4947361763
255728.10770839968
256601.45339742326
257474.54267602778
258347.386113733
259219.99397789763
260092.37623492008
260964.54255160436
261836.50229684066
262708.2645436678
263579.83807166724
264451.2313698924
265322.4526400697
266193.50980033976
267064.4104893218
267935.1620705479
268805.7716372631
269676.24601747625
270546.59177938406
271416.81523691333
272286.922455612
273156.9192585928
274026.8112327188
274896.6037348541
275766.3018982635
276635.91063901776
277505.4346624906
278374.8784698506
279244.2463645843
280113.542458959
280982.7706804819
281851.93477831857
282721.03832957026
283590.0847456167
284459.07727817044
285328.01902541786
286196.91293790884
287065.7618245734
287934.5683580443
288803.3350805712
289672.0644094735
290540.75864216086
291409.4199615805
292278.05044098396
293146.65204899415
294015.2266541787
294883.77602968004
295752.3018576071
296620.80573333317
297489.2891695634
298357.7536002822
299226.20038470125
300094.63081079256
300963.0460988972
301831.44740513247
302699.8358246139
303568.2123946005
304436.5780975272
305304.93386380665
306173.2805746382
306970.4625812362
307772.13056093943
308575.5563294417
309380.97594489716
310187.55422454636
310995.28976901335
311804.0363798709
312613.68334902724
313424.14648100483
314235.36139744014
315047.27854032343
315859.85944137484
316673.0739357143
317486.8980803032
318301.3125984651
319116.30171739944
319931.85229918454
320747.95319114864
321564.5947400888
322381.76842900505
323199.4666053211
324017.68227764603
324836.4089635469
325655.640575647
326475.3713362779
327295.59571350773
328116.3083731364
328937.50414264
329759.1779840929
330581.32497365243
331403.94028618577
332227.01918351476
333050.55700554384
333874.54916340625
334698.9911342553
335523.8784571264
336349.2067298024
337174.971606224
338001.16879447486
338827.794055112
339654.8431997301
340482.3120898288
341310.19663578284
342138.4927959055
342967.19657568773
343796.3040270452
344625.8112476179
345455.71438015957
346286.00961192354
347116.69317406975
347947.7613411394
348779.2104304825
349611.0368017549
350443.23685639794
351275.807037174
352108.7438276008
352942.0437515545
353775.7033727415
354609.7192942379
355444.0881580892
356278.8066447509
357113.87147277145
357949.27939822624
358785.02721439156
359621.1117512479
360457.52987507655
361294.2784880704
362131.3545278757
362968.7549672167
363806.47681348346
364644.5171083635
365482.8729273751
366321.5413795799
367160.5196071353
367999.80478494137
368839.39412025805
369679.2848523321
370519.4742520678
371359.95962161943
372200.73829408915
373041.80763311946
373883.16503258934
374724.8079162723
375566.7337374564
376408.9399786765
377251.4241512963
378094.18379529176
378937.2164788076
379780.5197979629
380624.0913764312
381467.92886519886
382312.02994221245
383156.39231210295
384001.013705871
384845.89188061556
385691.0246191907
386536.40972997056
387382.04504654254
388227.9284273665
389074.05775563413
389920.4309388369
390767.0459085675
391613.90062031546
392460.9930530195
393308.3212089732
394155.8831135246
395003.6768147352
