4.36836
4.349604831222664
4.408459910481722
4.464552702869144
4.518678255498597
4.571043411779022
4.621731741268309
4.670801895435646
4.718307374645268
4.764300244062679
4.808831639926368
4.851951682426312
4.8937093184453495
4.934152190937353
4.973326546290765
5.011277175134012
5.048047380103399
5.083678964776208
5.118212238989623
5.1516860366873845
5.184137743202599
5.215603329508732
5.246117391475977
5.275713192577285
5.304422708816619
5.332276674916325
5.3593046310123915
5.385534969277314
5.410994980025935
5.4357108969698595
5.45970794137218
5.483010364924343
5.505641491221571
5.527623755756813
5.548978744387398
5.56972723025519
5.589889209161606
5.609483933414725
5.628529944177726
5.647045102356436
5.665046618070495
5.682551078756861
5.699574475957129
5.716132230842015
5.732239218526777
5.747909791231466
5.763157800339217
5.77799661740451
5.7924391541624525
5.8064978815878945
5.820184848051954
5.833511696621362
5.846489681544241
5.859129624226035
5.871442166472078
5.883437428370418
5.895125258951341
5.906515189999535
5.917616448496815
5.928437968480954
5.938988402365198
5.9492761317512315
5.9593092777626495
5.969095710923796
5.978643060607196
5.987958724071667
5.99704987511149
6.005923472336788
6.014586267103204
6.023044811108595
6.031305463673253
6.039374398719426
6.047257611464733
6.054960924843716
6.062489995670573
6.069850320555791
6.077047241588434
6.084085951795357
6.090971500387984
6.09770879780672
6.104302620572606
6.1107576159552
6.117078306465299
6.123269094180676
6.129334264912485
6.135277992219791
6.141104341279117
6.146817272615528
6.152420645701864
6.157918222431635
6.163313670471806
6.168610566500334
6.173812399334087
6.178922572951757
6.183944409416564
6.1888811517031375
6.193735966433001
6.198511946522381
6.203212113746548
6.207839421224314
6.21239675582596
6.216886940508379
6.2213127365802645
6.225676845900767
6.229981913014347
6.234230527224736
6.2384252246107605
6.242568489986546
6.246662851218232
6.250710419214455
6.254713905615366
6.258675332534108
6.262597047588107
6.266481266354557
6.270330165513195
6.274145884439786
6.2779305267676335
6.281686161914442
6.285414826576378
6.289118526190899
6.292799236370006
6.296458904305397
6.300099450147157
6.303722768357221
6.307330729039146
6.310925179245573
6.314507944264594
6.318080828886363
6.321645618651273
6.32520408108075
6.328757966892066
6.3323090111980695
6.335858934693275
6.339409444827128
6.342962236965717
6.346518995542949
6.350081395202166
6.353651101929369
6.357229774178918
6.360819063992741
6.364420618114159
6.368036079097042
6.3716670864114935
6.375315277546899
6.378982289113288
6.382669757941979
6.3863793221863405
6.390112622423748
6.393871302759505
6.397657011933743
6.401471404432188
6.405316141601742
6.409192892771728
6.4131033363818855
6.417049161117924
6.421032067055497
6.425053766813909
6.429115986720129
6.433220467984232
6.437368967887471
6.441563260983634
6.445805140314999
6.45009641864392
6.4544389297008955
6.458834529450666
6.463285097376965
6.467792537787639
6.472358781140854
6.476985785394093
6.481675537376941
6.486430054189099
6.491251384625103
6.496141610627289
6.501102848768141
6.506137251764168
6.511247010022654
6.5164343532230635
6.521701551935052
6.527050919275063
6.532484812603383
6.538005635264023
6.543615838369681
6.549317922634099
6.555114440254611
6.561007996847434
6.567001253438758
6.573096928514707
6.579297800133455
6.585606708103172
6.592026556229408
6.598560314636204
6.60521102216505
6.611981788856584
6.618875798519956
6.625896311395185
6.633046666914467
6.640330286568554
6.647750676885089
6.655311432526019
