190.5
192.56249543293438
193.104728584628
193.64701038012254
194.18930909476677
194.73162054356308
195.2739418521855
195.81627076363964
196.3586055010471
196.9009446669946
197.44328716378413
197.98563213020674
198.5279788914817
199.07032691966788
199.61267580239195
200.15502521817072
200.69737491695616
201.23972470480987
201.78207443184084
202.3244239827181
202.86677326921307
203.4091222243414
203.95147079776282
204.49381895217064
205.03616666045886
205.57851390349987
206.12086066840112
206.66320694713755
207.20555273547896
207.7478980321476
208.29024283815713
208.83258715629293
209.37493099070343
209.91727434657818
210.45961722989432
211.00195964721615
211.54430160553662
212.0866431121518
212.62898417456123
213.17132480038842
213.71366499731792
214.25600477304462
214.7983441352335
215.34068309148734
215.88302164932097
216.42535981614054
216.96769759922722
217.51003500572435
218.05237204262684
218.59470871677382
219.13704503484243
219.67938100334334
220.22171662861783
220.76405191683614
221.3063868739962
221.84872150592352
222.39105581827204
222.93338981652516
223.4757235059974
224.01805689183664
224.56038997902647
225.10272277238923
225.64505527658915
226.1873874961356
226.7297194353865
227.2720510985525
227.81438248970042
228.3567136127571
228.89904447151383
229.4413750696311
229.98370541064025
230.52603549795018
231.06836533485117
231.6106949245175
232.15302427001347
232.69535337429565
233.23768224021833
233.78001087053696
234.3223392679118
234.86466743491235
235.40699537402094
235.9493230876362
236.49165057807647
237.03397784758423
237.57630489832835
238.1186317324082
238.66095835185675
239.20328475864332
239.74561095467698
240.2879369418094
240.83026272183744
241.37258829650634
241.91511655797638
242.45752781347898
242.99991384102876
243.54227911688326
244.08463050450015
244.6269710074366
245.16930333862825
245.71162952182485
246.25395106723693
246.79626910229294
247.33858446903298
247.88089779667843
248.42320955572112
248.96552009824782
249.50782968800675
250.05013852282883
250.5924467513501
251.13475448548365
251.6770618097229
252.2193687880812
252.7616754692695
253.30398189055782
253.8462880806575
254.38859406187123
254.9308998516976
255.47320546402844
256.0155109100429
256.5578161988746
257.10012133811
257.64242633416075
258.1847311925417
258.7270359180794
259.2693405150674
259.8116449873829
260.35394933857424
260.896253571927
261.43855769051277
261.9808616972268
262.5231655948167
263.0654693859033
263.6077730729974
264.15007665851226
264.69238014477384
265.23468353402814
265.77698682844743
266.3192900301352
266.86159314113024
267.4038961634099
267.94619909889286
268.488501949442
269.03080471686604
269.57310740292155
270.1154100093149
270.6577125377038
271.20001498969845
271.7423173668636
272.284619670719
272.82692190274133
273.36922406436526
273.9115261569844
274.4538281819524
274.99613014058457
275.538432034158
276.0807338639134
276.6230356310558
277.1653373367552
277.7076389821481
278.2499405683379
278.79224209639614
279.33454356736297
279.87684498224854
280.4191463420333
280.96144764766905
281.5037489000798
282.04605010016246
282.5883512487873
283.1306523467992
283.67295339501806
284.21525439423937
284.7575553452351
285.2998562487546
285.84215710552456
286.38445791625026
286.9267586816158
287.469059402285
288.01136007890176
288.5536607120906
289.09596130245757
289.6382618505904
290.18056235705916
290.72286282241674
291.2651632471995
291.80746363192753
292.3497639771055
292.89206428322245
293.4343645507532
293.97666478015793
294.5189649718828
295.0612651263611
295.6035652440123
296.14586532524396
296.68816537045103
297.23046538001654
297.7727653543121
298.31506529369824
298.85736519852463
299.3996650691305
