1210073.9985288
1208602.4281801723
1207610.1967356056
1207099.1871872628
1206812.428182003
1206619.2600661553
1206452.5511030324
1206278.415904608
1206080.1467319117
1205850.0040065248
1205584.9251022192
1205284.296606284
1204948.8008236634
1204579.8219330346
1204179.1441668286
1203748.8029253785
1203291.0166654855
1202808.162286184
1202302.7749521644
1201777.562858671
1201235.4325223565
1200679.522960399
1200113.2487353694
1199540.3529023707
1198964.9717263512
1198391.7138296382
1197825.7573049685
1197272.9693745659
1196740.0544708697
1196234.7382279935
1195765.9968597256
1195344.3437814408
1194982.1720757494
1194694.2692429854
1194498.2667642154
1194415.3963408882
1194471.290191264
1194696.9285551754
1195129.6543611784
1195814.0873519871
1196802.5580741887
1198154.2928587527
1199931.9343294764
1202193.087198767
1204973.826722194
1208261.8568387264
1211962.0315568952
1215868.615113003
1219671.713071835
1223020.2873127528
1225625.3859838368
1227343.7606539538
1228191.169615098
1228292.3964247624
1227813.9669013736
1226915.2522892912
1225726.0416953687
1224342.632676536
1222832.544442205
1221241.5074320235
1219599.859802897
1217927.498781599
1216237.4104139172
1214538.0732699225
1212835.0519266347
1211132.035997369
1209431.5114060084
1207735.1910356155
1206044.2898551666
1204359.7007289936
1202682.1058835252
1201012.1394227834
1199350.118008536
1197696.3558484833
1196051.3404634832
1194415.3605744794
1192788.6863080761
1191171.5701751683
1189564.2484089478
1187966.9421741115
1186379.8387805116
1184803.1881473819
1183237.1276735796
1181681.8307171485
1180137.4574503994
1178604.1562601782
1177082.064659286
1175571.3099570195
1174072.0097972993
1172584.2726245206
1171108.1981070205
1169643.87753451
1168191.3941968048
1166750.8237476356
1165322.234555508
1163905.6880418072
1162501.2390056194
1161108.935938592
1159728.821321354
1158360.9319116736
1157005.2990165562
1155661.9487509923
1154330.9022830473
1153012.1760649844
1151705.7820508
1150411.727900098
1149130.0171686772
1147860.6494860752
1146603.6207203108
1145358.9231303965
1144126.545506874
1142906.4733008354
1141698.6887421168
1140503.1709468898
1139319.8960154573
1138148.837120497
1136989.9645866444
1135843.24596169
1134708.6460800949
1133586.1271193558
1132475.6486497356
1131377.1676779722
1130290.6386854197
1129216.0136611923
1128153.242130826
1127102.2711808954
1126063.045480099
1125035.507297253
1124019.596516646
1123015.2506511193
1122022.4048532909
1121040.991925302
1120070.9423274447
1119112.1841859065
1118164.6433000448
1117228.243149441
1116302.9049009462
1115388.5474159566
1114485.0872582777
1113592.4387025482
1112708.9460354387
1111838.9397201857
1110978.2616108987
1110128.016883518
1109288.1120535063
1108458.4500655981
1107638.9308506185
1106829.4517039089
1106029.9075006251
1105240.1908244616
1104460.1920505357
1103689.7994043068
1102928.8990083204
1102177.3749228425
1101435.109183978
1100701.981841122
1099977.8709946277
1099262.6528343367
1098556.2016792852
1097858.3900186608
1097169.0885541306
1096488.166243478
1095815.4903456953
1095150.92646734
1094494.3386101665
1093845.5892200333
1093204.5392369763
1092571.0481464134
1091944.9740313669
1091326.1736257921
1090714.502368714
1090109.8144593313
1089511.9629129109
1088920.79961736
1088336.1753905427
1087757.9400382102
1087185.9424123832
1086620.0304702914
1086060.051333694
1085505.8513484986
1084957.27614473
1084414.1706966746
1083876.3793831028
1083343.7460476982
1082816.1140593674
1082293.3263726057
1081775.2255877052
1081261.6540107501
1080752.453713469
1080247.466592686
1079746.534429499
1079249.4989479717
1078756.2018733723
1078266.4849899118
1077780.1901978003
1077297.1595696802
1076817.2354064356
1076340.260292047
1075866.0771478382
1075394.52928561
