1841.6910700204178
1838.736025869377
1835.7672393193618
1832.785125500697
1829.7900842596832
1826.7824825548432
1823.7626541835307
1820.7309026091393
1817.687504054259
1814.6327103479396
1811.566751463088
1808.4898377632562
1805.4021619906748
1802.3039010265322
1799.1952174513262
1796.0762609297817
1792.9471694417932
1789.8080703781259
1786.659081517249
1783.5003118975596
1780.3318625974625
1777.1538274341622
1773.9662935906672
1770.7693421792903
1767.5630487489059
1764.3474837423096
1761.1227129092565
1757.8887976800572
1754.6457955040323
1751.3937601566042
1748.1327420183595
1744.8627883290208
1741.583943418927
1738.2962489203253
1734.9997439605118
1731.6944653386327
1728.380447687752
1725.0577236236238
1721.7263238814458
1718.3862774417266
1715.037611646301
1711.6803523053957
1708.3145237965655
1704.9401491562387
1701.5572501645338
1698.1658474239337
1694.7659604323649
1691.3576076511583
1687.9408065683324
1684.5155737575938
1681.0819249334133
1677.6398750025044
1674.1894381119976
1670.7306276459083
1667.2634564134778
1663.7879365429826
1660.3040795678191
1656.8118964617465
1653.3113976721238
1649.8025931512962
1646.28549238627
1642.7601044268138
1639.2264379120975
1635.6845010959883
1632.1343018710977
1628.5758477916804
1625.0091460954654
1621.4342037245056
1617.851027345113
1614.2596233669533
1610.6599979613636
1607.052157078945
1603.4361064664952
1599.8118516833226
1596.1793981169951
1592.5387509985655
1588.889915417313
1585.2328963350453
1581.5676985999892
1577.8943269603096
1574.2127860772837
1570.523080538166
1566.8252148687645
1563.119193545764
1559.4050210088058
1555.6827016723705
1551.9522399374594
1548.2136402031147
1544.4669068777928
1540.7120443906051
1536.9490572024501
1533.1779498170508
1529.398726791913
1525.6113927492256
1521.8159523867052
1518.012410488418
1514.200771935573
1510.3810417173145
1506.5532249415178
1502.717326845605
1498.873352807391
1495.0213083559702
1491.1611991826578
1487.2930311519933
1483.4168103128186
1479.5325429094414
1475.6402353928922
1471.7398944322872
1467.8315269968018
1463.9151400851645
1459.9907412319874
1456.0583380240764
1452.1179383957217
1448.169550570185
1444.2131830720546
1440.2488447397732
1436.2765447383547
1432.2962925722945
1428.3080980986829
1424.3119715405285
1420.3079235003054
1416.2959649737247
1412.2761073637462
1408.2483624948334
1404.2127426274624
1400.169260472896
1396.1179292082236
1392.058762491685
1387.9917744782788
1383.9169798356686
1379.834393760394
1375.7440319943953
1371.6459108418596
1367.5400471864002
1363.426458508572
1359.3051629037398
1355.176179100302
1351.039526478284
1346.8952250883015
1342.7432956709165
1338.5837596763818
1334.4166392847926
1330.241957426653
1326.05973780386
1321.8700049111253
1317.672784057838
1313.4681013903805
1309.2559839149048
1305.0364595205854
1300.8095570033518
1296.575306090117
1292.33373746351
1288.0848827871225
1283.8287747312831
1279.5654469993683
1275.2949343546609
1271.017272647771
1266.7324988446262
1262.4406510550482
1258.141768561923
1253.8358918509814
1249.5230626411997
1245.2033239158345
1240.8767199541057
1236.5432963635376
1232.2031001129794
1227.8561795663104
1223.5025845168514
1219.1423662224954
1214.7755774415705
1210.4022724694546
1206.022507175959
1201.6363390434915
1197.2438272060294
1192.8450324889043
1188.440017449434
1184.0288464184102
1179.6115855424703
1175.188302827369
1170.7590681821778
1166.3239534644354
1161.8830325262713
1157.4363812615331
1152.9840776539443
1148.5262018263209
1144.062836090882
1139.594065000683
1135.119975402214
1130.640656489193
1126.1561998575994
1121.6666995619928
1117.1722521731579
1112.6729568371265
1108.1689153356347
1103.6602321480634
1099.1470145149312
1094.6293725029998
1090.107419072067
1085.5812701435193
