0.19732814999999998
0.19695478991273452
0.1966357959512776
0.196452342404852
0.19627303221340878
0.19604953045804496
0.1957661446409011
0.19541969396019238
0.1950116645550595
0.19454516828679286
0.1940237733462539
0.19345106286248126
0.19283047575396653
0.19216525581568836
0.19145844230864156
0.19071287544028562
0.18993120695185947
0.18911591196318592
0.1882693006751414
0.18739352945151824
0.18649061115113408
0.18556242470948037
0.18461072401318063
0.1836371461226331
0.18264321889865498
0.1816303680854277
0.1805999238974624
0.17955312715369293
0.1784911349975107
0.17741502623767041
0.17632580634148864
0.1752244121086228
0.17411171605088815
0.17298853050102792
0.17185561147105116
0.17071366227868554
0.16956333695861495
0.16840524347349237
0.16723994673819872
0.16606797146946864
0.16488980487179267
0.1637058991694382
0.16251667399349998
0.16132251863202884
0.1601238433954196
0.15892085356497318
0.15771395969477697
0.15650343700692737
0.15528954821079993
0.15407253925471748
0.1528526393078471
0.15163006144811395
0.15040500370135718
0.14917765015938642
0.14794817207971342
0.14671673755958017
0.14548348120983318
0.14424854527196632
0.14301206079651155
0.14177414982793238
0.14053492667148
0.13929449878435
0.13805296750259163
0.13681042868311238
0.13556697329212136
0.1343226879535953
0.13307765546549644
0.13183195528884956
0.13058566401427102
0.12933885581037338
0.12809160285860233
0.12684397577936166
0.12559604405471556
0.12434787645355327
0.12309954146588982
0.12185110775402114
0.12060264462962737
0.11935422256773182
0.11810591377082445
0.11685779279965207
0.11560993729144951
0.11436242879214982
0.11311535373695433
0.11186880462442561
0.11062288144426216
0.10937769344003143
0.10813336131829338
0.10689002005926271
0.10564782254858394
0.10440694434643885
0.10316759005801093
0.101930002000081
0.10069447222679159
0.099461359579076
0.09823111435382854
0.09700431534010348
0.09578172589426238
0.09456438244682253
0.09335373669215134
0.09215188711152189
0.09096194755138128
0.08978856182411801
0.08863826872193203
0.0875184098586103
0.08643269046904539
0.08537683102012833
0.08434201090935288
0.08332122146144942
0.08231076834436134
0.08130901902999042
0.08031527909471824
0.07932923686213184
0.07835073421093078
0.07737967759035769
0.07641600387629473
0.07545966701203498
0.07451063247387019
0.07356887470586429
0.07263437570942545
0.07170712410683751
0.07078711442035147
0.06987434646635222
0.06896882482349213
0.06807055835625013
0.06717955978413961
0.0662958452903452
0.06541943416514726
0.06455034848030133
0.06368861279104093
0.0628342538627366
0.06198730041954335
0.06114778291262621
0.06031573330578306
0.059491184876489744
0.058674172030579064
0.05786473012893246
0.057062895324716256
0.05626870440983241
0.055482194669378274
0.054703403743023876
0.05393236949231905
0.05316912987303666
0.05241372281174425
0.05166618608587651
0.05092655720665358
0.050194873304258335
0.049471171014748475
0.048755486368240335
0.04804785467795581
0.04734831042977893
0.046656887172020184
0.04597361740513617
0.04529853247120193
0.04463166244298146
0.04397303601248888
0.04332268037898129
0.04268062113637111
0.04204688216009274
0.041421485493507174
0.04080445123397502
0.04019579741877592
0.039595539911101416
0.039003692286393776
0.038420265719352927
0.03784526887197679
0.03727870778304783
0.03672058575952063
0.0361709032703062
0.035629657842989056
0.03509684396404524
0.034572452983164144
0.03405647302230102
0.03354888889010996
0.03304968200242315
0.03255883030945034
0.03207630823037518
0.032460947440246565
0.03191680385239437
0.03120978731905038
0.030434878097451237
0.02962421883122275
0.028795774323726254
0.0279613321439801
0.027129251818243834
0.02630566644566364
0.025495088365166254
0.02470078651944183
0.023925027288039684
0.023169299347513297
0.02243441389040146
0.021720726151999072
0.021028209131340844
0.02035655229832081
0.019705241542916304
0.01907362292310496
0.01846094036190059
0.017866420753651063
0.017289241078866154
0.016728581731406855
0.0161836390406382
0.015718810652440955
0.015633245260918444
0.015560728877429033
0.015495014613303862
0.015433561097389064
0.015374995065154613
0.015318529198609218
0.015263680684516114
0.01521013221032953
0.015157661895794544
0.015106106789476785
0.015055342945659958
0.015005273863907003
0.014955823283980494
0.014906930389382018
0.014858546386165265
0.014810631970434893
0.014763155382781501
0.014716090885070995
0.014669417553409331
0.014623118315181089
0.014577179178163077
0.014531588612509725
0.014486337055163641
0.014441416512608647
0.014396820242712655
0.014352542500181626
0.0143085783331467
0.014264923420815725
0.014221573944065582
0.014178526482425784
0.014135777932177797
0.014093325441326417
0.014051166358033839
0.014009298189781264
0.013967718571066583
0.013926425237885329
0.01388541600759435
0.013844688763041253
0.013804241440069764
0.013764072017693257
0.0137241785103744
0.013684558961964988
0.013645211440952869
0.013606134036736817
0.013567324856708708
0.01352878202396901
0.013490503675538862
0.013452487960960647
0.013414733041202869
0.013377237087802592
0.013339998282193703
0.013303014815180307
0.013266284882248102
0.013229806706752804
0.013193578487168798
0.013157598456701612
0.013121864847962024
0.013086375901631312
0.013051129866275612
0.013016124998215283
0.01298135956143952
0.01294683182754702
0.01291254007570308
0.012878482592607867
0.012844657672472889
0.012811063617005299
0.012777698735389498
0.012744561493596145
0.012711649993839997
0.012678962607850387
0.012646497692848271
0.012614253603374403
0.012582228696971919
0.012550421336699345
0.012518829892243871
0.012487452740418344
0.012456288265387186
0.012425334858773897
0.01239459091971691
0.012364054854903288
0.012333725078593148
0.012303600012640498
0.01227367808651269
0.012243957737309843
0.012214437409784295
0.012185115556360464
0.01215599063715505
0.012127061119997501
0.012098325480450846
0.01206978220183265
0.012057375878121038
0.012051966584935651
0.012049585606834909
0.01204850377909795
0.012047981822917485
0.012047697879161634
0.012047522575799078
0.012047390787509472
0.012047277567700146
0.012047172204839193
0.012047070115183262
0.012046969356037092
0.01204686912185967
0.012046769095622557
0.012046669169094366
0.01204656932227335
0.01204646957147476
0.012046369947033361
0.012046270483778532
0.01204617121701523
0.01204607218087567
0.012045973407689162
0.012045874927786603
0.012045776769488198
0.012045678959166103
0.012045581521335384
0.0120454844787536
0.012045387852520581
0.012045291662174927
0.012045195925786114
0.01204510066004169
0.012045005880329583
0.01204491160081585
0.012044817834517843
0.012044724593373154
0.0120446318883046
0.012044539729281467
0.012044448125377118
0.012044357084823288
0.012044266615061205
0.012044176722789745
0.012044087414010762
0.01204399869407166
0.012043910567705603
0.012043823039069212
0.012043736111778178
0.012043649788940687
0.012043564073189128
0.012043478966710028
0.012043394471272452
0.012043310588254929
0.012043227318670814
0.012043144663192087
0.012043062622171476
0.012042981195663117
0.012042900383441737
0.012042820185020722
0.012042740599669078
0.012042661626427552
0.012042583264123887
0.012042505511387183
0.012042428366661593
0.012042351828219111
0.012042275894171688
0.012042200562482633
0.012042125830977244
0.01204205169735297
0.012041978159188754
0.012041905213953999
0.012041832859016879
0.012041761091652217
0.012041689909048843
0.012041619308316504
0.012041549286492436
0.012041479840547436
0.012041410967391633
0.012041342663879899
0.012041274926816904
0.01204120775296188
0.012041141139033132
0.012041075081712194
0.012041009577647796
0.012040944623459553
0.012040880215741451
0.012040816351065084
0.012040753025982714
0.012040690237030144
0.01204062798072937
0.012040566253591125
0.012040505052117215
0.012040444372802698
0.012040384212138001
0.012040324566610791
0.012040265432707807
0.012040206806916549
0.012040148685726802
0.012040091065632181
0.012040033943131426
0.012039977314729736
0.01203992117693991
0.012039865526283512
0.012039810359291827
0.012039755672506888
0.012039701462482321
0.012039647725784189
0.012039594458991767
0.012039541658698227
0.012039489321511292
0.012105217759943112
0.012100952259358255
0.012092562728393859
0.012083771773920761
0.01207478909150088
0.012065613033699721
0.012056231884871338
0.012046635611349707
0.012036816103316377
0.01202676682212367
0.012016482495462813
0.012005958878145099
0.011995192563952381
0.011984180836354934
0.011972921549065738
0.011961413029735685
0.011949654001771136
0.011937643520472038
0.011925380920581104
0.011912865772812479
0.01190009784874792
0.011887077090105454
0.011873803583434326
0.011860277541025423
0.011846499282228227
0.011832469219163845
0.011818187844546628
0.01180365572149726
0.01178887347505974
0.011773841785174164
0.011758561380899413
0.011743033035715226
0.011727257563761402
0.011711235816895458
0.011694968682469033
0.011678457081739145
0.011661701968843191
0.011644704330277358
0.011627465184826605
0.01160998558390174
0.011592266612244684
0.01157430938896788
0.011556115068897319
0.01153768484419168
0.011519019946212149
0.011500121647618999
0.01148099126467203
0.011461630159712443
0.011442039743803695
0.011422221479508731
0.011402176883780113
0.011381907530938866
0.011361415055716502
0.011340701156333446
0.011319767597585437
0.011298616213908002
0.01127724891238722
0.011255667675683444
0.011233874564832711
0.011211871721889151
0.011189661372369812
0.011167245827462109
0.011144627485952399
0.011121808835833268
0.011098792455545708
0.011075581014811643
0.011052177275011205
0.011028584089058852
0.01100480440073154
0.010980841243402388
0.010956697738133046
0.010932377091078744
0.010907882590161155
0.010883217600966348
0.010858385561828594
0.01083338997806592
0.010808234415340833
0.010782922492129756
0.010757457871298734
0.010731844250800501
0.010706085353530494
0.010680184916406153
0.010654146678765564
0.010627974370216812
0.010601671698107829
0.010575242334825853
0.010548689905173545
0.0105220179741025
0.010495230035111023
0.010468329499628124
0.010441319687706846
0.010414203820334828
0.010386985013637353
0.010359666275197769
0.010332250512973292
0.01030474049547389
0.010277138915024806
0.010249448354928282
0.01022167130560717
0.010193810174502872
0.0101658672971131
0.010137844949186584
0.010109745359716872
0.010081570724358137
0.010053323218899358
0.01002500501246341
0.009996618280138817
0.009968165214801483
0.00993964803793675
0.009911069009325707
0.009882430435510544
0.00985373467700003
0.009824984154215812
0.009796181352213468
0.00976732882423756
0.009738429194189064
0.009709485158096037
0.009680499484685478
0.009651475015157247
0.009622414662259824
0.009593321398394946
0.009564198294925746
0.009535048458534243
0.009505875066732476
0.009476681359286481
0.00944747063080371
0.009418246229018733
0.009389011550918753
0.009359770039067397
0.009330525177900582
0.009301280490014953
0.009272039532474649
0.009242805893158419
0.009213583187165744
0.00918437505329733
0.009155185150622774
0.009126017155145673
0.009096874756574369
0.009067761655204775
0.009038681558919872
0.009009638180309198
0.00898063523391021
0.008951676433572316
0.008922765489943219
0.008893906108076378
0.00886510198515733
0.008836357580294201
0.008807675052760795
0.008779058775437538
0.00875051242425386
0.008722039628147174
0.00869364399560728
0.008665329114291699
0.008637098549594845
0.00860895510984701
0.008580903752434784
0.008552947291148737
0.008525089159552968
0.008497332790598075
0.008469681588542624
0.008442138926703579
0.008414708146310327
0.008387392555420942
0.008360195427851472
0.008333120002110967
0.0083061694803373
0.008279347027229335
0.008252655768971892
0.008226098792150409
0.008199679142653106
0.008173399824559242
0.008147263799012813
0.008121273983081958
0.008095433248605184
0.008069744421026396
0.008044210278221577
0.008018833549320844
0.007993616913530356
0.007968562998959363
0.007943674381458354
0.007918953583474931
0.007894403072934495
0.007870025262153316
0.007845822506791873
0.007821797104856552
0.007797951295757768
0.007774287259432661
0.007750807115540218
0.007727512922736309
0.007704406678035767
0.007681490316267965
0.007658765709631682
0.007636234667354264
0.0076138989354591815
0.007591760196645183
0.007569820070279198
0.007548080112504164
0.007526541816461949
0.007505206612630408
0.007484121154482387
0.0074630417149356
0.007441970276956294
0.007420907346810767
0.007399854116639198
0.007378811779486709
0.007357781491346024
0.007336764362739846
0.007315761453868278
0.007294773771730029
0.007273802268714065
0.007252847842301391
0.007231911335598658
0.007210993538486936
0.007190095189216753
0.0071692171897485115
0.0071483599676635005
0.0071275241180077985
0.007106710193317125
0.007085918705452349
0.007065150127925441
0.007044404898188251
0.007023683419860111
0.0070029860648797545
0.006982313175571608
0.00696166506662011
0.006941042031117802
0.006920444325858387
0.006899872197311116
0.006879325867572009
0.0068588055393797535
0.006838311397663248
0.006817843610866184
0.006797402332183377
0.006776987700717943
0.006756599842563521
0.006736238871815613
0.0067159048915160615
0.006695597994534523
0.00667531826439078
0.006655065776021463
0.006634840596494723
0.00661464278567608
0.006594472396848659
0.006574329477290693
0.006554214068813135
0.006534126208259955
0.006514065927973589
0.006494033256227839
0.006474028217630361
0.006454050833496756
0.006434101122198147
0.0064141790994839635
0.006394284778781607
0.006374418171474468
0.006354579287159783
0.006334768133887579
0.006314984718382013
0.006295229046246207
0.00627550112215169
0.006255800950013435
0.006236128533151423
0.006216483874439653
0.006196866976443347
0.006177278843977571
0.006157718475037617
0.0061381858709407345
0.0061186810342067285
0.00609920396756129
0.006079754674036269
0.00606033315704422
0.006040939420445439
0.006021573468608609
0.006002235306465452
0.0059829249395598645
0.0059636423740918555
0.0059443876169566505
0.005925160675779347
0.005905961558945337
0.00588679027562691
0.0058676468358061775
0.005848531250294712
0.005829443530750045
0.0058103836896892785
0.005791351740500054
0.0057723476974490375
0.005753371575688146
0.005734423391258635
0.005715503161093293
0.005696610903016829
0.005677746635744628
0.005658910378880006
0.005640102152910094
0.005621321979200462
0.005602569879988612
0.005583845878376414
0.005565149998321612
0.005546482264628482
0.005527842702937705
0.0055092313397155715
0.00549064820224256
0.005472093318601371
0.005453566717664483
0.005435068429081277
0.005416598483264787
0.005398156911378157
0.0053797437453207845
0.005361359017714276
0.005343002761888182
0.005324675011865606
0.005306375802348674
0.005288105168703921
0.005269863146947632
0.00525164977373114
0.005233465086326114
0.005215309122609859
0.0051971819210506545
0.0051790835206931415
0.005161013961143788
0.005142973282556395
0.005124961525617748
0.005106978731533348
0.005089092470813143
0.005071102936211938
0.00505326925970168
0.005035338421513391
0.005017508674710506
0.004999699641265493
0.004981919589941903
0.0049642222112696805
0.004946502303967319
0.004928810088029057
0.004911147268448116
0.004893448821637091
0.004875844380375699
0.004858271603074027
0.004840728525195813
0.004823215130909217
0.004805731466210323
0.00478827757931335
0.004770853518766148
0.004753459333380937
0.004736095072221938
0.004718760784594804
0.0047014565200361545
0.004684182328303174
0.00466693825936332
0.004649724363384097
0.004632540690722992
0.004615387291917458
0.004598264217675078
0.0045811715188638
0.004564109246502324
0.004547077451750574
0.004530076185900307
0.00451310550036583
0.004496165446674819
0.004479256076459242
0.004462377441446407
0.004445529593450078
0.004428712584361716
0.004411926466141796
0.004395171290811226
0.0043784471104428265
0.00436175397715294
0.004345091943093072
0.00432846106044164
0.004311861381395783
0.0042952929581632476
0.004278755842954336
0.004262250087973923
0.004245775745413532
0.004229332867443478
0.004212921506205048
0.00419654171380276
0.0041801935422966525
0.004163877043694635
0.004147590757597754
0.0041313376655652614
0.0041151165012137765
0.00409892721391542
0.004082769859771404
0.004066644200644149
0.004050550046573137
0.00403448879079514
0.004018459672029449
0.00400246274226732
0.003986498052403333
0.003970565653223762
0.003954665595372139
0.003938797929337818
0.003922962704794573
0.0039071599731915155
0.003891389783875045
0.003875652186617084
0.003859947231012941
0.0038442749670819145
0.0038286354427752487
0.0038130287076702384
0.004211141751265897
0.004558947278420816
0.004850000452522799
0.005082583631024736
0.00525900858983236
0.005384487714315547
0.0054659246750558286
0.005510861350935982
0.005526692656140713
0.005520160193949616
0.005497078299463987
0.005462227189464526
0.005419353223101713
0.005371232212148076
0.005319769153200647
0.005266121543587792
0.005210841207265579
0.005154030947463153
0.005095508895072092
0.005034968268676882
0.004972117049480541
0.004906783283900987
0.004838977451664302
0.004768911434313085
0.0046969811030622725
0.00462372418019214
0.004549766132150977
0.004475765107372133
0.004402363659046019
0.004330151456790062
0.004259640224041089
0.004191250089127354
0.004125305400907445
0.004062037642746844
0.004001593138750883
0.003944043567725682
0.0038893977245640894
0.0038376133953892024
0.003788608588350024
0.0037422716650718463
0.0036984701463670757
0.003657058127861405
0.0036178823486254508
0.0035807870211825854
0.0035456175656329216
0.0035122234034272344
0.0034804600016917903
0.0034501900737481297
0.0034212847100312947
0.0033936236140166094
0.0033670953088920062
0.003341597052212494
0.003317034585946491
0.0032933217727008014
0.003270380157923173
0.0032481384887105397
0.0032265322123388603
0.003205502971578164
0.003184998109055915
0.0031649701891797023
0.0031453765432416588
0.00312617884113669
0.0031073426914942637
0.0030888372708298474
0.0030706349814700086
0.0030527111374149584
0.0030350436769106407
0.0030176129002593773
0.0030004012312640684
0.002983393000646306
0.0029665742497799576
0.0029499325531215357
0.002933456857784177
0.002917137338783316
0.0029009652685724665
0.002884932899581783
0.002869033358566734
0.0028532605516670946
0.002837609079165503
0.002822074159019776
0.002806651558322605
0.0027913375319168197
0.0027761287674632827
0.0027610223363222666
0.0027460156496679307
0.0027311064193093655
0.0027162926227411567
0.0027015724719914934
0.0026869443858772413
0.0026724069653129416
0.0026579589713550153
0.0026435993056936734
0.0026293269933334077
0.002615141167228662
0.002601041054664774
0.0025870259651954294
0.002573095279967093
0.002559248442278378
0.0025454849492379554
0.002531804344398859
0.002518206211260021
0.002504690167537261
0.0024912558601165365
0.0024779029606116724
0.0024646311614571884
0.0024514401724744493
0.002438329717856256
0.0024252995335210404
0.0024123493647933637
0.0023994789643722535
0.00238668809055338
0.0023739765056749493
0.0023613439747606287
0.0023487902642876767
0.0023363151413806713
0.002323918372515456
0.0023115997230684715
0.0022993589565353874
0.0022871958339506816
0.0022751101133870835
0.002263101549525595
0.0022511698932879257
0.0022393148915239077
0.002227536286747626
0.0022158338169164416
0.0022042072152480695
0.002192656210071278
0.00218118052470642
0.0021697798773724817
0.0021584539811176843
0.0021472025437710937
0.002136025267912964
0.002124921850861906
0.002113891984677152
0.002098387562801159
0.002085201276740879
0.002072057669527028
0.0020584580618413046
0.002044477235683857
0.0020303138600650077
0.002016145067188439
0.002002094827529585
0.001988239122507401
0.001974619270619259
0.0019612540370766217
0.0019481484632657346
0.0019352996922895333
0.0019227005957077271
0.0019103419433829617
0.001898213660768428
0.0018863055348601592
0.0018746075954389455
0.0018631103088364764
0.0018518046653585318
0.0018406822075183354
0.001829735026138989
0.0018189557396990472
0.0018083374655796516
0.0017978737880442663
0.0017875587256141541
0.001777386699275032
0.0017673525022634912
0.0017574512717922876
0.0017476784628575703
0.0017380298241521804
0.0017285013760459397
0.0017190893905631918
0.001709790373277272
0.0017006010470430473
0.0016915183374991965
0.0016825393602883858
0.001673661409969588
0.0016648819506246062
0.001656198608193245
0.0016476091686049483
0.0016391115971309282
0.0016307038712139084
0.0016223843168519264
0.0016141513161832203
0.0016060034193816851
0.0015979393542396552
0.0015899580437081574
0.001582058631923812
0.0015742405213275024
0.0015665034247347024
0.0015588474381012414
0.0015512731425216006
0.0015437817482720328
0.0015363753004053267
0.0015290569761041242
0.0015218315214604043
0.0015147059044700617
0.001507690310751941
0.001500799695563457
0.0014940562623725804
0.0014874935287888965
0.0014811631973741127
0.0014751471535556972
0.0014695792193734764
0.001850721410569153
0.001932039464733882
0.0019295216424977633
0.001912576543129011
0.0018977708838760908
0.0018876492877597595
0.0018817657901175086
0.001879268126163314
0.001879402773316082
0.0018815732723629337
0.0018853166752768483
0.0018902723573830616
0.0018961564258967074
0.0019027427475631496
0.0019098493604834644
0.0019173288319930318
0.0019250613537411085
0.0019329496642489714
0.0019409151639193547
0.0019488948096023635
0.0019568385390711716
0.0019647070845267645
0.0019724701004185984
0.001980104552397096
0.001987593365692704
0.001994924268044505
0.002002088835761797
0.002009081702207452
0.0020158999155002856
0.0020225424014544695
0.0020290096054135834
0.0020353028670599656
0.002041424633056719
0.0020473778383022826
0.002053165868662497
0.002058792418121226
0.002064261379704728
0.0020695767618324513
0.0020747426244577243
0.002079763030811645
0.0020846420114746457
0.002089383538130316
0.0020939915048928024
0.0020984697155098523
0.002102821875073121
0.0021070515851824667
0.002111162341645049
0.0021151575341067826
0.0021190404470401384
0.0021228142616934336
0.0021264820587006904
0.002130047856677348
0.0021335120097041456
0.0021368790347922693
0.002140151542367941
0.0021433320952783
0.0021464232090732923
0.00214942733705365
0.0021523468649452507
0.0021551841098960407
0.0021579413213762685
0.0021606206828934512
0.002163224314002857
0.0021657542724072
0.002168212556022421
0.0021706011049906484
0.00217292180360503
0.0021751764821298157
0.002177366918578951
0.0021794948403614043
0.0021815619258976782
0.0021835698061470335
0.002185520066074251
0.0021874142460560713
0.0021892538432372126
0.0021910403128361238
0.0021927750693998094
0.002194459488019419
0.0021960949055001094
0.002197682621494217
0.0021992238996005604
0.0022007199684246077
0.002202172022602327
0.0022035812238009036
0.0022049487016860972
0.002206275554854405
0.0022075628517378644
0.00220881163149471
0.0022100229048550254
0.002211197654953184
0.002212336838128513
0.0022134413847105425
0.002214512199773378
0.0022155501638683995
0.002216556133733989
0.002217530942997427
0.002218475402832428
0.00221939030261532
0.0022202764105556266
0.002221134474305713
0.002221965221557272
0.0022227693606115605
0.0022235475809423096
0.002224300553731918
0.002225028932398909
0.002225733353105172
0.002226414435251539
0.0022270727819502832
0.0022277089804930237
0.0022283236028016666
0.002228917205858703
0.0022294903321317602
0.002230043509985884
0.002230577254076731
0.0022310920657360525
0.0022315884333490733
0.0022320668327086585
0.0022325277273741225
0.002232971569007671
0.0022333987977036546
0.0022338098423070082
0.002234205120729256
0.0022345849751980616
0.0022349499637599026
0.0022353003669754352
0.002235636565315037
0.0022359589286038697
0.002236267816646965
0.0022365635797357546
0.002236846559062735
0.002237117087066625
0.0022373754877356706
0.002237622076880002
0.0022378571623746274
0.002238081044398184
0.0022382940156421734
0.0022384963615245316
0.0022386883603850607
0.0022388702836743054
0.002239042396140067
0.0022392049560025886
0.00223935821512707
0.002239502419188768
0.0022396378078347453
0.0022397646148419803
0.002239883068267066
0.0022399933905955043
0.00224009579888414
0.0022401905048990848
0.00224027771525206
0.0022403576315321075
0.0022404304504339933
0.0022404963638806476
0.0022405555591450714
0.0022406082189654238
0.0022406545216616287
0.0022406946412478665
0.002240728747536253
0.002240757006242172
0.0022407795790899947
0.002240796623910627
0.00224080829473504
0.0022408147418935837
0.0022408161121027746
0.0022408125485568727
0.002240804191015754
0.002240791175884228
0.0022407736362996256
0.0022407517022069827
0.0022407255004420704
0.0022406951547998353
0.002240660786116277
0.002240622512333294
0.00224058044857341
0.0022405347072046076
0.0022404853979079804
0.002240432627742157
0.002240376501207441
0.0022403171203053984
0.0022402545845973056
0.002240188991266511
0.002240120435169542
0.0022400490088972567
0.002239974802825416
0.0022398979051652394
0.0022398184020193967
0.0022397363774276213
0.0022396519134164623
0.002239565090048674
0.0022394759854667268
0.002239384675938828
0.0022392912359027435
0.0022391957380095587
0.002239098253163402
0.0022389988505631176
0.002238897597742736
0.0022387945606098004
0.002238689803482104
0.002238583389125593
-514.6794302005652
-514.6794302005652
-514.6794302005652
-514.6794302005652
-514.6794302005652
-514.6794302005652
-514.6794302005652
-514.6794302005652
-514.6794302005652
-514.6794302005652
-514.6794302005652
-514.6794302005652
-514.6794302005652
-514.6794302005652
-514.6794302005652
-514.6794302005652
-514.6794302005652
-514.6794302005652
-514.6794302005652
-514.6794302005652
-514.6794302005652
-514.6794302005652
-514.6794302005652
-514.6794302005652
-514.6794302005652
-514.6794302005652
-514.6794302005652
-514.6794302005652
-514.6794302005652
-514.6794302005652
-514.6794302005652
-514.6794302005652
-514.6794302005652
-514.6794302005652
-514.6794302005652
-514.6794302005652
-514.6794302005652
-514.6794302005652
-514.6794302005652
-514.6794302005652
-514.6794302005652
-514.6794302005652
-514.6794302005652
-514.6794302005652
-514.6794302005652
-514.6794302005652
-514.6794302005652
-514.6794302005652
-514.6794302005652
-514.6794302005652
-514.6794302005652
-514.6794302005652
-514.6794302005652
-514.6794302005652
-514.6794302005652
-514.6794302005652
-514.6794302005652
-514.6794302005652
-514.6794302005652
-514.6794302005652
-514.6794302005652
-514.6794302005652
-514.6794302005652
-514.6794302005652
-514.6794302005652
-514.6794302005652
-514.6794302005652
-514.6794302005652
-514.6794302005652
-514.6794302005652
-514.6794302005652
-514.6794302005652
-514.6794302005652
-514.6794302005652
-514.6794302005652
-514.6794302005652
-514.6794302005652
-514.6794302005652
-514.6794302005652
-514.6794302005652
-514.6794302005652
-514.6794302005652
-514.6794302005652
-514.6794302005652
-514.6794302005652
-514.6794302005652
-514.6794302005652
-514.6794302005652
-514.6794302005652
-514.6794302005652
-514.6794302005652
-514.6794302005652
-514.6794302005652
-514.6794302005652
-514.6794302005652
-514.6794302005652
-514.6794302005652
-514.6794302005652
-514.6794302005652
-514.6794302005652
-514.6794302005652
-514.6794302005652
-514.6794302005652
-514.6794302005652
-514.6794302005652
-514.6794302005652
-514.6794302005652
-514.6794302005652
-514.6794302005652
-514.6794302005652
-514.6794302005652
-514.6794302005652
-514.6794302005652
-514.6794302005652
-514.6794302005652
-514.6794302005652
-514.6794302005652
-514.6794302005652
-514.6794302005652
-514.6794302005652
-514.6794302005652
-514.6794302005652
-514.6794302005652
-514.6794302005652
-514.6794302005652
-514.6794302005652
-514.6794302005652
-514.6794302005652
-514.6794302005652
-514.6794302005652
-514.6794302005652
-514.6794302005652
-514.6794302005652
-514.6794302005652
-514.6794302005652
-514.6794302005652
-514.6794302005652
-514.6794302005652
-514.6794302005652
-514.6794302005652
-514.6794302005652
-514.6794302005652
-514.6794302005652
-514.6794302005652
-514.6794302005652
-514.6794302005652
-514.6794302005652
-514.6794302005652
-514.6794302005652
-514.6794302005652
-514.6794302005652
-514.6794302005652
-514.6794302005652
-514.6794302005652
-514.6794302005652
-514.6794302005652
-514.6794302005652
-514.6794302005652
-514.6794302005652
-514.6794302005652
-514.6794302005652
-514.6794302005652
-514.6794302005652
-514.6794302005652
-514.6794302005652
-514.6794302005652
-514.6794302005652
-514.6794302005652
-514.6794302005652
-514.6794302005652
-514.6794302005652
-514.6794302005652
-514.6794302005652
-514.6794302005652
-514.6794302005652
-514.6794302005652
-514.6794302005652
-514.6794302005652
-514.6794302005652
-514.6794302005652
-514.6794302005652
-514.6794302005652
-514.6794302005652
-514.6794302005652
-514.6794302005652
-514.6794302005652
-514.6794302005652
-514.6794302005652
-514.6794302005652
-514.6794302005652
-514.6794302005652
-514.6794302005652
-514.6794302005652
-514.6794302005652
-514.6794302005652
-514.6794302005652
-514.6794302005652
-514.6794302005652
-514.6794302005652
-303.77713585754435
-303.77713585754435
-303.77713585754435
-303.77713585754435
-303.77713585754435
-303.77713585754435
-303.77713585754435
-303.77713585754435
-303.77713585754435
-303.77713585754435
-303.77713585754435
-303.77713585754435
-303.77713585754435
-303.77713585754435
-303.77713585754435
-303.77713585754435
-303.77713585754435
-303.77713585754435
-303.77713585754435
-303.77713585754435
-303.77713585754435
-303.77713585754435
-303.77713585754435
-303.77713585754435
-303.77713585754435
-303.77713585754435
-303.77713585754435
-303.77713585754435
-303.77713585754435
-303.77713585754435
-303.77713585754435
-303.77713585754435
-303.77713585754435
-303.77713585754435
-303.77713585754435
-303.77713585754435
-303.77713585754435
-303.77713585754435
-303.77713585754435
-303.77713585754435
-303.77713585754435
-303.77713585754435
-303.77713585754435
-303.77713585754435
-303.77713585754435
-303.77713585754435
-303.77713585754435
-303.77713585754435
-303.77713585754435
-303.77713585754435
-303.77713585754435
-303.77713585754435
-303.77713585754435
-303.77713585754435
-303.77713585754435
-303.77713585754435
-303.77713585754435
-303.77713585754435
-303.77713585754435
-303.77713585754435
-303.77713585754435
-303.77713585754435
-303.77713585754435
-303.77713585754435
-303.77713585754435
-303.77713585754435
-303.77713585754435
-303.77713585754435
-303.77713585754435
-303.77713585754435
-303.77713585754435
-303.77713585754435
-303.77713585754435
-303.77713585754435
-303.77713585754435
-303.77713585754435
-303.77713585754435
-303.77713585754435
-303.77713585754435
-303.77713585754435
-303.77713585754435
-303.77713585754435
-303.77713585754435
-303.77713585754435
-303.77713585754435
-303.77713585754435
-303.77713585754435
-303.77713585754435
-303.77713585754435
-303.77713585754435
-303.77713585754435
-303.77713585754435
-303.77713585754435
-303.77713585754435
-303.77713585754435
-303.77713585754435
-303.77713585754435
-303.77713585754435
-303.77713585754435
-303.77713585754435
-303.77713585754435
-303.77713585754435
-303.77713585754435
-303.77713585754435
-303.77713585754435
-303.77713585754435
-303.77713585754435
-303.77713585754435
-303.77713585754435
-303.77713585754435
-303.77713585754435
-303.77713585754435
-303.77713585754435
-303.77713585754435
-303.77713585754435
-303.77713585754435
-303.77713585754435
-303.77713585754435
-303.77713585754435
-303.77713585754435
-303.77713585754435
-303.77713585754435
-303.77713585754435
-303.77713585754435
-303.77713585754435
-303.77713585754435
-303.77713585754435
-303.77713585754435
-303.77713585754435
-303.77713585754435
-303.77713585754435
-303.77713585754435
-303.77713585754435
-303.77713585754435
-303.77713585754435
-303.77713585754435
-303.77713585754435
-303.77713585754435
-303.77713585754435
-303.77713585754435
-303.77713585754435
-303.77713585754435
-303.77713585754435
-303.77713585754435
-303.77713585754435
-303.77713585754435
-303.77713585754435
-303.77713585754435
-303.77713585754435
-303.77713585754435
-303.77713585754435
-303.77713585754435
-303.77713585754435
-303.77713585754435
-303.77713585754435
-303.77713585754435
-303.77713585754435
-303.77713585754435
-303.77713585754435
-303.77713585754435
-303.77713585754435
-303.77713585754435
-303.77713585754435
-303.77713585754435
-303.77713585754435
-303.77713585754435
-303.77713585754435
-303.77713585754435
-303.77713585754435
-303.77713585754435
-303.77713585754435
-303.77713585754435
-303.77713585754435
-303.77713585754435
-303.77713585754435
-303.77713585754435
-303.77713585754435
-303.77713585754435
-303.77713585754435
-303.77713585754435
-303.77713585754435
-303.77713585754435
-303.77713585754435
-303.77713585754435
-303.77713585754435
-303.77713585754435
-303.77713585754435
-303.77713585754435
-303.77713585754435
-303.77713585754435
-303.77713585754435
-303.77713585754435
-303.77713585754435
-303.77713585754435
-303.77713585754435
-303.77713585754435
-303.77713585754435
-303.77713585754435
-303.77713585754435
-28064024.06203237
-2.2454511328021158e+18
-2.2454511328021158e+18
-2.2454511328021158e+18
-2.2454511328021158e+18
-2.2454511328021158e+18
-2.2454511328021158e+18
-2.2454511328021158e+18
-2.2454511328021158e+18
-2.2454511328021158e+18
-2.2454511328021158e+18
-2.2454511328021158e+18
-2.2454511328021158e+18
-2.2454511328021158e+18
-2.2454511328021158e+18
-2.2454511328021158e+18
-2.2454511328021158e+18
-2.2454511328021158e+18
-2.2454511328021158e+18
-2.2454511328021158e+18
-2.2454511328021158e+18
-2.2454511328021158e+18
-2.2454511328021158e+18
-2.2454511328021158e+18
-2.2454511328021158e+18
-2.2454511328021158e+18
-2.2454511328021158e+18
-2.2454511328021158e+18
-2.2454511328021158e+18
-2.2454511328021158e+18
-2.2454511328021158e+18
-2.2454511328021158e+18
-2.2454511328021158e+18
-2.2454511328021158e+18
-2.2454511328021158e+18
-2.2454511328021158e+18
-2.2454511328021158e+18
-2.2454511328021158e+18
-2.2454511328021158e+18
-2.2454511328021158e+18
-2.2454511328021158e+18
-2.2454511328021158e+18
-2.2454511328021158e+18
-2.2454511328021158e+18
-2.2454511328021158e+18
-2.2454511328021158e+18
-2.2454511328021158e+18
-2.2454511328021158e+18
-2.2454511328021158e+18
-2.2454511328021158e+18
-2.2454511328021158e+18
-2.2454511328021158e+18
-2.2454511328021158e+18
-2.2454511328021158e+18
-2.2454511328021158e+18
-2.2454511328021158e+18
-2.2454511328021158e+18
-2.2454511328021158e+18
-2.2454511328021158e+18
-2.2454511328021158e+18
-2.2454511328021158e+18
-2.2454511328021158e+18
-2.2454511328021158e+18
-2.2454511328021158e+18
-2.2454511328021158e+18
-2.2454511328021158e+18
-2.2454511328021158e+18
-2.2454511328021158e+18
-2.2454511328021158e+18
-2.2454511328021158e+18
-2.2454511328021158e+18
-2.2454511328021158e+18
-2.2454511328021158e+18
-2.2454511328021158e+18
-2.2454511328021158e+18
-2.2454511328021158e+18
-2.2454511328021158e+18
-2.2454511328021158e+18
-2.2454511328021158e+18
-2.2454511328021158e+18
-2.2454511328021158e+18
-2.2454511328021158e+18
-2.2454511328021158e+18
-2.2454511328021158e+18
-2.2454511328021158e+18
-2.2454511328021158e+18
-2.2454511328021158e+18
-2.2454511328021158e+18
-2.2454511328021158e+18
-2.2454511328021158e+18
-2.2454511328021158e+18
-2.2454511328021158e+18
-2.2454511328021158e+18
-2.2454511328021158e+18
-2.2454511328021158e+18
-2.2454511328021158e+18
-2.2454511328021158e+18
-2.2454511328021158e+18
-2.2454511328021158e+18
-2.2454511328021158e+18
-2.2454511328021158e+18
-2.2454511328021158e+18
-2.2454511328021158e+18
-2.2454511328021158e+18
-2.2454511328021158e+18
-2.2454511328021158e+18
-2.2454511328021158e+18
-2.2454511328021158e+18
-2.2454511328021158e+18
-2.2454511328021158e+18
-2.2454511328021158e+18
-2.2454511328021158e+18
-2.2454511328021158e+18
-2.2454511328021158e+18
-2.2454511328021158e+18
-2.2454511328021158e+18
-2.2454511328021158e+18
-2.2454511328021158e+18
-2.2454511328021158e+18
-2.2454511328021158e+18
-2.2454511328021158e+18
-2.2454511328021158e+18
-2.2454511328021158e+18
-2.2454511328021158e+18
-2.2454511328021158e+18
-2.2454511328021158e+18
-2.2454511328021158e+18
-2.2454511328021158e+18
-2.2454511328021158e+18
-2.2454511328021158e+18
-2.2454511328021158e+18
-2.2454511328021158e+18
-2.2454511328021158e+18
-2.2454511328021158e+18
-2.2454511328021158e+18
-2.2454511328021158e+18
-2.2454511328021158e+18
-2.2454511328021158e+18
-2.2454511328021158e+18
-2.2454511328021158e+18
-2.2454511328021158e+18
-2.2454511328021158e+18
-2.2454511328021158e+18
-2.2454511328021158e+18
-2.2454511328021158e+18
-2.2454511328021158e+18
-2.2454511328021158e+18
-2.2454511328021158e+18
-2.2454511328021158e+18
-2.2454511328021158e+18
-2.2454511328021158e+18
-2.2454511328021158e+18
-2.2454511328021158e+18
-2.2454511328021158e+18
-2.2454511328021158e+18
-2.2454511328021158e+18
-2.2454511328021158e+18
-2.2454511328021158e+18
-2.2454511328021158e+18
-2.2454511328021158e+18
-2.2454511328021158e+18
-2.2454511328021158e+18
-2.2454511328021158e+18
-2.2454511328021158e+18
-2.2454511328021158e+18
-2.2454511328021158e+18
-2.2454511328021158e+18
-2.2454511328021158e+18
-2.2454511328021158e+18
-2.2454511328021158e+18
-2.2454511328021158e+18
-2.2454511328021158e+18
-2.2454511328021158e+18
-2.2454511328021158e+18
-2.2454511328021158e+18
-2.2454511328021158e+18
-2.2454511328021158e+18
-2.2454511328021158e+18
-2.2454511328021158e+18
-2.2454511328021158e+18
-2.2454511328021158e+18
-2.2454511328021158e+18
-2.2454511328021158e+18
-2.2454511328021158e+18
-2.2454511328021158e+18
-2.2454511328021158e+18
-2.2454511328021158e+18
-2.2454511328021158e+18
-2.2454511328021158e+18
-2.2454511328021158e+18
-2.2454511328021158e+18
-2.2454511328021158e+18
-2.2454511328021158e+18
-2.2454511328021158e+18
-2.2454511328021158e+18
-2.2454511328021158e+18
-2.2454511328021158e+18
-2.2454511328021158e+18
