239.07296
297.66519034962374
298.2924295316377
299.11509767112466
299.869658956654
300.45530583414666
300.8203160089074
300.94344180246134
300.8269560059631
300.48993457173464
299.9632455491044
299.28690504675143
298.5077822577674
297.6757803560212
296.838661648525
296.03712792019644
295.30168329803297
294.65181105155006
294.0970418832576
293.63906624169823
293.27410300740064
292.9950198520925
292.7929866441026
292.65863799676055
292.5828177783029
292.55700817748595
292.57354014088605
292.62566246350116
292.7075259203069
292.81412067281633
292.94119168122097
293.08514736758303
293.2429701119604
293.4121333535619
293.5905273361565
293.77639402937257
293.96827103960874
294.1649437100857
294.3654045588616
294.56881915079657
294.7744974103828
294.98186968092347
295.1904666399863
295.399902635646
295.60986172038446
295.8200860461316
296.03036616481126
296.2405329526106
296.45045087606115
296.6600123568166
296.86913308000715
297.07774805806093
297.2858083485182
297.4932782974602
297.7001332655325
297.9063576686704
298.11194337073556
298.3168883493157
298.52119552500767
298.7248718641559
298.9279275049925
299.13037518249894
299.33222958265
299.5335069453722
299.7342246305021
299.93440080865116
300.1340542009344
300.3332038315708
300.53186887952046
300.7300684750924
300.92782164145785
301.1251471347445
301.3220633920002
301.5185884781538
301.7147400093235
301.91053511250533
302.105990436232
302.30112208498065
302.49594563046975
302.69047610037023
302.88472796277586
303.0787151405724
303.2724510076475
303.46594839251435
303.65921960288307
303.8522764047509
304.0451300610598
304.2377913356188
304.43027048015205
304.6225772849794
304.81472108468813
305.00671073672834
305.1985546756746
305.3902608877403
305.5818369741245
305.77329010115744
305.9646270391809
306.15585421053476
306.34697763868525
306.5380029721825
306.7289355325465
306.9197802844257
307.1105418437024
307.3012245139631
307.4918322524593
307.68236871561356
307.8728372455935
308.06324085712333
308.2535822850727
308.44386393454073
308.63408793364204
308.82425610518385
309.0143699725435
309.20443074992795
309.3944393782278
309.58439647589705
309.7743023771141
309.96415710348856
310.1539603696927
310.3437115784958
310.533409814473
310.7230538265668
310.9126420531776
311.10217255957434
311.29164310318146
311.48105104794814
311.67039339731633
311.85966675108483
312.04886734447723
312.23799095658234
312.4270329594972
312.6159882619579
312.8048512973917
312.9936160229722
313.1822758440818
313.37082365179043
313.5592517260965
313.7475517827552
313.93571486049524
314.1237313299777
314.311590858481
314.4992823390239
314.6867938614847
314.87411264907445
315.0612250207918
315.2481163109411
315.4347708184427
315.62117172919255
315.80730104813244
315.99313948290103
318.6620639228527
318.42073662977805
318.2472199906062
318.1415135981444
318.0954856577041
318.09897531182804
318.14230005194497
318.21713071938825
318.31245894930515
318.4266101130246
318.5568548611222
318.69948920434643
318.85170157608815
319.0113419194127
319.1767546549762
319.34665591940825
319.5200425524125
319.6961241509168
319.8742719720533
320.0539802629952
320.2348368784831
320.41650075228193
320.59868450025397
320.7811408715058
320.96365206624233
321.1460212044139
321.3280654002744
321.50961000321104
321.6904836380687
321.8705139074675
322.0495234243758
322.22732604879224
322.403723207488
322.57850008686154
322.7514216826713
322.9222284649817
323.09063159633166
323.2563075450075
323.4188919452124
323.57797245126045
323.73308046457333
323.88368136268116
324.02916296504253
324.1688218716782
324.30184704988847
324.4273002611453
324.5440923074562
324.6509544437725
324.74640352855107
