8.943436355877175
8.819495991760604
8.735085204563292
8.677831625655344
8.639772774176803
8.615481678524079
8.601146556819442
8.594039021758881
8.592181275396388
8.594127308781882
8.598813957226294
8.605456829708963
8.61347614062277
8.622443063604846
8.632040507507506
8.64203421866104
8.65225138313188
8.662564733963046
8.672880729244064
8.683130755378572
8.693264585151525
8.703245518766677
8.713046781336425
8.722648857774697
8.732037526120106
8.741202410273003
8.750135918149605
8.758832465100584
8.767287907885628
8.77549913360606
8.783463762328966
8.791179932860846
8.79864614913426
8.805861170630532
8.812823934684562
8.819533501790602
8.82598901744117
8.832189685805208
8.838134751850946
8.843823489467354
8.849255193827751
8.854429176739147
8.859344764081623
8.864001294701946
8.868398120311369
8.87253460607056
8.876410131639103
8.880024092533661
8.883375901686497
8.886464991128696
8.889290813746129
8.891852845071966
8.894150585090953
8.896183560038377
8.89795132418181
8.899453461577492
8.900689587795606
8.901659351610249
8.902362436651194
8.90279856301502
8.902967488833866
8.902869011800188
8.90250297064618
8.901869246576585
8.900967764653656
8.899798495133075
8.898361454749685
8.896656707951747
8.89468436808257
8.892444598508286
8.889937613690526
8.88716368020277
8.88412311768907
8.880816299763993
8.877243654852489
8.87340566696847
8.869302876430966
8.864935880516615
8.860305334047373
8.855411949912462
8.85025649952337
8.844839813201043
8.83916278049433
8.833226350428852
8.827031531685542
8.820579392708208
8.813871061739563
8.806907726785244
8.799690635505472
8.792221095034149
8.784500471725238
8.776530190826472
8.768311736080497
8.759846649253811
8.751136529593825
8.742183033214694
8.732987872412574
8.723552814911205
8.713879683038826
8.703970352837551
8.693826753106604
8.683450864380777
8.672844717845818
8.662010394192428
8.650950022410878
8.639665778528196
8.62815988429016
8.61643460579042
8.604492252049184
8.592335173544013
8.579965760695424
8.567386442310102
8.554599683984518
8.54160798647206
8.528413884016556
8.515019942655444
8.501428758495715
8.487642955965784
8.473665186046711
8.459498124485858
8.445144469996485
8.430606942446488
8.415888281039587
8.400991242492319
8.385918599210042
8.370673137465246
8.355257655581301
8.339674962124798
8.323927874109533
8.308019215215158
8.291951814023404
8.275728502274607
8.259352113147393
8.242825479564052
8.226151432524098
8.209332799468426
8.192372402676371
8.175273057697709
8.158037571821685
8.140668742584932
8.123169356319982
8.105542186746025
8.08778999360333
8.06991552133271
8.051921497801128
8.033810633074623
8.015585618239315
7.997249124271398
7.978803800956662
7.96025227586015
7.9415971533462075
7.922841013649329
7.90398641199581
7.885035877776296
7.865991913769114
7.846858237599004
7.827634264599586
7.8083244916294205
7.788931159742665
7.769456551069901
7.749902960745095
7.7302726725115765
7.71056794757562
7.690791019507968
7.67094409184922
7.651029336933689
7.631048895273874
7.61100487521441
7.590899352726536
7.570734371285588
7.550511941805682
7.530234042619384
7.509902619496485
7.4895195856983925
7.4690868220659645
7.448606177139083
7.42807946730645
7.407508476984172
7.386894958821795
7.3662406339344315
7.3455471921596365
7.324816292337745
7.304049562614343
7.28324860076358
7.262414974531051
7.241550221995025
7.220655851944785
7.199733344274828
7.178784150393828
7.157809693647137
7.1368113697517765
7.115790547242755
7.094748567929725
7.07368674736289
7.052606375307234
7.031508716224066
7.010395009758983
6.989266471235335
6.968124292152433
