0.008711242626557161
0.007145130948439766
0.0061399378937786395
0.005403756536802608
0.004836131837361773
0.004389165833391051
0.004031710080376904
0.0037407699957750836
0.003498952059945187
0.003293159154393661
0.003113629582415877
0.002953173227127575
0.0028065700015916834
0.0026701026804705087
0.0025411956614621897
0.0024181344472956425
0.002299845955907087
0.0021857251067636794
0.002075497488480214
0.0019691110290952175
0.001866651597856909
0.0017682786504857615
0.001674177686946983
0.0015845266881180959
0.0014994737971528221
0.001419124235452711
0.0013435338752762792
0.001272708004254187
0.001206603595435529
0.001145133935282867
0.001088174449688764
0.001035569775534425
0.0009871381472181646
0.0009426810277359867
0.0009019865264293978
0.0008648350978887628
0.0008310039352754709
0.0008002706578803589
0.0007724163256607049
0.0007472278345227872
0.0007244997575153274
0.0007040357016078972
0.0006856492495076816
0.0006691645526208089
0.0006544166360584634
0.000641251470402035
0.0006295258583708739
0.0006191071780838945
0.0006098730183813945
0.0006017107360402521
0.0005945169595785334
0.0005881970598245528
0.0005826641458990125
0.0005778404450853062
0.0005736536628483022
0.000570038718444301
0.0005669365570667031
0.0005642936897310659
0.0005620617314666
0.0005601969660134942
0.0005586599381928651
0.0005574150742299825
0.0005564303296975146
0.0005556768643322618
0.0005551287426751212
0.0005547626593014214
0.0005545576872712228
0.0005544950483749951
0.0005545579037245169
0.0005547311632199097
0.0005550013125055002
0.0005553562560146756
0.000555785174813592
0.0005562783979970193
0.0005568272864705596
0.0005574241280260647
0.0005580620426959367
0.0005587348974476082
0.0005594372293480941
0.0005601641764039848
0.0005609114153438186
0.0005616751056740424
0.0005624518394010659
0.0005632385958643904
0.0005640327011726241
0.0005648317917881407
0.0005656337818472269
0.0005664368338389212
0.0005672393322994892
0.0005680398602263618
0.0005688371779267715
0.0005696302040579945
0.0005704179986306565
0.0005711997477784685
0.0005719747501109165
0.0005727424044866681
0.0005735021990565728
0.0005742537014561828
0.0005749965500175507
0.000575730445901141
0.0005764551460519742
0.0005771704568924792
0.0005778762286797245
0.00057857235045298
0.000579258745515934
0.0005799353673934071
0.0005806021962165112
0.0005812592354896074
0.0005819065092029919
0.0005825440592503318
0.0005831719431224468
0.0005837902318504151
0.0005843990081680466
0.0005849983648725359
0.0005855884033649613
0.0005861692323490689
0.0005867409666716763
0.0005873037262947053
0.0005878576353773227
0.0005884028214641365
0.0005889394147646789
0.0005894675475156465
0.0005899873534147405
0.0005904989742351801
0.0005910025308871314
0.0005914981666498448
0.0005919860163274437
0.0005924662143379365
0.000592938894417802
0.0005934041893724848
0.0005938622308646785
0.0005943131492366192
0.0005947570733594105
0.000595194130506044
0.0005956244462471576
0.0005960481443611023
0.0005964653467645866
0.0005968761734529601
0.0005972807424553262
0.0005976791698002372
0.0005980715694895697
0.0005984580534822491
0.0005988387316844957
0.0005992137119471509
0.0005995831000681919
0.0005999469997998183
0.0006003055128609679
0.0006006587389524486
0.0006010067757760273
0.0006013497190564968
0.0006016876625654344
0.0006020206981471995
0.0006023489157464795
0.0006026724034379918
0.0006029912474564964
0.0006033055322287874
0.0006036153404050231
0.0006039207528908193
0.0006042218488814491
0.0006045187058950765
0.0006048113998050964
0.0006051000048740182
0.0006053845937877686
0.0006056652376874004
0.0006059420062034121
0.0006062149674877876
0.0006064841882459659
0.0006067497337703099
0.0006070116679701434
0.0006072700534042111
0.000607524951309829
0.0006077764216351316
0.0006080245230663742
0.0006082693130589756
0.0006085108478647044
0.0006087491825605682
0.0006089843710758627
0.0006092164662190573
0.0006094455197036917
0.0006096715821745514
0.0006098947032331924
0.0006101149314612982
0.0006103323144462813
0.0006105468988030413
0.0006107587301977474
0.0006109678533707711
0.0006111743121571158
0.0006113781495088913
0.0006115794075157754
0.0006117781274246841
0.00061197434966027
0.0006121681138439289
0.0006123594588126058
0.0006125484226368305
0.000612735042639146
0.0006129193554112645
0.000613101396830808
0.0006132812020779384
0.0006134588056517776
