865326.998856
3609856.1541721597
3486372.598792717
3388646.242552826
3313254.129350764
3258011.4450379508
3220821.2636669753
3199508.8662345456
3191950.1395960054
3196212.4649664704
3210630.6158065745
3233816.728564792
3264624.9162098947
3302092.5823999452
3345375.969718317
3393692.0078379866
3446273.6422251677
3502341.815872691
3561094.143342118
3621708.0476894146
3683354.7261660933
3745219.7263948196
3806526.0307712704
3866556.34448911
3924671.01220694
3980322.5791692575
4033062.9854163476
4082546.02739719
4128524.7102118107
4170845.3306826
4209437.486359833
4244306.647883926
4275510.072011774
4303163.819336693
4327418.8260329
4348453.957317692
4366467.000226654
4381666.955970886
4394267.637062869
4404482.504953991
4412520.6395491315
4418583.7076290175
4422863.788113147
4425541.9137646025
4426787.197605729
4426756.425162943
4425594.008445746
4423432.212836843
4420391.5828015115
4416581.505699153
4412100.865132116
4407038.745568603
4401532.851085464
4395485.781350414
4389125.946592937
4382457.503434842
4375531.220366923
4368392.139919267
4361080.166447621
4353630.58535643
4346074.53926186
4338439.462501293
4330749.475945028
4323025.744423402
4315286.799324614
4307548.828941294
4299825.93919969
4292130.387300009
4284472.790738116
4276862.314043562
4269306.835305011
4261813.094639522
4254386.826291384
4247032.876156846
4239755.30623927
4232557.487427746
4225442.181853017
4218411.615961114
4211467.545322957
4204611.312088936
4197843.895909552
4191165.959045615
4184577.8863137057
4178079.8204639433
4171671.6934956904
4165353.2543577724
4159124.09345139
4152983.6643113606
4146931.302774034
4140966.243887563
4135087.6368819554
4129294.558367159
4123586.0239873007
4117960.998685596
4112418.405759479
4106957.1348345955
4101576.048884232
4096273.9903658493
4091049.7866547946
4085902.254773063
4080830.2055365425
4075832.4471818344
4070907.7885155855
4066055.041672235
4061273.024481695
4056560.5625368743
4051916.4909584075
4047339.655913289
4042828.9159017145
4038383.1428630357
4034001.2230863757
4029682.0579682128
4025424.5646500955
4021227.6765227024
4017090.343616223
4013011.53291519
4008990.2285820157
4005025.4320956552
4001116.162358979
3997261.455712708
3993460.365926319
3989711.964139782
3986015.338776329
3982373.835762633
3978778.0589109347
3975231.419018496
3971733.0787365483
3968282.21056956
3964878.003195777
3961519.6612287234
3958206.404971213
3954937.470149594
3951712.1076558116
3948529.5832799054
3945389.177432536
3942290.184890445
3939231.9144990267
3936213.688922749
3933234.8443559892
3930294.7302543717
3927392.7090712907
3924528.1559808995
3921700.4586178698
3918909.0168126505
3916153.242335166
3913432.5586397643
3910746.40060774
3908094.2143061724
3905475.4567393004
3902889.5956095504
3900336.109086658
3897814.485575472
3895324.223489346
3892864.831024605
3890435.8259490025
3888036.73538399
3885667.0956046158
3883326.4518324086
3881014.3580258274
3878730.3766971338
3876474.0787261226
3874245.043162154
3872042.8570421278
3869867.115228806
3867717.4202165133
3865593.3819776936
3863494.6177922254
3861420.7520751287
3859371.416240204
3857346.248524598
3855344.8938582283
3853367.003692448
3851412.2358887694
3849480.2545457114
3847570.729889557
3845683.3381223753
3843817.7613030192
3841973.687217076
3840150.809254855
3838348.8262847206
3836567.442537599
3834806.3675030773
3833065.3157955883
3831344.0070714126
3829642.1658987477
3827959.521659475
3826295.8084620624
3824650.765019866
3823024.1345692016
3821415.6647755
3819825.107629104
3818252.2193652317
3816696.760373434
3815158.495113568
3813637.192024522
3812132.6234515226
3810644.5655642566
3809172.798275925
3807717.1051661954
