4.7534e-05
4.835976146214131e-05
4.9220773010415125e-05
5.013804613086929e-05
5.108057153789227e-05
5.2036124074774104e-05
5.300001505746123e-05
5.3970509685896705e-05
5.494700538189681e-05
5.592931012821227e-05
5.6917357623085866e-05
5.791109573390209e-05
5.891044373193076e-05
5.991527647494842e-05
6.092541953100068e-05
6.194064844251296e-05
6.296068970442483e-05
6.39852224401081e-05
6.501388039315045e-05
6.604625409280776e-05
6.708189314340384e-05
6.812030862229247e-05
6.916097558242689e-05
7.020333565801896e-05
7.124679977066361e-05
7.229075093087744e-05
7.333454712710569e-05
7.437752429127981e-05
7.541899932716137e-05
7.645827318505546e-05
7.749463396416559e-05
7.852736002188244e-05
7.95557230677745e-05
8.057899121897761e-05
8.159643199311486e-05
8.260731521484166e-05
8.361091581257784e-05
8.46065164829987e-05
8.55934102023151e-05
8.65709025653115e-05
8.753831393542039e-05
8.849498139175013e-05
8.944026046190008e-05
9.037352663244074e-05
9.129420650765663e-05
9.22016424761538e-05
9.309533369100223e-05
9.397473960567155e-05
9.48393478825761e-05
9.56886718893438e-05
9.65222498567297e-05
9.733964432585864e-05
9.814044165811338e-05
9.892425148276257e-05
9.96907060472995e-05
0.00010043946566601588
0.00010117019597444583
0.00010188259433955425
0.0001025763759796487
0.00010325127378653335
0.00010390703761464597
0.00010454343336937022
0.00010516024203221998
0.00010575725868193888
0.00010633429154055315
0.00010689116106158595
0.00010742769907262009
0.00010794374798193932
0.00010843916005758578
0.00010891379678635985
0.00010936752831980671
0.00010980023301415242
0.00011021179707146094
0.00011060211429007656
0.00011097108593379051
0.00011131862073130808
0.00011164463502062799
0.00011194905305719536
0.00011223180751052584
0.00011249284018187337
0.0001127321029862712
0.00011294955925683913
0.00011314518544925288
0.00011331897335187154
0.00011347093294557378
0.00011360109611187714
0.00011370952146607894
0.00011379630070595827
0.00011386156703496052
0.00011390550647245142
0.00011392837325292871
0.00011393051112575927
0.00011391238334202225
0.00011387461570846052
0.00011381806012044421
0.0001137438884041215
0.00011365373911907919
0.000113549947103392
0.00011343591207813229
0.00011331669171474891
0.00011319991672917061
0.00011309696064728239
0.0001130233494823473
0.00011299470790340153
0.00011301423088358325
0.00011306334012208985
0.0001131140811522188
0.00011314622419790395
0.00011315005764877261
0.00011312219767653522
0.00011306211784956706
0.00011297041749428861
0.00011284809012508146
0.00011269623434609268
0.00011251594406154417
0.00011230826908478746
0.00011207420306532528
0.00011181468195001817
0.00011153058645590857
0.00011122274600698759
0.00011089194312708964
0.00011053891788109087
0.0001101643721935316
0.00010976897396997272
0.00010935336098745554
0.00010891814453950628
0.00010846391283099437
0.00010799123412395829
0.00010750065963920194
0.0001069927262209912
0.00010646795877387152
0.00010592687248175078
0.00010536997482008121
0.00010479776737227483
0.00010421074746156071
0.0001036094096093149
0.00010299424683058112
0.00010236575177705104
0.00010172441773725198
0.00010107073950309551
0.00010040521411134772
9.972834146792573e-05
9.904062486233261e-05
9.834257137890597e-05
9.763469221099399e-05
9.6917502883615e-05
9.619152338965138e-05
9.545727824415656e-05
9.47152964609459e-05
9.396611145526852e-05
9.32102608760384e-05
9.244828637084043e-05
9.16807332867072e-05
9.090815030949978e-05
9.013108904460767e-05
8.9350103541614e-05
8.856574976554712e-05
8.77785850173563e-05
8.698916730631416e-05
8.619805467712591e-05
8.540580449467644e-05
8.461297268947482e-05
8.382011296705507e-05
8.302777598478088e-05
8.223650849972414e-05
8.144685249149751e-05
8.065934426416595e-05
7.987451353157974e-05
7.909288249069138e-05
7.831496488763178e-05
7.754126508150957e-05
7.677227711106465e-05
7.600848376944464e-05
7.525035569247829e-05
7.44983504658904e-05
7.375291175691872e-05
7.471283534885751e-05
7.386036781793555e-05
7.274951296115239e-05
7.156986376616492e-05
7.037998096901644e-05
6.921005130474222e-05
6.807837774643685e-05
6.699700249186901e-05
6.597412831049693e-05
6.501529115034401e-05
6.412405911717911e-05
6.330243400103216e-05
6.255124575559553e-05
6.187023844882613e-05
6.125850887053985e-05
6.071457756033214e-05
6.023654292744013e-05
5.982220512938596e-05
5.946916387618094e-05
5.917485304692346e-05
5.8936749497762925e-05
5.8752219360726065e-05
5.861864477544568e-05
5.85334361372661e-05
5.69399446926565e-05
5.663868116050555e-05
5.638259573801725e-05
5.615037318738637e-05
5.5933328908809125e-05
5.5726762037292095e-05
5.552797124565006e-05
5.533529600577193e-05
5.514764103471074e-05
5.4964238028518036e-05
5.478452072293668e-05
5.460805676441176e-05
5.443450830072404e-05
5.4263606608534724e-05
5.4095136658036595e-05
5.392892467576124e-05
5.376482961476072e-05
5.360273646520319e-05
5.3442551015337654e-05
5.328419569884336e-05
5.312760628115991e-05
5.297272920623087e-05
5.281951946897116e-05
5.266793890881086e-05
5.2517954841522044e-05
5.236953896313421e-05
5.2222666472708574e-05
5.2077315371061707e-05
5.1933465900805774e-05
5.1791100099767396e-05
5.165020144525369e-05
5.151075457101499e-05
5.1372745042310346e-05
5.123615917733752e-05
5.1100983905618216e-05
5.0967206655799076e-05
5.083481526682918e-05
5.070379791769774e-05
5.057414307188284e-05
5.044583943344782e-05
5.031887591234802e-05
5.019324159700942e-05
5.006892573264578e-05
4.9945917704094625e-05
4.9824207022209294e-05
4.970378331304967e-05
4.9584636309267285e-05
4.946675584321522e-05
4.935013184141003e-05
4.923475432005226e-05
4.912061338138056e-05
4.9007699210672184e-05
4.889600207375816e-05
4.8785512300195715e-05
4.8676220362659224e-05
4.856811669399534e-05
4.8461191892887555e-05
4.835543660077405e-05
4.8250841531365094e-05
4.8147397469366446e-05
4.8045095269425946e-05
4.794392585524694e-05
4.7843880218797816e-05
4.7744949419586375e-05
4.764712458398057e-05
4.755039690456368e-05
4.745475763957015e-05
4.736019811209769e-05
4.7266710233513214e-05
4.717428467779272e-05
4.7082913100101776e-05
4.699258714168306e-05
4.690329847060973e-05
4.6815038801139945e-05
4.672779990200501e-05
4.664157359981082e-05
4.6556351780288634e-05
4.647212638860344e-05
4.638888942925467e-05
4.63066329658004e-05
4.6225349120510874e-05
4.614503007399566e-05
4.6065668064823256e-05
4.59872553891425e-05
4.590978440030924e-05
4.583324750851893e-05
4.575763718044659e-05
4.568294593889309e-05
4.5609166362439304e-05
4.553629108510467e-05
4.5464312796014415e-05
4.544964602049752e-05
4.545982639539107e-05
4.5480745165385476e-05
4.5506250831498036e-05
4.553371198568724e-05
4.556198248125849e-05
4.559060171478973e-05
4.561933779705403e-05
4.564810214379624e-05
4.567685694563801e-05
4.570558626610872e-05
4.5734283602265315e-05
4.576294651603887e-05
4.5791574317188136e-05
4.582016706340045e-05
4.584872512892961e-05
4.587724901864587e-05
4.590573928801458e-05
4.593419650879661e-05
4.596262125447161e-05
4.5991014094165024e-05
4.601937559023568e-05
4.604770629742962e-05
4.6076006762701636e-05
4.610427752531243e-05
4.613251911703642e-05
4.616073206240702e-05
4.618891687897025e-05
4.621707407753268e-05
4.6245204162399845e-05
4.62733076316036e-05
4.6301384977116256e-05
4.6329436685056194e-05
4.6357463235878405e-05
4.6385465104557784e-05
4.641344276076186e-05
4.6441396669013145e-05
4.6469327288844537e-05
4.649723507494498e-05
4.6525120477298696e-05
4.65529839413165e-05
4.658082590796092e-05
4.660864681386488e-05
4.663644709144364e-05
4.666422716900322e-05
4.6691987470841144e-05
4.671972841734338e-05
4.674745042507512e-05
4.677515390686788e-05
4.6802839271898686e-05
4.683050692576659e-05
4.685815727056587e-05
4.6885790704954585e-05
4.6913407624223325e-05
4.6941008420360434e-05
4.696859348211643e-05
4.699616319506443e-05
4.7023717941659174e-05
4.7051258101291195e-05
4.707878405033848e-05
4.710629616221788e-05
4.713379480743037e-05
4.7161280353606356e-05
4.7188753165550295e-05
4.721621360528069e-05
4.724366203207059e-05
4.72710988024864e-05
4.729852427042421e-05
4.732593878714602e-05
4.735334270131341e-05
4.7380736359021674e-05
4.740812010383038e-05
4.743549427679571e-05
4.7462859216499064e-05
4.749021525907698e-05
4.751756273824798e-05
4.754490198534007e-05
4.7572233329316986e-05
4.7599557096803574e-05
4.7626873612110185e-05
4.765418319725631e-05
4.768148617199463e-05
4.7708782853832674e-05
4.7736073558055614e-05
4.7763358597746966e-05
4.779063828380949e-05
4.7817912924986285e-05
4.7845182827879755e-05
4.787244829697099e-05
4.789970963463965e-05
4.792696714118105e-05
4.795422111482538e-05
4.798147185175464e-05
4.800871964612085e-05
4.80359647900619e-05
4.8063207573719285e-05
4.809044828525374e-05
4.8117687210861716e-05
4.814492463479107e-05
4.817216083935596e-05
4.8199396104953095e-05
4.8226630710076006e-05
4.82538649313301e-05
4.8281099043446744e-05
4.8308333319298065e-05
4.8335568029910994e-05
4.8362803444480456e-05
4.8390039830384124e-05
4.944753128492388e-05
5.0252447133723194e-05
5.105436623086436e-05
5.1868886080446686e-05
5.269810325410528e-05
5.354322944038455e-05
5.440538931099609e-05
5.528568167301704e-05
5.618519271603957e-05
5.710500484877052e-05
5.8046204184197314e-05
5.9009887116901446e-05
5.9997166212729976e-05
6.100917557379114e-05
6.20470758061798e-05
6.31120586916767e-05
6.420535164494114e-05
6.532822202265752e-05
6.648198133951775e-05
6.766798936275745e-05
6.88876586486812e-05
7.014245797037399e-05
7.143391730882308e-05
7.276363180204193e-05
7.413326622999484e-05
7.554455955250678e-05
7.699932958260268e-05
7.849947781140034e-05
8.004699439760102e-05
8.164396333253922e-05
8.329256778970166e-05
8.499509566539247e-05
8.675394531477199e-05
8.857163148470062e-05
9.045079144162067e-05
9.239419128896338e-05
9.440473246422763e-05
9.648545840072758e-05
9.863956133300849e-05
0.00010087038921783243
0.00010318145273433848
0.0001055764323172241
0.00010805918516539862
0.00011063375215525317
0.00011330436457218929
0.00011607545055608451
0.00011895164113556
0.00012193777570193126
0.00012503890674618972
0.00012826030365082323
0.0001316074552924171
0.00013508607117029944
0.0001387020807306747
0.0001424616305044162
0.0001463710786196949
0.00015043698618785723
0.00015466610499256575
0.0001590653608385304
0.00016364183183808007
0.00016840272083259671
0.00017335532106346424
0.00017850697412652002
0.00018386501916883442
0.00018943673222212472
0.00019522925451981096
0.00020124950862286512
0.00020750410119339826
0.00021399921131642723
0.0002207404633936353
0.00022773278383407972
0.00023498024106300954
0.0002424858687790642
0.0002502514729293972
0.0002582774235564609
0.00026656243350937805
0.0002751033270093606
0.00028389480220365857
0.00029292919311219305
0.0003021962377227288
0.0003116828603593973
0.0003213729777469663
0.0003312473393069701
0.0003412834130186985
0.00035145532851218954
0.00036173388878434846
0.00037208666091091946
0.00038247815426863374
0.0003928700920420117
0.0004032217782027743
0.0004134905578420523
0.0004236323639289916
0.0004336023385758009
0.00044335551208951027
0.00045284751889878053
0.00046203532795053046
0.00047087795295660585
0.0004793371344293143
0.00048737794943753726
0.0004949693381195316
0.0005020845267361503
0.0005087013354106455
0.0005148023644170756
0.0005203750588383236
0.0005254116569949
0.0005299090328569952
0.0005338684464192007
0.0005372952185884226
0.0005401983484818275
0.0005425900912317039
0.0005444855136079344
0.0005459020432082587
0.0005468590248650662
0.0005473772955045527
0.0005474787861750297
0.0005471861575053038
0.0005465224725884437
0.0005455109092956284
0.0005441745123556226
0.0005425359842022851
0.0005406175125849256
0.0005384406271130897
0.000536026109703888
0.000533393895893036
0.0005305630157584936
0.0005275515783042265
0.0005243767398944834
0.0005210547041967118
0.0005176007306971423
0.0005140291526454289
0.0005103534023236011
0.0005065860418295482
0.0005027387978358301
0.0004988225990329879
0.0004948476151903067
0.0004908232969652108
0.00048675841576560934
0.00048266110311853694
0.00047853888912527387
0.00047439873968965605
0.00047024709229480393
0.0004660898901760576
0.0004619326147967335
0.000457780316580269
0.00045363764388925074
0.00044950887027033425
0.00044539792000557047
0.00044130842400883006
0.0004372436244813391
0.00043320655496661986
0.0004291999674658212
0.0004252263685285463
0.0004212880368700888
0.00041738703907123363
0.0004135252441495523
0.00040970430867288575
0.00040592579439112516
0.00040219103713544217
0.00039850124108261193
0.0003948574724677238
0.0003912606682955088
0.0003877116450792446
0.0003842111070035344
0.0003807596535289288
0.00037735778647914335
0.0003740059166496697
0.0003707043699738374
0.0003674533932796698
0.00036425315966847894
0.00036110377354382913
0.000358005275317364
0.00035495764581604423
0.0003519608104134811
0.00034901464290634223
0.0003461189691552467
0.00034327357050802716
0.00034047818702187993
0.0003377325204996189
0.00033503623735403024
0.00033238897131316925
0.0003297903259783979
0.00032723987724593724
0.0003247371756017772
0.0003222817482989103
0.00031987310142503827
0.00031751072186812594
0.0003151940791864802
0.00031292262738935464
0.0003106958066334993
0.00030851304484047975
0.00030637375923910505
0.0003042773578368172
0.00030222324082346697
0.00030021080191052743
0.00029823942960842924
0.00029630850844440275
0.0002944174201229296
0.00029256554463065666
0.0002907522612874225
0.00028897694974484823
0.00028718766527688095
0.0002854108203477224
0.00028365244606370503
0.0002819173783998367
0.00028020949732780043
0.0002785318724464779
0.00027688689592469436
0.0002752763938577616
0.0002737017193940928
0.00027216383077502876
0.0002706633568599437
0.0002692006522382207
0.0002677758436520867
0.00026638886914991366
0.0002650395111430206
0.00026372743719999453
0.000262452184666207
0.0002612132198301159
0.00026000994198564564
0.0002588416975055989
0.00025770779192052637
0.00025660750012097085
0.00025554007496417615
0.00025450475452281425
0.00025350076817682313
0.0002525273417188574
0.000251583701960516
0.0002506690791505665
0.00024978271121769947
0.0002489238455753889
0.0002480917411581275
0.00024728567000404706
0.0002465049185089936
0.0002457487884029514
0.00024501659749017997
0.0002443076801885227
0.00024362138789836202
0.00024295708922742587
0.00024231417009400194
0.0002416920337279694
0.0002410901005863642
0.00024050780819786336
0.0002399446109485719
0.0002393999798197676
0.0002388734020867625
0.00023836438098675443
0.00023787243536240441
0.0002373970992869432
0.00023693792167573383
0.0002364944658885108
0.00023606630932588774
0.00023565304302316638
0.000235254271244014
0.00023486961107615942
0.00023449869203091746
0.0002341411556480102
0.0002337966551069253
0.00023346485484579047
0.00023314543018855563
0.00023283806698110805
0.00023254246123677788
0.00023225831879159298
0.00023198535496950364
0.00023172329425772342
0.0002314718822203583
0.00023123084788450235
0.0002309999412501703
0.0002307789203959989
0.00023056755109770799
0.00023036560656299987
0.0002301728671756801
0.00022998912024912538
0.00022981415978887075
0.00022964778626403918
0.00022948980638734916
0.000229340032903422
0.00022919828438511394
0.00022906438503759492
0.00022893816450989972
0.00022881945771367976
0.00022870810464888767
0.00022860395023613662
0.0002285068441554662
0.00022841664069128085
0.00022833319858320074
0.00022825638088260405
0.00022818605481461857
0.00022812209164535145
0.00022806436655413719
0.00022801275851059874
0.00022796715015632865
0.00022792742769098983
0.0002278934807626637
0.00022786520236225876
0.0002278424887218189
0.0002278252392165669
0.0002278133562705274
0.00022780674526558158
0.00022780531445380987
0.0002278089748729924
0.00022781764026512648
0.00022783122699785048
0.00022784965398864543
0.0002278728426317008
0.00022790071672734556
0.00022793320241392984
0.0002279702281020628
0.0002280117244111154
0.00022805762410789285
0.00022810786204739136
0.0002281623751155608
0.0002282211021739897
0.00022828398400643807
0.00022835096326715164
0.00022842198443088048
0.00022849699374454327
0.00022857593918047133
0.00022865877039117226
0.0002287454386655579
0.0002288358968865791
0.00022893009949021817
0.0002290280024257833
0.00022913134304795168
0.00022923497865068516
0.00022934538241771373
0.000229456134184662
0.00022957216438010788
0.00022969145174118314
0.00022981416272860268
0.0002299416775114047
0.00023007127364971924
0.00023020416002598052
0.00023034034825185711
0.00023047806984421952
0.00023062062122876817
0.0002307664491466736
0.00023091547769669456
0.0002310676807676035
0.00023122303482115902
0.0002313815173685601
0.00023154310689655762
0.0002317077828407947
0.00023187552556194478
0.00023204631632308247
0.00023222013726809638
0.00023239697140103763
0.00023257680256629873
0.00023275961542955947
0.00023294539545942925
0.0002331341289097398
0.00023332580280243414
0.00023352040491102672
0.00023371792374459304
0.00023391834853226214
0.00023412166920819293
0.0002343278763969985
0.00023453696139961699
0.00023474891617959097
0.00023496373334975704
0.00023518140615931332
0.0002354019284812669
0.00023562529480023188
0.00023585150020058029
0.00023608054035492387
0.0002363124115129183
0.00023654711049038576
0.00023678463465873244
0.00023702498193466779
0.00023726815077020262
0.00023751414014292407
0.00023776294954654283
0.00023801457898169209
0.00023826902894698895
0.00023852630043032897
0.0002387863949004301
0.0002390493142985996
0.00023931506103073074
0.00023958349767780308
0.0002398547614103358
0.00024012889524504182
0.00024040589375304308
0.00024068575862864637
0.00024096869488568796
0.0002412544501935074
0.0002415430343802135
0.00024183447269479085
0.00024212877453539845
0.00024242594911576108
0.00024272600562321245
0.00024302895329461204
0.0002433348014754936
0.0002436435594007239
0.00024395523709268115
0.0002442698444308913
0.00024458739155324495
0.0002449078888543342
0.0002452313472604263
0.00024555777738155077
0.0002458871904694249
0.00027206054882499995
0.00029685227391138485
0.0003199660859076354
0.00034125722848207444
0.00036072444405015156
0.00037848396359250975
0.00039473586561173947
0.00040973086051485986
0.0004237423124918056
0.00043704513393484515
0.0004499009884971318
0.00046254819710115334
0.0004751946055808889
0.0004880121017487339
0.0005011321673172723
0.00051464257409073
0.0005285858693523332
0.0005429604646674669
0.0005577248675513194
0.0005728049666387328
0.0005881035511404931
0.000603510719732737
0.0006189137137987088
0.0006342049994115437
0.0006492879580700615
0.000664080108898523
0.0006785142087788051
0.0006925377958565891
0.0007061117760454921
0.0007192085649394292
0.0007318101567796101
0.0007439063484825586
0.0007554932283989174
0.0007665719561579278
0.0007771478098724654
0.0007872294530256669
0.0007968283672381751
0.0008059584015265847
0.0008146353981134743
0.0008228768656756486
0.0008307016809709485
0.000838129808019071
0.0008451820301077537
0.0008518796939593076
0.0008582444677469863
0.0008642981156948024
0.0008700622884173349
0.0008755583525202689
0.0008808072116469404
0.0008858291802835508
0.0008906438698641502
0.0008952700999869483
0.0008997258316281604
0.0009040281205239094
0.0009081930886169961
0.000912235911327506
0.0009161708183806333
0.0009200111059869838
0.0009237691582961885
0.0009274564762128196
0.0009310837118566651
0.0009346607071535211
0.0009381965352466867
0.0009416995436158817
0.0009451773979739216
0.0009486371261789849
0.0009520851615502625
0.0009555273851063352
0.0009589691663597706
0.0009624154023984387
0.0009658705550660069
0.0009693386861217128
0.0009728234903150908
0.0009763283263559377
0.0009798562457952005
0.0009834100198598155
0.0009869921643054088
0.0009906049623657797
0.0009942504858888464
0.0009979306147554232
0.0010016470546811893
0.001005401353503554
0.001009194916054694
0.0010130290177202753
0.0010169048167802917
0.0010208233656248092
0.0010247856209330988
0.001028792452900022
0.0010328446535886645
0.0010369429444833616
0.001041087983312295
0.0010452803702041009
0.0010495206532381903
0.001053809333444044
0.0010581468693004062
0.0010625336807812988
0.0010669701529918477
0.0010714566394334198
0.0010759934649341165
0.0010805809282776156
0.0010852193045603141
0.0010899088473042245
0.0010946497903503909
0.0010994423495554438
0.0011042867243117025
0.0011091830989094075
0.0011141316437577639
0.001119132516479986
0.0011241858628959576
0.0011292918179048178
0.0011344505062785663
0.001139662043376597
0.0011449265357901704
0.0011502440818898026
0.0011556147725032076
0.001161038691148718
0.0011665159146531643
0.001172046513498417
0.0011776305521875232
0.0011832680895817666
0.0011889591792123544
0.0011947038695700074
0.0012005022043752775
0.0012063542228322314
0.0012122599598676498
0.0012182194463577565
0.0012242327093442622
0.0012302997722411612
0.0012364206550336866
0.0012425953744705928
0.0012488239442507707
0.0012551063752050666
0.0012614426754741198
0.0012678328506829353
0.0012708417424201828
0.0012755822130781059
0.0012806599841757352
0.0012855149487194942
0.0012899413209412828
0.0012938781194695023
0.0012973203281890513
0.001300282586287052
0.0013027851055896302
0.0013048486416958795
0.0013064929656693303
0.0013077365816470633
0.0013085968206851587
0.0013090900033666322
0.0013092315798807798
0.0013090362323515954
0.0013085179464737287
0.001307690062924013
0.0013065653169450527
0.001305155871635439
0.0013034733481857223
0.0013015288547590506
0.001299333014784232
0.0012968959949115084
0.0012942275326220485
0.0012913369633752417
0.0012882332471484748
0.0012849249942441428
0.0012814204902719887
0.0012777277202580845
0.0012738543918751975
0.0012698079578315
0.001265595637494496
0.0012612244378663385
0.001256701174066121
0.0012520324895168868
0.0012472248760815351
0.0012422846944512278
0.0012372181951537029
0.0012320315406310807
0.001226730838851006
0.0012213221964205315
0.0012158115259322895
0.001210204989717342
0.0012045087255104358
0.0011987289848296126
0.0011928721899517791
0.001186945006424629
0.0011809544347220053
0.001174907928003765
0.0011688135455787199
0.0011626801557509919
0.0011565177078146818
0.0011503376021896705
0.001144153201936928
0.0011379805513003346
0.0011318394028918093
0.0011257547141531935
0.0011197588728908265
0.0011138950826804122
0.001108222642337057
0.001102825409100786
0.0010978257882373337
0.0010934086616448738
0.0010898640044816202
0.001291400433539021
0.0014452246764436155
0.0015645408837715127
0.001652462145517477
0.0017096992843158023
0.0017381385786223852
0.0017412765559012935
0.0017235821846464283
0.0016897593169959491
0.0016442172003953088
0.0015907820861634579
0.00153259351977317
0.0014721160877891129
0.0014112112574423909
0.0013512326293211928
0.0012931233793340145
0.0012375052184482747
0.0011847545881952962
0.0011350653134560946
0.0010884986545434882
0.0010450224067664418
0.0010045408654577382
0.0009669173788456318
0.0009319910417557385
0.0008995887517576551
0.0008695337837784242
0.0008416516692725298
0.0008157740884888614
0.0007917412866192936
0.000769403457978775
0.0007486212530092088
0.0007292663161975959
0.0007112203952474949
0.0006943753270154334
0.0006786323409615406
0.0006639014058473074
0.0006501005531902372
0.0006371552062301097
0.000624997532965736
0.0006135658345394198
0.0006028039751305336
0.0005926608559868266
0.0005830899338741274
0.0005740487826996202
0.0005654986961238646
0.0005574043284673395
0.0005497333709332257
0.0005424562601614784
0.0005355459161478853
0.0005289775067198538
0.0005227282359427412
0.0005167775658950801
0.0005111053433871135
0.0005056943086167453
0.0005005280745469229
0.0004955915274108567
0.0004908707031918062
0.0004863526854609144
0.0004820255137787049
0.0004778781012452799
0.00047390016009844267
0.0004700821344596413
0.000466415139452466
0.00046289090602951545
0.00045950173091197614
0.00045624043112657976
0.0004531003026709749
0.00045007508288980703
0.0004471589162103795
0.000444346322883167
0.00044163217045867025
0.00043901164772179883
0.0004364802408535834
0.00043403371160820987
0.00043166807731764725
0.000429379592553246
0.0004271647322904904
0.0004250201764417287
0.0004229427956310701
0.00042092963810158184
0.00041897791765463783
0.0004170850025290143
0.0004152484051377379
0.00041346577259151866
0.00041173487793914415
0.0004100536120630523
0.0004084199761763028
0.0004068320748740871
0.0004052881096870284
0.00040378637310156744
0.00040232524300572924
0.00040090317752943986
0.0003995187102446742
0.0003981704456985676
0.0003968570552530681
0.00039557727321080607
0.00039432989319727006
0.0003931137647882055
0.0003919277903591659
0.0003907709221411751
0.0003896421594687421
0.00038854054620330117
0.00038746516832299403
0.00038641515166284735
0.0003853896597979628
0.00038438789205729796
0.00038340908166042774
0.00038245249396624636
0.00038151742482939524
0.0003806031990547891
0.00037970916894245794
0.0003788347129193957
0.00037797923425150797
0.0003771421598287929
0.0003763229390209381
0.00037552104259881654
0.0003747359617144791
0.0003739672069411108
0.0003732143073641511
0.0003724768097228583
0.0003717542775984783
0.00037104629064777206
0.00037035244876430844
0.0003696723512923683
0.0003690056268642036
0.0003683519127435451
0.0003677108589309483
0.0003670821276336723
0.0003664653927540271
0.0003658603393998806
0.0003652666634160207
0.00036468407093748293
0.0003641122779639017
0.0003635510099527237
0.0003630000014340723
0.0003624589956410165
0.0003619277441599845
0.00036140600659615764
0.0003608935502547121
0.00036039014983778767
0.00035989558715466023
0.00035940965084580665
0.0003589321361192664
0.00035846284449929746
0.000358001583586661
0.0003575481668290112
0.00035710241330221015
0.00035666414750092475
0.00035623319913832016
0.00035580940295491846
0.0003553925985356518
0.00035498263013489093
0.0003545793465085371
0.0003541826007537568
0.000353792250154874
0.000353408156036548
0.0003530301836229879
0.0003526582019019749
0.00035229208349518096
0.0003519317045344238
0.00035157694454206477
0.00035122768631592647
0.00035088381582027496
0.00035054522207948654
0.0003502117970770836
0.0003498834356586109
0.0003495600354371846
0.0003492414967044765
0.0003489277223434543
0.00034861861774612257
0.0003483140907322926
0.00034801405147400594
0.00034771841242031546
0.0003474270882268005
0.0003471399956863947
0.00034685705366349753
0.00034657818303028174
0.00034630330660557243
0.0003460323490954516
0.0003457652370360506
0.00034550189873931264
0.00034524226423908916
0.00034498626524102585
0.0003447338350727533
0.00034448490863598654
0.0003442394223614165
0.0003439973141637182
0.00034375852339893297
0.0003435229908234981
0.00034329065855390537
0.00034306147002829696
0.0003428353699691994
0.0003426123043476796
0.00034239222034820676
0.0003421750663351467
0.000341960791820352
0.00034174934743163096
0.00034154068488212913
0.0003413347569410416
-0.15002766565223133
-0.15002766565223133
-0.15002766565223133
-0.15002766565223133
-0.15002766565223133
-0.15002766565223133
-0.15002766565223133
-0.15002766565223133
-0.15002766565223133
-0.15002766565223133
-0.15002766565223133
-0.15002766565223133
-0.15002766565223133
-0.15002766565223133
-0.15002766565223133
-0.15002766565223133
-0.15002766565223133
-0.15002766565223133
-0.15002766565223133
-0.15002766565223133
-0.15002766565223133
-0.15002766565223133
-0.15002766565223133
-0.15002766565223133
-0.15002766565223133
-0.15002766565223133
-0.15002766565223133
-0.15002766565223133
-0.15002766565223133
-0.15002766565223133
-0.15002766565223133
-0.15002766565223133
-0.15002766565223133
-0.15002766565223133
-0.15002766565223133
-0.15002766565223133
-0.15002766565223133
-0.15002766565223133
-0.15002766565223133
-0.15002766565223133
-0.15002766565223133
-0.15002766565223133
-0.15002766565223133
-0.15002766565223133
-0.15002766565223133
-0.15002766565223133
-0.15002766565223133
-0.15002766565223133
-0.15002766565223133
-0.15002766565223133
-0.15002766565223133
-0.15002766565223133
-0.15002766565223133
-0.15002766565223133
-0.15002766565223133
-0.15002766565223133
-0.15002766565223133
-0.15002766565223133
-0.15002766565223133
-0.15002766565223133
-0.15002766565223133
-0.15002766565223133
-0.15002766565223133
-0.15002766565223133
-0.15002766565223133
-0.15002766565223133
-0.15002766565223133
-0.15002766565223133
-0.15002766565223133
-0.15002766565223133
-0.15002766565223133
-0.15002766565223133
-0.15002766565223133
-0.15002766565223133
-0.15002766565223133
-0.15002766565223133
-0.15002766565223133
-0.15002766565223133
-0.15002766565223133
-0.15002766565223133
-0.15002766565223133
-0.15002766565223133
-0.15002766565223133
-0.15002766565223133
-0.15002766565223133
-0.15002766565223133
-0.15002766565223133
-0.15002766565223133
-0.15002766565223133
-0.15002766565223133
-0.15002766565223133
-0.15002766565223133
-0.15002766565223133
-0.15002766565223133
-0.15002766565223133
-0.15002766565223133
-0.15002766565223133
-0.15002766565223133
-0.15002766565223133
-0.15002766565223133
-0.15002766565223133
-0.15002766565223133
-0.15002766565223133
-0.15002766565223133
-0.15002766565223133
-0.15002766565223133
-0.15002766565223133
-0.15002766565223133
-0.15002766565223133
-0.15002766565223133
-0.15002766565223133
-0.15002766565223133
-0.15002766565223133
-0.15002766565223133
-0.15002766565223133
-0.15002766565223133
-0.15002766565223133
-0.15002766565223133
-0.15002766565223133
-0.15002766565223133
-0.15002766565223133
-0.15002766565223133
-0.15002766565223133
-0.15002766565223133
-0.15002766565223133
-0.15002766565223133
-0.15002766565223133
-0.15002766565223133
-0.15002766565223133
-0.15002766565223133
-0.15002766565223133
-0.15002766565223133
-0.15002766565223133
-0.15002766565223133
-0.15002766565223133
-0.15002766565223133
-0.15002766565223133
-0.15002766565223133
-0.15002766565223133
-0.15002766565223133
-0.15002766565223133
-0.15002766565223133
-0.15002766565223133
-0.15002766565223133
-0.15002766565223133
-0.15002766565223133
-0.15002766565223133
-0.15002766565223133
-0.15002766565223133
-0.15002766565223133
-0.15002766565223133
-0.15002766565223133
-0.15002766565223133
-0.15002766565223133
-0.15002766565223133
-0.15002766565223133
-0.15002766565223133
-0.15002766565223133
-0.15002766565223133
-0.15002766565223133
-0.15002766565223133
-0.15002766565223133
-0.15002766565223133
-0.15002766565223133
-0.15002766565223133
-0.15002766565223133
-0.15002766565223133
-0.15002766565223133
-0.15002766565223133
-0.15002766565223133
-0.15002766565223133
-0.15002766565223133
-0.15002766565223133
-0.15002766565223133
-0.15002766565223133
-0.15002766565223133
-0.15002766565223133
-0.15002766565223133
-0.15002766565223133
-0.15002766565223133
-0.15002766565223133
-0.15002766565223133
-0.15002766565223133
-0.15002766565223133
-0.15002766565223133
-0.15002766565223133
-0.15002766565223133
-0.15002766565223133
-0.15002766565223133
-0.15002766565223133
-0.15002766565223133
-0.15002766565223133
-0.15002766565223133
-0.15002766565223133
-0.15002766565223133
-0.15002766565223133
-0.15002766565223133
-0.15002766565223133
-0.15002766565223133
-3.9126361166041908
-3.9126361166041908
-3.9126361166041908
-3.9126361166041908
-3.9126361166041908
-3.9126361166041908
-3.9126361166041908
-3.9126361166041908
-3.9126361166041908
-3.9126361166041908
-3.9126361166041908
-3.9126361166041908
-3.9126361166041908
-3.9126361166041908
-3.9126361166041908
-3.9126361166041908
-3.9126361166041908
-3.9126361166041908
-3.9126361166041908
-3.9126361166041908
-3.9126361166041908
-3.9126361166041908
-3.9126361166041908
-3.9126361166041908
-3.9126361166041908
-3.9126361166041908
-3.9126361166041908
-3.9126361166041908
-3.9126361166041908
-3.9126361166041908
-3.9126361166041908
-3.9126361166041908
-3.9126361166041908
-3.9126361166041908
-3.9126361166041908
-3.9126361166041908
-3.9126361166041908
-3.9126361166041908
-3.9126361166041908
-3.9126361166041908
-3.9126361166041908
-3.9126361166041908
-3.9126361166041908
-3.9126361166041908
-3.9126361166041908
-3.9126361166041908
-3.9126361166041908
-3.9126361166041908
-3.9126361166041908
-3.9126361166041908
-3.9126361166041908
-3.9126361166041908
-3.9126361166041908
-3.9126361166041908
-3.9126361166041908
-3.9126361166041908
-3.9126361166041908
-3.9126361166041908
-3.9126361166041908
-3.9126361166041908
-3.9126361166041908
-3.9126361166041908
-3.9126361166041908
-3.9126361166041908
-3.9126361166041908
-3.9126361166041908
-3.9126361166041908
-3.9126361166041908
-3.9126361166041908
-3.9126361166041908
-3.9126361166041908
-3.9126361166041908
-3.9126361166041908
-3.9126361166041908
-3.9126361166041908
-3.9126361166041908
-3.9126361166041908
-3.9126361166041908
-3.9126361166041908
-3.9126361166041908
-3.9126361166041908
-3.9126361166041908
-3.9126361166041908
-3.9126361166041908
-3.9126361166041908
-3.9126361166041908
-3.9126361166041908
-3.9126361166041908
-3.9126361166041908
-3.9126361166041908
-3.9126361166041908
-3.9126361166041908
-3.9126361166041908
-3.9126361166041908
-3.9126361166041908
-3.9126361166041908
-3.9126361166041908
-3.9126361166041908
-3.9126361166041908
-3.9126361166041908
-3.9126361166041908
-3.9126361166041908
-3.9126361166041908
-3.9126361166041908
-3.9126361166041908
-3.9126361166041908
-3.9126361166041908
-3.9126361166041908
-3.9126361166041908
-3.9126361166041908
-3.9126361166041908
-3.9126361166041908
-3.9126361166041908
-3.9126361166041908
-3.9126361166041908
-3.9126361166041908
-3.9126361166041908
-3.9126361166041908
-3.9126361166041908
-3.9126361166041908
-3.9126361166041908
-3.9126361166041908
-3.9126361166041908
-3.9126361166041908
-3.9126361166041908
-3.9126361166041908
-3.9126361166041908
-3.9126361166041908
-3.9126361166041908
-3.9126361166041908
-3.9126361166041908
-3.9126361166041908
-3.9126361166041908
-3.9126361166041908
-3.9126361166041908
-3.9126361166041908
-3.9126361166041908
-3.9126361166041908
-3.9126361166041908
-3.9126361166041908
-3.9126361166041908
-3.9126361166041908
-3.9126361166041908
-3.9126361166041908
-3.9126361166041908
-3.9126361166041908
-3.9126361166041908
-3.9126361166041908
-3.9126361166041908
-3.9126361166041908
-3.9126361166041908
-3.9126361166041908
-3.9126361166041908
-3.9126361166041908
-3.9126361166041908
-3.9126361166041908
-3.9126361166041908
-3.9126361166041908
-3.9126361166041908
-3.9126361166041908
-3.9126361166041908
-3.9126361166041908
-3.9126361166041908
-3.9126361166041908
-3.9126361166041908
-3.9126361166041908
-3.9126361166041908
-3.9126361166041908
-3.9126361166041908
-3.9126361166041908
-3.9126361166041908
-3.9126361166041908
-3.9126361166041908
-3.9126361166041908
-3.9126361166041908
-3.9126361166041908
-3.9126361166041908
-3.9126361166041908
-3.9126361166041908
-3.9126361166041908
-3.9126361166041908
-3.9126361166041908
-3.9126361166041908
-3.9126361166041908
-3.9126361166041908
-3.9126361166041908
-3.9126361166041908
-3.9126361166041908
-3.9126361166041908
-3.9126361166041908
-3.9126361166041908
-3.9126361166041908
-3.9126361166041908
-3.9126361166041908
-3.9126361166041908
-3.9126361166041908
-3.9126361166041908
-3.9126361166041908
-3.9126361166041908
0.010269807190486105
20356916.46615705
20356916.46615705
20356916.46615705
20356916.46615705
20356916.46615705
20356916.46615705
20356916.46615705
20356916.46615705
20356916.46615705
20356916.46615705
20356916.46615705
20356916.46615705
20356916.46615705
20356916.46615705
20356916.46615705
20356916.46615705
20356916.46615705
20356916.46615705
20356916.46615705
20356916.46615705
20356916.46615705
20356916.46615705
20356916.46615705
20356916.46615705
20356916.46615705
20356916.46615705
20356916.46615705
20356916.46615705
20356916.46615705
20356916.46615705
20356916.46615705
20356916.46615705
20356916.46615705
20356916.46615705
20356916.46615705
20356916.46615705
20356916.46615705
20356916.46615705
20356916.46615705
20356916.46615705
20356916.46615705
20356916.46615705
20356916.46615705
20356916.46615705
20356916.46615705
20356916.46615705
20356916.46615705
20356916.46615705
20356916.46615705
20356916.46615705
20356916.46615705
20356916.46615705
20356916.46615705
20356916.46615705
20356916.46615705
20356916.46615705
20356916.46615705
20356916.46615705
20356916.46615705
20356916.46615705
20356916.46615705
20356916.46615705
20356916.46615705
20356916.46615705
20356916.46615705
20356916.46615705
20356916.46615705
20356916.46615705
20356916.46615705
20356916.46615705
20356916.46615705
20356916.46615705
20356916.46615705
20356916.46615705
20356916.46615705
20356916.46615705
20356916.46615705
20356916.46615705
20356916.46615705
20356916.46615705
20356916.46615705
20356916.46615705
20356916.46615705
20356916.46615705
20356916.46615705
20356916.46615705
20356916.46615705
20356916.46615705
20356916.46615705
20356916.46615705
20356916.46615705
20356916.46615705
20356916.46615705
20356916.46615705
20356916.46615705
20356916.46615705
20356916.46615705
20356916.46615705
20356916.46615705
20356916.46615705
20356916.46615705
20356916.46615705
20356916.46615705
20356916.46615705
20356916.46615705
20356916.46615705
20356916.46615705
20356916.46615705
20356916.46615705
20356916.46615705
20356916.46615705
20356916.46615705
20356916.46615705
20356916.46615705
20356916.46615705
20356916.46615705
20356916.46615705
20356916.46615705
20356916.46615705
20356916.46615705
20356916.46615705
20356916.46615705
20356916.46615705
20356916.46615705
20356916.46615705
20356916.46615705
20356916.46615705
20356916.46615705
20356916.46615705
20356916.46615705
20356916.46615705
20356916.46615705
20356916.46615705
20356916.46615705
20356916.46615705
20356916.46615705
20356916.46615705
20356916.46615705
20356916.46615705
20356916.46615705
20356916.46615705
20356916.46615705
20356916.46615705
20356916.46615705
20356916.46615705
20356916.46615705
20356916.46615705
20356916.46615705
20356916.46615705
20356916.46615705
20356916.46615705
20356916.46615705
20356916.46615705
20356916.46615705
20356916.46615705
20356916.46615705
20356916.46615705
20356916.46615705
20356916.46615705
20356916.46615705
20356916.46615705
20356916.46615705
20356916.46615705
20356916.46615705
20356916.46615705
20356916.46615705
20356916.46615705
20356916.46615705
20356916.46615705
20356916.46615705
20356916.46615705
20356916.46615705
20356916.46615705
20356916.46615705
20356916.46615705
20356916.46615705
20356916.46615705
20356916.46615705
20356916.46615705
20356916.46615705
20356916.46615705
20356916.46615705
20356916.46615705
20356916.46615705
20356916.46615705
20356916.46615705
20356916.46615705
20356916.46615705
20356916.46615705
20356916.46615705
20356916.46615705
20356916.46615705
20356916.46615705
20356916.46615705
20356916.46615705
20356916.46615705
20356916.46615705
