0.05147111681496295
0.049170638704526516
0.04692486168623865
0.04492224507594397
0.04320496794921893
0.04175199861287649
0.04052048628439112
0.039463545804424974
0.03853975049545069
0.03771693213412252
0.03697193266833882
0.03628862416024893
0.035655763783008325
0.03506531140158972
0.03451129861745686
0.03398912883880112
0.03349515537648071
0.03302642065764426
0.03258048538741474
0.03215530963168283
0.03174916640059978
0.03136057727321228
0.03098826371670727
0.03063110980924196
0.03028813332229988
0.029958462981029492
0.02964132034675742
0.029336005216635208
0.02904188374536514
0.028758378711016382
0.028484961493136753
0.02822114543229244
0.027966480315887277
0.027720547784405605
0.027482957494086174
0.0272533439029522
0.027031363569877488
0.026816692877973187
0.02660902610802381
0.02640807380070901
0.02621356135853598
0.026025227844794805
0.025842824947237726
0.025666116076379916
0.025494875577212726
0.02532888803413436
0.02516794765419441
0.025011857715427955
0.024860430069835775
0.024713484692602976
0.024570849270122177
0.024432358821357483
0.02429785534750351
0.024167187506241673
0.024040210306918608
0.023916784824920132
0.023796777932171678
0.023680062042171508
0.023566514868747616
0.023456019195936186
0.023348462660011934
0.023243737540061565
0.02314174055949923
0.0230423726949603
0.022945538994363864
0.022851148402247414
0.022759113592460148
0.022669350808151145
0.022581779707909623
0.02249632321902654
0.022412907395891895
0.02233146128527381
0.022251916796548622
0.022174208577445762
0.02209827389532941
0.02202405252332053
0.02195148663087879
0.021880520679707586
0.021811101323593842
0.021743177312742026
0.021676699402334187
0.021611620264849016
0.021547894406368215
0.021485478086518107
0.02142432924177726
0.02136440741253617
0.02130567367296455
0.02124809056423456
0.02119162203088793
0.021136233359583523
0.021081891120891195
0.02102856311393797
0.02097621831300787
0.020924826817111407
0.02087435980121425
0.02082478947046153
0.020776089015906104
0.020728232572131588
0.020681195177493946
0.02063495273571077
0.020589481978997
0.02054476043339515
0.020500766385482046
0.020457478850370366
0.020414877541655097
0.020372942842213266
0.02033165577670646
0.02029099798536986
0.020250951698598547
0.020211499713312136
0.020172625369780095
0.0201343125299882
0.020096545556819265
0.020059309294283213
0.020022589048371665
0.019986370569317995
0.019950640034169676
0.019915384030550615
0.01988058954100138
0.019846243928106466
0.019812334920339715
0.01977885059864914
0.01974577938343496
0.019713110022665334
0.01968083157984271
0.019648933423413267
0.01961740521606762
0.0195862369049928
0.019555418712166036
0.019524941125898674
0.01949479489207885
0.019464971006447545
0.019435460707113193
0.019406255467424027
0.019377346989709204
0.019348727198820734
0.019320388236819423
0.019292322457309916
0.01926452242103039
0.019236980891235142
0.01920969082967532
0.01918264539320844
0.019155837930602816
0.01912926197993013
0.019102911266261523
0.019076779700013948
0.019050861375606645
0.019025150570712246
0.018999641745951566
0.01897432954534254
0.018993727316585593
0.01900903939540872
0.019018619331582377
0.019022725519723106
0.01902214101734725
0.019017737027816915
0.01901031055605362
0.019000533688682444
0.01898887831184814
0.018975823099160002
0.018961741162352327
0.01894689575644081
0.01893148506431208
0.018915660485893146
0.018899538337652712
0.018883208356684382
0.018866740059622942
0.018850187536280885
0.018833593079871196
0.018816989947698974
0.01880040446988301
0.018783857668767823
0.018767366510337485
0.018750944878542633
0.018734604341047772
0.018718354758088338
0.01870220477371253
0.01868616221960157
0.01867023445493679
0.018654428660114082
0.0186387520993214
0.018623212363835087
0.018607817606001158
0.018592576773076942
0.018577499848756455
0.018562598110679816
0.018547884411800965
0.018533373494175335
0.018519082344520946
0.018505030602366003
0.018491241032687122
0.018477740077488723
0.018464558502745212
0.01845173215983436
0.01843930288398222
0.018427319554067408
0.018415839340878298
0.018404929168642767
0.0183946674085131
