370.3820469618633
370.38841296642744
370.5542481954025
370.8022349305284
371.09266067869174
371.4049680598724
371.7286297808901
372.0583704041295
372.3916658114778
372.72743576995833
373.0653611685746
373.40552834308846
373.74824479038153
374.0939448458626
374.44314276848723
374.79641102658763
375.154372238615
375.5176988188409
375.887117328362
376.26341610292394
376.647455585346
377.0401812810125
377.4426395649369
377.85599679821286
378.2815624155091
378.7208168568449
379.17544545785455
379.6473796981648
380.13884754846777
380.65243505717297
381.19116176789464
381.75857302334265
382.35885259692606
382.99695919967183
383.6787898346142
384.41137093356843
385.2030732121358
386.06383547155616
387.00536135337364
388.04121329041396
389.1866575328621
390.457998863265
391.8709778822912
393.43762562519555
395.1609409837294
397.0272721392803
398.997939876868
401.0045492177482
402.9546075413428
404.7509952688702
406.3188088491629
407.62456037333914
408.6771374460915
409.5137410965441
410.18228528783635
410.7284527322429
411.1897994213612
411.59453184674027
411.96268811971856
412.3080109970009
412.6397176888517
412.96390395248824
413.28456656302825
413.60431306553136
413.9248406235741
414.2472535184831
414.5722714006386
414.90036497218813
415.2318440175965
415.5670175205853
415.90585076309657
416.248388545129
416.59488137615745
416.9453277143984
417.2997589488194
417.65823171245063
418.02071406018973
418.38724724450526
418.7578505486014
419.13254110697324
419.51133454121214
419.894245335039
420.28128705258814
420.67247246197064
421.06781360131157
421.467321809795
421.87100773748284
422.2788813423897
422.6909518800488
423.1072278887971
423.5277171729235
423.95242678482884
424.38136300701507
424.81453133459775
425.2519364580829
425.69358224728217
426.1394717359261
426.5896071072221
427.04398968031296
427.5026198976196
427.96549731302525
428.43262058087817
428.90398744573923
429.37959473284775
429.8594383392366
430.34351322547553
430.8318134079563
431.3243319517138
431.8210609637243
432.32199158662615
432.82711399286694
433.33641737920135
433.84988996154647
434.3675189701431
434.8892906450215
435.41519023173737
435.9452019773776
436.4793091268053
437.0174939191696
437.5597375846262
438.1060203413178
438.65632139257633
439.21061892437035
439.76889010299794
440.3311110730276
440.8972569555194
441.46730184648754
442.0412188156995
442.6189799057252
443.20055613135315
443.7859174793123
444.37503290837157
444.96787034978456
445.5643967081709
446.16457786278335
446.7683786692051
447.3757629615308
447.9866935550117
448.601132249193
449.21903983158586
449.8403760818781
450.46509977669336
451.0931686949546
451.7245396238327
452.3591683653224
452.99700974346797
453.63801761221697
454.2821448639899
454.9293434389005
455.57956433472106
456.2327576175197
456.88887243308193
457.54785701904217
458.2096587177985
458.8742239901493
459.54149842977745
460.21142677843204
460.88395294197966
461.55902000718976
462.2365702593562
462.9165452006883
463.5988855695446
464.28353136041443
464.97042184474884
465.6594955925548
466.3506904947949
467.04394378655513
467.7391920710203
468.43637134416673
469.13541702027175
469.8362639581079
470.5388464878891
471.2430984389323
471.9489531680051
472.656343588347
397.4842949574806
397.3648569187809
397.40295430678526
397.520000207457
397.6756346749735
397.8489328339263
398.0291340699896
398.21078836647456
398.39121651263474
398.56918180795515
398.7441955936748
398.9161542599446
399.08514957437455
399.2513696299647
399.41504717232806
399.57643270041393
399.73578052297705
399.8933415930834
400.0493598913677
400.20407067004044
400.3576996752168
400.5104628861657
400.66256652992365
400.8142072446437
400.9655723248457
401.1168400130119
401.2681798181838
401.41975285063285
401.57171216607316
401.72420311512064
401.8773636949371
402.03132490059784
402.18621107411496
402.3421402492979
402.49922449077314
402.65757022569863
402.81727856680976
402.9784456255997
403.14116281460497
403.30551713788327
403.47159146896297
403.6394648156389
403.8092125712
403.98090675174836
404.1546162194219
404.33040689149317
404.5083415071804
404.68848143829115
404.87088457931424
405.0556068606194
405.2427021139978
405.4322221987327
405.62421711546466
405.8187351098934
406.0158227662787
406.2155250910219
406.41788558683214
406.62294631798574
406.83074796733547
407.04132988564174
407.2547301341577
407.4709855196325
407.69013162504615
407.9122028353199
408.1372323560669
408.3652522303903
408.5962933513622
408.8304691965109
409.0676665190899
409.30795786395305
409.55129109533596
409.79783868705437
410.04758053150766
410.300534107874
410.5567184215092
410.81615272442417
411.078855852698
411.34484588204583
411.6141399488283
411.88675415722855
412.1627035314941
412.44202685786126
412.7246918434958
413.01072809438125
413.3001472921487
413.59295946288654
413.88917324118756
414.1887960101521
414.4918339776601
414.79829222005714
415.1081747093903
415.4214843324824
415.7382229061868
416.05839119086164
416.3819889034759
416.7090147304682
417.0394663409912
417.3733404004221
417.7106325842631
418.05133759234053
418.3954491633504
418.74296008964643
419.09386223224567
419.44814653596984
419.8058030448287
420.16682091724874
420.531188441549
420.89889305130964
421.2699213407191
421.6442590798398
422.02189122977876
422.4028019577322
422.7869746518774
423.1743919361111
423.56503568459914
423.95888703613986
424.35592640834113
424.7561335115825
425.159487362788
425.565966298992
425.97554799070247
426.38820945508587
426.8039270689493
427.22267658155766
427.64443312728724
428.0691712381165
428.4968648559806
428.92748734499486
429.36101150357797
429.79740957645754
430.23665326661234
430.6787137471297
431.1235616730278
431.57116719302627
432.02149996130214
432.47452914924213
432.9302234571879
433.3885511262127
433.8494799499327
434.3129772863427
434.7790100697323
435.2475448226461
435.71854766792774
436.19198434084404
436.6678202012989
437.14602024613737
437.626549121548
438.1093711355835
438.5944502707714
439.081750196836
439.5712342835303
440.0628656135931
440.55660699578124
441.0524209780373
441.55026986074387
442.0501157100889
442.5519203715116
443.0556454832563
443.56125248999007
444.06870265652356
444.57795708156425
445.08897671158445
445.60172235468946
446.11615469457286
446.6322343044922
447.1499216612641
447.66917715930043
448.1899611246311
448.71223382893805
449.23595550357095
449.76108635354115
450.28758657148796
450.8154163515951
451.3445359034465
451.87490546584394
370.3820469618633
370.38841296642744
370.5542481954025
370.8022349305284
371.09266067869174
371.4049680598724
371.7286297808901
372.0583704041295
372.3916658114778
372.72743576995833
373.0653611685746
373.40552834308846
373.74824479038153
374.0939448458626
374.44314276848723
374.79641102658763
375.154372238615
375.5176988188409
375.887117328362
376.26341610292394
376.647455585346
377.0401812810125
377.4426395649369
377.85599679821286
378.2815624155091
378.7208168568449
379.17544545785455
379.6473796981648
380.13884754846777
380.65243505717297
381.19116176789464
381.75857302334265
382.35885259692606
382.99695919967183
383.6787898346142
384.41137093356843
385.2030732121358
386.06383547155616
387.00536135337364
388.04121329041396
389.1866575328621
390.457998863265
391.8709778822912
393.43762562519555
395.1609409837294
397.0272721392803
398.997939876868
401.0045492177482
402.9546075413428
404.7509952688702
406.3188088491629
407.62456037333914
408.6771374460915
409.5137410965441
410.18228528783635
410.7284527322429
411.1897994213612
411.59453184674027
411.96268811971856
412.3080109970009
412.6397176888517
412.96390395248824
413.28456656302825
413.60431306553136
413.9248406235741
414.2472535184831
414.5722714006386
414.90036497218813
415.2318440175965
415.5670175205853
415.90585076309657
416.248388545129
416.59488137615745
416.9453277143984
417.2997589488194
417.65823171245063
418.02071406018973
418.38724724450526
418.7578505486014
419.13254110697324
419.51133454121214
419.894245335039
420.28128705258814
420.67247246197064
421.06781360131157
421.467321809795
421.87100773748284
422.2788813423897
422.6909518800488
423.1072278887971
423.5277171729235
423.95242678482884
424.38136300701507
424.81453133459775
425.2519364580829
425.69358224728217
426.1394717359261
426.5896071072221
427.04398968031296
427.5026198976196
427.96549731302525
428.43262058087817
428.90398744573923
429.37959473284775
429.8594383392366
430.34351322547553
430.8318134079563
431.3243319517138
431.8210609637243
432.32199158662615
432.82711399286694
433.33641737920135
433.84988996154647
434.3675189701431
434.8892906450215
435.41519023173737
435.9452019773776
436.4793091268053
437.0174939191696
437.5597375846262
438.1060203413178
438.65632139257633
439.21061892437035
439.76889010299794
440.3311110730276
440.8972569555194
441.46730184648754
442.0412188156995
442.6189799057252
443.20055613135315
443.7859174793123
444.37503290837157
444.96787034978456
445.5643967081709
446.16457786278335
446.7683786692051
447.3757629615308
447.9866935550117
448.601132249193
449.21903983158586
449.8403760818781
450.46509977669336
451.0931686949546
451.7245396238327
452.3591683653224
452.99700974346797
453.63801761221697
454.2821448639899
454.9293434389005
455.57956433472106
456.2327576175197
456.88887243308193
457.54785701904217
458.2096587177985
458.8742239901493
459.54149842977745
460.21142677843204
460.88395294197966
461.55902000718976
462.2365702593562
462.9165452006883
463.5988855695446
464.28353136041443
464.97042184474884
465.6594955925548
466.3506904947949
467.04394378655513
467.7391920710203
468.43637134416673
469.13541702027175
469.8362639581079
470.5388464878891
471.2430984389323
471.9489531680051
472.656343588347
368.66181648576355
368.66970820319364
368.83850183405224
369.0892204221447
369.38164561743463
369.69507642434155
370.01897251182913
370.3480836395767
370.6799157857069
371.0134142218978
371.34828002140324
371.6846162901042
372.02274615583895
372.36312040479316
372.70627212170336
373.0527962313974
373.403342538769
373.75861645050685
374.11938449447905
374.48648331208426
374.86083165345286
375.24344540447504
375.63545600399226
376.03813286867677
376.4529106896927
376.8814227340045
377.3255415988757
377.78742924912996
378.269598626002
378.7749896564005
379.307063093313
379.8699162146408
380.4684248344236
381.10841597816426
381.79687421710855
382.54218060112595
383.35437359084534
384.2454012677306
385.22929447509756
386.3221170062634
387.5414220347559
388.90474869626826
390.42645543819555
392.11207077486733
393.9498084447086
395.9007353425264
397.8926543154561
399.82581119729747
401.5951542549402
403.12135400988575
404.37211451405864
405.36152630770493
406.13268061416875
406.7377451761071
407.22450232613414
407.6309631831574
407.98488238033525
408.3054939572072
408.60570027286303
408.89398319756873
409.1758504494045
409.4548533328807
409.733274012143
410.01257843005936
410.2937103963835
410.577280814786
410.8636887593375
411.1531986718812
411.4459894799001
411.7422900558985
412.04201292727765
412.3451784243718
412.6520282863676
412.9625532252362
413.2767871650096
413.5947630231855
413.9165126662303
414.2420670194484
414.5714562014435
414.90474064774173
415.24189286804966
415.582963584494
415.92798185697154
416.2769755573993
416.62997167719624
416.9869964760738
417.34807554719066
417.71323383857
418.08249565188936
418.4558846297964
418.83342373775685
419.2151352435306
419.6010406960613
419.9911609045615
420.3855159183724
420.78412500772663
421.1870066457675
421.5941784912552
422.0056573727544
422.42145927365254
422.84159931822575
423.26609175860506
423.69494996262273
424.1281864024469
424.5658126439455
425.0078393366993
425.45427620462283
425.9051320370946
426.36041468057465
426.8201310306093
427.2842870241978
427.75288763245845
428.22593685355025
428.7034377058
429.18539222099747
429.67180143783787
430.1626653954605
430.657983127068
431.1577526536073
431.661970977487
432.17063407632173
432.6837368966939
433.20127334792465
433.7232362958561
434.24961755663435
434.7804078905155
435.31559699567725
435.8551735020756
436.39912496532395
436.947437860643
437.50009757686826
438.05708841055366
438.6183935601841
439.1839951205072
439.75387407702607
440.32801030066105
440.90638254260915
441.4889684294257
442.07574445834666
442.66703794137
443.2623933067515
443.86155579213016
444.4648026005524
445.072105534945
445.6834347902802
446.2987591070536
446.9180459112105
447.54126138855844
448.168370524487
448.7993371254372
449.43412383084745
450.0726921202949
450.715002318257
451.3610135979052
452.0106839846702
452.6639703599536
453.3208284652512
453.9812129068135
454.6450771609357
455.3123735799241
455.98305339879414
456.65706674267904
457.3343626350584
458.01488900674036
458.6985927056648
459.3854195075441
460.0753141273193
460.76822023146946
461.4640804512192
462.16283639658764
462.86442867134195
463.56879688883504
464.2758796887934
464.9856147549575
465.69793883371165
466.41278775359973
467.13009644579375
467.8497989655162
468.5718285143807
469.2961174637182
470.02259737879484
470.7511990440295
471.4818524891488
472.21448701622825
472.9490312277399
473.6854130554892
474.42355979046806
475.16339811362985
475.9048541275403
476.64785338891517
477.3923209420274
478.13818135291893
478.8853587444879
479.63377683227264
480.3833589611129
481.1340281424424
481.8857070923647
482.63831827032516
483.3917839184497
368.6617865568618
368.66970588742
368.83850059549155
369.08921975836745
369.38164458440605
369.69507518810775
370.01897109730476
370.34808205610324
370.6799140311089
371.01341228780177
371.3482778958094
371.6846139584852
372.0227436014505
372.36311760854
372.7062690617762
373.0527928827298
373.4033388723643
373.7586124326413
374.1193800857504
374.48647846630183
374.8608263162856
375.24343951183846
375.6354494800415
376.0381256233465
376.4529026156113
376.88141370264555
377.32553145573286
377.7874178076809
378.2695856601022
378.77497489056964
379.30704618967593
379.86991590881587
380.46842482230704
381.108416177351
381.79687458360087
382.5421811185113
383.35437426322545
384.24540211430286
385.2292955249684
386.3221182929383
387.541423589324
388.9047505387878
390.42645756853375
392.1120731662769
393.949811038757
395.90073802271206
397.89265682860855
399.82581310058697
401.5951551078593
403.121353749832
404.3721135242448
405.36150778630423
406.13268586575333
406.73774418561953
407.2245008352127
407.6309624345495
407.9848821154008
408.3054938344769
408.6057001530075
408.8939830415101
409.17585024976347
409.454853091237
409.7332737322014
410.01257811076243
410.29371004519186
410.5772804387675
410.86368835649927
411.1531982437196
411.4459890276924
411.74228960480474
412.04201243519213
412.3451778816866
412.6520277478924
412.9625526671911
413.2767865881297
413.5947624281458
413.91651205367344
414.2420663899842
414.5714555556624
414.9047399902249
415.2418921913951
415.582962893176
415.9279811514885
416.2769748382399
416.6299709448378
416.98699573097167
417.34807478979394
417.71323306930157
418.08249487115904
418.4558838380056
418.8334229352892
419.2151344307555
419.6010398733356
419.99116007223125
420.38551507672867
420.78412415727223
421.1870057866785
421.59417762383686
422.00565649729833
422.4214583904499
422.8415984275569
423.26609086074905
423.69494905785183
424.1281854910332
424.565811726156
425.00783841280423
425.4542752748874
425.90513110179126
426.36041373997284
426.8201300849815
427.2842860738191
427.75288667760384
428.2259358944944
428.703436742819
429.18539125436484
429.6718004678232
430.1626644223257
430.65798215106526
431.15775167497844
431.66196999645075
432.1706330930797
432.6837359114197
433.2012723607643
433.7232353069188
434.2496165659931
434.7804068981971
435.3155960016694
435.8551725063176
436.3991239677099
436.94743686101873
437.5000965750384
438.05708740628256
438.61839255319575
439.1839941105028
439.7538730636744
440.32800928361775
440.906381521521
441.48896740393053
442.07574342809215
442.6670191698835
443.2623939398379
443.8615562438246
444.46480290772865
445.07210572358537
445.6834348786447
446.2987591082545
446.9180458349146
447.5412612421215
448.1683703136928
448.7993368549953
449.43412350472653
450.0726917419198
450.7150018906666
451.3610131238483
452.01068346666904
452.66396980033903
453.3208278662071
453.9812122703884
454.64507648906886
455.31237287444736
455.98305266144433
456.65706597510956
457.3343618388311
458.0148881833498
458.69859185653434
459.38541863402713
460.07531323069435
460.76821931297
461.46407951200825
462.1628354377762
462.8644276939804
463.5687958939306
464.2758786772973
464.98561372778295
465.69793779171664
466.41278669759356
467.13009537655745
467.84979788377643
468.5718274208364
469.2961163590238
470.02259626356425
470.75119791885567
471.48185135456475
472.2144858727544
472.9490300758559
473.6854118956371
474.42355862307033
475.16339693906974
475.9048529461722
476.647852201071
477.3923197480059
478.13818015300046
478.8853575389063
479.6337756212436
480.38335774483346
481.13402692107513
481.8857058660586
482.6383170391838
483.3917826825689
368.66181648576355
368.66970820319364
368.83850183405224
369.0892204221447
369.38164561743463
369.69507642434155
370.01897251182913
370.3480836395767
370.6799157857069
371.0134142218978
371.34828002140324
371.6846162901042
372.02274615583895
372.36312040479316
372.70627212170336
373.0527962313974
373.403342538769
373.75861645050685
374.11938449447905
374.48648331208426
374.86083165345286
375.24344540447504
375.63545600399226
376.03813286867677
376.4529106896927
376.8814227340045
377.3255415988757
377.78742924912996
378.269598626002
378.7749896564005
379.307063093313
379.8699162146408
380.4684248344236
381.10841597816426
381.79687421710855
382.54218060112595
383.35437359084534
384.2454012677306
385.22929447509756
386.3221170062634
387.5414220347559
388.90474869626826
390.42645543819555
392.11207077486733
393.9498084447086
395.9007353425264
397.8926543154561
399.82581119729747
401.5951542549402
403.12135400988575
404.37211451405864
405.36152630770493
406.13268061416875
406.7377451761071
407.22450232613414
407.6309631831574
407.98488238033525
408.3054939572072
408.60570027286303
408.89398319756873
409.1758504494045
409.4548533328807
409.733274012143
410.01257843005936
410.2937103963835
410.577280814786
410.8636887593375
411.1531986718812
411.4459894799001
411.7422900558985
412.04201292727765
412.3451784243718
412.6520282863676
412.9625532252362
413.2767871650096
413.5947630231855
413.9165126662303
414.2420670194484
414.5714562014435
414.90474064774173
415.24189286804966
415.582963584494
415.92798185697154
416.2769755573993
416.62997167719624
416.9869964760738
417.34807554719066
417.71323383857
418.08249565188936
418.4558846297964
418.83342373775685
419.2151352435306
419.6010406960613
419.9911609045615
420.3855159183724
420.78412500772663
421.1870066457675
421.5941784912552
422.0056573727544
422.42145927365254
422.84159931822575
423.26609175860506
423.69494996262273
424.1281864024469
424.5658126439455
425.0078393366993
425.45427620462283
425.9051320370946
426.36041468057465
426.8201310306093
427.2842870241978
427.75288763245845
428.22593685355025
428.7034377058
429.18539222099747
429.67180143783787
430.1626653954605
430.657983127068
431.1577526536073
431.661970977487
432.17063407632173
432.6837368966939
433.20127334792465
433.7232362958561
434.24961755663435
434.7804078905155
435.31559699567725
435.8551735020756
436.39912496532395
436.947437860643
437.50009757686826
438.05708841055366
438.6183935601841
439.1839951205072
439.75387407702607
440.32801030066105
440.90638254260915
441.4889684294257
442.07574445834666
442.66703794137
443.2623933067515
443.86155579213016
444.4648026005524
445.072105534945
445.6834347902802
446.2987591070536
446.9180459112105
447.54126138855844
448.168370524487
448.7993371254372
449.43412383084745
450.0726921202949
450.715002318257
451.3610135979052
452.0106839846702
452.6639703599536
453.3208284652512
453.9812129068135
454.6450771609357
455.3123735799241
455.98305339879414
456.65706674267904
457.3343626350584
458.01488900674036
458.6985927056648
459.3854195075441
460.0753141273193
460.76822023146946
461.4640804512192
462.16283639658764
462.86442867134195
463.56879688883504
464.2758796887934
464.9856147549575
465.69793883371165
466.41278775359973
467.13009644579375
467.8497989655162
468.5718285143807
469.2961174637182
470.02259737879484
470.7511990440295
471.4818524891488
472.21448701622825
472.9490312277399
473.6854130554892
474.42355979046806
475.16339811362985
475.9048541275403
476.64785338891517
477.3923209420274
478.13818135291893
478.8853587444879
479.63377683227264
480.3833589611129
481.1340281424424
481.8857070923647
482.63831827032516
483.3917839184497
484.1460261014602
368.6617865568618
368.66970588742
368.83850059549155
369.08921975836745
369.38164458440605
369.69507518810775
370.01897109730476
370.34808205610324
370.6799140311089
371.01341228780177
371.3482778958094
371.6846139584852
372.0227436014505
372.36311760854
372.7062690617762
373.0527928827298
373.4033388723643
373.7586124326413
374.1193800857504
374.48647846630183
374.8608263162856
375.24343951183846
375.6354494800415
376.0381256233465
376.4529026156113
376.88141370264555
377.32553145573286
377.7874178076809
378.2695856601022
378.77497489056964
379.30704618967593
379.86991590881587
380.46842482230704
381.108416177351
381.79687458360087
382.5421811185113
383.35437426322545
384.24540211430286
385.2292955249684
386.3221182929383
387.541423589324
388.9047505387878
390.42645756853375
392.1120731662769
393.949811038757
395.90073802271206
397.89265682860855
399.82581310058697
401.5951551078593
403.121353749832
404.3721135242448
405.36150778630423
406.13268586575333
406.73774418561953
407.2245008352127
407.6309624345495
407.9848821154008
408.3054938344769
408.6057001530075
408.8939830415101
409.17585024976347
409.454853091237
409.7332737322014
410.01257811076243
410.29371004519186
410.5772804387675
410.86368835649927
411.1531982437196
411.4459890276924
411.74228960480474
412.04201243519213
412.3451778816866
412.6520277478924
412.9625526671911
413.2767865881297
413.5947624281458
413.91651205367344
414.2420663899842
414.5714555556624
414.9047399902249
415.2418921913951
415.582962893176
415.9279811514885
416.2769748382399
416.6299709448378
416.98699573097167
417.34807478979394
417.71323306930157
418.08249487115904
418.4558838380056
418.8334229352892
419.2151344307555
419.6010398733356
419.99116007223125
420.38551507672867
420.78412415727223
421.1870057866785
421.59417762383686
422.00565649729833
422.4214583904499
422.8415984275569
423.26609086074905
423.69494905785183
424.1281854910332
424.565811726156
425.00783841280423
425.4542752748874
425.90513110179126
426.36041373997284
426.8201300849815
427.2842860738191
427.75288667760384
428.2259358944944
428.703436742819
429.18539125436484
429.6718004678232
430.1626644223257
430.65798215106526
431.15775167497844
431.66196999645075
432.1706330930797
432.6837359114197
433.2012723607643
433.7232353069188
434.2496165659931
434.7804068981971
435.3155960016694
435.8551725063176
436.3991239677099
436.94743686101873
437.5000965750384
438.05708740628256
438.61839255319575
439.1839941105028
439.7538730636744
440.32800928361775
440.906381521521
441.48896740393053
442.07574342809215
442.6670191698835
443.2623939398379
443.8615562438246
444.46480290772865
445.07210572358537
445.6834348786447
446.2987591082545
446.9180458349146
447.5412612421215
448.1683703136928
448.7993368549953
449.43412350472653
450.0726917419198
450.7150018906666
451.3610131238483
452.01068346666904
452.66396980033903
453.3208278662071
453.9812122703884
454.64507648906886
455.31237287444736
455.98305266144433
456.65706597510956
457.3343618388311
458.0148881833498
458.69859185653434
459.38541863402713
460.07531323069435
460.76821931297
461.46407951200825
462.1628354377762
462.8644276939804
463.5687958939306
464.2758786772973
464.98561372778295
465.69793779171664
466.41278669759356
467.13009537655745
467.84979788377643
468.5718274208364
469.2961163590238
470.02259626356425
470.75119791885567
471.48185135456475
472.2144858727544
472.9490300758559
473.6854118956371
474.42355862307033
475.16339693906974
475.9048529461722
476.647852201071
477.3923197480059
478.13818015300046
478.8853575389063
479.6337756212436
480.38335774483346
481.13402692107513
481.8857058660586
482.6383170391838
483.3917826825689
484.146024860907
