39.07306395486736
39.305619108214145
39.63385868954398
40.01939490957648
40.43961080043299
40.88109625990498
41.335884696963774
41.79923591495118
42.26831821477049
42.7414241002611
43.217505093891084
43.69589750425966
44.176162022832834
44.657990730433816
45.14115368717162
45.625468536756244
46.11078334261246
46.59696693681296
47.0839034758632
47.57148931667805
48.05963115212369
48.548244820556675
49.037254473249085
49.526591933886536
50.01619616634648
50.50601281038901
50.9959937668494
51.486096824207344
51.97628532256899
52.46652785222197
52.95679798371937
53.44707402582639
53.93733880707739
54.42757947634976
54.91778731782431
55.407957575947556
55.89808928649393
56.388185110454515
56.87825116820288
57.36829687212296
57.858334756592306
58.348380304847005
58.83845177279654
59.328570010295536
59.81875828070484
60.309042079804286
60.799448955254825
61.29000832786602
61.78075131591555
62.27171056371071
62.762920075486704
63.25441505560894
63.74623175590912
64.23840733083672
64.73097970094828
65.22398742511915
65.7174695817067
66.21146565877547
66.70601545336079
67.20115897965086
67.6969363858674
68.19338787954634
68.69055366085749
69.18847386354655
69.6871885030433
70.18673743125555
70.68716029754655
71.18849651538828
71.6907852341834
72.19406531575581
72.69837531502515
73.20375346439445
73.71023766141298
74.21786545928872
74.72667405986462
75.2367003086962
75.74798069189728
76.26055133445426
76.77444799973988
77.28970608997773
77.80636064744834
78.32444635624617
78.84399754442468
79.36504818638842
79.88763190541383
80.41178197619969
80.93753132736364
81.46491254381989
81.99395786898576
82.52469920677717
83.05716812336466
83.59139584866848
84.1274132775852
84.66525097093371
85.20493915612934
85.7465077275847
86.28998624684738
86.83540394248872
87.38278970975227
87.93217210997935
88.48357936982761
89.03703938029851
89.59257969558757
90.15022753177897
90.71000976539351
91.27195293181171
91.8360832235818
92.40242648862765
92.97100822837085
93.54185359577735
94.11498739333808
94.69043407099973
95.26821772404507
95.84836209094107
96.43089055115465
97.01582612294773
97.60319146115442
98.1930088549475
98.78530022559924
99.3800871242371
99.97739072960265
100.57723184581549
101.1796309001435
101.78460794078296
102.39218263465266
103.0023742652005
103.61520173022882
104.23068353973522
104.84883781377489
105.46968228034451
106.09323427328786
106.71951073022467
107.34852819050745
107.98030279320463
108.61485027510858
109.25218596877824
109.89232480060816
110.53528128893242
111.18106954216088
111.8297032569512
112.48119571641661
113.13555978837283
113.79280792362124
114.45295215427745
115.11600409213776
115.78197492709339
116.4508754255837
117.12271592910443
117.79750635275767
118.47525618385261
119.1559744805582
119.83966987060904
120.52635055006034
121.21602428210231
121.90869839592695
122.60437978565163
123.30307490930092
124.00478978784798
124.7095300043103
125.41730070290903
126.1281065882878
126.84195192478676
127.55884053578293
128.2787758030832
129.00176066638164
129.72779762277605
130.45688872633716
131.18903558773968
131.9242393739456
132.66250080794484
133.40382016854576
134.14819729021954
134.89563156298604
135.646121932355
136.39966689930452
137.15626452029986
137.91591240735377
138.6786077281158
139.4443472059926
140.21312712029751
140.98494330641756
141.75979115600282
142.53766561716347
143.3185611946767
144.10247195020156
144.88939150248092
145.6793130275446
146.4722292588945
147.26813248767087
148.06701456279487
148.86886689107678
149.6736804372893
150.48144572419386
151.2921528325204
152.10579140088836
152.92235062565976
153.74181926073527
154.56418561726213
155.38943756326617
