0.1708793187882812
0.17253039711526033
0.17431661430049936
0.17611443331351648
0.17784725312950356
0.1794718002073273
0.18096530826906673
0.18231709465218482
0.1835233319007779
0.18458390322982057
0.1855005672068623
0.186275926256812
0.1869128795539359
0.18741436219190397
0.1877832493077924
0.18802235155234115
0.1881344575972455
0.1881223972352943
0.1879891094751972
0.18773770662283945
0.18737152935871962
0.1868941902905578
0.1863096049987668
0.18562201056004876
0.18483597214985364
0.1839563787113651
0.18298842891448938
0.1819376087582545
0.18080966222038533
0.1796105563529409
0.17834644217509943
0.17702361263522945
0.17564845881524863
0.17422742543803202
0.1727669666185933
0.1712735026797808
0.1697533787309384
0.1682128255940149
0.1666579235482728
0.1650945692614411
0.16352844617601006
0.16196499852941953
0.1604094091043428
0.1588665807294745
0.15734112148599327
0.15583733351626003
0.15435920528245686
0.15291040708165132
0.1514942895920252
0.15011388520071414
0.14877191184602534
0.14747077909852435
0.14621259620125632
0.14499918179065457
0.14383207502887543
0.1427125478856153
0.1416416183252572
0.14062006416752632
0.13964843741150829
0.1387270788293414
0.13785613265688715
0.1370355612287286
0.13626515942332487
0.13554456880398716
0.1348732913593378
0.13425070276317336
0.13367606509022578
0.13314853893845335
0.13266719492154525
0.13223102450733235
0.1318389501876599
0.13148983497569774
0.13118249123231293
0.1309156888323947
0.13068816268555486
0.13049861963107917
0.13034574473084706
0.13022820698638762
0.13014466450782852
0.13009376916553284
0.1300741707542459
0.13008452070119364
0.13012347534894605
0.1301896988438806
0.1302818656601034
0.13039866278785778
0.13053879161462595
0.13070096952561508
0.13088393124916203
0.13108642997126246
0.1313072382417672
0.13154514869395684
0.13179897459663922
0.1320675502582766
0.13234973129918493
0.1326443948082945
0.1329504393988596
0.1332667851760504
0.13359237362901322
0.13392616745824
0.13426715034823528
0.13461432669449455
0.1349667212932953
0.13532337900102126
0.13568336437026585
0.13604576126793605
0.13640967248095928
0.13677421931401781
0.13713854118331836
0.13750179520991201
0.13786315581587047
0.13822181432541325
0.13857697857400944
0.13892787252664515
0.13927373590742995
0.1396138238415227
0.13994740651065335
0.140273768823094
0.14059221009851344
0.1409020437686425
0.14120259709365685
0.14149321089463954
0.14177323930219943
0.14204204952121816
0.14229902161139701
0.14254354828371357
0.14277503471208053
0.14299289836023651
0.1431965688231869
0.14338548768281145
0.14355910837716804
0.14371689608301985
0.14385832761084966
0.14398289131185335
0.14409008699656664
0.14417942586402077
0.1442504304413239
0.14430263453268988
0.14433558317746778
0.14434883261648337
0.1443419502661109
0.14431451469935394
0.14426611563358244
0.14419635392390484
0.144104841562062
0.14399120167976096
0.14385506855646715
0.14369608763040514
0.14351391551279236
0.14330822000452517
0.14307868011479458
0.14282498608109606
0.14254683939037327
0.14224395280046503
0.1419160503617059
0.14156286743809093
0.1411841507276174
0.14077965828130473
0.1403491595207092
0.13989243525339218
0.13940927768589884
0.13889949043427222
0.13836288853129508
0.13779929843063496
0.1372085580072416
0.13659051655383533
0.13594503477340836
0.13527198476722918
0.13457125001837675
0.1338427253704058
0.13308631700115195
0.13230194239129764
0.1314895302878949
0.13064902066225964
0.12978036466251272
0.1288835245605537
0.12795847369325042
0.127005196398028
0.12602368794266722
0.12501395444925667
0.1239760128124355
0.12290989061173915
0.12181562601827496
0.12069326769564209
0.11954287469503976
0.11836451634497741
0.11715827213525765
0.11592423159560705
0.11466249416894418
0.11337316907940417
0.11205637519530907
0.1107122408871469
0.10934090388081118
0.10794251110613984
0.10651721854100994
0.10506519105128086
0.10358660222641415
0.10208163421142909
0.10055047753507569
