-2.093513716388195
-2.0922949925164382
-2.090390622366442
-2.0880842657501493
-2.0855211003507494
-2.08277923892467
-2.0799017934024593
-2.0769137043866728
-2.0738305436420936
-2.0706631415761976
-2.067420031094
-2.064108754027653
-2.0607365779417
-2.057310910536934
-2.053839562854286
-2.0503309416503264
-2.046794214628648
-2.0432394734496064
-2.039677910152319
-2.0361220184208637
-2.0325858297617203
-2.0290851950065654
-2.0256381230963276
-2.022265191655619
-2.018990047448122
-2.015840019563874
-2.012846874377018
-2.0100477492555804
-2.007486312073386
-2.0052142061077927
-2.003292855049485
-2.0017957723516755
-2.0008111788313854
-2.000445800133268
-2.000828986382123
-2.0021179568910776
-2.004503840759724
-2.0082182115416716
-2.0135391119316095
-2.0207942538516503
-2.030356642694932
-2.0426237667290583
-2.057965673889877
-2.076622028909074
-2.098532088718168
-2.1231124648347595
-2.1490722959358983
-2.1744430839839017
-2.196974874625747
-2.2148017628544903
-2.2269895618139097
-2.2336285953189994
-2.2355125435838965
-2.2337019427851033
-2.2292085134677566
-2.222851767956988
-2.2152356217459555
-2.206780126738794
-2.1977671519457447
-2.1883816800962386
-2.178743479753767
-2.168929497513546
-2.1589889872466244
-2.1489534628383264
-2.1388431407950166
-2.128671069603073
-2.1184457602114026
-2.108172855481874
-2.097856187268793
-2.0874974464576286
-2.077100436171936
-2.066666899263909
-2.0561962090556416
-2.045690155693898
-2.035149699721712
-2.0245757200320806
-2.013969045614965
-2.0033304749981693
-1.9926607881588705
-1.9819606200741244
-1.9712309768095744
-1.9604725177921716
-1.94968599283576
-1.938872152915186
-1.9280317494839925
-1.9171655341216525
-1.9062742583391956
-1.8953586734560015
-1.884419530509462
-1.8734575801809696
-1.8624735727317339
-1.8514682579459985
-1.840442385081052
-1.8293967028243419
-1.818331959257363
-1.8072489018257474
-1.7961482773174688
-1.785030831845114
-1.773897310835486
-1.7627484590238038
-1.7515850204526697
-1.7404077384753152
-1.7292173557623909
-1.7180146143119648
-1.7068002554620845
-1.6955750199055502
-1.6843396477064203
-1.6730948783177386
-1.6618414506003378
-1.650580102842106
-1.6393115727775507
-1.6280365976074171
-1.6167559140178906
-1.605470258199434
-1.5941803658647853
-1.5828869722661476
-1.5715908122112658
-1.5602926200783398
-1.5489931298296113
-1.53769307502356
-1.526393188825551
-1.515094204016984
-1.5037968530027421
-1.4925018678170223
-1.4812099801273972
-1.469921921237159
-1.4586384220858606
-1.4473602132480867
-1.436088024930371
-1.42482258696629
-1.413564628809683
-1.4023148795260585
-1.3910740677820101
-1.3798429218327872
-1.3686221695079581
-1.3574125381950222
-1.3462147548210674
-1.3350295458324637
-1.323857637172364
-1.3126939438177743
-1.301555445952596
-1.290427937187866
-1.2793166161994949
-1.2682222062344946
-1.257145430158632
-1.2460870103313804
-1.235047668382211
-1.2240281250926206
-1.2130291003252118
-1.202051312971129
-1.1910954809026615
-1.180162320925123
-1.1692525487253347
-1.1583668788160053
-1.1475060244756523
-1.1366706976840475
-1.125861609053224
-1.1150794677542135
-1.104324981439363
-1.093598856160386
-1.0829017962819367
-1.0722345043908639
-1.0615976812009107
-1.0509920254528038
-1.0404182338097692
-1.0298770007482645
-1.019369018443929
-1.0088949766525974
-0.9984555625864612
-0.9880514607850942
-0.977683352981512
-0.967351917963053
-0.9570578314271109
-0.9468017658316991
-0.9365843902408213
-0.9264063701645906
-0.9162683673941542
-0.9061710398314773
-0.8961150413138802
-0.8861010214335269
-0.8761296253518551
-0.8662014936089055
-0.8563172619279164
-0.8464775610149525
-0.8366830163539358
-0.8269342479970834
-0.8172318703509135
-0.807576491958052
-0.7979687152749031
-0.7884091364454837
-0.7788983450715788
-0.7694369239794479
-0.7600254489833711
-0.7506644886462206
-0.7413546040373732
-0.7320963484883457
-0.7228902673462213
-0.7137368977255393
-0.7046367682585756
-0.6955903988447683
