8.883940709712755
8.974711398253655
9.06123343581911
9.143673105335356
9.222198447005718
9.296970699018567
9.368142992342129
9.435860468703483
9.50026067043296
9.561473970541725
9.619623994947185
9.674828026096549
9.727197385316728
9.776837793305246
9.823849708934018
9.868328646925763
9.91036547519739
9.950046692809407
9.987454689542902
10.022667988163844
10.055761470440354
10.086806587962156
10.11587155877916
10.143021550833678
10.168318853112027
10.191823035388797
10.213591097383512
10.233677608095743
10.252134836032324
10.269012870989833
10.284359738007245
10.298221504058182
10.310642378009245
10.32166480433097
10.331329551010672
10.339675792081774
10.346741185152274
10.352561944285373
10.357172908558006
10.360607606597862
10.362898317376334
10.364076127513583
10.364170985332256
10.363211751878508
10.361226249112313
10.358241305454037
10.35428279886008
10.34937569758775
10.34354409879762
10.336811265130823
10.32919965938875
10.320730977433463
10.3114261794186
10.301305518922199
10.290388572746243
10.278694266097004
10.2662408986387
10.25304616877231
10.239127196760432
10.224500546764528
10.209182247856617
10.193187814063432
10.176532263497174
10.159230136623584
10.141295513714704
10.12274203153073
10.103582899272501
10.083830913843617
10.063498474458695
10.042597596632108
10.021139925579332
9.999136749061234
9.976599009699655
9.9535373167911
9.929961957643693
9.905882908461058
9.881309844795501
9.856252151591537
9.830718932839593
9.804719020858649
9.778260985225478
9.751353141367227
9.7240035588331
9.6962200692601
9.668010274046955
9.639381551749587
9.610341065210818
9.580895768436301
9.551052413228026
9.520817555586254
9.490197561890058
9.459198614866219
9.427826719355734
9.396087707886636
9.363987246061555
9.331530837767891
9.298723830218176
9.265571418827783
9.232078651936892
9.198250435383143
9.164091536931275
9.129606590565636
9.094800100651222
9.059676445968687
9.024239883628423
8.988494552868694
8.95244447874249
8.916093575697651
8.879445651673135
8.842504408997833
8.805273452016213
8.767756285954384
8.72995632249151
8.69187688216937
8.653521197336225
8.614892415013687
8.575993599689758
8.536827736040955
8.497397731586366
8.457706419276365
8.41775656001864
8.377550845144015
8.33709189881453
8.296382280376136
8.255424486658239
8.214220954222277
8.17277406156146
8.13108613125366
8.089159432069469
8.046996181037263
8.004598545467152
7.961968644935554
7.919108553232123
7.876020300270713
7.832705873965963
7.789167222077063
7.745406254020249
7.7014248426514476
7.657224826020558
7.612808009098715
7.568176165479903
7.523331039058237
7.4782743456821805
7.433007774786974
7.387532991006455
7.34185163576548
7.295965328854118
7.249875669984725
7.20358424033302
7.157092604064259
7.110402309845554
7.063514892345389
7.016431873721353
6.969154765097098
6.921685068029511
6.8740242759670656
6.826173875700323
6.778135348805507
6.729910173082113
6.681499823985433
6.632905776054946
6.58412950433944
6.5351724858197935
6.48603620083026
6.436722134479167
6.38723177806989
6.3375666305229865
6.287728199800334
6.237718004332151
6.187537574447779
6.137188453811083
6.086672200861325
6.035990390260415
5.985144614347393
5.934136484601041
5.882967633111508
5.831639714061857
5.780154405220438
5.728513409445048
5.67671845619975
5.624771303085385
5.572673737384711
5.520427577623163
5.468034675146294
5.415496915714897
5.362816221118919
5.309994550811269
5.257033903562647
5.203936319138599
5.15070388000001
5.097338713028305
5.04384299127669
4.9902189357488
4.936468817206191
4.882594958006195
4.828599733971683
4.774485576294429
4.720254973473784
4.665910473292497
