-3.68574431819142
-3.684905915993822
-3.682587140113355
-3.6806202181019665
-3.67914933276537
-3.678083622071152
-3.677322163928089
-3.676785569111321
-3.6764149927646046
-3.676167210109807
-3.6760104193181924
-3.6759211536668572
-3.6758820578890172
-3.6758802796309515
-3.6759062958750905
-3.675953050339202
-3.6760153160875872
-3.6760892229105258
-3.6761719062121014
-3.676261245962419
-3.6763556726234743
-3.676454022964764
-3.6765554330798746
-3.6766592591082894
-3.676765018597663
-3.67687234720013
-3.6769809667617657
-3.677090661837473
-3.6772012624450348
-3.6773126314148468
-3.677424655120618
-3.677537236696773
-3.6776502910720725
-3.677763741338626
-3.6778775160861414
-3.6779915474487055
-3.6781057696641932
-3.678220118008447
-3.6783345280026363
-3.6784489348175704
-3.67856327282239
-3.6786774752436022
-3.6787914738914287
-3.6789051989530988
-3.6790185788249423
-3.67913153997397
-3.679244006831018
-3.67935590169161
-3.6794671446449514
-3.6795776535042695
-3.6796873437532183
-3.679796128499486
-3.6799039184346123
-3.6800106218027935
-3.6801161443745176
-3.680220389426296
-3.680323257727077
-3.680424647528822
-3.680524454563149
-3.6806225720441836
-3.6807188906753403
-3.680813298662476
-3.6809056817330905
-3.680995923160621
-3.681083903795129
-3.6811695020981254
-3.681252594186303
-3.681333053880626
-3.6814107527598336
-3.681485560222653
-3.6815573435559963
-3.6816259680101715
-3.681691296880846
-3.6817531915978203
-3.68181151182154
-3.6818661155455854
-3.6819168592074316
-3.681963597808601
-3.6820061850350605
-3.682044473395087
-3.6820783143546048
-3.6821075584865874
-3.6821320556248165
-3.682151655023535
-3.6821662055259363
-3.682175555739071
-3.6821795542130884
-3.6821780496291026
-3.682170890989306
-3.6821579278176126
-3.682139010359646
-3.682113989791962
-3.682082718430721
-3.682045049948715
-3.682000839590688
-3.6819499443952206
-3.6818922234148457
-3.681827537939625
-3.681755751720754
-3.6816767311911174
-3.6815903456902324
-3.6814964676810793
-3.6813949729707525
-3.681285740921814
-3.6811686546637326
-3.6810436012982337
-3.6809104720978536
-3.6807691626992036
-3.6806195732892784
-3.6804616087835775
-3.6802951789934686
-3.6801201987893846
-3.6799365882471378
-3.679744272789996
-3.679543183315078
-3.6793332563090746
-3.679114433955439
-3.678886664220645
-3.678649900938019
-3.6784041038690134
-3.6781492387544414
-3.6778852773538233
-3.6776121974675675
-3.677329982947576
-3.6770386236898096
-3.676738115617779
-3.67642846064967
-3.6761096666522493
-3.6757817473800665
-3.675444722401959
-3.6750986170182047
-3.6747434621587995
-3.674379294275248
-3.67400615521787
-3.673624092104742
-3.67323315717672
-3.672833407646034
-3.672424905534534
-3.6720077175030097
-3.67158191467377
-3.6711475724451894
-3.670704770300715
-3.670253591611965
-3.6697941234375264
-3.6693264563149808
-3.66885068405493
-3.6683669035260498
-3.66787521444256
-3.6673757191471488
-3.666868522397672
-3.6663537311469536
-3.665831454330776
-3.6653018026508755
-3.664764888363687
-3.664219012100514
-3.6636697518619017
-3.663111731770441
-3.6625469082253677
-3.661975401970204
-3.661397328868
-3.6608128056864713
-3.6602219495264907
-3.6596248774403475
-3.659021706168588
-3.6584125519358746
-3.657797530273727
-3.6571767558571446
-3.6565503423536105
-3.6559184022820186
-3.6552810468735744
-3.6546383859475227
-3.6539905277833684
-3.653337579009027
-3.652679644491372
-3.652016827231672
-3.6513492282707287
-3.650676946598798
-3.650000079072058
-3.6493187203348176
-3.648632962750565
-3.6479428963343983
-3.6472486086933205
-3.6465501849753594
-3.645847707821389
-3.6451412573224506
-3.6444309109811277
-3.6437167436846734
-3.6429988276742926
-3.642277232527904
-3.641552025139586
-3.640823269712295
-3.6400910277471823
-3.639355358044556
-3.638616316702912
-3.6378739571261134
-3.637128330033546
-3.6363794834762255
-3.635627462849002
-3.6348723109184844
