133.8195987738603
133.989470743862
133.93912028319335
133.8417100242618
133.70190871450856
133.52293228444893
133.30744897338113
133.0577975189729
132.7760784557446
132.4642126021843
132.12398474537576
131.75707751201716
131.3650977319913
130.94959675559284
130.5120857682352
130.05404688842634
129.57694066702348
129.08221049580598
128.57128436315634
128.04557435177222
127.50647424620531
126.95535932260728
126.39356716817166
125.82241117318084
16.843860385195985
8.29085892717416
4.559619167974942
3.0877124007281425
2.5379338591240286
2.3458918412422327
2.290503514049152
2.2876788227169205
2.305806690227278
2.3330398778937793
2.3649130635208353
2.399704767334113
2.4367101227793957
2.4756002541556756
2.5161854099665053
2.5583275920318314
2.601908402924673
2.646817284870705
2.6929473257717036
2.7401939178206867
2.7884545302998456
2.8376289450432375
2.8876196980101057
2.9383326135053447
133.8195987738603
133.989470743862
133.93912028319335
133.8417100242618
133.70190871450856
133.52293228444893
133.30744897338113
133.0577975189729
132.7760784557446
132.4642126021843
132.12398474537576
131.75707751201716
131.3650977319913
130.94959675559284
130.5120857682352
130.05404688842634
129.57694066702348
129.08221049580598
128.57128436315634
128.04557435177222
127.50647424620531
126.95535932260728
126.39356716817166
125.82241117318084
