47.241279542229236
47.118829740079114
47.174297434732445
47.25368129033516
47.32962697200804
47.3989768432051
47.46270044147559
47.52213278401283
47.578368085195834
47.632230623886116
47.684330686410505
47.73511877794512
47.78492717229181
47.83400050556174
47.8825182529529
47.93061132781712
47.97837440442829
48.02587510058616
48.07316083542872
48.12026395580271
48.16720556809861
48.213998400126805
48.26064893565187
48.307159003646284
48.35352695917087
48.39974855890913
48.445817608859976
48.491726442428934
48.53746627260555
48.5830274509294
48.6283996576624
48.67357204135052
48.71853332127552
48.76327186279135
48.807775732920085
48.852032741633465
48.896030472798294
48.9397563076937
48.983197443219055
49.02634090633144
49.0691735658269
49.111682142269885
49.15385321664992
49.195673238181556
49.23712853154494
49.278205303780524
49.3188896509893
49.35916756494715
49.399024939710216
49.43844757826606
49.47742119926963
49.51593144389124
49.55396388279628
49.591504023269906
49.62853731649582
49.66504916499531
49.70102493022981
49.73644994036877
49.77130949822279
49.80558888934086
49.83927339026924
49.87234827696857
49.90479883338512
49.93661036017033
49.9677681835433
49.998257664288545
50.028064206881616
50.057173268733784
50.085570369546296
50.11324110076409
50.14017113511781
50.16634623624216
50.19175226835835
50.21637520600686
50.24020114381679
50.263216306296954
50.28540705763317
50.306759911475844
50.32726154070124
50.34689878712908
50.36565867117901
50.3835284014477
50.400495384187955
50.41654723267134
50.431671776414774
50.44585707025216
50.4590914032314
50.47136330731741
50.48266156588165
50.49297522195884
50.50229358625172
50.510606244864995
50.51790306674988
50.52417421084126
50.52941013287004
50.53360159183354
50.536739656108004
50.538815709187816
50.53982145503674
50.53974892303792
50.538590472530046
50.53633879691828
50.53298692734969
50.528528235944584
50.52295643857563
50.516265597188934
50.50845012166179
50.49950477119398
50.48942465523047
50.47820523391495
50.465842318075346
50.45233206874369
50.437670996214386
50.421855958646255
50.404884160215246
50.38675314882639
50.36746081339431
50.347005380703735
50.32538541186206
50.30259979835755
50.27864775773812
50.25352882892609
50.22724286718592
50.19979003876245
50.17117081520813
50.141385967418536
50.110436559395815
50.07832394176038
50.0450497450318
50.01061587269969
49.9750244941061
49.9382780371607
49.90037918091027
49.86133084798382
49.82113619693466
49.77979861450032
49.737321707800916
49.69370929649652
49.64896540492291
49.60309425422531
49.556100254508465
49.507987997021274
49.45876224639319
49.408427932938785
49.35699014504638
49.30445412166567
49.25082524490828
49.19610903277456
49.140311132019065
49.083437311166
49.02549345368524
48.9664855513388
48.906419697706234
48.84530208189734
48.783138982458766
48.719934992459116
48.65570150133478
48.59044081627207
48.5241602813489
48.45686671557899
48.3885668683498
48.31926750976011
48.248975447248995
48.17769752795476
48.10544063730416
48.032211696369046
47.958017658842174
47.88286550797264
47.806762253605726
47.72971492938863
47.65173059016768
47.57281630958611
47.49297917788445
47.412226299902194
47.33056479327794
47.24800178684427
47.16454441921322
47.080199837547944
46.99497519651595
46.90887765741906
46.8219143874953
46.734092559387605
46.645419350774475
46.55590194415714
46.46554752679826
46.37436329080683
46.282356433364285
46.18953415708601
46.09590367051359
46.00147218873217
45.906246934107706
45.81023513713888
45.71344403741863
45.61588088469968
45.517552940059275
45.41846747715783
45.31863178358616
45.218053162296506
45.116738933112046
