4856.544
4836.273572591661
4815.947298133575
4795.561378983399
4775.1149161708045
4754.608462455778
4734.043304906013
4713.421094053188
4692.74365335658
4672.012882016867
4651.230706279812
4630.399055945369
4609.519854031886
4588.595013372935
4567.626436948744
4546.616020326465
4525.565655404059
4504.477235085177
4483.352658745515
4462.1938384831465
4441.002706227773
4419.781221844023
4398.531382417151
4377.255232964874
4355.954878882941
4334.632500509815
4313.290370293016
4291.930873162471
4270.556530872157
4249.170031269316
4227.774263700947
4206.372362081205
4184.967757599749
4163.564243097102
4142.166052693638
4120.777959384217
4099.405394734255
4078.0545942509725
4056.7327707392656
4035.448313999541
4014.2110060407263
3993.032222071974
3971.9250522460743
3950.9042206674153
3929.9855989242888
3909.1850472947976
3888.516374395788
3867.988556256679
3847.6030456330923
3827.3525881336705
3807.2225851372514
3787.194561345642
3767.25001681542
3747.373100171789
3727.551663384928
3707.777138319913
3688.043871198489
3668.348358786796
3648.68859190483
3629.0635601928175
3609.4729041472
3589.916680601787
3570.395208609437
3550.9089697304817
3531.4585441527593
3512.04457002626
3492.6677176897647
3473.3286733916216
3454.028129040825
3434.766775781248
3415.545301542884
3396.364382982737
3377.2246893937613
3358.1268842257273
3339.0716177617414
3320.059530051503
3301.0912507444586
3282.1673990584654
3263.28858383166
3244.4554036258723
3225.6684468068875
3206.9282916869915
3188.2355069654477
3169.5906516699692
3150.9942753578152
3132.446918312703
3113.9491117399343
3095.501377960829
3077.10423060679
3058.7581748130306
3040.4637074117677
3022.2213171246976
3004.0314847544746
2985.894683374948
2967.8113785199293
2949.7820283702304
2931.8070839387756
2913.886989253574
2896.022181538352
2878.2130913906767
2860.460142957403
2842.763754107285
2825.1243366006097
2807.5422962557354
2790.018033112392
2772.5519415916547
2755.144410652488
2737.795823944755
2720.506559958637
2703.2769921703743
2686.107489184264
2668.9984148708713
2651.9501285013944
2634.96298487814
2618.037334461084
2601.1735234904736
2584.371894105449
2567.6327844586667
2550.956528826907
2534.3434577176477
2517.793897971597
2501.3081728611796
2484.8866021849753
2468.529502358095
2452.2371864985166
2436.009964509356
2419.848143157106
2403.752026145824
2387.7219141872883
2371.7581050671233
2355.860893706909
2340.0305722222747
2324.2674299769938
2308.5717536330826
2292.943827196915
2277.383932061368
2261.892347043995
2246.4693484212607
2231.115209958813
2215.8302029378397
2200.6149189022276
2185.4690348819236
2170.393077704491
2155.3873091451605
2140.4519885456302
2125.5873728209444
2110.793716462211
2096.071271533902
2081.4202876665536
2066.8410120452727
2052.3336893942637
2037.8985619574753
2023.5358694754216
2009.2458491582192
1995.0287356548613
1980.8847610187545
1966.8141546695354
1952.817143351203
1938.8939510865782
1925.0447991281274
1911.2699059051738
1897.5694869675372
1883.9437549256274
1870.3929193870365
1856.917186889663
1843.5167608314216
1830.1918413965714
1816.942625478724
1803.7693066005781
1790.6720748304379
1777.6511166955788
1764.7066150925216
1751.838749194282
1739.047694354674
1726.3336220097397
1713.6966995763858
1701.1370903483178
1688.6549533893613
1676.250443424262
1663.9237107270758
1651.6749010072424
1639.50415529347
1627.4116098155303
1615.3973958841043
1603.4616397688037
1591.6044625744846
1579.825980116023
1568.1263027916782
1556.5055354552003
1544.9637772868462
1533.5011216634598
1522.1176560277934
1510.8134617572414
1499.5886140321713
1488.4431817040386
1477.3772271634782
1466.39080620857
1455.4839679134857
1444.656754497727
1433.9092011961618
