610.2269935594705
609.3557867806287
608.4691731860173
607.5772990669437
606.6822328043394
605.7843921552159
604.8838588414642
603.9806443196933
603.0747438906564
602.1661480490901
601.2548451358776
600.3408221740236
599.4240652869295
598.5045599896013
597.5822914183927
596.6572445183522
595.7294041968753
594.7987554494947
593.8652834624005
592.9289736954706
591.9898119489886
591.0477844166926
590.1028777273875
589.1550789769935
588.2043757526022
587.2507561498637
586.2942087848222
585.3347228011351
584.3722878734665
583.4068942077279
582.4385325387158
581.4671941256331
580.4928707458865
579.5155546874988
578.5352387404171
577.5519161869643
576.5655807916249
575.5762267903431
574.5838488794664
573.5884422044649
572.5900023485167
571.5885253210417
570.5840075462629
569.5764458518407
568.565837457633
567.5521799646175
566.5354713440076
565.5157099265887
564.4928943922866
563.467023759997
562.4380973776706
561.4061149126761
560.3710763424416
559.3329819320827
558.2918322647371
557.2476281952264
556.2003708533748
555.1500616363955
554.0967022012943
553.0402944574834
551.9808405596505
550.9183429008879
549.8528041060799
548.7842270255437
547.7126147289144
546.6379704992768
545.5602978275276
544.4796004069731
543.3958821281475
542.3091470738526
541.2193995144104
540.1266439031232
539.0308848719382
537.9321272273066
536.8303759462392
535.7256361725463
534.617913213262
533.5072125352478
532.3935397619673
531.2769006704339
530.157301188322
529.0347473912404
527.9092455001635
526.7808018790179
525.649423032417
524.5151156035475
523.3778863721967
522.2377422529225
521.0946902933634
519.9487376726815
518.7998917001422
517.6481598138224
516.493549579449
515.3360686893642
514.1757249616126
513.012526339155
511.84648088920056
510.67759680265897
509.50588239371064
508.33134609949246
507.1539964798993
505.9738422174999
504.79089211756315
503.60515510819897
502.4166402406077
501.2253566894416
500.03131375327297
498.8345208551733
497.63498756553946
496.4327235133119
495.22773854492107
494.02004256737195
492.80964563866297
491.596557947031
490.3807898122647
489.16235168713973
487.94125415895934
486.7175079512034
485.4911239252825
484.2621130823998
483.03048656552204
481.796255661456
480.5594318030349
479.3200265714146
478.0780516984778
476.8335190693504
475.5864407250263
474.33682886510707
473.08469585065257
471.8300542071445
470.5729166275665
469.31329597559835
468.05120528892587
466.7866577826721
465.5196668529417
464.25024608049137
462.97840923451656
461.70417027656464
460.427543364569
459.14854285701057
457.8671833172055
456.5834795177209
455.29744644492087
454.00909930364435
452.7184535220146
451.4255247563861
450.1303288964252
448.8328820703315
447.53320065019824
446.2313012575147
444.9272007688145
443.62091632146667
442.31246531961824
441.0018654402848
439.68913463959484
438.3742911591875
437.05735353276816
435.7383405928225
434.41727147749225
433.09416563761505
431.7690428439318
430.4419231944608
429.11282712204536
427.7817754020767
426.4487891603911
425.11388988135076
423.77709941610567
422.4384399910425
421.09793421642337
419.75560509521614
418.41147603212346
417.0655708428092
415.71791376333
414.3685294597744
413.01744303811205
411.664680054262
410.3102665243772
408.95422893535726
407.59659425559033
406.23738994592884
404.8766439709078
403.5143848102082
402.15064147037367
400.7854434967857
399.4188209859055
398.0508045977882
396.68142556887983
395.31071572510257
393.938707495239
392.5654339246257
391.1909286891628
389.8152261096559
388.4383611664991
387.06036951471
385.68128749933686
384.3011521712453
382.9200013033063
381.53787340700063
380.1548077494578
