9.781981764971714
9.738478036129873
9.695800783761866
9.653924790483732
9.612825515767845
9.57247906308238
9.532862159261224
9.493952138926073
9.455726932538116
9.418165057045389
9.381245608318075
9.344948254744716
9.309253231507249
9.27414133516887
9.239593918301383
9.205592883952248
9.172120679809863
9.139160291971491
9.106695238254128
9.074709561016608
9.0431878194827
9.012115081571308
8.981476915252141
8.951259379454292
8.921449014561357
8.892032832531225
8.86299830668123
8.834333361180853
8.806026360294451
8.778066097416284
8.75044178393903
8.72314303799566
8.696159873112803
8.669482686811788
8.64310224919145
8.617009691524599
8.591196494897764
8.565654478921596
8.540375790537087
8.515352892940511
8.490578554647882
8.46604583871767
8.44174809214849
8.417678935466586
8.393832252516185
8.370202180463972
8.346783100027457
8.323569625935384
8.30055659762699
8.277739070195546
8.255112305580436
8.232671764010863
8.210413095703213
8.188332132813189
8.166424881642895
8.144687515102278
8.123116365423584
8.10170791712684
8.080458800233743
8.059365783726863
8.038425769250535
8.017635785049416
7.99699298014031
7.976494618712575
7.956138074752096
7.935920826883604
7.915840453425953
7.895894627654741
7.876081113266612
7.856397760039406
7.83684249968233
7.817413341870217
7.79810837045596
7.778925739855211
7.759863671597423
7.740920451037403
7.72209442422155
7.703383994903054
7.684787621700411
7.666303815393665
7.647931136352953
7.629668192093975
7.611513634955173
7.593466159891507
7.5755245023798485
7.557687436431125
7.539953772704548
7.522322356719306
7.504792067159302
7.487361814266664
7.470030538319843
7.452797208192322
7.452797208192322
7.452797208192322
7.452797208192322
7.452797208192322
7.452797208192322
7.452797208192322
7.452797208192322
7.452797208192322
7.452797208192322
7.452797208192322
7.452797208192322
7.452797208192322
7.452797208192322
7.452797208192322
7.452797208192322
7.452797208192322
7.452797208192322
7.452797208192322
7.452797208192322
7.452797208192322
7.452797208192322
7.452797208192322
7.452797208192322
7.452797208192322
7.452797208192322
7.452797208192322
7.452797208192322
7.452797208192322
7.452797208192322
7.452797208192322
7.452797208192322
7.452797208192322
7.452797208192322
7.452797208192322
7.452797208192322
7.452797208192322
7.452797208192322
7.452797208192322
7.452797208192322
7.452797208192322
7.452797208192322
7.452797208192322
7.452797208192322
7.452797208192322
7.452797208192322
7.452797208192322
7.452797208192322
7.452797208192322
7.452797208192322
7.452797208192322
7.452797208192322
7.452797208192322
7.452797208192322
7.452797208192322
7.452797208192322
7.452797208192322
7.452797208192322
7.452797208192322
7.452797208192322
7.452797208192322
7.452797208192322
7.452797208192322
7.452797208192322
7.452797208192322
7.452797208192322
7.452797208192322
7.452797208192322
7.452797208192322
7.452797208192322
7.452797208192322
7.452797208192322
7.452797208192322
7.452797208192322
7.452797208192322
7.452797208192322
7.452797208192322
7.452797208192322
7.452797208192322
7.452797208192322
7.452797208192322
7.452797208192322
7.452797208192322
7.452797208192322
7.452797208192322
7.452797208192322
7.452797208192322
7.452797208192322
7.452797208192322
7.452797208192322
7.452797208192322
7.452797208192322
7.452797208192322
7.452797208192322
7.452797208192322
7.452797208192322
7.452797208192322
7.452797208192322
7.452797208192322
7.452797208192322
7.452797208192322
7.452797208192322
7.452797208192322
7.452797208192322
7.452797208192322
7.452797208192322
7.452797208192322
7.452797208192322
