9.13631
3.0917216691078577
3.0945331936450886
3.0964308182445808
3.097572551135939
3.0980135824063497
3.0977997814805014
3.096993542821283
3.0956718634456104
3.0939180804884536
3.091814832336325
3.0894399349922046
3.0868647433640386
3.084154012599913
3.081366359587737
3.0785547264111184
3.075766566653652
3.0730437244963573
3.0704221264490354
3.0679314599510366
3.0655949948634573
3.0634296446449443
3.0614462942454437
3.0596503661066032
3.0580425418202135
3.0566195989692013
3.05537523635149
3.0543008684227697
3.053386332624424
3.0526205016157477
3.0519917679199486
3.0514884698620217
3.051099063358061
3.0508125192390274
3.0506183413716035
3.0505066898147315
3.0504684296405324
3.050495148291784
3.050579149975796
3.050713433902748
3.050891661686869
3.051108117977418
3.051357667365473
3.0516357097964675
3.051938136082721
3.052261284620046
3.0526019000414295
3.052957094265706
3.053324310191679
3.0537012881465193
3.054086035089123
3.054476796499261
3.0548699453906636
3.055270332314809
3.055670634421354
3.056071841553876
3.056473054807164
3.056873493537646
3.0572724819348327
3.0576694369472834
3.0580638575277295
3.0584553150604554
3.0588434448463904
3.0592279385353005
3.059608537404294
3.059985026393079
3.060357228812977
3.060725001658143
3.061088231452047
3.061446830569103
3.0618007339819027
3.062149896382189
3.062494289637368
3.062833900542829
3.0631687288372054
3.063498785450282
3.06382409095762
3.0641446742182445
3.064460571173845
3.0647718237919035
3.0650784791353085
3.0653805885444316
3.0656782069186543
3.065971392085884
3.066260204249134
3.066544705502521
3.066824959407769
3.0671010306242064
3.0673729845859112
3.0676408872215153
3.0679048047100794
3.068164803270182
3.0684209489771708
3.0686733076065056
3.0689219444989586
3.0691669244456734
3.0694083115901307
3.0696461693465333
3.069880560330163
3.0701115463004545
3.0703391881141693
3.0705635456874902
3.070784677966395
3.0710026429034767
3.0712174974413755
3.0714292975009827
3.071638097974604
3.071843952722824
3.0720469145753033
3.0722470353337696
3.07244436577815
3.072638955675031
3.0728308537872886
3.0730201078858204
3.0732067647625616
3.0733908702444777
3.0735724692082615
3.073751605596503
3.0739283224332787
3.0741026618413843
3.074274665059196
3.0744443724579757
3.074611823559017
3.0747771006097753
3.074940153894444
3.0751010644184706
3.075259868583038
3.075416601929011
3.0755712992490203
3.0757239946054606
3.075874721347558
3.076023512128313
3.076170398920715
3.0763154130337305
3.07645858512825
3.076599945231771
3.076739522754139
3.076877346501499
3.0770134446910813
3.0771478449651224
3.077280574404325
3.077411659541521
3.07754112637452
3.077669000378994
3.0777953065207964
3.0779200692680204
3.0780433126030644
3.0781650600339154
3.0782853346055363
3.078404158910851
3.0785215551012737
3.0786375448971874
3.0787521495980323
3.0788653900923295
3.0789772868670915
3.079087860017453
3.0791971292554514
3.0793051139190304
3.079411832980974
3.079517305057082
3.0796215484142215
3.079724580978573
3.079826420343508
3.079927083776722
3.0800265882281153
3.080124950336645
3.080222186437333
3.0803183125684894
3.0804133444777158
3.0805072976289853
3.080600187208346
3.0806920281308035
3.080782835045385
3.0808726223418677
3.0809614041557243
3.081049194374183
3.0811360066413003
3.0812218543633105
3.0813067507136664
3.08139070863821
3.0814737408599986
3.0815558598836934
3.081637078000824
3.0817174072935143
3.081796859639532
3.081875446716407
3.081953180005229
3.082030070795257
3.0821061301875963
3.0821813690989774
3.0822557982658516
3.08232942824784
3.0824022694314057
3.082474332033298
3.082545626104171
3.08261616153172
3.082685948043955
3.082754995212479
3.0828233124556723
