39.93403481437523
38.426134258609615
36.527890913751364
34.36606778023184
32.05930033713927
29.706518340832453
27.383707072583068
25.145512756187625
23.028843050740193
21.05675498800152
19.241857988967524
17.589021131479807
16.097437555190663
14.762185093892121
13.575422480625493
12.52732888929171
11.606858373374758
10.802351421971773
10.102026554791
9.494364750862738
8.968396013321147
8.513897681878898
8.121515847080552
7.782822817924529
7.490324255688454
7.237429164362683
7.018394572003196
6.82825486187203
6.662743609386796
6.51821376291757
6.39156021279727
6.2801473490410284
6.181743019212323
6.094459601693342
6.0167021656684465
5.947123459198834
5.884585194386503
5.828125001682931
5.776928391700148
5.7303050768409864
5.687669046541973
5.648521846117754
5.612438571446153
5.579056153749593
5.548063567599286
5.519193649085315
5.492216258678268
5.466932565797405
5.443170267315082
5.420779583768544
5.399629902801539
5.379606961262355
5.360623163971598
5.342562821406388
5.325362977034584
5.308954450212098
5.293275741968194
5.27827200934304
5.263894192669499
5.2500982714353865
5.236844628209695
5.224097503694384
5.211824528667939
5.1999963210895865
5.1885861383244105
5.1775695763106375
5.166924308550035
5.1566298591654585
5.1466674051988335
5.13701960359731
5.127670439942524
5.118605095377865
5.109809829551603
5.101271877312895
5.092979357348338
5.084921191158224
5.077087031048397
5.0694671960157764
5.062052614489775
5.054834773129466
5.047805670907176
5.0409577778345085
5.0342839978217455
5.027777635193818
5.021432364375384
5.015242202442002
5.009201484246119
5.003304839808186
4.997547173649033
4.991923646029974
4.986429655750132
4.981060824434603
4.975812982081921
4.9706821538279655
4.965664547771208
4.960756543767867
4.955954683016705
4.951255658561691
4.946656306416317
4.94215359736736
4.9377446293838165
4.933426620539546
4.929196902476406
4.925052914267101
4.920992196745052
4.917012387176433
4.91311121430314
4.909286493687566
4.905536123398865
4.901858079921521
4.89825041432695
4.894711248718402
4.891238772854959
4.887831240969777
4.88448696880846
4.881204330820968
4.877981757491106
4.874817732879529
4.871710792225304
4.868659519734352
4.865662546476033
4.862718548398666
4.859826244410713
4.85698442759807
4.854191860349807
4.8514473806064915
4.848749862613227
4.84609821547849
4.84349138178969
4.840928336310434
4.838408084721658
4.835929662446179
4.833492133515537
4.8310945894855255
4.828736148436222
4.826415953953125
4.8241331742333875
4.821887001161029
4.819676649464782
4.817501355910483
4.815360378506087
4.813252995765579
4.811178505990589
4.809136226592908
4.807125493437892
4.805145660208383
4.8031960978138954
4.801276193805128
4.799385351824108
4.797522991080346
4.795688545836532
4.793881464917815
4.792101211237909
4.790347261356022
4.7886191050371565
4.786916244846814
4.7852381957381755
4.78358448465727
4.781954650191874
4.780348242214123
4.778764821518753
4.77720395949873
4.775665237842056
4.774148248198903
4.772652591906874
4.771177879694
4.769723731395687
4.7682897757133205
4.766875649931988
4.765480999694861
4.764105478739249
4.762748748700627
4.761410478851514
4.760090345918564
4.75878803385232
4.757503233641315
4.756235643112228
4.754984966742705
4.753750915473682
4.752533206541495
4.751331563314853
4.750145715110738
4.74897539706159
4.747820349933847
4.746680319993265
4.745555058870376
4.744444323398241
4.74334787549618
4.742265482034165
4.7411969146957285
4.740141949866949
4.739100368512942
4.738071956062403
4.7370565022907165
4.736053801220562
4.735063651012266
4.7340858538576756
4.733120215882244
4.732166547053662
