27.18699
21.400204404038732
21.357676503858666
21.286386985539583
21.215746188594668
21.149334631294373
21.086749196870514
21.02715726080132
20.96986613322975
20.9143633963267
20.86027862474258
20.807344911820373
20.755370007458918
20.70421566870131
20.653782896909476
20.60400129216076
20.554821309718193
20.506208589955726
20.45813978815246
20.41059949971434
20.363577990975703
20.317069525083298
20.271071128613233
20.22558168493879
20.180601269809454
20.136130666274404
20.092171012141787
20.04872354513947
20.005789419864
19.963369577289733
19.921464652586216
19.880074910723753
19.839200202115375
19.798839932610125
19.758993043677194
19.719657999759683
19.680832780603286
19.642514876983423
19.60470128870201
19.56738852405329
19.53057260019606
19.494249044044373
19.458412893412167
19.423058698237927
19.388180521780736
19.353771941724855
19.319826051162657
19.2863354594503
19.253292292947886
19.220688195664575
19.188514329843382
19.15676137652158
19.125419536109458
19.094478529035477
19.06392759650335
19.033755501414987
19.003950529509368
18.974500490772975
18.945392721175654
18.916614084787888
18.88815097633656
18.859989324255885
18.83211459429255
18.804511793719385
18.777165476221438
18.750059747506516
18.723178271701194
18.696504278588296
18.670020571741407
18.64370953761245
18.617553155624584
18.591533009323243
18.565630298633437
18.53982585327176
18.514100147356032
18.488433315253733
18.462805168705955
18.437195215259603
18.41158267803571
18.38594651685744
18.360265450753566
18.3345179818505
18.308682420656524
18.28273691273646
18.256659466767488
18.230427983958617
18.204020288809136
18.177414161172646
18.150587369582883
18.123517705793276
18.09618302046637
18.068561259946996
18.040630504038294
18.012369004694484
17.983755225531816
17.954767882053012
17.925385982470196
17.89558886900312
17.865356259521686
17.834668289395424
17.80350555340311
17.77184914755278
17.73968071065471
17.7069824654864
17.673737259384648
17.639928604098078
17.605540714730235
17.57055854760508
17.534967836884967
17.498755129776402
17.461907820157833
17.424414180471572
17.386263391725876
17.34744557145964
17.307951799530446
17.267774141596984
17.226905670172556
17.18534048314401
17.143073719655522
17.100101573273857
17.056421302364093
17.01203123761675
16.96693078668565
16.921120435906072
16.87460174908213
16.82737736334413
16.779450982094712
16.73082736507382
16.68151231559186
16.6315126649912
16.580836254410794
16.529491913942653
16.477489439280614
16.42483956597379
16.37155394140652
16.317645094638557
16.2631264042455
16.208012064308516
16.15231704870816
16.096057073882488
16.039248560213203
15.981908592207827
15.924054877646082
15.865705705860153
15.806879905317743
15.74759680067618
15.687876169471387
15.627738198604408
15.56720344078264
15.506292771067303
15.445027343674651
15.383428549170388
15.321517972189579
15.259317349809262
15.196848530689685
15.134164556244812
15.071194832297188
15.008052787202178
14.944730489980856
14.881249550048418
14.817631682364839
14.753898459251667
14.690071276175379
14.626171321947364
14.562219550331342
14.498236653063879
14.434243034348288
14.370258786856404
14.306303669252728
14.24239708524586
14.178558064160365
14.114805243017026
14.051156850103295
13.987630690010791
13.924244130111552
13.861014088443262
13.797957022967246
13.73508892216174
13.672425296910935
13.609981173646158
13.547771088694816
13.48580908379248
13.424108702708732
13.362682988940659
13.30154448442417
13.24070522921481
13.180176762087985
13.119970122011024
13.060095850437
13.00056399437317
12.941384110176134
12.882565268027047
12.824116057041698
12.766044590970335
12.708358514444827
12.65106500972968
12.594170803937924
12.53768217667101
12.481604968046277
