0.3445417274929482
0.3533014025393812
0.3545534198282626
0.35571301588143894
0.35691795163409856
0.3581572909759229
0.3594200108538543
0.3606974333883306
0.36198278419431446
0.3632707950973416
0.36455738893170986
0.3658394299923465
0.3671145263647467
0.36838087329962554
0.36963712909663077
0.3708823167540566
0.3721157460474821
0.373336951807595
0.37454564504240234
0.3757416742418777
0.37692499475262004
0.37809564454637573
0.37925372505279137
0.3803993860021215
0.3815328134422819
0.3826542202683486
0.38376383874045816
0.3848619145754454
0.3859487022842463
0.38702446149581426
0.38808945406265194
0.389143941786094
0.39018818463348537
0.3912224393462384
0.3922469583589803
0.39326198896670733
0.39426777269006397
0.395264544799244
0.39625253396521354
0.39723196201338856
0.398203043759989
0.3991659869152943
0.40012099204115753
0.4010682525526606
0.40200795475571127
0.4029402779139676
0.4038653943396923
0.4047834695041127
0.40569466216364714
0.4065991244989667
0.4074970022643863
0.40838843494544524
0.4092735559228956
0.41015249264156856
0.4110253667828119
0.41189229443937114
0.41275338629175384
0.4136087477852158
0.41445847930665997
0.4153026763607908
0.4161414297449775
0.41697482572234074
0.4178029461926405
0.4186258688606012
0.41944366740135164
0.4202564116227217
0.4210641676241518
0.42186699795202465
0.4226649617512605
0.4234581149130422
0.4242465102185546
0.4250301974786725
0.4258092236695272
0.42658363306391467
0.4273534673585236
0.42811876579698066
0.4288795652887196
0.42963590052369954
0.43038780408300786
0.4311353065453861
0.4318784365897444
0.43261722109372164
0.43335168522835477
0.43408185254894954
0.43480774508222053
0.435529383409788
0.43624678674813494
0.4369599730250995
0.4376689589530123
0.43837376009856666
0.43907439094953227
0.43977086497839624
0.44023022840772236
0.4405081673694827
0.44065053184756237
0.440692017598824
0.44065842041608316
0.4405691179660817
0.4404386008700626
0.4402776962147958
0.44009448912896654
0.43989501450385127
0.43968377529839603
0.4394641304187862
0.43923858472328525
0.4390090057000232
0.43877678527538205
0.43854296060168635
0.4383083041980507
0.43807339120618555
0.43783864956344304
0.43760439742781465
0.43737087109153694
0.43713824579932653
0.4369066512740709
0.4366761832951655
0.4364469123328299
0.43621888998690844
0.4359921537883541
0.43576673077971945
0.43554264018513006
0.43531989540127575
0.4350985054820769
0.4348784762457877
0.4346598111005481
0.4344425116599777
0.4342265782022193
0.4340120100122071
0.4337988056369104
0.4335869630756225
0.43337647992186773
0.4331673534691708
0.4329595807899435
0.4327531587942669
0.4325480842737182
0.4323443539340296
0.43214196441942254
0.4319409123307369
0.43174119423892693
0.4315428066951098
0.43134574623803823
0.43115000939965253
0.43095559270920836
0.43076249269632855
0.43057070589326757
0.4303802288365795
0.43019105806834546
0.43000319013706795
0.42981662159833095
0.4296313490152626
0.42944736895887425
0.4292646780082889
0.42908327275090424
0.42890314978249466
0.42872430570727127
0.4285467371379046
0.42837044069554536
0.42819541300981045
0.42802165071875925
0.42784915046886685
0.4276779089149897
0.42750792272032
0.4273391885563481
0.4271717031028123
0.42700546304765113
0.42684046508696405
0.42667670592494844
0.42651418227386495
0.42635289085398026
0.42619282839352113
0.426033991628634
0.4258763773033232
0.4257199821694169
0.42556480298651556
0.42541083652194656
0.42525807955072004
0.42510652885548383
0.42495618122648515
0.4248070334615117
0.4246590823658732
0.4245123247523372
0.4243667574411016
0.42422237725974965
0.42407918104320597
0.42393716563370437
0.42379632788074934
0.42365666464106544
0.42351817277857373
0.42338084916434787
0.42324469067657844
0.42310969420053607
0.422975856628537
0.42284317485990885
0.42271164580095316
0.42258126636491267
0.42245203347193744
0.4223239440490514
0.42219699503012287
0.4220711833558259
