0.0002458871904694249
0.00027206054882499995
0.00029685227391138485
0.0003199660859076354
0.00034125722848207444
0.00036072444405015156
0.00037848396359250975
0.00039473586561173947
0.00040973086051485986
0.0004237423124918056
0.00043704513393484515
0.0004499009884971318
0.00046254819710115334
0.0004751946055808889
0.0004880121017487339
0.0005011321673172723
0.00051464257409073
0.0005285858693523332
0.0005429604646674669
0.0005577248675513194
0.0005728049666387328
0.0005881035511404931
0.000603510719732737
0.0006189137137987088
0.0006342049994115437
0.0006492879580700615
0.000664080108898523
0.0006785142087788051
0.0006925377958565891
0.0007061117760454921
0.0007192085649394292
0.0007318101567796101
0.0007439063484825586
0.0007554932283989174
0.0007665719561579278
0.0007771478098724654
0.0007872294530256669
0.0007968283672381751
0.0008059584015265847
0.0008146353981134743
0.0008228768656756486
0.0008307016809709485
0.000838129808019071
0.0008451820301077537
0.0008518796939593076
0.0008582444677469863
0.0008642981156948024
0.0008700622884173349
0.0008755583525202689
0.0008808072116469404
0.0008858291802835508
0.0008906438698641502
0.0008952700999869483
0.0008997258316281604
0.0009040281205239094
0.0009081930886169961
0.000912235911327506
0.0009161708183806333
0.0009200111059869838
0.0009237691582961885
0.0009274564762128196
0.0009310837118566651
0.0009346607071535211
0.0009381965352466867
0.0009416995436158817
0.0009451773979739216
0.0009486371261789849
0.0009520851615502625
0.0009555273851063352
0.0009589691663597706
0.0009624154023984387
0.0009658705550660069
0.0009693386861217128
0.0009728234903150908
0.0009763283263559377
0.0009798562457952005
0.0009834100198598155
0.0009869921643054088
0.0009906049623657797
0.0009942504858888464
0.0009979306147554232
0.0010016470546811893
0.001005401353503554
0.001009194916054694
0.0010130290177202753
0.0010169048167802917
0.0010208233656248092
0.0010247856209330988
0.001028792452900022
0.0010328446535886645
0.0010369429444833616
0.001041087983312295
0.0010452803702041009
0.0010495206532381903
0.001053809333444044
0.0010581468693004062
0.0010625336807812988
0.0010669701529918477
0.0010714566394334198
0.0010759934649341165
0.0010805809282776156
0.0010852193045603141
0.0010899088473042245
0.0010946497903503909
0.0010994423495554438
0.0011042867243117025
0.0011091830989094075
0.0011141316437577639
0.001119132516479986
0.0011241858628959576
0.0011292918179048178
0.0011344505062785663
0.001139662043376597
0.0011449265357901704
0.0011502440818898026
0.0011556147725032076
0.001161038691148718
0.0011665159146531643
0.001172046513498417
0.0011776305521875232
0.0011832680895817666
0.0011889591792123544
0.0011947038695700074
0.0012005022043752775
0.0012063542228322314
0.0012122599598676498
0.0012182194463577565
0.0012242327093442622
0.0012302997722411612
0.0012364206550336866
0.0012425953744705928
0.0012488239442507707
0.0012551063752050666
0.0012614426754741198
0.0012678328506829353
0.0012708417424201828
0.0012755822130781059
0.0012806599841757352
0.0012855149487194942
0.0012899413209412828
0.0012938781194695023
0.0012973203281890513
0.001300282586287052
0.0013027851055896302
0.0013048486416958795
0.0013064929656693303
0.0013077365816470633
0.0013085968206851587
0.0013090900033666322
0.0013092315798807798
0.0013090362323515954
0.0013085179464737287
0.001307690062924013
0.0013065653169450527
0.001305155871635439
0.0013034733481857223
0.0013015288547590506
0.001299333014784232
0.0012968959949115084
0.0012942275326220485
0.0012913369633752417
0.0012882332471484748
0.0012849249942441428
0.0012814204902719887
0.0012777277202580845
0.0012738543918751975
0.0012698079578315
0.001265595637494496
0.0012612244378663385
0.001256701174066121
0.0012520324895168868
0.0012472248760815351
0.0012422846944512278
0.0012372181951537029
0.0012320315406310807
0.001226730838851006
0.0012213221964205315
0.0012158115259322895
0.001210204989717342
0.0012045087255104358
0.0011987289848296126
0.0011928721899517791
0.001186945006424629
0.0011809544347220053
0.001174907928003765
0.0011688135455787199
0.0011626801557509919
0.0011565177078146818
0.0011503376021896705
0.001144153201936928
0.0011379805513003346
0.0011318394028918093
0.0011257547141531935
0.0011197588728908265
0.0011138950826804122
0.001108222642337057
0.001102825409100786
0.0010978257882373337
0.0010934086616448738
