3.3231070949999997
4.161818196209009
4.987232006201792
5.799742485434476
6.599602255452843
7.387036789000436
8.162252321232922
8.925439567195342
9.67677607390023
10.416427592386961
11.14454903602699
11.861285205219778
12.566771380728866
13.26113383727391
13.944490303616332
14.616950382550412
15.278615937621145
15.929581449885685
16.569934346039798
17.199755297946552
17.819118492618312
18.428091870788656
19.02673733123024
19.615110896823833
20.19326283696818
20.761237739133367
21.319074520074203
21.86680636427021
22.404460573337715
22.9320583052041
23.4496141754217
23.957135684762317
24.454622454953967
24.942065061326687
25.419443727073624
25.886726391472617
26.343866306507255
26.79079897132799
27.227438344895557
27.65367237281979
28.069358128880346
28.47431744011223
28.868334966532906
29.251162604851135
29.622536782550238
29.982217607809723
30.33005732525688
30.666093796897837
30.99064010571545
31.304318836154586
31.608001512074726
31.902668735301685
32.189256994603795
32.46855421230821
32.74116178992958
33.00750574801557
33.26787022607981
33.52243457668978
33.771305172717895
34.01453957356968
34.252163692621195
34.484183516732664
34.71059291410308
34.93137875738131
35.14652425244396
35.356011087080105
35.55982081109228
35.757935718833714
35.950339410749706
36.13701714816943
36.3179562212519
36.49314564127945
36.662576525890344
36.82624243423653
36.98413893614885
37.1362637748428
37.282616862781225
37.42320027071166
37.558018212185154
37.687077024829435
37.810385167214875
37.92795314190317
38.03979352533055
38.14592092337807
38.24635194469807
38.341105173069536
38.4302011388344
38.513662289514855
38.59151295967695
38.663779340095374
38.730489446263014
38.79167308628598
38.84736182819992
38.89758896674234
38.94238948961453
38.98180004326499
39.0158588982266
39.044605914037
39.06808250377483
39.08633159823928
39.09939760980341
39.10732639596896
39.1101652226514
39.1079627272212
39.10076888132896
39.08863495353924
39.07161347179874
39.04975818576338
39.02312402900701
38.99176708113597
38.955744529830916
38.91511463283767
38.869936679928216
38.82027095485171
38.76617869729583
38.70772206487616
38.64496409517343
38.57796866783523
38.50680046676025
38.43152494238097
38.352208274061525
38.2689173326265
38.18171964303517
38.09068334721677
37.9958771670807
37.8973703677159
37.7952327207926
37.689534468180334
37.580346285794825
37.46773924768625
37.35178479038149
37.23255467749264
37.11012096460332
36.98455596444426
36.855932212370604
36.72432243215051
36.58979950207778
36.45243642141801
36.3123062771998
36.16948221136111
36.02499984241402
35.8769365544594
35.72640372792688
35.573474127956466
35.41822038756405
35.26071502292516
35.101030402753544
34.93923871790202
34.77541195137028
34.60962184876133
34.441939889213025
34.27243725682202
34.10118481257468
33.928253066794
33.7537121521123
33.57763179697708
33.40008129969655
33.22112950303168
33.040844769340445
32.85929495628048
32.67654739307474
32.49266885734637
32.30772555252663
32.12178308584173
31.934906446882565
31.747159986760966
31.5586073978578
31.369311694165457
31.179335192229296
30.988739492690254
30.797585462432377
30.60593321733765
30.413842105650634
30.221370691955226
30.028576741764784
29.835517206728078
29.642248210451783
29.44882503494067
29.25530210765597
29.06173298919271
28.868170361575764
28.674666017174637
28.48127084823658
28.288034837036758
28.095007046644856
27.902235612306665
27.709767733438756
27.51764966623484
27.325926716880534
27.13464323537504
26.94384260995637
26.753567262127437
26.563858642278507
26.37475722590443
26.186302510410265
25.998533012503426
25.811486266165613
25.62519882120211
25.439706242361588
25.25504310902219
