3.4764367150355904
3.372489836705693
3.280771026919816
3.1982162478956617
3.1228342906094926
3.0532691729560386
2.988545016877043
2.9279222677844468
2.8708168247410666
2.816754315326315
2.7653437386885367
2.7162615665542926
2.669241338508828
2.6240660507227043
2.580561922864015
2.5385928461342915
2.4980552060496892
2.458872976996914
2.4209930836919824
2.384381064824083
2.3490170836070923
2.314892324127611
2.2820057998129792
2.250361585793332
2.2199664728743596
2.1908280285727315
2.162953040758621
2.1363463120765314
2.111009768464235
2.086941842518369
2.064137091875902
2.0425860138469454
2.02227501985158
2.0031865364014676
1.9852992030971535
1.9685881420350815
1.9530252769619953
1.9385796842025598
1.925217960788219
1.912904598188067
1.9016023526164376
1.8912726050399251
1.8818757057653388
1.8733712999352525
1.8657186313871683
1.8588768232402648
1.8528051342778997
1.8474631907562746
1.8428111936988396
1.8388101020695602
1.8354217925030578
1.832609196460362
1.8303364158421778
1.8285688182374469
1.827273113038047
1.8264174097645958
1.8259712599382143
1.8259056839058518
1.8261931839866667
1.8268077453204876
1.8277248257684726
1.8289213361630612
1.8303756121730939
1.8320673789837898
1.8339777099185182
1.8360889800733922
1.8383848159513136
1.840850042006491
1.8434706249341808
1.846233616457476
1.8491270952992822
1.8521401089212683
1.8552626155817444
1.8584854271529077
1.8618001530954684
1.8651991459246868
1.8686754484329624
1.872222742882578
1.8758353023550824
1.8795079443632068
1.8832359868206558
1.8870152064156773
1.8908417994107531
1.894712344856929
1.898623770191787
1.9025733191751082
1.9065585220913996
1.9105771681422008
1.9146272799387205
1.918707089996109
1.9228150191324416
1.9269496566547857
1.9311097422449766
1.93529414941229
1.9395018704275553
1.9437320026253835
1.9479837359675176
1.9522563417814969
1.956549162572382
1.960861602818421
1.9651931206675213
1.969543220460236
1.9739114459912128
1.9782973744571788
1.9827006110095837
1.9871207838656741
1.9915575399174152
1.9960105407861168
2.000479459279945
2.0049639762150058
2.009463777548499
2.013978551812058
2.018507987789266
2.0230517724291106
2.02760958895657
2.0321811151659537
2.036766021873084
2.0413639715047873
2.045974616822449
2.050597599748404
2.055232550292472
2.059879085566729
2.0645368088778695
2.069205308882258
2.0738841588097072
2.0785729157316686
2.083271119884779
2.0879782940316236
2.0926939428595874
2.097417552415017
2.1021485895688263
2.1068865015039617
2.1116307152289546
2.1163806371199194
2.121135652471194
2.1258951250748646
2.130658396810472
2.1354247872533114
2.140193593295943
2.1449640887843766
2.1497355241649414
2.1545071261497095
2.159278097383562
2.164047616133821
2.168814835981066
2.173578885534569
2.1783388681418194
2.183093861622683
2.1878429180116377
2.192585063308941
2.19731929724295
2.2020445930517263
2.2067598972674904
2.21146412952108
2.216156182358342
2.220834921069258
2.2254991835295357
2.230147780064963
2.2347794933234395
2.239393078165247
2.2439872615775838
2.2485607425954846
2.253112192255048
2.257640253555911
2.262143541445149
2.2666206428313744
2.2710701166117846
2.2754904937297
2.27988027725031
2.284237942467514
2.2885619370309427
2.2928506811123364
2.297102567583736
2.301315962237438
2.3054892040350485
2.309620605380803
2.3137084524369875
2.317751005468797
2.321746499220957
2.3256931433357013
2.3295891228004373
2.333432598440899
2.3372217074483665
2.3409545639394764
2.3446292595725793
2.3482438641885848
2.351796426502508
2.3552849748346123
2.358707517882671
2.362062045541444
2.365346529761833
2.368558925458999
2.3716971714587536
2.374759191492884
2.3777428952455626
2.3806461794265386
2.3834669289091255
2.3862030179020106
2.388852311168417
