0.003703868406311881
0.00391598510454667
0.0041331927906856705
0.004353828648487146
0.0045767997617874685
0.004801507552098133
0.005027618250110791
0.005254941339898185
0.005483362769107448
0.00571280923763445
0.00594322904322392
0.006174581860964973
0.006406833347565335
0.006639952357913144
0.0068739095851902635
0.007108676988289216
0.00734422766864195
0.007580536020108547
0.007817578063653616
0.008055331927397979
0.008293778460804375
0.008532901989344309
0.008772691228551146
0.009013140387109014
0.00925425049949057
0.009496031040987524
0.009738501892881035
0.009981695743899765
0.01022566103697097
0.010470465598314356
0.010716201119303641
0.01096298904803196
0.011210986039423183
0.011460394479715532
0.011711471378738451
0.011964541005593025
0.012220009118495854
0.012478378383389372
0.012740262882903947
0.013006396940115985
0.013277628602622663
0.013554880097009395
0.013839046552515706
0.014130795163683152
0.014430236177717534
0.014736497478460812
0.015047372455221057
0.015359361793846579
0.015668367323467776
0.01597085015888501
0.016264781537344484
0.01654982768592497
0.016826850175797523
0.017097208831644947
0.017362252737595115
0.017623079646417274
0.017880485051199844
0.018135000449296664
0.018386956602989953
0.018636542641868457
0.018883852104004225
0.019128915812097292
0.019371724255732897
0.019612242413382684
0.019850419410270655
0.020086194750592375
0.020319502319080855
0.02055027294610551
0.020778436051290212
0.021003914052423956
0.02122665381056825
0.02144657958180073
0.02166360601498189
0.021877678412524266
0.022088730082956053
0.02229669606860175
0.022501513083445186
0.022703119491433686
0.022901455303406988
0.023096461138365686
0.023288083259645615
0.023476264452906848
0.02366095151454967
0.02384209284597596
0.024019638486908877
0.024193540131762614
0.02436375113621825
0.024530226518081684
0.024692922954538662
0.024851798777055074
0.025006813964604198
0.025157930135666574
0.02530511053929346
0.025448320045443316
0.025587525134752924
0.025722693887877558
0.025853795974529713
0.02598080264230548
0.02610368670539655
0.026222422533275197
0.026336986039418808
0.026447354670144533
0.026553507393604056
0.026655424688994938
0.026753088536019376
0.026846482404630653
0.02693559124508772
0.027020401478337234
0.027100900986733935
0.027177079105106364
0.027248926612162244
0.027316435722230754
0.02737960007732949
0.027438414739536107
0.02749287618365058
0.02754298229011388
0.02758873233816688
0.027630126999207433
0.02766716833031975
0.027699859767938928
0.02772820612161053
0.02775221356781189
0.027771889643792392
0.027787243241393363
0.027798284600809266
0.02780502530424949
0.027807478269458626
0.027805657743062543
0.027799579293696287
0.027789259804879063
0.027774717467603523
0.027755971772599843
0.02773304350224823
0.0277059547221038
0.027674728772011464
0.027639390256775465
0.027599965036367902
0.027556480215649014
0.027508964133576484
0.02745659014838869
0.027401716880245338
0.027342298812433576
0.027278974220346124
0.027211777621263422
0.027140744594843814
0.027065911829194263
0.026987317121434453
0.026904999370070973
0.026818998562849434
0.026729355761948452
0.02663611308749533
0.026539313699927538
0.026439001781459883
0.02633522251681779
0.02622802207330445
0.02611744758026236
0.026003547107947025
0.02588636964584369
0.02576596508043736
0.02564238417245613
0.025515678533595508
0.025385900602745128
0.025253103621728636
0.025117341610564062
0.024978669342274273
0.024837142317245663
0.02469281673716304
0.024545749478524184
0.024395998065761693
0.024243620643973465
0.02408867595128995
0.023931223290884367
0.023771322502645947
0.02360903393453034
0.02344441841360281
0.02327753721678973
0.023108452041353488
0.02293722497510957
0.022763918466393807
0.022588595293808324
0.022411318535749836
0.02223215153974042
0.022051157891584596
0.021868401384356306
0.021683945987241365
0.02149785581425226
0.021310195092825276
0.02112102813233011
0.020930419292493986
0.020738432951774754
0.02054513347568852
0.020350585185121447
0.020154852324635618
0.01995799903079874
0.019760089300547866
0.019561186959623132
0.019361355631072438
0.019160658703872815
0.018959159301669422
0.01875692025167348
