0.79045
0.10547217209505569
0.11260968767942826
0.11974187200746592
0.12689082747666067
0.1340666710948013
0.1412760808500233
0.14852382150300025
0.15581332412782298
0.16314701357890318
0.17052653786333027
0.17795294280926802
0.18542680823184535
0.19294835450238657
0.2005175258762412
0.20813405554325531
0.2157975163409945
0.22350736024957993
0.2312629491244294
0.2390635785941434
0.2469084966327807
0.2547969179871886
0.26272803538295314
0.2707010282314206
0.278715069403001
0.2867693305090443
0.2948629860381002
0.3029952166169409
0.31116521160726157
0.3193721712025039
0.3276153081525044
0.3358938492149921
0.344207036410352
0.3525541281383639
0.36093440020179735
0.36934714677097974
0.3777916813149572
0.38626733751845643
0.39477347019869685
0.4033094562323201
0.4118746954995707
0.42046861185074136
0.42909065409795866
0.43774029703417455
0.446417042480107
0.45512042035918027
0.46384998979977293
0.47260534026376644
0.48138609269985644
0.49019190071991986
0.4990224517963811
0.5078774684784241
0.5167567096245658
0.5256599716491313
0.5345870897798527
0.5435379393237907
0.5525124369386081
0.561510541906092
0.5705322574047127
0.5795776317778939
0.5886467597945271
0.5977397838981823
0.6068568954413741
0.615998335901026
0.6251643980713251
0.6343554272300017
0.6435718222739378
0.652814036819945
0.6620825802666102
0.6713780188127739
0.6807009764284715
0.6900521357738432
0.6994322390617161
0.7088420888593767
0.7182825488251859
0.7277545443755766
0.7372590632781684
0.7467971561666251
0.7563699369730199
0.7659785832736239
0.7756243365440348
0.7853085023197618
0.7950324502585221
0.8047976141006427
0.8146054915242472
0.8244576438920306
0.8343556958866882
0.8443013350323659
0.8542963110997605
0.8643424353927587
0.8744415799149097
0.8845956764142834
0.8948067153057023
0.9050767444695914
0.9154078679272991
0.9258022443928265
0.936262085701625
0.9467896551173738
0.9573872655180804
0.9680572774633032
0.9788020971448224
0.9896241742233146
1.0005259995541835
1.0115101028060844
1.0225790499760403
1.0337354408054693
1.0449819061019023
1.0563211049714036
1.067755721967241
1.0792884641603953
1.090922058138212
1.1026592469373526
1.114502786917736
1.1264554445843165
1.1385199933636643
1.1506992103425033
1.162995872975652
1.175412755770569
1.1879526269561032
1.2006182451429217
1.213412355982979
1.2263376888357014
1.2393969534479616
1.2525928366553938
1.26592799911203
1.2794050720552992
1.29302665411314
1.3067953081599373
1.3207135582275158
1.334783886477354
1.3490087302398834
1.3633904791264304
1.3779314722190241
1.392633995343002
1.4075002784271966
1.4225324929557979
1.4377327495160175
1.4531030954452095
1.468645512580611
1.484361915114915
1.5002541475601434
1.5163239828222521
1.532573120388484
1.5490031846291523
1.5656157232153145
1.582412205653387
1.5993940219376834
1.616562481321285
1.6339188112057068
1.6514641561493908
1.6691995769948211
1.6871260501140048
1.7052444667716478
1.7235556326053092
1.7420602672215229
1.7607632105327218
1.779652250006474
1.7987407338662993
1.8180247233771802
1.8375044801399532
1.8571802065138048
1.877052018942382
1.8971199481633483
1.917383939999703
1.9378438561578353
1.9584994750555762
1.979350492711507
2.0003965237107986
2.021637102253562
2.0430716832866165
2.064699643717977
2.0865202837119408
2.1085328280624425
2.1307364276419842
2.1531301609234683
2.1757130355719037
2.198483990103252
2.2214418956073074
2.2445855575316913
2.267913717523816
2.291425055327955
2.315118190733853
2.3389916855743116
2.363044045767999
2.3872737234046655
2.411679118869245
2.4362585830017998
2.4610104192897437
2.485932886089273
2.5110241988724207
2.536282532496553
2.5617060234927997
2.587292772370067
2.613040845931196
2.6389482795978063
2.6650130797405494
2.691233226011058
2.717606673672475
2.7441313559248695
