82.01095538761466
84.76364016845532
87.8876214688807
90.35178716489835
92.04585859331468
92.98332117847198
93.27117923964012
93.05280300233149
92.46073919461458
91.59875439929245
90.54184205977276
89.34239738264974
88.03695712920248
86.65159230792547
85.20565660880398
83.71417671982512
82.1892919858068
80.64109471402735
79.07812134973334
77.50765266485325
75.93591396026964
74.36822348598567
72.80911269318405
71.26242905896714
69.73142609063171
68.21884250872307
66.72697167092467
65.25772205855951
63.81266964586005
62.39310300964263
61.00006204872659
59.634371155987225
58.29666762627971
56.9874260077591
55.70697901911233
54.45553557034706
53.23319634587713
52.03996733607272
50.87577164054573
49.740459812213324
48.63381896441279
47.555580825414225
46.50542889157807
45.4830048050122
44.48791405882024
43.519731115941646
42.578004012775196
41.66225850726341
40.772001821558554
39.90672602160924
39.065911069932525
38.24902758264159
37.45553931782038
36.68490541890734
35.93658243418311
35.210026130851745
34.50469312068932
33.820042312551394
33.15553620547385
32.51064203541956
31.88483278703982
31.27758808183954
30.688394952335162
30.116748512032093
29.562152529663546
29.024119915995207
28.50217313077869
27.995844516855243
27.50467656814433
27.028222137466095
26.56604459015918
26.117717908542062
25.682826752318448
25.260966479451568
24.851743131654583
24.4547733884386
24.06968449337812
23.69611415575389
23.33371043072117
22.982131580738876
22.641045920788656
22.310131649744655
21.9890766699769
21.67757839711749
21.37534356175644
21.08208800458305
20.79753646646741
20.521422374717996
20.253487626643473
19.993482371515977
19.74116479179994
19.49630088443149
19.258664242943887
19.02803584099335
18.804203817922925
18.586963266743798
18.37611602503168
18.171470469102935
17.972841311693646
17.780049403459916
17.59292153853009
17.4112902642236
17.23499369510275
17.063875331484173
16.897783882439388
16.73657309339055
16.580101578293093
16.428232656416824
16.28083419375445
16.137778448978672
15.998941923969364
15.864205218818801
15.73345289127523
15.606573320550618
15.483458575440629
15.36400428663559
15.248109523177737
15.135676672944696
15.026611327080794
14.920822168275674
14.81822086279136
14.718721956134114
14.62224277228641
14.528703316365565
14.438026180653818
14.35013645384572
14.264961633453295
14.182431541244032
14.102478241639039
14.02503596293329
13.950041021284356
13.877431747343685
13.807148415449856
13.739133175294858
13.673329985953497
13.609684552216578
13.54814426310725
13.488658132529865
13.431176741929873
13.37565218491038
13.32203801371425
13.270289187484229
13.220362022231427
13.172214142427483
13.125804434148513
13.081092999686682
13.038041113559046
12.996611179833328
12.956766690696533
12.918472186182635
12.850968719368735
12.788910448010519
12.732707725209012
12.681941926710065
12.63594208703996
12.594026236043891
12.555590704100982
12.52013254464843
12.487253303702087
12.456624157670952
12.427982061673527
12.401121836197879
12.375881616119498
12.35213215622534
12.329768917351148
12.308706176832231
12.288872623420279
12.270208046806987
12.252660837818285
12.236186091195117
12.220744157722445
12.206299532374901
12.192819994337237
12.18027593617855
12.168639835219274
12.15788583175166
12.147989387353991
12.13892700287349
12.130675980324687
12.123214216391462
12.11652001771795
12.11057192997245
12.105348573919464
12.100828482548135
12.096989933772507
12.093810773371969
12.091268222724759
12.089338665499957
12.087997406808869
12.087218397344046
12.086973913713688
12.08723418443008
12.08796694874783
12.089136932634858
12.090705222421112
12.092628511890224
12.094858192439894
12.09733924806447
12.100008906768771
