-1.7484395103428638
-1.74535654423954
-1.743569614890768
-1.7422697598634986
-1.7412414798044613
-1.7403953251074933
-1.73967987937332
-1.739060547887392
-1.7385126337902248
-1.7380181112063617
-1.737563696819712
-1.737139554047202
-1.7367383781404797
-1.7363547351143338
-1.7359845779552034
-1.7356248897880282
-1.7352734194077009
-1.734928484684165
-1.7345888262094524
-1.734253498295531
-1.7339217878141815
-1.7335931538166924
-1.7332671826747303
-1.732943554795957
-1.7326220199744204
-1.7323023791633632
-1.7319844710257324
-1.731668162021923
-1.731353339120295
-1.731039904442379
-1.7307277713332865
-1.7304168614823245
-1.7301071028119321
-1.729798427933235
-1.7294907730115328
-1.7291840769360551
-1.728878280708977
-1.7285733269956955
-1.7282691597931048
-1.727965724183761
-1.7276629661532263
-1.7273608324565088
-1.7270592705144656
-1.7267582283407659
-1.7264576544866703
-1.7261574979997436
-1.7258577083975006
-1.7255582356449874
-1.7252590301459927
-1.7249600427351721
-1.7246612246779947
-1.7243625276744174
-1.7240639038654766
-1.7237653058442557
-1.7234666866689934
-1.723167999878872
-1.7228691995125827
-1.7225702401283773
-1.7222710768263263
-1.7219716652727035
-1.7216719617252432
-1.721371923060229
-1.7210715068011673
-1.7207706711483357
-1.720469375009622
-1.720167578031471
-1.7198652406319777
-1.719562324034164
-1.7192587902989762
-1.71895460235964
-1.7186497240560397
-1.7183441201693328
-1.7180377564565206
-1.7177305996847727
-1.7174226176658502
-1.7171137792894968
-1.716804054556814
-1.716493414613949
-1.7161818317816324
-1.7158692795885502
-1.7155557327990238
-1.7152411674426653
-1.7149255608414127
-1.7146088916345212
-1.7142911398028873
-1.713972286691534
-1.7136523150292473
-1.7133312089474129
-1.713008953995076
-1.7126855371541916
-1.712360946849892
-1.7120351729605263
-1.7117082068230507
-1.7113800412380527
-1.7110506704699695
-1.7107200902465318
-1.7103882977538176
-1.7100552916296337
-1.7097210719539133
-1.7093856402350291
-1.7090489993958413
-1.7087111537540136
-1.7083721090025534
-1.7080318721848864
-1.7076904516692366
-1.7073478571198955
-1.707004099465488
-1.7066591908653985
-1.7063131446740354
-1.7059659754028473
-1.705617698679329
-1.7052683312065622
-1.7049178907178357
-1.7045663959326522
-1.7042138665092328
-1.7038603229962912
-1.703505786785424
-1.7031502800587677
-1.7027938257408544
-1.702436447445639
-1.7020781694248182
-1.7017190165168354
-1.701359014094376
-1.7009981880131235
-1.7006365645589687
-1.7002741703979427
-1.6999110325256102
-1.699547178217423
-1.6991826349793768
-1.6988174304999015
-1.6984515926044796
-1.69808514920851
-1.6977181282740275
-1.697350557766477
-1.6969824656141486
-1.6966138796675394
-1.6962448276619035
-1.6958753371808535
-1.6955054356215193
-1.695135150161873
-1.6947645077293947
-1.6943935349718882
-1.6940222582299533
-1.69365070351151
-1.6932788964668952
-1.6929068623682535
-1.692534626087753
-1.6921622120795932
-1.6917896443621918
-1.6914169465040805
-1.691044141608216
-1.6906712523013467
-1.6902983007220413
-1.689925308511978
-1.6895515835736201
-1.6891793013188274
-1.6888063062548897
-1.688433354565097
-1.6880604645274706
-1.687687653605685
-1.68731493939722
-1.6869423392070404
-1.6865698699066147
-1.6861975478800442
-1.6858253890037591
-1.6854534086393083
-1.6850816216314488
-1.6847100423101333
-1.6843386844947814
-1.6839675614970844
-1.683596686128045
-1.6832260707007463
-1.6828557270377578
-1.682485666476877
-1.6821158998763077
-1.6817464376215128
-1.6813772896314148
-1.6810084653647674
-1.6806399738263382
-1.6802718235743408
-1.6799040227256654
-1.6795365789619303
-1.6791694995368638
-1.678802791282147
-1.6784364606131124
-1.6780705135336256
-1.6777049556437562
-1.6773397921430966
-1.6769750278377464
-1.6766106671432834
-1.6762467140913953
-1.6758831723325813
-1.6755200451418408
-1.675157335421207
-1.6747950457038079
-1.6744331781570871
-1.674071734586669
-1.6737107164363207
-1.6733501247931644
