53.581367938561826
52.56777472339678
51.63440349846358
50.836301225057014
50.22848186980466
49.8443837221594
49.680947514132306
49.70172105593324
49.85375842840591
50.084955871580426
50.353613966287654
50.63053427574007
50.89726810656018
51.14334965252227
51.363788908102784
51.557147150789696
51.72415585675297
51.86676203615135
51.98749184726
52.08904589500298
52.17405801631601
52.244964750353226
52.30394613278113
52.35290991597481
52.39350042560656
52.42712001365687
52.4549557677025
52.4780072258717
52.49711280903982
52.51297386600652
52.52617591739388
52.53720707780539
52.546473823827654
52.554314372997254
52.56100996656438
52.56679434005096
52.57186165047633
52.57637309563344
52.58046243164973
52.58424057015566
52.58779940192911
52.591214981039855
52.59455016989836
52.59785684179473
52.60117771182619
52.604547861049774
52.60799600452775
52.61154554731226
52.61521546427255
52.61902103318352
52.62297444634955
52.627085320782946
52.63136112446312
52.63580753141573
52.640428720425604
52.64522762375898
52.65020613508862
52.6553652853382
52.660705387648015
52.666226162635034
52.67192683882666
52.67780624222661
52.68386286705543
52.690094938691004
52.69650046471919
52.703077278332266
52.709823075725694
52.71673544583132
52.72381189806914
52.73104988216736
52.73844680858713
52.746000062997815
52.753707019102265
52.76156505036219
52.76957153905933
52.7777238827946
52.78601950212495
52.794455844942576
52.80303039089545
52.811740655007185
52.82058419013439
52.829558589181865
52.83866148676859
52.84789056000637
52.85724353004452
52.86671816168277
52.87631226388008
52.886023690245736
52.895850337645555
52.90579014599991
52.915841098520914
52.926001219792965
52.93626857584556
52.94664127174219
52.95711745224691
52.96769529971851
52.978373031867086
52.98914890223133
53.00002119826184
53.010988238771226
53.0220483737472
53.03319998255463
53.04444147180879
53.05577127470868
53.06718784845459
53.078689673120245
53.0902752504355
53.10194310080817
53.113691763257215
53.12551979203991
53.13742575588784
53.149408235971364
53.16146582438441
53.17359712120533
53.18580073403136
53.19807527480428
53.21041935864812
53.222831601535994
53.23531061829342
53.2478550204306
53.260463414409735
53.27313439835475
53.28586656147481
53.29865847948449
53.31150871436855
53.324415810575985
53.33737829323952
53.350394664062264
53.36346340063243
53.3765829515821
53.389751734691686
53.40296813336209
53.41623049282932
53.429537117984275
53.44288626793938
53.45627615409231
53.46970493382403
53.48317070846947
53.49667151730051
53.51020533273772
53.52377005585398
53.53736351037099
53.55098343724193
53.56462748772882
53.57829321739401
53.59197807845234
53.60567941223698
53.61939444055391
53.63312025768316
53.60877256528237
53.56934263999811
53.54066912090703
53.5214046083058
53.509814762750636
53.504248536488376
53.5032980974618
53.505825204934524
53.511113311953295
53.51832842619964
53.52687744050366
53.53636689985687
53.546500193291116
53.55705343378959
53.56785732014264
53.5787835076204
53.5897343647315
53.600635268286936
53.61142880083228
53.622070372078966
53.63252490451389
53.642764317355955
53.65276560757885
53.66250937793041
53.67197869916902
53.681158221039325
53.69003346782551
53.698590269184436
53.70681428977194
53.71469062490533
53.72220344233783
53.72933564909187
53.7360685672277
53.74238160581063
53.74825191325235
53.75365399988744
53.758559315784105
53.762935769680574
53.766747172121256
53.76995258583434
53.77250555801118
53.77435320970533
53.77543514777166
53.77568215718391
53.77501462506382
53.77334062787414
53.770553605447866
53.7665295128819
53.7611233233978
53.75416471347576
