28.804469497664993
30.276515077531688
31.49167450920249
32.38768838341127
32.95701980046263
33.237614122386454
33.288658024699856
33.16834294300284
32.923833613227025
32.58989810610605
32.19107123149955
31.744494229880587
31.26231625668165
30.753413305984342
30.22451469735918
29.68090606583078
29.126859357938738
28.565897742299644
28.000964384493695
27.43453598822938
26.868704191790314
26.305237471259037
25.745630419425172
25.191144186007307
24.642840263854577
24.10160898380606
23.568193654079266
23.04321104965229
22.52716881960929
22.020480288209978
21.52347705517361
21.036419741278788
20.559507175088445
20.09288427142405
19.636648812833304
19.19085731142504
18.755530098644254
18.330655765765336
17.916195056769173
17.512084297287284
17.118238429036293
16.73455370644885
16.360910102896728
15.997173465027188
15.643197447587317
15.298825255349932
14.963891214535417
14.638222192471634
14.321638881304084
14.013956959334738
13.714988141543417
13.424541129416863
13.142422468870166
12.868437324135801
12.602390174420238
12.34408543972302
12.093328041455504
11.849923902917391
11.613680394598278
11.384406728347285
11.161914304904183
10.946017018058768
10.73653151940572
10.533277446597971
10.336077618368616
10.144758199092381
9.959148835494682
9.77908276811331
9.604396919629064
9.434931962478679
9.270532367448473
9.111046435365155
8.956326313490417
8.806227998182244
8.660611325374338
8.519339950265584
8.382281317318654
8.249306621904678
8.120290764543247
7.995112298724702
7.873653373248301
7.755799669826765
7.641440336725572
7.530467919122979
7.4227782867182235
7.318270559255829
7.216847030356959
7.118413090114952
7.022877146945863
6.9301505489315245
6.840147504984823
6.752785006231841
6.667982747690138
6.585663050641589
6.505750785674268
6.428173296768012
6.352860326488959
6.2797439422983015
6.208758464254972
6.13984039415149
6.0729283460494825
6.007962978383677
5.944886927678254
5.883644743802517
5.824182826946309
5.766449366189584
5.710394279732264
5.655969156846856
5.603127201393362
5.5518231770792275
5.502013354274739
5.453655458472424
5.406708620322496
5.361133327277504
5.316891376693029
5.27394583051827
5.232260971400061
5.191802260260583
5.152536295273978
5.114430772213981
5.077454446129189
5.041577094358184
5.006769480728182
4.973003321100025
4.940251249964031
4.908486788300227
4.877684312485994
4.847819024363322
4.818866922230568
4.790804772975624
4.763610085089224
4.737261082660383
4.711736680292318
4.687016458823696
4.663080641997683
4.639910073818895
4.617486196821188
4.595791030938839
4.574807153205628
4.554517678104131
4.534906238539853
4.515956967483797
4.497654480185188
4.479983856979067
4.462930626600853
4.446480750043102
4.430620604876383
4.415336970038557
4.400617011012592
4.37061946979339
4.3456232081026265
4.3230468527169545
4.302684742940889
4.284243462633282
4.267433663063309
4.252002821648239
4.237742304750169
4.224605362960642
4.21235507985748
4.200839254809729
4.18998256572259
4.179725081840104
4.1700186827820955
4.160824315191094
4.1521099013578455
4.143848748069678
4.1360183359241445
4.128599396598892
4.1215752075837875
4.114931051060186
4.108653796575163
4.102731577168995
4.097153536082453
4.091909626746705
4.086990452970278
4.082387139358807
4.07809122430094
4.074094569561975
4.070389281938687
4.066967643140197
4.063822044871118
4.060944926541667
4.058328713225964
4.055965751816829
4.0538482431617355
4.051968168060314
4.050317204749088
4.0488866352299695
4.047667237311627
4.046649158808203
4.04582176941216
4.04517348493648
4.044691557353286
4.044361822313775
4.0441683940935755
4.044093294877254
4.044116002434687
4.044212895439059
4.044356570327044
