1.4944
1.485732074711816
1.4857598106690149
1.4861102733639997
1.486426799633842
1.486699233438997
1.486931857137021
1.487128771477075
1.4872936824589025
1.4874300959750633
1.487541392142514
1.4876308257408573
1.4877014949599523
1.4877563022901463
1.4877979197705327
1.4878287639771524
1.4878509822498442
1.4878664495813798
1.4878767745976682
1.4878833126992936
1.487887184423821
1.4878892972567759
1.487890369365966
1.4878909539992726
1.4878914635450704
1.4878921924910182
1.4878933387284656
1.487895022833579
1.4878973051134494
1.4879002003385522
1.4879036901898655
1.4879077335323747
1.4879122746878017
1.4879172499189852
1.4879225923591546
1.4879282356250154
1.487934116344028
1.4879401758109836
1.4879463609644474
1.4879526248490753
1.4879589267018989
1.4879652317756136
1.4879715109878664
1.487977740464617
1.487983901028999
1.4879899776719707
1.4879959590303282
1.488001836888658
1.4880076057156997
1.4880132622405018
1.4880188050703858
1.4880242343512804
1.488029551468405
1.4880347587849545
1.4880398594165913
1.4880448570374616
1.488049755716063
1.4880545597763588
1.488059273682738
1.4880639019448307
1.4880684490404081
1.488072919353956
1.488077317128409
1.488081646428664
1.4880859111149576
1.4880901148243526
1.4880942609593986
1.488098352682502
1.4881023929149915
1.4881063843400173
1.4881103294083693
1.4881142303469153
1.4881180891682306
1.4881219076821006
1.4881256875073778
1.488129430084465
1.4881331366881185
1.4881368084400455
1.4881404463211523
1.4881440511838888
1.488147623763635
1.4881511646897858
1.4881546744961363
1.4881581536307107
1.4881616024648487
1.4881650213016238
1.4881684103837223
1.4881717699005745
1.488175099994925
1.4881784007688195
1.488181672288993
1.4881849145918784
1.4881881276878368
1.488191311565433
1.4881944661946886
1.4881975915304597
1.4882006875152696
1.4882037540816873
1.4882067911547137
1.4882097986537144
1.4882127764941222
1.488215724588957
1.488218642850291
1.4882215311902256
1.4882243895221239
1.4882272177613136
1.4882300158259705
1.4882327836377764
1.4882355211224416
1.488238228210213
1.4882409048363807
1.4882435509414134
1.4882461664715472
1.48824875137878
1.488251305621257
1.4882538291633258
1.4882563219757388
1.4882587840357517
1.4882612153271155
1.488263615840335
1.4882659855725477
1.4882683245275903
1.4882706327160469
1.4882729101552723
1.488275156869275
1.4882773728888778
1.4882795582515171
1.4882817130013775
1.4882838371892668
1.488285930872592
1.4882879941153604
1.4882900269881825
1.4882920295681297
1.4882940019387298
1.488295944190071
1.4882978564185378
1.4882997387269903
1.4883015912246063
1.4883034140269105
1.4883052072557261
1.4883069710391719
1.4883087055115976
1.488310410813693
1.4883120870922752
1.4883137345004886
1.488315353197604
1.4883169433492816
1.488318505127242
1.4883200387095203
1.4883215442804236
1.4883230220304942
1.4883244721565057
1.4883258948616234
1.4883272903552482
1.4883286588531683
1.4883300005775681
1.4883313157570386
1.4883326046265672
1.488333867427719
1.4883351044085316
1.4883363158235754
1.488337501934133
1.488338663008028
1.4883397993199123
1.488340911151133
1.488341998789777
1.4883430625308787
1.4883441026763016
1.4883451195349062
1.488346113422487
1.4883470846619125
1.4883480335830592
1.4883489605230635
1.4883498658260743
1.4883507498434856
1.488351612933957
1.4883524554633114
1.488353277804718
1.4883540803386521
1.4883548634528556
1.4883556275424445
1.4883563730097977
1.488357100264688
1.488357809724213
1.4883585018126535
1.48835917696173
1.4883598356103123
1.488360478204522
1.488361105197649
1.4883617170500656
1.4883623142292246
1.4883628972095218
1.488363466472288
1.488364022505596
1.4883645658042168
1.4883650968696203
1.4883656162095527
1.4883661243382094
1.4883666217759295
