5.7065
5.645572997797165
5.6513212648564926
5.6569923581579955
5.662571907852136
5.668055654113893
5.67344206926352
5.6787304775233896
5.683920607845175
5.6890124531949064
5.694006201367278
5.6989021879075095
5.703700859764317
5.708402746253142
5.7130084357139905
5.717518556773522
5.721933763362149
5.726254722796162
5.730482106360011
5.734616581925724
5.7386588082293155
5.742609430492943
5.746469077138321
5.750238357382392
5.753917859544479
5.757508149925886
5.761009772147175
5.764423246850148
5.767749071688457
5.770987721544609
5.7741396489228
5.777205284476285
5.780185037635989
5.783079297313221
5.785888432654327
5.788612793829992
5.791252712844717
5.79380850435546
5.79628046649027
5.798668881659958
5.8009740173575075
5.803196126940808
5.805335450395682
5.807392215077091
5.809366636426721
5.811258918665847
5.813069255463282
5.8147978305777706
5.816444818474926
5.818010384919288
5.819494687541667
5.820897876382318
5.822220094410892
5.823461467261304
5.824622146481958
5.825702246236577
5.826701885970186
5.827621180333347
5.828460239578558
5.829219169939048
5.829898073990711
5.830497050998128
5.83101619724535
5.831455606352344
5.8318153695775345
5.832095576107534
5.83229631333442
5.832417667121408
5.832459722057299
5.8324225617006995
5.832306268814272
5.832110925589385
5.831836613862296
5.8314834153216895
5.831051411708513
5.830540685008243
5.829951317636199
5.829283392616217
5.828536993753109
5.827712205799226
5.826809114615458
5.825827807327078
5.824768372474766
5.823630900160734
5.822415482191013
5.8211222122132416
5.819751185850877
5.818302500833867
5.816776257125852
5.815172557048452
5.813491505402481
5.811733209586516
5.809897779712986
5.807985328721949
5.805995972492565
5.803929829952703
5.801787023186641
5.7995676775411
5.797271921729758
5.794899887936161
5.7924517119155805
5.789927533095523
5.78732749467535
5.78465174372479
5.781900431281704
5.77907371244921
5.776171746491983
5.773194696932255
5.77014274732816
5.767016023306938
5.763814764060986
5.760539104315613
5.757189245776048
5.7537653795048085
5.75026770148532
5.746696412716775
5.743051719309001
5.739333832577521
5.7355429691389626
5.731679351006761
5.7277432056873865
5.723734766276983
5.719654271558554
5.715501966099699
5.711278100351062
5.706982930745436
5.702616719797579
5.698179736204803
5.693672254948413
5.689094557396061
5.684446931404892
5.67972967142577
5.674943078608357
5.670087460907371
5.665163133189811
5.6601704173432825
5.655109642385582
5.649981144575279
5.644785267523625
5.639522362307729
5.634192787584874
5.628796909708335
5.623335102844324
5.617807749090489
5.612215238595744
5.606557969681464
5.600836348964313
5.595050791480419
5.589201720811107
5.583289569210299
5.577314777733391
5.571277796367765
5.565179084165
5.5590191093748
5.552798349580556
5.546517291836822
5.540176432808398
5.533776278911422
5.527317346456304
5.520800161792551
5.514225261455636
5.5075931923158326
5.500904511729125
5.494159787690443
5.487359598988806
5.480504535364975
5.47359519767138
5.466632198034448
5.459616160019459
5.452547718798076
5.445427521318501
5.4382562264784315
5.43103450530117
5.423763041114467
5.4164425297329934
5.409073679643828
5.401657212195787
5.394193861792313
5.386684376088485
5.379129516192094
5.371530056869223
5.363886786754525
5.356200508566546
5.348472039328339
5.3407022105938635
5.332891868680386
5.325041874907474
5.317153105842964
5.30922645355646
5.301262825880822
5.2932631466824525
5.285228356140821
5.2771594110381566
5.269057285059925
5.260922969107104
5.252757471621154
5.24456181892271
5.236337055565059
5.228084244703858
