0.00023
0.00017649587519368443
0.00017653498958582184
0.00017657520881051507
0.00017661689438669786
0.00017666031526301907
0.00017670566310099304
0.0001767530686264315
0.00017680261474243542
0.00017685434695765144
0.00017690828169255175
0.00017696441290531584
0.00017702271738030575
0.00017708315894865187
0.00017714569185391666
0.0001772102634312267
0.00017727681608947034
0.00017734528879958045
0.00017741561984988357
0.00017748774619464965
0.00017756160486255687
0.0001776371335769885
0.00017771427122725475
0.0001777929582197229
0.00017787313673363616
0.00017795475090026403
0.00017803774692215878
0.00017812207700822262
0.00017820768395775282
0.00017829452432924965
0.00017838255299090831
0.00017847172693887488
0.00017856200525147273
0.0001786533490330862
0.00017874572135111722
0.00017883908716883508
0.000178933413275571
0.00017902866821525946
0.00017912482221524363
0.000179221847114844
0.0001793197162956493
0.0001794184046127701
0.00017951788832825514
0.0001796181450462875
0.000179719153650729
0.00017982089424483936
0.00017992334809328252
0.000180026497566352
0.00018013032608679764
0.0001802348180783276
0.00018033995891702183
0.00018044573488423045
0.00018055213312178218
0.00018065914158939977
0.00018076674902375256
0.00018087494489928978
0.00018098371939128215
0.0001810930633400364
0.0001812029682171598
0.00018131342609300504
0.00018142442960617037
0.00018153597193375812
0.000181648046763582
0.00018176064826737532
0.00018187377107532632
0.0001819874053995366
0.00018210155038128772
0.0001822162030594791
0.00018233135966334865
0.00018244701677106563
0.00018256317129096303
0.0001826798204436183
0.00018279696174439228
0.00018291459298741482
0.0001830327122300219
0.00018315131777814578
0.00018327040817231
0.0001833899821746262
0.0001835100387561796
0.00018363057708525328
0.00018375159651606268
0.00018387309657833773
0.0001839950769670584
0.0001841175375331741
0.00018424047827448248
0.00018436389932727798
0.0001844878009581878
0.00018461218355688498
0.00018473704762859514
0.00018486239378763455
0.0001849882227510467
0.00018511453533247445
0.00018524133243656433
0.00018536861505383161
0.00018549638425534467
0.00018562464118833136
0.00018575338707159617
0.0001858826231913532
0.00018601235089735668
0.0001861425715991984
0.00018627328676293657
0.00018640449790775397
0.00018653620660294268
0.00018666841446511568
0.00018680112315551183
0.0001869343343774568
0.0001870680498740001
0.0001872022714258003
0.00018733700084905115
0.00018747223999349862
0.0001876079907406715
0.00018774425500227605
0.0001878810347184611
0.00018801833185655564
0.00018815614840950003
0.00018829448639473065
0.000188433347852901
0.00018857273484672792
0.00018871264946011197
0.00018885309379696653
0.00018899406998043605
0.00018913558015210723
0.00018927762647110287
0.0001894223267455299
0.00018956346757991388
0.00018970913957518714
0.00018985136801540328
0.000189996450982325
0.00019014177324346376
0.00019028764439509084
0.00019043575818059692
0.00019058276094170593
0.00019073030097181245
0.0001908784011202891
0.0001910249546330247
0.00019117414729880985
0.00019132393340953247
0.00019147429076341128
0.00019162522089392518
0.00019177672612761876
0.00019192880883172952
0.00019208147138868634
0.00019223471619405044
0.00019238854565562435
0.00019254296219236653
0.0001926979682338564
0.00019285356621984037
0.00019300975859969205
0.00019316654783206583
0.00019332393638472135
0.00019348192673416222
0.0001936405213654188
0.00019379972277199273
0.0001939595334555986
0.00019411995592598727
0.00019428099270097024
0.00019444264630617632
0.00019460491927497932
0.00019476781414840067
0.0001949313334750574
0.0001950954798109977
0.0001952602557196878
0.00019542566377189053
0.00019559170654562228
0.0001957583866260577
0.00019592570660544089
0.00019609366908307006
0.00019626227666519742
0.00019643153196496226
0.0001966014376022565
0.00019677199620390975
0.0001969432104032721
0.00019711508284046226
0.00019728761616211207
0.00019746081302145785
0.00019763467607812992
0.00019780920799823554
0.00019798441145425043
0.00019815952485874257
0.00019833592160082593
0.00019851314486236675
0.00019869104699055405
0.00019886964184355344
0.0001990498478619348
0.00019922984634494057
0.00019941052816219997
0.00019959190247681923
0.00019977397430224268
0.00019995674664969972
0.00020014022246132417
0.00020032440463109473
0.00020050929602020108
0.0002006948983351083
0.0002008812166488723
0.00020106825266668003
0.00020125600919897142
0.00020144448905497488
0.00020163369615893426
0.00020182363110999053
