220.5
222.33615902756358
224.09706997477605
225.78354195690758
227.39627222667806
228.93590485552397
230.40305759342968
231.79833485014046
233.12233479475702
234.37565374807352
235.5588891933822
236.67264197413118
237.71751798070318
238.69412940312722
239.60309569990275
240.44504430930078
241.22061115326318
241.93044096847368
242.57518749278853
243.1555135304076
243.67209091537623
244.12560038994388
244.51673141180802
244.84618190221062
245.11465794515576
245.32287344661057
245.47154976137557
245.56141529433222
245.59320508194628
245.56766035920168
245.4855281165329
245.34756065079617
245.1545151138524
244.9071530619194
244.60624000847028
244.25254498311588
243.84684009858606
243.38990012763597
242.88250209142743
242.3254248606863
241.71944877069927
241.06535525100034
240.3639264703986
239.61594499779608
238.82219403485615
237.98345491110814
237.10051006496613
236.17414058376775
235.20512651820215
234.19424662239064
233.1422781276077
232.04999653048216
230.91817539555822
229.74758617184585
228.53899802288782
227.29317774944417
226.0108894059299
224.69289440515547
223.3399513201868
221.95281577301688
220.53224033387505
219.07897443020963
217.5937642646417
216.07735274122936
214.53047939936386
212.9538803546092
211.34828824571338
209.71443218696743
208.05303772497604
206.36482679876704
204.65051770198443
202.91082504566936
201.14645971981219
199.35812885144009
197.54653575644699
195.7123798816339
193.85635673244084
191.97915778053186
190.0814703436057
188.16397742737934
186.2273575163572
184.2722842953866
182.29942627755074
180.3094463048335
178.3030008749545
176.2807392288943
174.24330210591282
172.19132003156693
170.12541094171786
168.0461768492406
165.95419910914651
163.8500315963208
161.73419071576353
159.60714050753992
157.46927004372785
155.32085804533443
153.16201699686712
150.9926020177898
148.81206032711154
146.61918249539065
144.41171090259246
142.1858423728861
139.93614744801846
137.65788477433676
135.3540285356834
133.04052051840196
130.73837760515514
128.46268953507388
126.22092515003848
124.01595517978429
121.84854445057717
119.71859632458178
117.62567906303971
115.56923449545346
113.54865924308847
111.56333634886875
109.61264783690297
107.69597994823476
105.81272554217996
103.96228537596572
102.14406891695523
100.35749493878274
98.60199199929706
96.87699883971536
95.18196472199264
93.51634971275838
91.8796249187482
90.27127267724063
88.69078670435988
87.1376722037618
85.61144593800287
84.1116362647263
82.63778313966984
81.18943808838223
79.76616414843666
78.36753578383912
76.99313877325208
75.64257007358165
74.31543766041726
73.01136034675581
71.72996758139749
70.47089922835657
69.23380532859626
68.01834584536515
66.82419039438672
65.65101796013187
64.49851659938399
63.36638313329343
62.25432282910373
61.162049072722596
60.08928303330316
59.03575332099456
58.00119563901622
56.98535243120666
55.98797252619493
55.00881077934063
54.04762771358513
53.1041891603555
52.17826590165814
51.26963331449573
50.378071018734595
49.50336252954329
48.64529491551195
47.803658463552075
46.97824635165786
46.16885433059499
45.37528041555687
44.59732458880332
43.83478851426471
43.08747526505614
42.35518906480644
41.637735043655994
40.934919009725185
40.246547236793866
39.57242626886594
38.91236274221939
38.29466971741506
37.64545500378679
36.99267823783203
36.3393543709545
35.686742524612406
35.03564218593336
34.38674936470336
33.74073323530989
33.09823640814976
32.4598577202352
31.826134561949438
31.19752908949337
30.574419838690833
29.957097490888046
29.34576595309227
28.74054597681647
28.141481457887213
27.54854738192931
26.961658689691053
26.380679344493885
25.8054317978102
25.235705067309794
24.671262786664233
24.111850240874478
24.109529805250112
24.10715420507195
24.10473097346006
24.102266301107946
24.099765262360503
24.097232009080965
24.09466993453127
24.092081810956774
24.08946990326878
24.086836063439637
24.084181808128985
24.08150838239802
24.0788168119524
24.076107945465843
24.073382489558618
24.070641036934287
24.06788408929531
24.065112075913127
24.06232536865091
24.059524294096057
24.056709143342076
24.053880179861906
24.051037645834175
24.04818176721729
24.045312757811654
24.04243082250545
24.039536159862525
24.036628964180885
24.03370942712591
24.030777739022298
24.02783408987243
24.02487867015599
24.021911671454472
24.018933286936132
24.015943711729474
24.012943143208023
24.009931781204454
24.006909828168624
24.003877489280924
24.000834972530267
23.99778248876394
23.994720251715087
23.99164847801264
23.98856738717704
23.985477201604898
23.982378146544743
23.979270450065723
23.976154343020642
23.973030059004504
23.96989783430944
23.966757907876698
23.963610521246277
23.960455918504625
23.95729434619761
23.954126053439634
23.95095129153164
23.94777031422714
23.9445833775138
23.941390739586843
23.938192660789962
23.93498940355572
23.93178123234561
23.92856841358981
23.925351215626517
23.922129908641182
23.918904764605458
23.915676057216032
23.912444061833245
23.90920905542609
23.90597131649315
23.902731125017095
23.899488762398086
23.896244511392347
23.89299865605061
23.889751481656745
23.886503274666286
23.883254322645218
23.88000491420877
23.876755338960482
23.873505887431296
23.870256851018965
23.86700852192764
23.863761193107674
23.860515158195696
23.857270711454984
23.85402814771609
23.850787762317832
23.847549851048587
23.84431471008796
23.84108263594879
23.83785392541958
23.83478135608984
23.83186434691716
23.829102334149994
23.826494764582613
23.82404109234014
23.821740778390996
23.819593289343434
23.81759809806074
23.815754682737804
23.814062526826298
23.812521118823955
23.81112995207868
23.809888524603892
23.808796338903242
23.807852901803887
23.807057724297668
23.806410321389826
23.805910211954934
23.805556918599667
23.80534996753215
23.80528888843769
23.805373214360415
23.805602481590814
23.805976229558663
23.806494000731302
23.807155340516857
23.80795979717232
23.80890692171612
23.809996267845076
23.81122739185548
23.812599852568084
23.814113211256856
23.81576703158128
23.817560879522045
23.819494323319926
23.8215669334177
23.82377828240502
23.826127944965933
23.828615497829116
23.831240519720478
23.8340025913182
23.8369012952099
23.83993621585199
23.843106939530976
23.846413054326685
23.84985415007724
23.85342981834577
23.857139652388728
23.86098324712569
23.864960199110662
23.869070106504672
23.873312569049716
23.87768718804395
23.882193566317927
23.88683130821206
23.891600019555028
23.89649930764323
23.901528781221117
23.906688050462446
23.911976726952325
23.917394423670103
23.922940754972927
23.928615336580084
23.934417785557944
23.94034772030559
23.946404760541004
23.952588527287844
23.958898642862763
23.96533473086318
23.9718964161556
23.97858332486436
23.985395084360775
23.992331323252756
23.999391671374745
24.00657575977807
24.013883220721585
24.021313687662726
24.028866795248767
24.036542179308466
24.044339476843927
24.052258326022745
24.060298366170414
24.068459237762944
24.076740582419742
24.08514204289664
24.09366326307919
24.102303887976124
24.111063563712992
24.119941937525947
24.128938657755768
24.13805337384195
24.147285736316995
24.156635396800837
24.166102007995377
24.17568522367913
24.18538469870208
24.195200088980517
24.205131051492106
24.21517724427098
24.22533832640293
24.235613958020767
24.24600380029966
24.256507515452636
24.267124766726166
24.277855218395743
24.288698535761636
24.299654385144674
24.310722433882034
24.735592324244976
25.105924423239337
25.428310696276313
25.70837422322033
25.950929287691057
26.160124681401417
26.33955695881345
26.492360275316166
26.621278471664603
26.728723546087696
26.816823553124244
26.88746219071351
26.942311781575484
26.982860952110403
27.010438015870424
27.026230848076665
27.031303871425486
27.026612646782347
27.013016464890793
26.99128925449651
26.96212910305957
26.926166502821157
26.883971653460275
26.836060836962982
26.782902046412516
26.72491996068226
26.662500351937275
26.595993999633382
26.52572017377106
26.451969741075708
26.375007940188393
26.29507686558458
26.212397694573408
26.127172687189287
26.039586984929752
25.949810231002488
25.857998031927576
25.76429327792038
25.668827337394507
25.5717211391199
25.473086154005887
25.37302528711686
25.271633689339343
25.168999497078207
25.065204507445873
24.960324795603025
24.85443128019788
24.747590242220177
24.639863802024404
24.531310358775112
24.421984996116638
24.31193985746333
24.20122449393743
24.089886187645096
23.977970252671
23.86552031588439
23.752578579379957
23.63918606612188
23.52538285011536
23.411208272193736
23.296701142277712
23.18189992873369
23.066842935228387
22.951568465243508
22.836114974176592
22.72052120870883
22.60482633286761
22.489070039948842
22.373292649192543
22.257535185824516
22.14183944279052
22.026248022219697
21.910804354368178
21.79555269151947
21.680538074067986
21.56580626580035
21.451403655236707
21.3373771198239
21.22377384981289
21.110641128835777
20.998026068556626
20.88597529534035
20.774534587695204
20.663748464322993
20.55365972396921
20.44430893990054
20.335733913723836
20.227969095349163
20.121044978109452
20.0149874802741
19.909817326300985
19.805549443009873
19.70219238727362
19.599747822660813
19.49821006305144
19.397565696602918
19.29779331532958
19.198863350447045
19.100738031764255
19.003371475528933
18.906709903143458
18.81069198896051
18.71524933121835
18.620307036309097
18.52578440319252
18.431595692032097
18.337650959148984
18.243856939216172
18.15011795524812
18.05633683732977
17.962415832084442
17.868257486483934
17.773765491623557
17.67884547438122
17.58340572732017
17.4873578696589
17.390617434516702
17.29310437986701
17.194743522632947
17.09546489710015
16.995204036387527
16.89390220436158
16.791506526192173
16.687970088279275
16.58325198111
16.47731728807441
16.37013703503389
16.261688103994086
16.151953116409484
16.040920291310286
15.928583283042052
15.81494100296816
15.699997429023858
15.583761406543662
15.466246443324101
15.347470501440926
15.22745578792126
15.106228545981837
14.983818848187909
14.86026039256528
14.735590302410703
14.609848930293314
14.48307966652054
14.355328752154447
14.226645096506722
14.097080098910054
13.96668747290155
13.8355230715668
13.703644734895564
13.571112114957897
13.437986513314982
13.304330719854681
13.170208852669433
13.035686198470689
12.900829054215835
12.765704571445317
12.630380581524074
12.494925442850498
12.359407877410458
12.223896805843642
12.088461180788473
11.953169818472423
11.818091228616808
11.683293442829896
11.548843841771985
11.414808981490536
11.2812544194408
11.148244540826335
11.015842386011888
10.884109479876754
10.753105664086725
10.622888933364779
10.493515276931577
10.365038526363389
10.237510211174543
10.110979423470237
9.98549269303121
9.861093874181412
9.737824045751625
9.615721425384208
9.494821299326139
9.375155968729322
9.256754713319605
9.139643773110969
9.023846348631897
8.909382619900647
8.796269784139838
8.684522111963668
8.574151021509387
8.465165169724639
8.357570559770503
8.251370663263188
8.146566555861423
8.043157064517311
7.941138924551048
7.840506944587819
7.741254177312028
7.643372093950895
7.5468507603973976
7.541411171081699
7.530844838278433
7.515981505853446
7.49750817640955
7.475995203714173
7.451917457503134
7.425671536206931
7.397589795075725
7.367951796086376
7.336993662817797
7.304915728103542
7.27188878760374
7.23805921340275
7.203553134653273
7.168479854449144
7.132935007282774
7.097001749349485
7.06075369992087
7.024256107300737
6.987567090978793
6.950738657168645
6.913817530186441
6.876845834458617
6.839861655618855
6.802899503932068
6.765990698977089
6.729163691328403
6.692444331523052
6.65585610163643
6.619420311304568
6.5831562684049585
6.547081428710798
6.511211528645829
6.475560704405659
6.440141600016505
6.404965466344326
6.370042252621239
6.335380691701804
6.300988379981719
6.266871852692095
6.233036655111618
6.199487410107452
6.166227882315404
6.1332610391944336
6.100589109134846
6.068213636758801
6.03613553552323
6.004355137715495
5.972872241919363
5.941686158021094
5.910795749821339
5.880199475316985
5.849895424717344
5.819881356260225
5.790154729895368
5.760712738904761
5.7315523395313495
5.7026702786895695
5.6740631198325495
5.645727267052017
5.6176589874875305
5.58985443212201
5.562309655040216
5.535020631226376
5.507984662918283
5.481196193345893
5.454651050634739
5.428345042898294
5.402273969608543
5.3764336319748605
5.350819842387082
5.325428432977641
5.300255263356337
5.275296227569732
5.250547260335402
5.22600434259939
5.201663506463165
5.177520839524373
5.153572488673527
5.129814663386644
5.106243638551864
5.082855756865845
5.059647430833863
5.036615144405486
5.013755454275808
4.991064990880402
4.96854045911039
4.946178638772267
4.923976384815631
4.901930627350286
4.88003837147282
4.858296696921331
4.836702757575685
4.8152537808194005
4.793947066778158
4.772779987448741
4.751749985731256
4.730854574376455
4.710091334859078
4.6894579161872905
4.668952033657474
4.648571467562862
4.628314061863842
4.60817772282708
4.588160417639975
4.568260173006432
4.548475073729387
4.528803261285021
4.509242932393137
4.489792337587765
4.470449779791649
4.4512136128979085
4.432082240361821
4.413054113805371
4.3941277316369005
4.3753016376879454
4.356574419869088
4.337944708846424
4.319411176740016
4.300972535845573
4.282627537380332
4.264374970254024
4.246213037911978
4.228140536772381
4.210157637210499
4.1922620394444445
4.174453526873881
4.156730963736645
4.139093520914508
4.121540319426063
4.104070054570806
4.0866818625420835
4.069374900821721
4.05214802723977
4.035001818761943
4.017934539721621
4.000945377719477
3.9840335518027468
3.9671983093973555
3.950438923673003
3.933754691390279
3.9171449311233073
3.9006089817721867
3.8841462012996466
3.867755965642067
3.851437667756819
3.835190716776977
3.8190145372513937
3.8029085684533257
3.7868722637448236
3.770905089987096
3.755006526989378
3.739176066990535
3.7234132141689704
3.7077174841774063
3.6920884036998225
3.676525510028432
3.6610283506589965
3.6455964829031005
3.6302294735162426
3.614926898340812
3.599688341963129
3.5845133973838528
3.5694016657011343
3.554352755805969
3.539366284089236
3.524441874159959
3.5095791565743517
3.4947777685752404
3.480037353841493
3.4653575622470454
3.4507380496292113
3.4361784775659188
3.4216785131615444
3.407237828841031
3.3928561021519985
3.378533015574524
3.364269860502484
3.350067123914795
3.3359228069609217
3.321836219001213
3.307806780224422
3.293830325635301
3.2799090186946307
3.2660437870602723
3.25223396885884
3.2384795222567155
3.224780332885092
3.211136236330284
3.1975470341051047
3.184012504948858
3.170532416553998
3.1571065213275054
3.143734567852188
3.1304163022864
3.1171514701135203
3.103939813613424
3.0907810822952317
3.077675025909299
3.1528331507885974
3.2250397554160752
3.2945790754340916
3.3616988965786914
3.426616471231772
3.4895239838305114
3.550593427593202
3.609980691202038
3.6678287245689245
3.7242696958250727
3.779426088030189
3.8334107300857663
3.886325833765172
3.9382612323982618
3.9892921804565358
4.039477236933221
4.088856845759916
4.137453165313558
4.1852714541490545
4.232302946672714
4.278528783215067
4.3239243353860575
4.368463259588728
4.412120786339964
4.454876010592445
4.496713185911363
4.537622183042262
4.577598340849703
4.616641936258092
4.654757460412166
4.691952836407681
4.7282386653205135
4.763627548786182
4.798133509280802
4.831771511968661
4.864557082065032
4.896506006771891
4.927634109115556
4.957957081119057
4.987490364799978
5.016249070952444
5.044247927234181
5.071501248566999
5.098022924191697
5.123826416868116
5.148924770677686
5.173330625235358
5.197056231435618
5.2201134727464185
5.2425138852714115
5.26426867855569
5.285388755984725
5.305884734380245
5.325766962542217
5.3450455385941
5.3637303260673415
5.3818309687171295
5.3993569041000615
5.416317375969815
5.432721445562552
5.44857800185219
5.463895770858898
5.47868332409385
5.492949086220432
5.50670134200783
5.519948242647643
5.5326978114985375
5.5449579493181895
5.556736439036101
5.568040950115523
5.578879042547634
5.589258170516526
5.599185685769263
5.608668840721486
5.6177147913255805
5.626330599725364
5.634523236718504
5.642299584045477
5.64966643652171
5.6566305040276825
5.663198413370104
5.669376710025772
5.675171859778486
5.68059025025821
5.685638192390685
5.690321921764849
5.6946475999245845
5.698621315590695
5.702249085818365
5.7055368570948515
5.708490506381693
5.711115842105277
5.71341860509928
5.715404469502167
5.717079043612618
5.71844787070553
5.719516429811034
5.720290136458708
5.720774343389051
5.720974341234115
5.720895359169006
5.7205425655359115
5.719921068442153
5.719035916333678
5.717892098545315
5.716494545829043
5.714848130861455
5.712957668731498
5.710827917409584
5.708463578199052
5.705869296170918
5.7030496605828525
5.7000092052832345
5.696752409100886
5.693283696223138
5.689607436557141
5.685727946084928
5.681649487203785
5.677376269057256
5.6729124478564055
5.668262127192039
5.663429358338459
5.658418140549396
5.653232421346672
5.647876096802173
5.642353011813678
5.6366669603750665
5.63082168584143
5.624820881189559
5.61866818927433
5.612367203081404
5.605921465976739
5.5993344719533145
5.592609665875504
5.591453871766655
5.598663963211978
5.613761629938068
5.636342614561753
5.666046103480399
5.702539379875091
5.745510126631561
5.794662419974878
5.849714486585255
5.910397304230367
5.976453614744098
6.047637147194371
6.123711956391319
6.204451831934124
6.289639756312026
6.379067401431129
6.472534657985414
6.569849194428743
6.670826043382805
6.775287213810718
6.883061327515771
6.993983278636308
7.107893914870929
7.224639739214346
7.3440726310246465
7.466049585287034
7.590432468984258
7.717087793532679
7.84588650229496
7.976703772231826
8.109418828809753
8.243914773334707
8.380078421935703
8.517800155475594
8.656973779719744
8.797496395146648
8.939268275839238
9.082192756951573
9.226176130296253
9.371127547684985
9.51695893005125
9.663584875176753
9.810922638751146
9.958891975976664
10.107415143057562
10.256416827767179
10.405824104489701
10.555566398031376
10.705575457849694
10.85578534480036
11.006132433487005
11.156555434739685
11.306995444889804
11.457396031749607
11.60770337219641
11.757866464101685
11.907837447911865
12.057572093779493
12.207030544692923
12.35617846552778
12.50498885321267
12.653444955246185
12.801545105897425
12.949311000476825
13.096802349405076
12.020634399384907
11.006704375303014
10.056345378550239
9.17057261086834
8.349593872533914
7.592849413386467
6.899141592505738
6.2667448328991675
5.693483055868288
5.176785444114145
4.713734113192138
4.301114128882335
3.935471766443587
3.6131825162981652
3.3305267839935944
3.0837688665950322
2.869233745158539
2.6833764209039055
2.5228396473751973
2.384497558037662
2.2654844351297894
2.1632093763681746
2.0753586977488876
1.9998885088254361
1.9350100706751943
1.879170393395681
1.831030190083585
1.7894408709963612
1.7534218257476393
1.722138844387628
1.6948842065224867
1.6710586994683705
1.650155675408563
1.6317470869314417
1.6154713964268559
1.6010231952619631
1.5881443514442
1.5766165011574709
1.5662547069021047
1.5569021182634328
1.5484254876381272
1.5407114105816189
1.5336631773448839
1.5271981380183661
1.5212454980809385
1.5157444738032204
1.5106427482301772
1.505895177782791
1.501462707873997
1.4973114627455515
1.493411980531536
1.489742126783628
1.4862717636672362
1.4829854039152661
1.4798657183343733
1.476897433275614
1.4740670513007132
1.471362613457526
1.4687734965985206
1.466290240191942
1.4639043980327275
1.4616084109844272
1.4593954975590728
1.4572595595958198
1.4551951008053743
1.45319715623171
1.45126123105529
1.4493832474152177
1.447559497997623
1.4457866055852977
1.4440614875896107
1.4423813249664734
1.4407435348924664
1.4391457467019477
1.4375857806436594
1.436061629091907
1.4345714399032288
1.43311350163209
1.431686230385477
1.4302881581041755
1.4289179220933184
1.4275742556624975
1.426255979744427
1.4249619953575907
1.42369127683033
1.4224428657069106
1.4212158652505507
1.4200094354540345
1.4188227885509743
1.4176551849303978
1.4165059294379845
1.4153743680000908
1.4142598845603147
1.4131618982862593
1.4120798610221574
1.411013254937537
1.4099615904100395
1.4089244040593578
1.4079012569500833
1.4068917329435626
1.4058954371738457
1.4049119946565134
1.4039410489912523
1.402982261178404
1.4020353085147894
1.401099883577921
1.400175693279701
1.3992624580017679
1.3983599107791942
1.3974677965448714
1.3965858714382364
1.39571390215205
1.3948516653221628
1.3939989469682572
1.3931555419670876
1.3923212535541634
1.3914958928760999
1.3906792785497935
1.3898712362655512
1.3890715984121067
1.3882802037270021
1.3874968969574755
1.3867215380452427
1.3859539722006142
1.385194060546712
1.3844416690819075
1.3836966684390557
1.3829589336553032
1.3822283439596503
1.3815047825675495
1.3807881364939862
1.3800782963734581
1.3793751562888434
1.3786786136195996
1.3779885688798883
1.3773049255879952
1.3766275901225677
1.3759564715983383
1.3752914817477495
1.3746325348023658
1.3739795473874508
1.3733324384180767
1.3726911290035397
1.3720555423544807
1.3714256036927397
1.370801240171133
1.3701823807918527
1.3695689563322615
1.3689608992754394
1.3683581437408734
1.3677606254193992
1.3671682815105533
1.3665810506664324
1.3659988729342873
1.3654216897068154
1.3648494436682344
1.3642820787435042
1.363719540058128
1.3631617738943103
1.362608727644083
1.3620603497713841
1.3615165897785326
1.3609773981626239
1.3604427263869803
1.3599125268447494
1.3593867528250447
1.3588653584895882
1.3583482988363391
1.3578355296779963
1.3573270076083022
1.3568226899865405
1.356322534902265
1.3558265011612114
1.355334548256612
1.3548466363520955
1.354362726259591
1.353882779419847
1.3534067578818503
1.352934624286958
1.3524663418535203
1.3520018743546214
1.3515411861096005
1.3510842419608895
1.3506310072633938
1.3501814478731482
1.3497355301273362
1.3492932208366883
1.348854487271682
1.3484192971476359
1.3479876186165822
1.3475594202549463
1.3471346710529053
1.346713340402737
1.34629539809158
1.3458808142907084
1.345469559545267
1.345061604765815
1.3446569212212214
1.3442554805290534
16609.52325669979
16609.52325669979
16609.52325669979
16609.52325669979
16609.52325669979
16609.52325669979
16609.52325669979
16609.52325669979
16609.52325669979
16609.52325669979
16609.52325669979
16609.52325669979
16609.52325669979
16609.52325669979
16609.52325669979
16609.52325669979
16609.52325669979
16609.52325669979
16609.52325669979
16609.52325669979
16609.52325669979
16609.52325669979
16609.52325669979
16609.52325669979
16609.52325669979
16609.52325669979
16609.52325669979
16609.52325669979
16609.52325669979
16609.52325669979
16609.52325669979
16609.52325669979
16609.52325669979
16609.52325669979
16609.52325669979
16609.52325669979
16609.52325669979
16609.52325669979
16609.52325669979
16609.52325669979
16609.52325669979
16609.52325669979
16609.52325669979
16609.52325669979
16609.52325669979
16609.52325669979
16609.52325669979
16609.52325669979
16609.52325669979
16609.52325669979
16609.52325669979
16609.52325669979
16609.52325669979
16609.52325669979
16609.52325669979
16609.52325669979
16609.52325669979
16609.52325669979
16609.52325669979
16609.52325669979
16609.52325669979
16609.52325669979
16609.52325669979
16609.52325669979
16609.52325669979
16609.52325669979
16609.52325669979
16609.52325669979
16609.52325669979
16609.52325669979
16609.52325669979
16609.52325669979
16609.52325669979
16609.52325669979
16609.52325669979
16609.52325669979
16609.52325669979
16609.52325669979
16609.52325669979
16609.52325669979
16609.52325669979
16609.52325669979
16609.52325669979
16609.52325669979
16609.52325669979
16609.52325669979
16609.52325669979
16609.52325669979
16609.52325669979
16609.52325669979
16609.52325669979
16609.52325669979
16609.52325669979
16609.52325669979
16609.52325669979
16609.52325669979
16609.52325669979
16609.52325669979
16609.52325669979
16609.52325669979
16609.52325669979
16609.52325669979
16609.52325669979
16609.52325669979
16609.52325669979
16609.52325669979
16609.52325669979
16609.52325669979
16609.52325669979
16609.52325669979
16609.52325669979
16609.52325669979
16609.52325669979
16609.52325669979
16609.52325669979
16609.52325669979
16609.52325669979
16609.52325669979
16609.52325669979
16609.52325669979
16609.52325669979
16609.52325669979
16609.52325669979
16609.52325669979
16609.52325669979
16609.52325669979
16609.52325669979
16609.52325669979
16609.52325669979
16609.52325669979
16609.52325669979
16609.52325669979
16609.52325669979
16609.52325669979
16609.52325669979
16609.52325669979
16609.52325669979
16609.52325669979
16609.52325669979
16609.52325669979
16609.52325669979
16609.52325669979
16609.52325669979
16609.52325669979
16609.52325669979
16609.52325669979
16609.52325669979
16609.52325669979
16609.52325669979
16609.52325669979
16609.52325669979
16609.52325669979
16609.52325669979
16609.52325669979
16609.52325669979
16609.52325669979
16609.52325669979
16609.52325669979
16609.52325669979
16609.52325669979
16609.52325669979
16609.52325669979
16609.52325669979
16609.52325669979
16609.52325669979
16609.52325669979
16609.52325669979
16609.52325669979
16609.52325669979
16609.52325669979
16609.52325669979
16609.52325669979
16609.52325669979
16609.52325669979
16609.52325669979
16609.52325669979
16609.52325669979
16609.52325669979
16609.52325669979
16609.52325669979
16609.52325669979
16609.52325669979
16609.52325669979
16609.52325669979
16609.52325669979
16609.52325669979
16609.52325669979
16609.52325669979
16609.52325669979
16609.52325669979
16609.52325669979
16609.52325669979
16609.52325669979
16609.52325669979
16609.52325669979
16609.52325669979
16609.52325669979
16609.52325669979
16609.52325669979
15142.356838957417
15142.356838957417
15142.356838957417
15142.356838957417
15142.356838957417
15142.356838957417
15142.356838957417
15142.356838957417
15142.356838957417
15142.356838957417
15142.356838957417
15142.356838957417
15142.356838957417
15142.356838957417
15142.356838957417
15142.356838957417
15142.356838957417
15142.356838957417
15142.356838957417
15142.356838957417
15142.356838957417
15142.356838957417
15142.356838957417
15142.356838957417
15142.356838957417
15142.356838957417
15142.356838957417
15142.356838957417
15142.356838957417
15142.356838957417
15142.356838957417
15142.356838957417
15142.356838957417
15142.356838957417
15142.356838957417
15142.356838957417
15142.356838957417
15142.356838957417
15142.356838957417
15142.356838957417
15142.356838957417
15142.356838957417
15142.356838957417
15142.356838957417
15142.356838957417
15142.356838957417
15142.356838957417
15142.356838957417
15142.356838957417
15142.356838957417
15142.356838957417
15142.356838957417
15142.356838957417
15142.356838957417
15142.356838957417
15142.356838957417
15142.356838957417
15142.356838957417
15142.356838957417
15142.356838957417
15142.356838957417
15142.356838957417
15142.356838957417
15142.356838957417
15142.356838957417
15142.356838957417
15142.356838957417
15142.356838957417
15142.356838957417
15142.356838957417
15142.356838957417
15142.356838957417
15142.356838957417
15142.356838957417
15142.356838957417
15142.356838957417
15142.356838957417
15142.356838957417
15142.356838957417
15142.356838957417
15142.356838957417
15142.356838957417
15142.356838957417
15142.356838957417
15142.356838957417
15142.356838957417
15142.356838957417
15142.356838957417
15142.356838957417
15142.356838957417
15142.356838957417
15142.356838957417
15142.356838957417
15142.356838957417
15142.356838957417
15142.356838957417
15142.356838957417
15142.356838957417
15142.356838957417
15142.356838957417
15142.356838957417
15142.356838957417
15142.356838957417
15142.356838957417
15142.356838957417
15142.356838957417
15142.356838957417
15142.356838957417
15142.356838957417
15142.356838957417
15142.356838957417
15142.356838957417
15142.356838957417
15142.356838957417
15142.356838957417
15142.356838957417
15142.356838957417
15142.356838957417
15142.356838957417
15142.356838957417
15142.356838957417
15142.356838957417
15142.356838957417
15142.356838957417
15142.356838957417
15142.356838957417
15142.356838957417
15142.356838957417
15142.356838957417
15142.356838957417
15142.356838957417
15142.356838957417
15142.356838957417
15142.356838957417
15142.356838957417
15142.356838957417
15142.356838957417
15142.356838957417
15142.356838957417
15142.356838957417
15142.356838957417
15142.356838957417
15142.356838957417
15142.356838957417
15142.356838957417
15142.356838957417
15142.356838957417
15142.356838957417
15142.356838957417
15142.356838957417
15142.356838957417
15142.356838957417
15142.356838957417
15142.356838957417
15142.356838957417
15142.356838957417
15142.356838957417
15142.356838957417
15142.356838957417
15142.356838957417
15142.356838957417
15142.356838957417
15142.356838957417
15142.356838957417
15142.356838957417
15142.356838957417
15142.356838957417
15142.356838957417
15142.356838957417
15142.356838957417
15142.356838957417
15142.356838957417
15142.356838957417
15142.356838957417
15142.356838957417
15142.356838957417
15142.356838957417
15142.356838957417
15142.356838957417
15142.356838957417
15142.356838957417
15142.356838957417
15142.356838957417
15142.356838957417
15142.356838957417
15142.356838957417
15142.356838957417
15142.356838957417
15142.356838957417
15142.356838957417
15142.356838957417
15142.356838957417
15142.356838957417
15142.356838957417
15142.356838957417
15142.356838957417
15142.356838957417
15142.356838957417
15142.356838957417
-204711.6475770062
-10054970181234.033
-10054970181234.033
-10054970181234.033
-10054970181234.033
-10054970181234.033
-10054970181234.033
-10054970181234.033
-10054970181234.033
-10054970181234.033
-10054970181234.033
-10054970181234.033
-10054970181234.033
-10054970181234.033
-10054970181234.033
-10054970181234.033
-10054970181234.033
-10054970181234.033
-10054970181234.033
-10054970181234.033
-10054970181234.033
-10054970181234.033
-10054970181234.033
-10054970181234.033
-10054970181234.033
-10054970181234.033
-10054970181234.033
-10054970181234.033
-10054970181234.033
-10054970181234.033
-10054970181234.033
-10054970181234.033
-10054970181234.033
-10054970181234.033
-10054970181234.033
-10054970181234.033
-10054970181234.033
-10054970181234.033
-10054970181234.033
-10054970181234.033
-10054970181234.033
-10054970181234.033
-10054970181234.033
-10054970181234.033
-10054970181234.033
-10054970181234.033
-10054970181234.033
-10054970181234.033
-10054970181234.033
-10054970181234.033
-10054970181234.033
-10054970181234.033
-10054970181234.033
-10054970181234.033
-10054970181234.033
-10054970181234.033
-10054970181234.033
-10054970181234.033
-10054970181234.033
-10054970181234.033
-10054970181234.033
-10054970181234.033
-10054970181234.033
-10054970181234.033
-10054970181234.033
-10054970181234.033
-10054970181234.033
-10054970181234.033
-10054970181234.033
-10054970181234.033
-10054970181234.033
-10054970181234.033
-10054970181234.033
-10054970181234.033
-10054970181234.033
-10054970181234.033
-10054970181234.033
-10054970181234.033
-10054970181234.033
-10054970181234.033
-10054970181234.033
-10054970181234.033
-10054970181234.033
-10054970181234.033
-10054970181234.033
-10054970181234.033
-10054970181234.033
-10054970181234.033
-10054970181234.033
-10054970181234.033
-10054970181234.033
-10054970181234.033
-10054970181234.033
-10054970181234.033
-10054970181234.033
-10054970181234.033
-10054970181234.033
-10054970181234.033
-10054970181234.033
-10054970181234.033
-10054970181234.033
-10054970181234.033
-10054970181234.033
-10054970181234.033
-10054970181234.033
-10054970181234.033
-10054970181234.033
-10054970181234.033
-10054970181234.033
-10054970181234.033
-10054970181234.033
-10054970181234.033
-10054970181234.033
-10054970181234.033
-10054970181234.033
-10054970181234.033
-10054970181234.033
-10054970181234.033
-10054970181234.033
-10054970181234.033
-10054970181234.033
-10054970181234.033
-10054970181234.033
-10054970181234.033
-10054970181234.033
-10054970181234.033
-10054970181234.033
-10054970181234.033
-10054970181234.033
-10054970181234.033
-10054970181234.033
-10054970181234.033
-10054970181234.033
-10054970181234.033
-10054970181234.033
-10054970181234.033
-10054970181234.033
-10054970181234.033
-10054970181234.033
-10054970181234.033
-10054970181234.033
-10054970181234.033
-10054970181234.033
-10054970181234.033
-10054970181234.033
-10054970181234.033
-10054970181234.033
-10054970181234.033
-10054970181234.033
-10054970181234.033
-10054970181234.033
-10054970181234.033
-10054970181234.033
-10054970181234.033
-10054970181234.033
-10054970181234.033
-10054970181234.033
-10054970181234.033
-10054970181234.033
-10054970181234.033
-10054970181234.033
-10054970181234.033
-10054970181234.033
-10054970181234.033
-10054970181234.033
-10054970181234.033
-10054970181234.033
-10054970181234.033
-10054970181234.033
-10054970181234.033
-10054970181234.033
-10054970181234.033
-10054970181234.033
-10054970181234.033
-10054970181234.033
-10054970181234.033
-10054970181234.033
-10054970181234.033
-10054970181234.033
-10054970181234.033
-10054970181234.033
-10054970181234.033
-10054970181234.033
-10054970181234.033
-10054970181234.033
-10054970181234.033
-10054970181234.033
-10054970181234.033
-10054970181234.033
-10054970181234.033
-10054970181234.033
-10054970181234.033
-10054970181234.033
-10054970181234.033
-10054970181234.033
-10054970181234.033
-10054970181234.033
-10054970181234.033
