1.3442554805290534
1.5735789249751237
1.8007750875536792
2.025455291583134
2.2475792620652015
2.467163734621303
2.6842322520620434
2.8988065475462816
3.1109056297373696
3.32054615826679
3.5277429231874775
3.7325092412386973
3.9348572618509623
4.134798201327819
4.332342522563398
4.527500073542118
4.720280194452038
4.910691800763188
5.098743447835859
5.284443381315403
5.467799576592435
5.648819769864419
5.827511482763726
6.003882042075157
6.177938595721659
6.3496881259291635
6.51913746027236
6.686293281141012
6.851162134040052
7.013750435039381
7.174064477613912
7.332110439056668
7.487894386603555
7.6414222833746805
7.792699994211496
7.941733291469651
8.088527860812887
8.23308930704218
8.375423159986179
8.51553488047273
8.653429866396595
8.789113458894954
8.922590948639698
9.053867582253229
9.182948568853103
9.309839086729498
9.43454429015827
9.557069316351752
9.677419292548262
9.795599343240928
9.911614597545457
10.02547019670591
10.137171301736894
10.246723101199743
10.354130819109796
10.459399722970874
10.562535131932592
10.663542425065144
10.76242704974558
10.859194530148647
10.953850475834523
11.046400590424845
11.1368506803576
11.225206663710512
11.311474579081661
11.395660594515157
11.477771016458728
11.557812298739202
11.635791051540892
11.711714050370933
11.785588244994829
11.85742076832443
11.927218945239781
11.99499030132545
12.060742571501068
12.124483708525096
12.186221891350181
12.245965533307684
12.303723290098565
12.359504067567048
12.41331702923335
12.465171603561137
12.51507749093538
12.563044670325887
12.609083405611958
12.653204251543556
12.695418059314642
12.73573598172464
12.774169477904392
12.810730317583625
12.845430584877652
12.878282681571815
12.909299329883293
12.93849357468092
12.965878785145058
12.99146865585079
13.015277207259482
13.037318785605247
13.057608062164686
13.076160031900242
13.092990011469436
13.108113636594416
13.121546858788431
13.13330594143813
13.143407455242839
13.151868273014518
13.158705563844304
13.163936786644149
13.167579683074397
13.16965226987066
13.170172830585654
13.16915990676404
13.166632288570689
13.16260900489483
13.157109312954855
13.150152687430422
13.141758809150431
13.131947553367327
13.120738977649491
13.10815330942538
13.09421093321389
13.078932377576889
13.062338301830609
13.044449482553418
13.02528679992795
13.004871223956016
12.983223800584842
12.96036563778318
12.936317891605567
12.911101752282642
12.884738430374815
12.85724914302596
12.828655100352595
12.798977492003239
12.768237473921241
12.736456155343118
12.70365458606279
12.669853743990771
12.6350745230355
12.599337721332263
12.562664029843415
12.525074021351589
12.486588139865804
12.447226690458256
12.407009829547741
12.36595755564359
12.324089700562102
12.281425921125418
12.237985691350938
12.193788295137418
12.148852819452193
12.103198148021972
12.056842955528166
12.009805702305897
11.96210462954435
11.913757709122674
11.86478282834283
11.81519749203914
11.765019029226933
11.714264531563275
11.66295085238593
11.611094605606565
11.558712164808396
11.50581966268936
11.45243299088423
11.398567800169374
11.34423950104322
11.289463264670566
11.234254024177005
11.178626476278303
11.12259508322911
11.06617407507512
11.009377452192377
10.95221898809757
10.894712232513024
10.83687051467002
10.778706946834383
10.720234428038198
10.66146564800176
10.602413091230014
10.543089041267983
10.483505585099921
10.423674617677104
10.363607846559661
10.303316796657937
10.242812815059292
10.182107075926503
10.121210585454449
10.060134186871828
9.99888856547524
9.937484253683143
9.87593163609774
9.814240954562951
9.752422313207264
9.690485683460349
9.628440909032836
9.566297710848973
9.504065691922186
9.44175434216385
