6.391969428866987
6.391855816398646
6.391741317140715
6.39162571962691
6.391508854198382
6.391390584603043
6.391270802913723
6.391149424868125
6.391026385963754
6.390901638190929
6.390775147293733
6.390646890468853
6.390516854428869
6.390385033769744
6.390251429592982
6.390116048341563
6.389978900045054
6.389839999818007
6.389699364809851
6.389557014390432
6.389412969650092
6.3892672529740695
6.389119887683427
6.388970897732625
6.388820307455413
6.388668141351947
6.3885144239111185
6.388359179450393
6.388202432035384
6.388044205331774
6.3878845225463925
6.387723406359387
6.3875608788727165
6.387396961570423
6.387231675288822
6.387065040195137
6.386897075773262
6.386727800815575
6.386557233419807
6.3863853909901716
6.386212290242035
6.386037947209513
6.38586237725546
6.385685595083414
6.3855076147510825
6.385328449685056
6.385148112696449
6.3849666159972385
6.3847839712170575
6.384600189420298
6.384415281123358
6.384229256311918
6.38404212445811
6.383853894537518
6.383664575045944
6.383474174015833
6.383282699032364
6.383090157249135
6.3828965554034145
6.38270189983095
6.382506196480312
6.3823094509267495
6.382111668385578
6.381912853725066
6.381713011478852
6.381512143194579
6.38131025548436
6.38110735194879
6.3809034358992145
6.380698510367143
6.380492578113929
6.380285641640022
6.3800777031938205
6.37986876478013
6.37965882816823
6.379447894899579
6.379235966295161
6.379023043462498
6.378809127302326
6.3785942185149835
6.378378317606459
6.378161424894192
6.377943540512583
6.377724664418241
6.377504796394984
6.377283936058608
6.3770620828614115
6.376839236096531
6.376615394902038
6.376390558264864
6.376164725024528
6.375937893876687
6.375710063376516
6.3754812319419285
6.375251397856642
6.375020559273087
6.374788714215199
6.374555860581056
6.3743219961453965
6.374087118562022
6.373851225366079
6.373614313976231
6.373376381696732
6.373137425719389
6.372897443125451
6.372656430887377
6.372414385870555
6.372171304834903
6.371927184436416
6.371682021228625
6.371435811663997
6.3711885520952505
6.370940238776621
6.370690867865054
6.370440435421343
6.370188937411209
6.369936369706327
6.3696827280852935
6.36942800823456
6.369172205749293
6.368915316134214
6.368657334804373
6.368398257085903
6.368138016650979
6.367876791721365
6.367614339023155
6.367350887057005
6.367086248943663
6.366820492142601
6.366553604028452
6.366285527514951
6.366016355590585
6.3657460373651045
6.3654745657123355
6.365201997831653
6.364928204140835
6.364653237645584
6.364377094253768
6.364099768005035
6.363821252800071
6.363541542455634
6.363260630706577
6.362978511206161
6.362695177526268
6.362410623157578
6.362124841509708
6.361837825911345
6.361549569610316
6.361260065773655
6.360969307487647
6.360677287757836
6.3603839995090246
6.360089435585248
6.359793588749728
6.359496451684809
6.359198016991878
6.3588982771912645
6.358597224722123
6.358294851942303
6.3579911511282035
6.357686114474604
6.357379734094493
6.357072002018862
6.35676291019651
6.356452450493815
6.356140614694495
6.355827394499363
6.355512781526058
6.355196767308773
6.354879343297956
6.3545605008600115
6.354240231276988
6.353918525746233
6.353595375380069
6.353270771205426
6.352944704163478
6.3526171651092636
6.352288144811293
6.35195764292527
6.351625636853173
6.351292119872346
6.350957082773121
6.350620516009154
6.350282406155123
6.349942749360617
6.349601532221623
6.349258747393031
6.348914384656293
6.348568433714815
6.348220884194292
6.347871725639581
6.347520947512036
6.347168539196487
6.346814489968684
6.346458789027975
6.346101425481952
6.345742388345712
6.3453816665314315
6.345019248877572
