0.039091984958154274
0.04625403948855818
0.05170277176100882
0.05591650204455502
0.05901161282383601
0.061017713882195186
0.06200463704572081
0.06209780456849641
0.061455908613973764
0.060245229150552713
0.05862129082976003
0.05671893184470209
0.054648780986674916
0.052497726152152174
0.05033145403351635
0.04819779311874507
0.04613012762920306
0.04415051433045977
0.04227235439907909
0.040502593295860846
0.03884348100872582
0.03729394954459061
0.03585067058555854
0.0345088530701092
0.03326283479344551
0.032106510531939095
0.031033637297219977
0.030038044190963266
0.02911377182501206
0.02825515927149897
0.027456894325299214
0.02671403212160128
0.026022016297574963
0.02537664612603218
0.02477407785089704
0.02421080006871956
0.023683610881729326
0.023189594150558532
0.022726095881218763
0.022290701417020883
0.02188121384573437
0.021495633848943516
0.021132141093629594
0.02078907718136658
0.020464930115288774
0.02015832021073027
0.0198679873566353
0.019592779524168984
0.019331642418257248
0.01908361016807402
0.01884779695780672
0.018623389505263287
0.018409655003494917
0.01820587422586995
0.018011431302231824
0.017825741279635772
0.017648264657275748
0.01747850292865919
0.01731599494388337
0.01716031364740608
0.017011063141108205
0.016867876033585725
0.01673041104372194
0.016598350831012288
0.0164714000290524
0.01634928346102627
0.016231744518879414
0.01611854368950758
0.016009457213107193
0.015904275861199434
0.015802803821710086
0.015704857681549306
0.015610265496769988
0.015518865942110797
0.015430507532375775
0.015345047908966078
0.015262353185487713
0.015182297346956416
0.015104761697784679
0.015029634354068197
0.014956809776257095
0.014886188338643197
0.014817675932369457
0.014751183599040058
0.014686627192392806
0.014623927065552503
0.014563007781662599
0.014503797845977115
0.014446229457741284
0.014390238279981109
0.014335763225962745
0.01428274626083472
0.014231132217353129
0.014180868624451297
0.014131905547695455
0.014084195440683733
0.014037693006662402
0.013992355069294157
0.013948140452180706
0.013905009866317758
0.013862925804909347
0.013821852445050532
0.013781755555674959
0.013742602411441604
0.013704361711993573
0.013667003506322987
0.013630499121801015
0.0135948210975992
0.013559943122109666
0.013525839974212589
0.013492487468047449
0.013459862401010965
0.013427942504862523
0.013396706399690664
0.013366133550496371
0.013336204226291237
0.013306899461549964
0.013278201019753261
0.013250091359072062
0.013222553599880582
0.01319557149407136
0.013169129396035473
0.013143212235263022
0.013117805698097866
0.013092895350295489
0.0130684679091364
0.01304451036509149
0.013021010164390978
0.012997955190072224
0.012975333743680656
0.012953134527764183
0.012931346629114581
0.012909959502794575
0.012888962956916756
0.01286834713809754
0.012848102517684213
0.012828219878533947
0.01280869030251185
0.012789505158525142
0.012770656091123857
0.01275213500966338
0.01273393407793928
0.012716045704318724
0.01269846253231137
0.012681177431579928
0.012664183489366142
0.012647474002278215
0.012631042468468925
0.012614882580145351
0.01259898821640394
0.012583353436393371
0.012567972472769959
0.012552839725438617
0.012537949755546238
0.012523297279748352
0.012508877164696007
0.012494684421783022
0.012480714202108863
0.012466961791614072
0.012453422606440643
0.01244009218850401
0.012426966201213861
0.012414040425356767
0.012401310755194782
0.012388773194660953
0.012376423853746434
0.012364258945024546
0.012352274780271594
0.012340467767280639
0.012328834406739295
0.012317371289285235
0.012306075092599964
0.012294942578702893
0.012283970591260213
0.012273156053061417
0.012262495963543918
0.012251987396434506
0.012241627497469605
0.012231413482207203
0.012221342633901079
0.0122114123014528
0.012201619897470053
0.012191962896337291
0.012182438832421105
0.012173045298287432
0.012163779942986588
0.012154640470438138
0.012145624637820126
0.012136730254043174
0.012127955178283287
0.01211929731853763
0.012110754630249295
0.012102325114972742
0.012094006819090248
0.01208579783255371
0.012077696287684701
0.012069700358013658
0.01206180825715066
0.012054018237688974
