6632113.953542401
365543.6967583364
365763.44579443545
365062.9495415045
364225.6447553428
363391.01572637295
362580.8248971852
361795.8062864626
361033.77080056147
360292.7227286113
359571.2095485143
358868.2264930401
358183.09134954447
357515.3488421342
356864.70341745764
356230.97246212367
355614.0535390839
355013.90125154244
354430.5107936096
353863.9061989319
353314.1319212849
352781.24679377925
352265.3196934034
351766.42643044156
351284.6475179084
350820.06657224795
350372.76916537393
349942.841998028
349530.37230025296
349135.4473911346
348758.15434872685
348398.5797550262
348056.80949076
347732.9285619638
347427.0209454955
347139.1694444593
346869.45554701996
346617.95928411826
346384.7590828553
346169.9316133329
345973.5516272972
345795.6917875356
345636.422487175
345495.81165833963
345373.92456973717
345270.8236129052
345186.56807686307
345121.2139110406
345074.81347639847
345047.41528460424
345039.0637253266
345049.7987816175
345079.65573340346
345128.66484925686
345196.851066493
345284.2336598269
345390.8258987973
345516.6346942523
345661.6602342304
345825.8956096497
346009.32643027965
346211.9304315451
346433.67707280477
346674.5271277924
346934.43226804043
347213.33464018913
347511.1664381578
347827.84947128064
348163.294729622
348517.40194776584
348890.0591685269
349281.1423081077
349690.51472436846
350118.0267899934
350563.51547244855
351026.8039227345
351507.701075091
352006.00125987374
352521.48383197
353053.9128172238
353603.0365793963
354168.5875103388
354750.28174608084
355347.81891162577
355960.8818973106
356589.1366695907
357232.23211916763
357889.7999493699
358561.4546076455
359246.7932630721
359945.3958325961
360656.8250587713
361380.6266415324
362116.32942647126
362863.44565187563
363621.47125661466
364389.8862507125
365168.15515020123
365955.7274775525
366752.03832868376
367556.5090071813
368368.54772600887
369187.5503766106
370012.9013648505
370843.97451285453
371680.1340253265
372520.7355184708
373365.12710918265
374212.65056168404
375062.64248831925
375914.4356007395
376767.3600072705
377620.7445517815
378473.9181889914
379326.2113906904
380176.9575770704
381025.4945669234
381871.16604027885
382713.3230067258
383551.3252724978
384384.54289926926
385212.3576474739
386034.16439696733
386849.3725378493
387657.40732435766
388457.7111848887
389249.7449814004
390032.98921169003
390806.94514841324
391571.13590900897
392325.1074511589
393068.42948885105
393800.6963246274
394521.5275941384
395230.5689196644
395927.4924698917
396611.99742382875
397283.81033731485
397942.6854113002
398588.40466156945
399220.7779902998
399839.6431603702
400444.86567395617
401036.33855746844
401613.9820554267
402177.74323637085
402727.59551428433
403263.53808952513
403785.5953135163
404293.81598182826
404788.2725605437
405269.06035100564
405736.29659823613
406190.1195484459
406630.6874611289
407058.76749002223
407472.786328973
407874.72513476625
408264.2211717622
408641.5151865175
409006.8637378636
409360.5352054289
409702.80889919127
410033.9740170793
410354.3285421323
410664.1781224502
410963.8349529128
411253.61666855734
411533.8452556657
411804.8459847618
412066.9463687087
412320.4751485201
412565.7613090864
412803.1331266616
413032.9172496915
413255.437814308
413471.0155955342
413679.9671950476
413882.60426613607
414079.2327762589
414270.15230745747
414455.6553947055
414636.0269020998
414811.54343667725
414982.47279952554
415149.0734737345
415311.59414864006
415470.27327972424
415625.3386835144
415777.0071666846
415925.4841886175
416070.9635565573
416213.6271525487
416353.6446912852
416491.173508027
416626.35837569926
416759.33135038946
416890.21164437075
417019.1055258975
