0.02352
0.03317042092199394
0.03301632471719952
0.032870351960435085
0.03273156626418826
0.032599167093888305
0.032472467017704607
0.03235087283428415
0.032233870280919834
0.03212101158026978
0.03201190523734631
0.031906207632447565
0.031803616056716326
0.03170386291342479
0.031606710866430784
0.03151194876218689
0.031419388805742514
0.03132886191448273
0.031240216628276505
0.0311533168998788
0.031068040063759243
0.030984275263741805
0.030901922093138596
0.03082088941449294
0.030741094331734387
0.030662461292162786
0.03058492129945573
0.030508410983872157
0.030432872932465348
0.030358253761215506
0.030284504549140362
0.03021158019155444
0.03013943902339269
0.03006804248378084
0.029997354816725597
0.029927342803645587
0.029857975524054198
0.029789224141191502
0.029721061709823478
0.029653463003772196
0.029586404361048563
0.029519863544709334
0.029453819617785856
0.02938825283081828
0.02932314452069616
0.02925847701964749
0.029194233573342873
0.029130398267191812
0.029066955960002902
0.0290038922242635
0.028941193292372516
0.028878846008222336
0.028816837783587977
0.028755156558836127
0.02869379076750921
0.02863272930438834
0.028571961496674757
0.028511477077963462
0.028451266164717756
0.028391319234978146
0.028331627109068887
0.028272180932085125
0.02821297215796901
0.028153992534999783
0.02809523409254197
0.028036691703133325
0.027978354620571813
0.027920216203382225
0.02786226951008079
0.027804507826609096
0.02774692465840242
0.027689513722951156
0.027632268942812527
0.02757518443902258
0.02751825452486215
0.027461473699938285
0.027404836644545735
0.027348338214278005
0.027291973434861533
0.027235737497189223
0.027179625752533174
0.02712363370792009
0.027067757021652296
0.027011991498963585
0.026956333087797286
0.02690077787469809
0.026845322080808833
0.026789962057966823
0.026734694284892193
0.026679515363465762
0.02662442201509079
0.026569411077136132
0.02651447949945822
0.026459624340999754
0.02640484276646245
0.026350132043054177
0.026295489537307194
0.026240912711968236
0.02618639912295863
0.026131946416404143
0.02607755232573395
0.02602321466884809
0.02596893134535268
0.025914700333862863
0.02586051968937282
0.025806387540691856
0.025752302087946564
0.025698261600148757
0.025644264412827356
0.02559030892572495
0.025536393600557487
0.025482516958836667
0.025428677579753985
0.02537487409812618
0.025321105202400298
0.025267369632718292
0.02521366617903994
0.025159993679322472
0.025106351017757312
0.02505273712306098
0.024999150966820836
0.024945591561893566
0.024892057960855397
0.0248383980490925
0.02478504817342387
0.02473144700597194
0.024678142550111998
0.02462470293023943
0.02457130516257041
0.024517927466170108
0.0244644549343584
0.02441111252860806
0.02435779062596467
0.024304486758503524
0.024251343315645293
0.024198080952993722
0.024144830922457627
0.02409159586067056
0.02403837541925256
0.023985169191007665
0.02393197677616168
0.023878797785536095
0.023825631841380663
0.023772478577857855
0.02371933764130619
0.02366620869033719
0.023613091395806522
0.023559985440690337
0.023506890519891206
0.023453806339992243
0.023400732618973907
0.023347669085904497
0.02329461548061329
0.023241571553352443
0.023188537064453237
0.023135511783980624
0.023082495491388737
0.02302948797517986
0.022976489032568898
0.022923498469154202
0.022870516098595927
0.022817541742302678
0.02276457522912705
0.02271161639506979
0.022658665082993742
0.022605721142346723
0.02255278442889398
0.022499854804459908
0.022446932136678855
0.02239401629875506
0.022341107169231798
0.022288204631768477
0.022235308574926914
0.022182418891965604
0.022129535480641983
0.02207665824302241
0.0220237870853
0.0219709219176193
0.0219185216000546
0.02186581787404234
0.021813031635568646
0.021760243835861434
0.021707449648474465
0.021654107069487782
0.021601237332030745
0.021548382658706577
0.021495539016683315
0.0214427056264063
0.021389881532027605
0.02133706595238952
0.021284258245576587
0.021231457881252223
0.021178665097765267
0.02112587826402576
0.021073097638884684
0.021020322965566784
0.02096755402637878
0.020914789969081964
0.02086203187547543
