13.723706394186564
14.658244813548297
15.582505863410322
16.495248270052777
17.395880664153765
18.284125595233682
19.159866325491436
20.02306699959371
20.873731423479814
21.711881658730796
22.53754690095224
23.350757664512237
24.15154268985429
24.939927230825337
25.715932022152288
26.47957255934363
27.230858494244604
27.96979303665689
28.696372295745306
29.410584515254534
30.11240916414586
30.801815844765024
31.478762976352535
32.1431962037855
32.79504647014947
33.434227676467124
34.060633832384596
34.67413557623271
35.27457591058196
35.86176495885654
36.43547349728702
36.995424971310555
37.541285525928174
38.07265178850178
38.58903564593375
39.08984559669841
39.57436415301288
40.041721156694095
40.49086374523474
40.92052564120184
41.329202298115646
41.71514543513575
42.076401646455686
42.410933739438995
42.71687132180111
42.99291557924559
43.23883987958257
43.455888416702614
43.64679618649354
43.81530681886039
43.96540224372103
44.10063865891104
44.22382397122042
44.33700160613695
44.441588772386126
44.53854528157821
44.628517188050374
44.711942521533544
44.78912390599423
44.860276707488325
44.92556036970939
44.985098602101885
45.03899231157954
45.08732785736556
45.13018231005712
45.167626795644836
45.199728619637966
45.226552615344424
45.248161997114316
45.2646128637326
45.27597933328873
45.28232143609289
45.283687007371526
45.28014312372253
45.27174962033168
45.25856612595089
45.24065206436723
45.21806665438706
45.190868908544985
45.15911670582138
45.12287063069914
45.082187961460285
45.03712686661258
44.98774528356065
44.93410091698923
44.87625123695187
44.81425347557858
44.74816462388632
44.67804142849235
44.603940388593934
44.52591775304607
44.444029517712075
44.358331423048966
44.26887895190577
44.17572732755079
44.078931511913325
43.97854620403821
43.87462583872523
43.76722458535032
43.656396346851764
43.54219475889008
43.42467318912401
43.303884736649714
43.179882231538215
43.052718234503814
42.92244503665881
42.78911465936013
42.65277885415213
42.51348910275769
42.371296617149234
42.22625233967402
42.07840694321621
41.927810831411655
41.774514138880704
41.61856673151185
41.4600182067394
41.29891789385867
41.13531485434092
40.96925788216341
40.80079550413725
40.6299759802353
40.456847303923695
40.28145720248102
40.103853137313074
39.92408230425393
39.74219163386819
39.55822779172311
39.372237178658665
39.184265931043775
38.99435992101531
38.80256475670086
38.60892578242855
38.41348807892906
38.21629646350564
38.01739549021612
37.81682945001377
37.61464237090214
37.41087801805558
37.205579893945675
36.99827664696382
36.790450427976175
36.58081704588604
36.36982084077226
36.157504028716446
35.94390856134181
35.7290761254636
35.51304814410861
35.29586577710424
35.077569921414906
34.85820121134077
34.637800018660506
34.41640645270987
34.19406036046046
33.970801326570935
33.746668673423386
33.521701461168824
33.29593848775069
33.06941828893021
32.84217913829588
32.61425904727666
32.38569576512961
32.156526778931195
31.92678931354184
31.696520331553927
31.465756533239976
31.234534356453295
31.00288997652654
30.770859306125903
30.538477995091345
30.30578143023336
30.072804735094323
29.83958276967412
29.60615013010186
29.372541148275683
29.138789891433433
28.904930161674564
28.670995495422407
28.437019162821706
28.203034167061148
27.969073243626813
27.73516885947614
27.50135321211741
27.26765822862574
27.034115564540343
26.80075660267307
26.567612451820175
26.33471394535304
26.10209163971549
25.869775812786216
25.637796462132535
25.406183303125722
25.174965766954124
24.944172998459774
24.713833853884456
24.483976898434875
24.254630403743462
24.025822345141243
23.797580398815725
23.569931938799375
23.34290403381272
