1.710991440982399
1.7061931104712895
1.7013947248227619
1.696596751620119
1.6917996418202996
1.6870038183283456
1.6822096769610941
1.6774175875205386
1.672627894940525
1.6678409204775453
1.6630569629222691
1.658276299813303
1.6534991886386243
1.6487258680134012
1.6439565588255969
1.639191465342971
1.6344308250306954
1.6296747632147621
1.624923440493065
1.6201770048148894
1.615435592351943
1.610699328320637
1.605968327756573
1.601242696242548
1.5965225305916668
1.591807919487339
1.5870989440820644
1.5823956785689122
1.5776981906679348
1.5730065421495492
1.568320789276435
1.5636409832263662
1.5589671704857464
1.5542993932156892
1.5496376895923984
1.544982094123528
1.5403326379421176
1.5356893490796126
1.5310522527193875
1.5264213714321142
1.5217967253942322
1.5171783325906911
1.5125662090030743
1.50796036878412
1.5033608244196064
1.498767586878486
1.494180665752102
1.489600069383257
1.4850258049858502
1.480457878755751
1.4758962959735227
1.4713410610995754
1.4667921778622783
1.46224964933952
1.4577134780341863
1.4531836659439703
1.4486602146259155
1.4441431252560561
1.439632398684495
1.4351280354862364
1.4306300360080646
1.4261384004117443
1.4216531287137932
1.417174220822063
1.4127016765693519
1.4082357244180987
1.403776134817131
1.3993229075484959
1.3948760424279554
1.3904355393265135
1.3860013981900097
1.3815736190569061
1.377152202074399
1.3727371475129642
1.368328455779455
1.363926127428846
1.3595301631747194
1.3551405638985892
1.3507573306581357
1.346380464694438
1.3420099674382684
1.337645840515525
1.3332880857518576
1.3289367051765544
1.3245917010257373
1.3202530757449245
1.3159208319910034
1.3115949726336662
1.3072755007563412
1.3029624196566687
1.2986557328465533
1.29435544405183
1.2900615572115741
1.2857740764770886
1.2814930062105943
1.2772183509836494
1.2729501155753278
1.2686883049701712
1.2644329243559442
1.2601839791212073
1.255941474852728
1.251705417332749
1.247475812536127
1.243252666627357
1.2390359859575004
1.2348257770610227
1.2306220466525588
1.2264248016236141
1.2222340490392112
1.2180497961344936
1.2138720503112939
1.2097008191346732
1.2055361103294415
1.2013779317766649
1.1972262915101635
1.1930811977130107
1.1889426587140317
1.1848106829843148
1.1806852791337314
1.1765664559074729
1.1724542221826078
1.168348586964661
1.1642495593842177
1.1601568865851966
1.1560708409878258
1.1519914317835789
1.147918668865015
1.1438525617925364
1.1397931204239415
1.135740354681092
1.1316942744283802
1.1276548898501262
1.1236222111250322
1.119596248546895
1.1155770641071028
1.1115648220099623
1.1075593267025134
1.1035605888063906
1.0995686190176226
1.095583428104895
1.0916050269068984
1.0876334263296614
1.0836686373439064
1.0797106709824298
1.0757595383375098
1.07181525055835
1.067877818848553
1.0639472544636275
1.060023568708532
1.05610677293525
1.052196878540399
1.0482938969628737
1.04439783968152
1.0405087182128414
1.036626544108736
1.0327513289542618
1.0288830843654329
1.0250218219870422
1.0211675534905114
1.0173202905717673
1.0134800449491428
1.0096468283613034
1.0058206525651943
1.0020015293340148
0.9981894704552082
0.9943844877284781
0.9905865929638221
0.9867957979795847
0.9830121146005295
0.9792355546559293
0.9754661299776715
0.9717038523983824
0.9679487337495656
0.9642007858597548
0.9604600205526818
0.9567264496454584
0.9530000849467704
0.9492809382550844
0.9455687811929222
0.9418641033876456
0.938166678990952
0.9344765196365548
0.9307936369965851
0.9271178575447078
0.92344937867128
0.919788399560832
0.9161347436993015
0.9124884227403066
0.9088494482995582
0.9052178319539399
0.9015935852407042
0.8979767196566966
0.8943672466538725
0.8907651776497072
0.88717052401463
0.8835832970750822
0.8800035081124239
0.8764311683653607
0.8728662890176959
