15515062.753363201
347553.256775455
347801.19505989493
347013.58128655545
346164.54810311005
345397.7536547366
344718.0020136622
344110.482713241
343561.33091194433
343060.1024790102
342599.2646259364
342173.4361383842
341778.78804461204
341412.611697589
341073.01072997076
340758.6798929794
340468.74488659814
340202.6455321546
339960.0501355258
339740.79252522916
339544.825697919
339372.18768735084
339222.9764566484
339097.3314596176
338995.42013082805
338917.42801403726
338863.5515705396
338833.9929558469
338828.95623629657
338848.64465426555
338893.2586522569
338962.9944423012
339058.04296341026
339178.58911176445
339324.81115921185
339496.8802987181
339694.9602720327
339919.2070473306
340169.7685235582
340446.7842448282
340750.3851129166
341080.6930894896
341437.8208820839
341821.8716097117
342232.93844527047
342671.1042328666
343136.4410787997
343629.00991551613
344148.86003819254
344696.0286137979
345270.5401628735
345872.4060143046
346501.62373354414
347158.1765250054
347842.03260927025
348553.14457610523
349291.44871426496
350056.86431930517
350849.2929807103
351668.61784983415
352514.7028903223
353387.39211283927
354286.50879616855
355211.854696813
356163.2092496571
357140.3287622222
358142.945605434
359170.7674039914
360223.47622965317
361300.7278010314
362402.15069369023
363527.3455646203
364675.8843953648
365847.3097583769
367041.1341113607
368256.83912460395
369493.87504654663
370751.6601129949
372029.58000561607
373326.98736551113
374643.2013677731
375977.507363125
377329.156592764
378697.36598261725
380081.31802323816
381480.1607415285
382893.00777042785
384318.93852259306
385756.99847385177
387206.1995621587
388665.52070725267
390133.90845612896
391610.27775883564
393093.51287875924
394582.4684409511
396075.9706215105
397572.81848034967
399071.7854389336
400571.62090382574
402071.0520360461
403568.78566529765
405063.5103472497
406553.8985610509
408038.6090432249
409516.28925308544
410985.57796375314
412445.10797175317
413893.50891717465
415329.4102052573
416751.44401933224
418158.24841395335
419548.47047621635
420920.7695423344
422273.8204557459
423606.3168522871
424916.9744574285
426204.5343798551
427467.76638553257
428705.4721358451
429916.48837340926
431099.6900390894
432253.99330378976
433378.3584989707
434471.79293007986
435533.35355774284
436562.1495321257
437557.34456675174
438518.15913884353
439443.8725044644
440333.82451770856
441187.4172444863
442004.1163627527
442783.45234238636
443525.0213993827
444228.4862204116
444893.57645538653
445520.08897710225
446107.88790848304
446656.9044195281
447167.1362973356
447638.64729406126
448071.5662589251
448466.0860616183
448822.46231558855
449141.01191073586
449422.1113660332
449666.19501329534
449873.75302419247
450045.3292930857
450181.51918876165
450282.9671885579
450350.36440853996
450384.4460435334
450385.98873089114
450355.80785168643
450296.19002734456
450203.7395650865
450083.62203917396
449935.3801391196
449759.97400854126
449558.39385813486
449331.6486246989
449080.7634593906
448806.7771569048
448510.73956129584
448193.7089997471
447856.74976917723
447500.9296896175
447127.3177333323
446736.98173611425
446330.9861955146
445910.3901597646
445476.2452102579
445029.5935397481
444571.46612773277
444102.8810139893
443624.841670557
443138.3354720163
442644.3322634801
442143.7830252035
441637.6186323816
441126.7487084081
440612.0605694301
440094.4182579138
439574.66166261275
439053.60572219105
438532.0397095372
438010.726593761
437490.40247670724
436971.7761007704
436455.52842479205
435942.31226474314
435432.75199598836
434927.44331388606
434426.9530496018
433931.8190379686
433442.55003448727
432959.62567845953
432483.4964995239
