1702.9086695999458
1704.4197525020584
1705.8978074698296
1707.343823856984
1708.7587706320933
1710.1435962228256
1711.4992282791152
1712.8265734559632
1714.1265172255205
1715.3999237240364
1716.6476356374192
1717.8704741276956
1719.0692388014913
1720.2447077207075
1721.3976374548504
1722.5287631738868
1723.6387987800574
1724.7284370767607
1725.798349972364
1726.8491887166451
1727.8815841674593
1728.8961470851575
1729.8934684522844
1730.8741198160817
1731.83865365137
1732.7876037414437
1733.7214855746834
1734.640796754688
1735.5460174218156
1736.4376106841303
1737.316023055868
1738.1816849016216
1739.0350108845907
1739.8764004173222
1740.7062381134926
1741.5248942393955
1742.3327251638914
1743.130073805685
1743.9172700769043
1744.6946313220285
1745.46246275133
1746.221057868058
1746.9706988886987
1747.7116571556967
1748.444193542127
1749.1685588478538
1749.884994186787
1750.5937313649133
1751.2949932488207
1751.9889941245046
1752.6759400462884
1753.3560291757285
1754.0294521104258
1754.696392202703
1755.3570258681339
1756.0115228839577
1756.6600466774235
1757.3027546041565
1757.9397982166295
1758.5713235228925
1759.1974712356814
1759.8183770120809
1760.4341716839062
1761.0449814790052
1761.6509282336651
1762.252129596345
1762.8486992229423
1763.4407469638193
1764.0283790428182
1764.6116982284905
1765.1908039977807
1765.765792692397
1766.3367576681067
1766.9037894371863
1767.4669758042726
1768.0264019958377
1768.5821507835249
1769.1343026015713
1769.682935658546
1770.2281260436184
1770.7699478275838
1771.308473158851
1771.8437723546026
1772.375913987335
1772.904964966972
1773.4309906187455
1773.9540547570307
1774.4742197553235
1774.9915466125287
1775.5060950157315
1776.0179233996234
1776.5270890027314
1777.0877814208698
1777.6992681126962
1778.360834839888
1779.0717777332893
1779.8314034488556
1780.6390286008395
1781.4939796081455
1782.3955924914042
1783.3432126896914
1784.336194892335
1785.3739028824075
1786.4557093893734
1787.5809959489825
1788.7491527689958
1789.9595785996758
1791.2116806082379
1792.504874256663
1793.838583182416
1795.2122390817208
1796.6252815951336
1798.0771581952065
1799.5673240760973
1801.0952420449876
1802.6603824152276
1804.2622229011251
1805.9002485143144
1807.5739514616585
1809.2828310446364
1811.0263935601874
1812.804152202966
1814.6156269689925
1816.4603445606642
1818.3378382931078
1820.2476480018454
1822.1893199517617
1824.162406747343
1826.166467244173
1828.2010664616669
1830.265775497026
1832.3601714403937
1834.483837291194
1836.636361875642
1838.8173397654023
1841.0263711973828
1843.2630619946503
1845.5270234884465
1847.8178724412928
1850.1352309711694
1852.4787264767488
1854.8479915636756
1857.2426639718733
1859.662386503865
1862.106806954094
1864.5755780392312
1867.0683573294518
1869.5848071806768
1872.1245946677525
1874.6873915185668
1877.2728740490836
1879.8807230992832
1882.5106239699962
1885.162266360619
1887.8353443076971
1890.5295561243681
1893.2446043406476
1895.9801956445474
1898.7360408240158
1901.51185470969
1904.307356118443
1907.1222677977255
1909.956316370675
1912.8092322819973
1915.6807497446018
1918.57060668698
1921.4785447013205
1924.4043089923455
1927.3476483268628
1930.308314984022
1933.2860647062632
1936.2806566509535
1939.291853342692
1942.3194206262906
1945.3631276203996
1948.422746671788
1951.4980533102614
1954.588826204204
1957.6948471167464
1960.8159008625428
1963.9517752651539
1967.1022611150177
1970.2671521280167
1973.4462449046152
1976.639338889571
1979.84623633221
1983.066742247252
1986.3006643761858
1989.547813149183
1992.808001647542
1996.0810455666594
1999.3667631795145
2002.6649753006664
2005.975505250752
2009.2981788214806
2012.6328242411143
2015.9792721404388
2019.3373555191943
2022.7069097129915
