-6.049713553756433
-6.531720183429556
-7.012269723569954
-7.490986987661766
-7.967681323569756
-8.442263196627634
-8.914698512057072
-9.384981781220446
-9.85312050362647
-10.31912609790745
-10.783008587950407
-11.244773398207686
-11.704419297358479
-12.161936930484014
-12.617307610551094
-13.070502169975008
-13.521479744011003
-13.970186394030666
-14.416553494298393
-14.860495808416486
-15.301909175171488
-15.740667709938325
-16.176620407438953
-16.609587003972152
-17.039352920818192
-17.465663063331057
-17.888214189461436
-18.3066454835258
-18.720526871838285
-19.12934449179741
-19.532482571242205
-19.92920078919893
-20.318605978594096
-20.699616819164977
-21.07092001346587
-21.430916472614776
-21.77765653856422
-22.108764789996663
-22.42135857986045
-22.711972068900426
-22.976512427976033
-23.210301916335883
-23.408303729882544
-23.56568949412325
-23.678955514356705
-23.74774609259282
-23.77722410275915
-23.780100966370977
-23.776607741611002
-23.7908905071055
-23.844531222757745
-23.95065103220652
-24.112004696337742
-24.323289865638863
-24.575193220475995
-24.85780506001088
-25.1624869104963
-25.482494423636723
-25.81289792617192
-26.15023840647079
-26.492149780631593
-26.837038635141536
-27.18384160620485
-27.531852260371853
-27.880601776721075
-28.229778415158048
-28.579173860668575
-28.928647758362505
-29.278104390333827
-29.627491204870797
-29.97673610410446
-30.325801092342306
-30.674686412438632
-31.023361719885717
-31.371810624478034
-31.72002098857899
-32.06797875548404
-32.415674643829625
-32.76309964036878
-33.11024553667837
-33.45710478637408
-33.8036704069589
-34.14993591122101
-34.495895258215604
-34.841542817218546
-35.186873340264086
-35.531881940363334
-35.87656407350385
-36.22091552316709
-36.56493238653967
-36.90861106188883
-37.25194823673863
-37.594940876636315
-37.9375862143171
-38.279881739267275
-38.621825187506076
-38.963414531638904
-39.304647971123984
-39.645523922742925
-39.986041011279504
-40.32619806038566
-40.66599408365622
-41.00542827590009
-41.3445000046095
-41.683208801641875
-42.021554355107234
-42.359536501466955
-42.69715521784435
-43.034410614559484
-43.37130292787702
-43.70783251297861
-44.04399983715746
-44.37980547323821
-44.71525009322557
-45.05033446217199
-45.38505943228216
-45.71942593723797
-46.05343498675259
-46.38708766135179
-46.72038510738384
-47.05332853224885
-47.38591919985575
-47.71815842630291
-48.05004757577847
-48.381588056680776
-48.71278131795184
-49.04362884563579
-49.37413215964099
-49.70429281071711
-50.03411237764362
-50.363592464616254
-50.692734698846685
-51.0215407283567
-51.350012219970175
-51.678150857504406
-52.005958340149476
-52.333436381045416
-52.66058670603437
-52.98741105260706
-53.313911169029446
-53.640088813645455
-53.96594575435693
-54.29148376827832
-54.61670464156772
-54.941610169414865
-55.26620215620575
-55.59048241584827
-55.91445277226492
-56.23811506003032
-56.56147112518707
-56.884522826195116
-57.20727203505764
-57.52972063857679
-57.85187053977741
-58.17372365946231
-58.49528193792458
-58.816547336800014
-59.13752184106319
-59.45820746115895
-59.7786062352818
-60.09872023178372
-60.41855155172565
-60.73810233155152
-61.057374745910096
-61.376371010587306
-61.69509338559124
-62.013544178343466
-62.33172574700318
-62.64964050391982
-62.967290919203194
-63.28467952441074
-63.6018089163565
-63.91868176103905
-64.23530079767667
-64.55166884286118
-4.662037031097013
-5.037038353430167
-5.4123214673144835
-5.7873937325858265
-6.161995600221362
-6.535999454168986
-6.909352576188581
-7.282043661153018
-7.654083458640553
-8.025493735693281
-8.396301071708525
-8.766533428097667
-9.136218296480237
-9.505381737401015
-9.874047917290039
-10.24223892160947
-10.60997471924093
-10.97727320816815
-11.344150303473613
-11.710620046006337
-12.07669471974864
-12.442384971283413
-12.807699927748661
-13.172647311314332
-13.537233549142352
-13.901463878297541
-14.265342445373749
-14.628872400765209
-14.992055987614819
-15.354894625529985
-15.717388989202838
-16.079539082091525
-16.441344305343467
-16.80280352215582
-17.1639151177692
-17.52467705530878
-17.885086927678437
-18.245142005722155
-18.6048392828603
-18.964175516408787
-19.32314726578188
-19.681750927772136
-20.039982769101186
-20.397838956412674
-20.755315583887
-21.112408698634088
-21.469114433466032
-21.825428589342035
-22.181347316641855
-22.53686668809745
-22.891982828394728
-23.24669192900424
-23.600990261683926
-23.95487419077639
-24.30834018436214
-24.661384824324507
-25.01400481540232
-25.366196993276002
-25.71795833175611
-26.069285949121422
-26.42017711344561
-26.77062924821546
-27.120639935352152
-27.47020691860277
-27.819328107348184
-28.168001577898515
-28.51622557528528
-28.8640103051122
-29.21133272594827
-29.558200723943557
-29.90460140159635
-30.250556310443635
-30.596055409675454
-30.941097830172602
-31.28568300696677
-31.62981061128199
-31.973480512376906
-32.31669275592537
-32.65944755096576
-33.001745261236096
-33.34358639870468
-33.68497294069626
-34.02590335378559
-34.366379425418074
-34.706402277568806
-35.0459731236131
-35.385093278739376
-35.72376416313671
-36.061987301238474
-36.399764318881765
-36.737096939365436
-37.07398697891464
-37.41043634184603
-37.74644701556759
-38.08202106552372
-38.41716063010633
-38.75186791558723
-39.08614519109196
-39.419994783620574
-39.75341907313721
-40.086420487742224
-40.419001498931024
-40.75116461695535
-41.082912386290964
-41.41424738120452
-41.74517220148412
-42.075689468250324
-42.4058018199304
-42.73551190836322
-43.06482239504339
-43.39373594752048
-43.72225523593796
-44.05038292973393
-44.378121694487064
-44.7054741889243
-45.032443062079246
-45.35903095061171
-45.68524047627892
-46.01107424356733
-46.33653483747003
-46.66162482142909
-46.98634673541717
-47.31070309417714
-47.63469638560062
-47.95832906925891
-48.281603575063485
-48.60452230207265
-48.92708761742872
-49.24930185542514
-49.57116731669586
-49.89268626753658
-50.21386093933188
-50.53469352810194
-50.85518619416062
-51.17534106187236
-51.495160219511924
-51.814645719219214
-52.133799577045565
-52.45262377308579
-52.77112025169003
-53.089290921757836
-53.40713765709867
-53.7246622968639
-54.041866646044774
-54.35875247602394
-54.675321525186554
-54.99157549958261
-55.30751607363153
-55.62314489087833
-55.93846356477862
-56.25347367952651
-56.568176790911295
-56.88257442720248
-57.19666809005972
-57.51045925546443
-57.823949374669546
-58.13713987516374
-58.45003216165281
-58.76262761703922
-59.07492760342385
-59.38693346309787
-59.69864651954873
-60.010068078453
-60.32119942868045
-60.63204184328389
-60.94259658048142
-61.252864884641596
-61.56284798724294
-61.87254710783642
-62.18196345498206
-62.49109822718044
-62.799952613779276
-63.10852779587481
-63.41682494717864
-63.72484523487938
-6.049713553756433
-6.531720183429556
-7.012269723569954
-7.490986987661766
-7.967681323569756
-8.442263196627634
-8.914698512057072
-9.384981781220446
-9.85312050362647
-10.31912609790745
-10.783008587950407
-11.244773398207686
-11.704419297358479
-12.161936930484014
-12.617307610551094
-13.070502169975008
-13.521479744011003
-13.970186394030666
-14.416553494298393
-14.860495808416486
-15.301909175171488
-15.740667709938325
-16.176620407438953
-16.609587003972152
-17.039352920818192
-17.465663063331057
-17.888214189461436
-18.3066454835258
-18.720526871838285
-19.12934449179741
-19.532482571242205
-19.92920078919893
-20.318605978594096
-20.699616819164977
-21.07092001346587
-21.430916472614776
-21.77765653856422
-22.108764789996663
-22.42135857986045
-22.711972068900426
-22.976512427976033
-23.210301916335883
-23.408303729882544
-23.56568949412325
-23.678955514356705
-23.74774609259282
-23.77722410275915
-23.780100966370977
-23.776607741611002
-23.7908905071055
-23.844531222757745
-23.95065103220652
-24.112004696337742
-24.323289865638863
-24.575193220475995
-24.85780506001088
-25.1624869104963
-25.482494423636723
-25.81289792617192
-26.15023840647079
-26.492149780631593
-26.837038635141536
-27.18384160620485
-27.531852260371853
-27.880601776721075
-28.229778415158048
-28.579173860668575
-28.928647758362505
-29.278104390333827
-29.627491204870797
-29.97673610410446
-30.325801092342306
-30.674686412438632
-31.023361719885717
-31.371810624478034
-31.72002098857899
-32.06797875548404
-32.415674643829625
-32.76309964036878
-33.11024553667837
-33.45710478637408
-33.8036704069589
-34.14993591122101
-34.495895258215604
-34.841542817218546
-35.186873340264086
-35.531881940363334
-35.87656407350385
-36.22091552316709
-36.56493238653967
-36.90861106188883
-37.25194823673863
-37.594940876636315
-37.9375862143171
-38.279881739267275
-38.621825187506076
-38.963414531638904
-39.304647971123984
-39.645523922742925
-39.986041011279504
-40.32619806038566
-40.66599408365622
-41.00542827590009
-41.3445000046095
-41.683208801641875
-42.021554355107234
-42.359536501466955
-42.69715521784435
-43.034410614559484
-43.37130292787702
-43.70783251297861
-44.04399983715746
-44.37980547323821
-44.71525009322557
-45.05033446217199
-45.38505943228216
-45.71942593723797
-46.05343498675259
-46.38708766135179
-46.72038510738384
-47.05332853224885
-47.38591919985575
-47.71815842630291
-48.05004757577847
-48.381588056680776
-48.71278131795184
-49.04362884563579
-49.37413215964099
-49.70429281071711
-50.03411237764362
-50.363592464616254
-50.692734698846685
-51.0215407283567
-51.350012219970175
-51.678150857504406
-52.005958340149476
-52.333436381045416
-52.66058670603437
-52.98741105260706
-53.313911169029446
-53.640088813645455
-53.96594575435693
-54.29148376827832
-54.61670464156772
-54.941610169414865
-55.26620215620575
-55.59048241584827
-55.91445277226492
-56.23811506003032
-56.56147112518707
-56.884522826195116
-57.20727203505764
-57.52972063857679
-57.85187053977741
-58.17372365946231
-58.49528193792458
-58.816547336800014
-59.13752184106319
-59.45820746115895
-59.7786062352818
-60.09872023178372
-60.41855155172565
-60.73810233155152
-61.057374745910096
-61.376371010587306
-61.69509338559124
-62.013544178343466
-62.33172574700318
-62.64964050391982
-62.967290919203194
-63.28467952441074
-63.6018089163565
-63.91868176103905
-64.23530079767667
-64.55166884286118
-6.052682613574574
-6.533957897011648
-7.013978559436131
-7.4923493852427
-7.968865297760234
-8.443425510292432
-8.915986051667943
-9.38653212268842
-9.855062118242248
-10.321578391513034
-10.786081845768647
-11.248568653114956
-11.709028115405147
-12.167441096794315
-12.623778693019728
-13.078000933552937
-13.530055382941931
-13.979875542196996
-14.427378964154505
-14.87246499609784
-15.315012052404668
-15.754874301096676
-16.19187762088897
-16.625814648477647
-17.056438687258577
-17.483456185326478
-17.9065174083726
-18.32520482684669
-18.739018600445263
-19.14735837023785
-19.5495003546494
-19.944568490210923
-20.331498075795324
-20.708990115973883
-21.075454430083035
-21.428939855795743
-21.767051071498006
-22.08685477763819
-22.384785294219036
-22.656574781268827
-22.897262244858815
-23.101385660278662
-23.263535352424174
-23.379520183512177
-23.448373710239927
-23.47508862180186
-23.47309282640532
-23.464384956502112
-23.47538892203305
-23.52936220112247
-23.639682633438344
-23.808090796547987
-24.027797921900692
-24.288236909556055
-24.578744156092064
-24.890372582713226
-25.216351609465445
-25.55186323418746
-25.893605745998062
-26.23936819562873
-26.587690353199278
-26.937615139893897
-27.288517287225687
-27.639988195987115
-27.991759922266446
-28.343655534492978
-28.695556910914966
-29.047383937285044
-29.39908110049876
-29.750623044081234
-30.101954829764278
-30.453050521715905
-30.803919204703213
-31.15453551731403
-31.504886757522232
-31.854961887355742
-32.20475107799003
-32.5542454193933
-32.9034367337504
-33.25231897644026
-33.60088245993215
-33.94912158630268
-34.29703030387627
-34.64460293498253
-34.99183416973666
-35.33871905690777
-35.685252993501905
-36.031431713957986
-36.377251279314876
-36.72270806648275
-37.06779875765876
-37.41252032987984
-37.75687004471354
-38.10084543805978
-38.44444431007221
-38.78766471519192
-39.13050495225176
-39.472963554771695
-39.81503928129698
-40.15673110589453
-40.49803820878242
-40.838959967092144
-41.1794959457824
-41.51964588871117
-41.859409709866576
-42.198787484772694
-42.5377794420755
-42.87638595530429
-43.21460753483467
-43.55244482003896
-43.88989857164298
-44.2269696642808
-44.56365907926587
-44.899967897569866
-45.23589729301727
-45.57144852569698
-45.906622935591955
-46.24142193643176
-46.575847009761205
-46.90989969923344
-47.24358160512598
-47.576894379070396
-47.909839719010435
-48.242419364370484
-48.574635091446766
-48.90648870901098
-49.23798205412441
-49.569116988169945
-49.899895393081735
-50.23031916779001
-50.56039022485703
-50.89011048732257
-51.21948188573708
-51.54850635538995
-51.8771858337275
-52.20552225795153
-52.533517562805294
-52.86117367853464
-53.188492529023875
-53.51206519404352
-53.84240092320322
-54.16869955952129
-54.49466986407542
-54.8203136274764
-55.14563262460217
-55.47062861756027
-55.795303358095275
-56.119658587823125
-56.44369603769482
-56.76741742728442
-57.09082446419271
-57.4139188436383
-57.73670224828787
-58.059176348282996
-58.381342801489225
-58.70320325391261
-59.02475934029253
-59.34601268485493
-59.66696490221201
-59.987617598410736
-60.30797237211762
-60.62803081593699
-60.94779451787462
-61.26726506292251
-61.586444034781486
-61.90533301771914
-62.2239335985527
-62.5422473687615
-62.86027592674421
-63.17802088019227
-63.495483848607456
-63.81266646594138
-64.12957038337328
-64.4461972722288
-64.76254882701424
-65.07862676860421
-65.394432847553
-65.70996884753637
-66.02523658894653
-66.3402379326077
-66.65497478362386
-66.96944909538269
-67.28366287367209
-67.59761818094505
-67.91131714072066
-68.22476194210665
-68.5379548444797
-68.85089818227127
-69.16359436990732
-69.4760459068698
-69.78825538289412
-70.10022548328327
-70.41195899437145
-70.7234588090826
-71.0347279326501
-71.34576948841803
-71.65658672380115
-71.96718301632505
-72.27756187981674
-6.052683503702602
-6.5339572435265385
-7.01397818949048
-7.492349176656556
-7.9688653426292895
-8.443425611863903
-8.91598618856018
-9.386532282586845
-9.855062294120502
-10.321578579506179
-10.786082043951364
-11.248568860795327
-11.709028332715624
-12.16744132445577
-12.623778932212907
-13.078001185855245
-13.530055650308505
-13.979875826976093
-14.427379269126664
-14.872465324542716
-15.315012408191532
-15.75487468880544
-16.191878045965
-16.625815117430957
-17.056439207916853
-17.483456767158657
-17.906518062902837
-18.325205568190306
-18.73901944599648
-19.14735934157694
-19.549501478746876
-19.94456842633929
-20.33149801347856
-20.70899005171892
-21.07545436120227
-21.428939779678547
-21.767050984996448
-22.08685467658108
-22.38478517288045
-22.656574631614312
-22.897262055348673
-23.101385414087613
-23.26353502562638
-23.37951974635685
-23.448373140064966
-23.47508793854886
-23.473092138859332
-23.464384452535146
-23.475388748814122
-23.529362343462918
-23.639682947840853
-23.808092484807776
-24.027797455147844
-24.288237166567654
-24.57874448164296
-24.890372827942368
-25.216351782142485
-25.551863363318787
-25.893605850394717
-26.239368285562975
-26.587690434299788
-26.937615215345318
-27.28851735866576
-27.6399882651792
-27.991759989809196
-28.343655600352875
-28.695556975850227
-29.04738400158022
-29.39908116438443
-29.75062310499525
-30.101954893218895
-30.45305058849503
-30.803919268721007
-31.154535581682268
-31.50488682235596
-31.854961952761183
-32.20475114406535
-32.55424548622962
-32.90343680143265
-33.25231904457668
-33.60088252951592
-33.94912165695563
-34.29703037566162
-34.64460300796138
-34.99183424396747
-35.3387191324439
-35.68525307039456
-36.031431792256
-36.377251359064445
-36.722708147729264
-37.0677988404448
-37.4125204142482
-37.75687013070487
-38.10084552571557
-38.44444439943294
-38.78766480628544
-39.13050504513096
-39.4729636494786
-39.81503937787289
-40.15673120438313
-40.49803830922659
-40.838960069536576
-41.179496050272
-41.5196459952924
-41.859409818586045
-42.19878759567771
-42.537779555213405
-42.876386070722766
-43.214607652580575
-43.55244494015915
-43.88989869418126
-44.22696978928005
-44.56365920676521
-44.89996802760699
-45.23589742562319
-45.571448660898504
-45.906623073409285
-46.24142207687785
-46.57584715284071
-46.90989984494114
-47.243581753446946
-47.576894529977935
-47.909839872464744
-48.24241952031921
-48.57463524982404
-48.90648886973464
-49.23798221709922
-49.56911715328608
-49.89989556021576
-50.23031933680219
-50.560390395597665
-50.89011065963145
-51.21948205944167
-51.54850653031419
-51.87718600968718
-52.205522434762834
-52.533517740284374
-52.861173856501296
-53.1884927073034
-53.51205754052729
-53.84240152195174
-54.16870016870278
-54.49467046983725
-54.82031422006498
-55.145633198335595
-55.47062916938032
-55.79530388662495
-56.11965909275723
-56.44369651939684
-56.76741788653415
-57.09082490201141
-57.413919261187736
-57.736702646793255
-58.059176728991886
-58.38134316564188
-58.70320360272248
-59.02475967493726
-59.346013006468
-59.666965211882214
-59.987617897176676
-60.30797266096898
-60.628031095815295
-60.94779478967028
-61.26726532748299
-61.58644429290728
-61.90533327016696
-62.22393384603335
-62.542247611950444
-62.860276166275256
-63.17802111666291
-63.49548408257698
-63.81266669793435
-64.12957061388671
-64.44619750172421
-64.76254905592604
-65.07862699733795
-65.39443307648759
-65.70996907702866
-66.02523681932948
-66.34023816418996
-66.65497501669614
-66.96944933021567
-67.2836631105175
-67.59761842004058
-67.91131738228472
-68.22476218634549
-68.53795509158567
-68.85089843242436
-69.16359462327571
-69.47604616361104
-69.78825564315676
-70.10022574720585
-70.41195926208289
-70.72345908070663
-71.03472820830333
-71.34576976821006
-71.65658700783482
-71.9671833047005
-72.27756217262744
-6.052682613574574
-6.533957897011648
-7.013978559436131
-7.4923493852427
-7.968865297760234
-8.443425510292432
-8.915986051667943
-9.38653212268842
-9.855062118242248
-10.321578391513034
-10.786081845768647
-11.248568653114956
-11.709028115405147
-12.167441096794315
-12.623778693019728
-13.078000933552937
-13.530055382941931
-13.979875542196996
-14.427378964154505
-14.87246499609784
-15.315012052404668
-15.754874301096676
-16.19187762088897
-16.625814648477647
-17.056438687258577
-17.483456185326478
-17.9065174083726
-18.32520482684669
-18.739018600445263
-19.14735837023785
-19.5495003546494
-19.944568490210923
-20.331498075795324
-20.708990115973883
-21.075454430083035
-21.428939855795743
-21.767051071498006
-22.08685477763819
-22.384785294219036
-22.656574781268827
-22.897262244858815
-23.101385660278662
-23.263535352424174
-23.379520183512177
-23.448373710239927
-23.47508862180186
-23.47309282640532
-23.464384956502112
-23.47538892203305
-23.52936220112247
-23.639682633438344
-23.808090796547987
-24.027797921900692
-24.288236909556055
-24.578744156092064
-24.890372582713226
-25.216351609465445
-25.55186323418746
-25.893605745998062
-26.23936819562873
-26.587690353199278
-26.937615139893897
-27.288517287225687
-27.639988195987115
-27.991759922266446
-28.343655534492978
-28.695556910914966
-29.047383937285044
-29.39908110049876
-29.750623044081234
-30.101954829764278
-30.453050521715905
-30.803919204703213
-31.15453551731403
-31.504886757522232
-31.854961887355742
-32.20475107799003
-32.5542454193933
-32.9034367337504
-33.25231897644026
-33.60088245993215
-33.94912158630268
-34.29703030387627
-34.64460293498253
-34.99183416973666
-35.33871905690777
-35.685252993501905
-36.031431713957986
-36.377251279314876
-36.72270806648275
-37.06779875765876
-37.41252032987984
-37.75687004471354
-38.10084543805978
-38.44444431007221
-38.78766471519192
-39.13050495225176
-39.472963554771695
-39.81503928129698
-40.15673110589453
-40.49803820878242
-40.838959967092144
-41.1794959457824
-41.51964588871117
-41.859409709866576
-42.198787484772694
-42.5377794420755
-42.87638595530429
-43.21460753483467
-43.55244482003896
-43.88989857164298
-44.2269696642808
-44.56365907926587
-44.899967897569866
-45.23589729301727
-45.57144852569698
-45.906622935591955
-46.24142193643176
-46.575847009761205
-46.90989969923344
-47.24358160512598
-47.576894379070396
-47.909839719010435
-48.242419364370484
-48.574635091446766
-48.90648870901098
-49.23798205412441
-49.569116988169945
-49.899895393081735
-50.23031916779001
-50.56039022485703
-50.89011048732257
-51.21948188573708
-51.54850635538995
-51.8771858337275
-52.20552225795153
-52.533517562805294
-52.86117367853464
-53.188492529023875
-53.51206519404352
-53.84240092320322
-54.16869955952129
-54.49466986407542
-54.8203136274764
-55.14563262460217
-55.47062861756027
-55.795303358095275
-56.119658587823125
-56.44369603769482
-56.76741742728442
-57.09082446419271
-57.4139188436383
-57.73670224828787
-58.059176348282996
-58.381342801489225
-58.70320325391261
-59.02475934029253
-59.34601268485493
-59.66696490221201
-59.987617598410736
-60.30797237211762
-60.62803081593699
-60.94779451787462
-61.26726506292251
-61.586444034781486
-61.90533301771914
-62.2239335985527
-62.5422473687615
-62.86027592674421
-63.17802088019227
-63.495483848607456
-63.81266646594138
-64.12957038337328
-64.4461972722288
-64.76254882701424
-65.07862676860421
-65.394432847553
-65.70996884753637
-66.02523658894653
-66.3402379326077
-66.65497478362386
-66.96944909538269
-67.28366287367209
-67.59761818094505
-67.91131714072066
-68.22476194210665
-68.5379548444797
-68.85089818227127
-69.16359436990732
-69.4760459068698
-69.78825538289412
-70.10022548328327
-70.41195899437145
-70.7234588090826
-71.0347279326501
-71.34576948841803
-71.65658672380115
-71.96718301632505
-72.27756187981674
-72.58772697067539
-6.052683503702602
-6.5339572435265385
-7.01397818949048
-7.492349176656556
-7.9688653426292895
-8.443425611863903
-8.91598618856018
-9.386532282586845
-9.855062294120502
-10.321578579506179
-10.786082043951364
-11.248568860795327
-11.709028332715624
-12.16744132445577
-12.623778932212907
-13.078001185855245
-13.530055650308505
-13.979875826976093
-14.427379269126664
-14.872465324542716
-15.315012408191532
-15.75487468880544
-16.191878045965
-16.625815117430957
-17.056439207916853
-17.483456767158657
-17.906518062902837
-18.325205568190306
-18.73901944599648
-19.14735934157694
-19.549501478746876
-19.94456842633929
-20.33149801347856
-20.70899005171892
-21.07545436120227
-21.428939779678547
-21.767050984996448
-22.08685467658108
-22.38478517288045
-22.656574631614312
-22.897262055348673
-23.101385414087613
-23.26353502562638
-23.37951974635685
-23.448373140064966
-23.47508793854886
-23.473092138859332
-23.464384452535146
-23.475388748814122
-23.529362343462918
-23.639682947840853
-23.808092484807776
-24.027797455147844
-24.288237166567654
-24.57874448164296
-24.890372827942368
-25.216351782142485
-25.551863363318787
-25.893605850394717
-26.239368285562975
-26.587690434299788
-26.937615215345318
-27.28851735866576
-27.6399882651792
-27.991759989809196
-28.343655600352875
-28.695556975850227
-29.04738400158022
-29.39908116438443
-29.75062310499525
-30.101954893218895
-30.45305058849503
-30.803919268721007
-31.154535581682268
-31.50488682235596
-31.854961952761183
-32.20475114406535
-32.55424548622962
-32.90343680143265
-33.25231904457668
-33.60088252951592
-33.94912165695563
-34.29703037566162
-34.64460300796138
-34.99183424396747
-35.3387191324439
-35.68525307039456
-36.031431792256
-36.377251359064445
-36.722708147729264
-37.0677988404448
-37.4125204142482
-37.75687013070487
-38.10084552571557
-38.44444439943294
-38.78766480628544
-39.13050504513096
-39.4729636494786
-39.81503937787289
-40.15673120438313
-40.49803830922659
-40.838960069536576
-41.179496050272
-41.5196459952924
-41.859409818586045
-42.19878759567771
-42.537779555213405
-42.876386070722766
-43.214607652580575
-43.55244494015915
-43.88989869418126
-44.22696978928005
-44.56365920676521
-44.89996802760699
-45.23589742562319
-45.571448660898504
-45.906623073409285
-46.24142207687785
-46.57584715284071
-46.90989984494114
-47.243581753446946
-47.576894529977935
-47.909839872464744
-48.24241952031921
-48.57463524982404
-48.90648886973464
-49.23798221709922
-49.56911715328608
-49.89989556021576
-50.23031933680219
-50.560390395597665
-50.89011065963145
-51.21948205944167
-51.54850653031419
-51.87718600968718
-52.205522434762834
-52.533517740284374
-52.861173856501296
-53.1884927073034
-53.51205754052729
-53.84240152195174
-54.16870016870278
-54.49467046983725
-54.82031422006498
-55.145633198335595
-55.47062916938032
-55.79530388662495
-56.11965909275723
-56.44369651939684
-56.76741788653415
-57.09082490201141
-57.413919261187736
-57.736702646793255
-58.059176728991886
-58.38134316564188
-58.70320360272248
-59.02475967493726
-59.346013006468
-59.666965211882214
-59.987617897176676
-60.30797266096898
-60.628031095815295
-60.94779478967028
-61.26726532748299
-61.58644429290728
-61.90533327016696
-62.22393384603335
-62.542247611950444
-62.860276166275256
-63.17802111666291
-63.49548408257698
-63.81266669793435
-64.12957061388671
-64.44619750172421
-64.76254905592604
-65.07862699733795
-65.39443307648759
-65.70996907702866
-66.02523681932948
-66.34023816418996
-66.65497501669614
-66.96944933021567
-67.2836631105175
-67.59761842004058
-67.91131738228472
-68.22476218634549
-68.53795509158567
-68.85089843242436
-69.16359462327571
-69.47604616361104
-69.78825564315676
-70.10022574720585
-70.41195926208289
-70.72345908070663
-71.03472820830333
-71.34576976821006
-71.65658700783482
-71.9671833047005
-72.27756217262744
-72.58772726801166
