2.6302
2.6431343996581393
2.648927922256081
2.655398869716928
2.6622491816656724
2.669318255926975
2.676522115853619
2.683816883006136
2.6911797041868617
2.6985987743575888
2.706068139722958
2.7135849959076053
2.721148290388466
2.7287580077839486
2.7364148140995277
2.744119891415796
2.7518748757056666
2.7596818529777956
2.767543391301484
2.775462598159057
2.783443199059818
2.7914896370964297
2.7996071955373827
2.807802147392234
2.8160819375916604
2.824455405260343
2.832933055721047
2.8415273945093684
2.8502533389471516
2.8591287268372767
2.8681749466633275
2.877417719217564
2.886888079942041
2.8966235234723885
2.906669544753599
2.9170813617906326
2.92792600523526
2.9392846387891622
2.9512548965254446
2.963952694088674
2.9775123663122613
2.992082915646912
3.0078164605618074
3.0248427928446953
3.0432225379287483
3.062874582250415
3.0834882592626363
3.104461764009518
3.1249383659678815
3.1439897674286756
3.160889469812962
3.1753153785868244
3.187361483605684
3.197392365811306
3.2058646373755844
3.2132032962731736
3.219748530174411
3.225749463241605
3.2313787500862663
3.2367519419375608
3.2419446456775094
3.247005588115498
3.251965830721286
3.256844995945009
3.26165536890971
3.2664045582536736
3.2710972061234624
3.275736080629125
3.2803227712494807
3.284858130541825
3.289342530763547
3.2937762774398704
3.2981591057932564
3.302490719197355
3.3067711642592528
3.311000194031718
3.315177566758057
3.319303051045907
3.3233764295096413
3.327397501094616
3.331366137119694
3.335282091020384
3.3391452309653404
3.342955434040612
3.346712592224649
3.3504166131213657
3.354067419944022
3.3576649511115817
3.361209159638137
3.3647000124180524
3.3681374894608274
3.3715215831075334
3.374852297245357
3.378129646530842
3.3813536556280335
3.3845243584652094
3.387641797513208
3.3907060230863753
3.393717092667391
3.3966750702577766
3.399580025753391
3.4024320343457157
3.4052311759492193
3.407977534654447
3.410671198206915
3.413312257511439
3.4159008061615284
3.418436939993452
3.420920756664238
3.4233523552532477
3.425731835886432
3.4280592993826144
3.4303348469210775
3.4325585797295384
3.434730598791801
3.436851004574102
3.438919896769416
3.440937374058766
3.4429035338887206
3.4448184722641564
3.4466822835555577
3.4484950603198796
3.450256893134272
3.4519678704418486
3.4536280784087237
3.455237600791649
3.4567965188154677
3.4583049110598663
3.4597628533546625
3.461170418683188
3.462527677093092
3.4638346956142048
3.465091538182916
3.466298265572653
3.4674549353301845
3.468561601717258
3.4696183156574345
3.470625124687748
3.4715820729150786
3.4724892009769315
3.4733524736688604
3.4741483564627336
3.4749064677523482
3.4756148625642025
3.4762735705135364
3.476882614567939
3.4774420126032504
3.4779517780508584
3.47841192025004
3.478822444644449
3.479183352896384
3.4794946429584424
3.479756309124099
3.4799683420686778
3.480130728887468
3.480243453134434
3.4803064948637235
3.4803198306752354
3.480283433765032
3.4801972739811498
3.480061317885178
3.4798755288199197
3.4796398669833555
3.4793542895091565
3.4790187505538857
3.478633201391041
3.478197590512172
3.477711863735059
3.477175964319212
3.476589833088665
3.475953408562209
3.4752666270911585
3.4745294230045656
3.473741728762091
3.472903475114366
3.4720145912709524
3.471075005075828
3.4700846431903027
3.4690434312833633
3.4679512942292914
3.4668081563124606
3.465613941439197
3.4643685733564342
3.463071975877116
3.4617240731120433
3.4603247897079092
3.4588740510913683
3.457371783718786
3.4558179153313167
3.454212375215138
3.452555094466293
3.450846006259992
3.449085046123711
3.4472721522140177
3.4454072655963137
3.443490330527358
3.441521294739888
3.4395001097289817
3.4374267310396043
3.435301118554714
