29775.172799999997
28881.103736993035
28545.72558166813
28230.535918755795
27925.462278166706
27628.712032399053
27339.343652103667
27056.741002430976
26780.480113946596
26510.256435958658
26245.840165871523
25987.048223652404
25733.72644995022
25485.73818368181
25242.95688098676
25005.261337694425
24772.532620774942
24544.652144419317
24321.500528239227
24102.956999442464
23888.899178199674
23679.203134230887
23473.743634059098
23272.394519114507
23075.02916908541
22881.52101505808
22691.744074610786
22505.5734870175
22322.886031595885
22143.560616346607
21967.478727478843
21794.524833333937
21624.586738642327
21457.555887019902
21293.3276111754
21131.801331522074
20972.880704789495
20816.473724934593
20662.49277911976
20510.8546619088
20361.480551073866
20214.295948605475
20069.230590640018
19926.21833009672
19785.196995861224
19646.108232325794
19508.89732304174
19373.513002122058
19239.907256876966
19108.03512495062
18977.854488981742
18849.325871541445
18722.4122327812
18597.07877291547
18473.2927413473
18351.02325389731
18230.241119325598
18110.9186759974
17993.02963931787
17876.548960273343
17761.452695230375
17647.71788693867
17535.32245652249
17424.245106125065
17314.465231753384
17205.962845791095
17098.718508596805
16992.713268555748
16887.928609935796
16784.34640789176
16681.94888996462
16580.71860344292
16480.638387962303
16381.691352773374
16283.860858110847
16187.130500158748
16091.484099132633
15996.905690037662
15903.379515704775
15810.890021750112
15719.421853121847
15628.959851955353
15539.48905647601
15450.994700727411
15363.462214926572
15276.877226278262
15191.225560103914
15106.49324115928
15022.666495038842
14939.731749580345
14857.6756361983
14776.484991091553
14696.146856275733
14616.64848041474
14537.977319413852
14460.121036770248
14383.067503660957
14306.804798765226
14231.32120782476
14156.605222939508
14082.645541608392
14009.431065523944
13936.95089913223
13865.194347966495
13794.150916775143
13723.810307450007
13654.162416776915
13585.197334018558
13516.905338346218
13449.276896135521
13382.302658140776
13315.973456558828
13250.28030200321
13185.214380391837
13120.767049770238
13056.929837075217
12993.694434854353
12931.05269794991
12868.996640157253
12807.518430869504
12746.610391712282
12686.264993181036
12626.474851287201
12567.232724217956
12508.53150902029
12450.364238308824
12392.724077008887
12335.604319136555
12278.998384619206
12222.89981616202
12167.302276163888
12112.199543684606
12057.585511465571
12003.454183008787
11949.799669714488
11896.61618807678
11843.898056944096
11791.639694839712
11739.835617347284
11688.480434559784
11637.568848593293
11587.095651164913
11537.055721236444
11487.44402272028
11438.255602252348
11389.485587025642
11341.12918269006
11293.1816713102
11245.638409389197
11198.494825950236
11151.746420677964
11105.3887621187
11059.417485938722
11013.828293236556
10968.616948912262
10923.779280088997
10879.311174586892
10835.208579447786
10791.467499510392
10748.083996031624
10705.054185355979
10662.37423763051
10620.040375561584
10578.048873216942
10536.396054865883
10495.078293860697
10454.092011556962
10413.43367626871
10373.099802261084
10333.086948775688
10293.391719090288
10254.010759608873
10214.940758983963
10176.178447265334
10137.720595079845
10099.564012836669
10061.705549957871
10024.14209413548
9986.870570610807
9949.887941476793
9913.191205002988
9876.777394980172
9840.643580086427
9804.786863271136
9769.20438115731
9733.89330346355
9698.850832439803
9664.074202321772
9629.560678799726
9595.307558502316
9561.31216849522
9527.571865792881
9494.08403688425
9460.84609727035
9427.855491015212
9395.10969030862
9362.606195038466
9330.34253237755
9298.316256378364
