451093.75305600005
1712.936765403034
1833.8035948409765
1952.048314422477
2070.4011803978665
2189.493326546262
2309.5266068877163
2430.599784740706
2552.7789577226163
2676.1145025983988
2800.6465072757287
2926.407485915869
3053.4242350623263
3181.719254064558
3311.311859725615
3442.2190623078686
3574.456251951278
3708.0377349745663
3842.977152026324
3979.2878037035807
4116.982903970295
4256.075777392518
4396.580012755844
4538.509582891492
4681.87893838484
4826.703081154321
4972.997622565724
5120.778829719039
5270.06366273406
5420.869805234078
5573.215689728516
5727.120519211338
5882.604285987563
6039.687788502371
6198.392646761395
6358.74131678696
6520.757104438694
6684.464178841519
6849.88758559267
7017.053259868606
7185.988039507612
7356.719678116574
7529.276858220882
7703.689204460219
7879.987296816337
8058.202683848897
8238.367895903142
8420.516458249576
8604.682904106561
8790.902787493207
8979.212695855662
9169.65026240686
9362.254178113568
9557.064203267164
9754.121178565803
9953.46703563779
10155.144806931772
10359.198634897659
10565.67378038023
10774.616630146129
10986.074703462873
11200.09665764776
11416.73229250455
11636.032553561708
11858.049534030079
12082.836475395825
12310.447766564073
12540.938941470467
12774.366675081348
13010.788777700172
13250.264187506606
13492.852961252041
13738.616263043663
13987.616351150742
14239.916562774182
14495.581296723743
14754.675993958439
15017.267115948429
15283.422120828123
15553.209437319802
15826.698436415352
16103.959400816086
16385.0634921423
16670.08271593573
16959.089884493755
17252.158577585902
17549.36310111866
17850.778443830895
18156.480232116086
18466.544683085947
18781.048556003287
19100.069102231875
19423.684013865197
19751.9713712115
20085.009589332883
20422.87736384444
20765.653616201267
21113.417438710418
21466.248039518603
21824.22468783776
22187.42665968256
22555.933184397603
22929.82339226291
23309.176263468245
23694.070578749433
24084.58487197904
24480.79738500276
24882.78602500509
25290.62832468383
25704.40140549583
26124.181944232507
26550.046143158343
26982.069703933204
27420.327805517438
27864.895086231765
28315.845630122927
28773.252957756275
29237.190021526214
29707.729205545722
30184.942330144808
30668.900660970383
31159.67492265395
31657.335316968438
32161.951545373682
32673.592835806972
33192.32797354739
33718.225335948824
34251.35293080857
34791.77843810848
35339.56925483874
35894.79254259408
36457.51527760835
37027.80430287466
37605.72638198506
38191.34825431265
38784.736691144484
39385.9585523763
39995.080843370364
40612.17077158297
41237.29580257148
41870.52371499633
42511.922654244074
43161.561184312086
43819.508337606145
44485.833662323246
45160.60726710947
45843.89986270288
46535.78280029369
47236.328106358356
47945.60851374577
48663.69748881853
49390.669254478904
50126.59880892943
50871.56194004589
51625.63523525941
52389.080500386124
53161.41865284434
53943.29005147839
54734.58658645086
55535.38796919339
56345.775670691844
57165.831834556295
57995.63927759562
58835.28147878287
59684.84255271978
60544.40721339141
61414.06073116043
62293.88888439691
63183.97790643552
64084.41442820716
64995.285416757564
65916.67810978465
66848.67994630052
67791.37849350208
68744.86136993053
69709.21616498359
70684.53035484749
71670.89121489933
72668.38572863469
73677.10049315919
74697.12162128839
75728.5346402752
76771.42438720782
77825.87490108068
78891.96931156826
79969.78972450474
81059.41710408406
82160.93115177685
83274.41018198097
84399.93099439376
85537.56874312316
86687.39680253153
87849.48662982656
89023.90762440742
90210.72698398345
91410.00955748827
92621.81769482075
93846.21109345519
95083.24664196878
