9.2572
9.345057474705001
9.364186242530469
9.381572343963088
9.398078529024966
9.414137608191393
9.429979487594549
9.445727757717526
9.461450684066428
9.477187933122396
9.492964684900938
9.50879910884798
9.524706365551033
9.540700797578136
9.556797185383976
9.57301153125999
9.58936161817425
9.605867477762745
9.62255184374491
9.63944063800514
9.656563523124833
9.673954550361406
9.691652932451541
9.70970397452524
9.728160203216865
9.747082743707615
9.766543007279305
9.786624768595116
9.807426733153148
9.829065722024698
9.851680633750076
9.875437382092851
9.900535107042069
9.927213612384003
9.955763151534285
9.986535764609592
10.019959113512284
10.056552235773466
10.09694210864925
10.141877965209208
10.192236608233383
10.249005262870451
10.313217529052427
10.385803128775228
10.467300479836727
10.557396295610518
10.654345219443243
10.754521688911225
10.852569802616848
10.942512368154944
11.019509752461651
11.081242175079256
11.12808235482106
11.162214176311517
11.186487288093119
11.203599913797268
11.215733406086947
11.224496286383024
11.231009657709233
11.236027934189467
11.24004776861
11.243391720186398
11.246267581625423
11.248808610632372
11.251100104505154
11.253196677318119
11.255133384065026
11.256932839538607
11.258609757531838
11.260173838906148
11.261627305502465
11.262982587013937
11.264243905479617
11.26540559496407
11.266472842342864
11.267447335619874
11.268330512582331
11.269123656675129
11.269827955280624
11.270444535003342
11.2709738669943
11.271418135601785
11.271777925449793
11.272054238271792
11.27224807414085
11.272360427172705
11.272392282916819
11.272344616649503
11.2722183920973
11.272014560384918
11.271734059102068
11.271377811446602
11.270946725419714
11.270441693064827
11.269863589748374
11.269213273478542
11.268491584258019
11.267699343483073
11.266837353360831
11.265906396373637
11.264907234767902
11.263840610072986
11.262707242648105
11.261507831253532
11.260243052645812
11.258913561193834
11.257519988514789
11.25606294312814
11.254543010125047
11.25296075085356
11.25131670261632
11.249611378380207
11.247845266497524
11.246018830435995
11.244132508518456
11.242186713669666
11.240181833171249
11.23811822842274
11.235996234709203
11.233816160974568
11.231578289600696
11.229282876191773
11.2269301493643
11.224520310542134
11.222053533757537
11.2195299654575
11.216949724316162
11.214312901053578
11.21161955826122
11.208869730234381
11.206063422812328
11.203200613226496
11.200281249957795
11.1973052526026
11.19427251174925
11.191182888865272
11.188036216195592
11.184832296672838
11.181570903841118
11.178251781792332
11.174854112998252
11.171424629858876
11.167931134396724
11.164378568197076
11.160766521313478
11.157094557960589
11.153362215651432
11.149569003677536
11.145714402452729
11.14179786329233
11.1378188084097
11.133776631024608
11.12967069553351
11.125500337716243
11.12126486497126
11.116963556574603
11.11259566396137
11.108160411030042
11.103656994470954
11.099084584118403
11.094442323328066
11.089729329379153
11.084944693903147
11.080087483338325
11.075156739410302
11.070151479639724
11.065070697876305
11.059913364859643
11.054678428806485
11.049364816025237
11.043971431556175
11.03849715983882
11.032940865404994
11.02730139359785
11.02157757131659
11.0157682077867
11.009872095354474
11.003888010306191
10.997814713711584
10.99165095228984
10.985395459299117
10.979046955448089
10.972604149828067
10.966065740867021
10.959430417302324
10.95269685917332
10.945863738831605
10.93892972196832
10.93189346865814
10.924753634417755
10.917508871278748
10.910157828873306
10.902699155531208
10.8951314993881
10.887453509501931
10.879663836977512
10.87176113609837
10.863744065461933
10.855611289120507
10.847361477721737
