7.568698633670965
6.686405089928634
5.323500309850046
4.138699931794449
3.173397993733229
2.4452635444321467
1.9223178851813738
1.5511490982744387
1.2844160818871386
1.0884476268163243
0.9410057770381355
0.8275582641594104
0.7384619468088461
0.667165064637228
0.609108611484706
0.5610532879992347
0.5206577248626313
0.48620592118448336
0.45642553741943936
0.4303634589371315
0.4072987878774623
0.3866810748593204
0.3680859829602603
0.3511831947058188
0.3357130166551317
0.32146921344336715
0.308286332220268
0.29603028248372526
0.28459128892964436
0.27387858385833536
0.26381638213573194
0.2543408073425728
0.24539752777032361
0.23693992537791506
0.22892766744470852
0.22132558444468992
0.21410278221632884
0.20723193457448383
0.20068871574942257
0.19445134184701995
0.18850019787863287
0.18281753232339656
0.17738720537108477
0.17219448002829862
0.16722584771316984
0.16246888172651885
0.15791211340628108
0.15354492683301557
0.1493574687947012
0.1453405713771875
0.14148568504868064
0.13778482052041433
0.13423049797774345
0.13081570253666375
0.1275338449746843
0.12437872696985947
0.12134451019200578
0.1184256887055068
0.11561706424295623
0.11291372395358387
0.11031102032950227
0.1078045530091309
0.10539015225689459
0.10306386389644293
0.1008219355462281
0.09866080400267338
0.09657708364649639
0.09456755576765864
0.09262915870677287
0.09075897874102923
0.08895424162876127
0.08721230476357095
0.08553064987212235
0.08390687620863779
0.08233869420606367
0.08082391954234402
0.07936046758373788
0.07794634818188474
0.07657966079054442
0.07525858987968607
0.07398140062510582
0.07274643485117668
0.07155210721010684
0.07039690158052905
0.06927936766899873
0.06819811780365169
0.06715182390349078
0.06613921461404472
0.06515907259960274
0.06421023197856546
0.06329157589560154
0.06240203422348012
0.0615405813828664
0.060706234277016484
0.05989805033036382
0.05911512563011607
0.05835659316085273
0.05762162112662441
0.056909411359627154
0.056219197807450404
0.0555502450937635
0.05490184715128755
0.054273325921663285
0.05366403011760011
0.05307333404638992
0.05250063648881814
0.0519453596324873
0.05140694805657985
0.05088486776359826
0.050378605258414415
0.04988766666931187
0.04941157691106394
0.0489498788869515
0.04850213272810224
0.048067915067177426
0.0476468183466634
0.047238450157986646
0.04684243261140477
0.046458401734365704
0.04608600689714003
0.0457249102643949
0.04537478627160433
0.045035321124290574
0.04470621232054397
0.04438716819339925
0.04407790747471782
0.043778158877460276
0.04348766069671242
0.04320616042724235
0.04293341439877205
0.042669187425961555
0.04241325247393496
0.04216539033792422
0.04192538933619124
0.04169304501653447
0.04146815987424319
0.04125054308258761
0.04104001023347712
0.04083638308962292
0.04063948934620252
0.040449162402034125
0.040265241140119555
0.040087569716594745
0.03991599735796336
0.0397503781658963
0.03959057092953949
0.03943643894460189
0.03928784983903208
0.03914467540476773
0.03900679143551474
0.03878159979747377
0.038573789257266906
0.038384483236548014
0.038212326968147976
0.03805522348987788
0.037911058462489884
0.037777966191201315
0.03765439415215063
0.037539161053313376
0.03743125571266513
0.03732985086796531
0.037234300764182174
0.03714409533100624
0.03705882662146193
0.03697816402388978
0.03690183583936992
0.036829615516730786
0.03676131131606799
0.0366967585081226
0.03663581345663006
0.03657834910333895
0.03652425150126137
0.036473417133272
0.03642575082027307
0.036381164072534125
0.03633957377410998
0.03630090111702169
0.03626507072172734
0.03623200989508313
0.03620164798738735
0.036173915818261265
0.03614874514660218
0.03612606816369758
0.03610581699134189
0.03608792316803627
0.036072317107150594
0.03605892751047152
0.03604768071948313
0.03603849998475215
0.03603130463100702
0.03602600909140365
0.03602252177941835
0.036020743759948494
0.03602056717247217
0.03602187334810338
0.036024530547852575
0.03602839123132407
0.03603328874122818
0.03603903325897333
