-0.4408829183335841
-0.8479455600192578
-1.1541968552136537
-1.386065668343966
-1.5635100766281513
-1.7009695356753585
-1.8089054074775877
-1.8949568943559978
-1.9647432692396876
-2.022420211873484
-2.071071737614853
-2.112991042348533
-2.1498846386069776
-2.183022353669215
-2.213348406348409
-2.2415640920322635
-2.2681895303012474
-2.2936098522708943
-2.3181097638177492
-2.3418993978533065
-2.3651336286063875
-2.387926477197449
-2.4103618339510007
-2.432501420528368
-2.4543906873649592
-2.4760631700548963
-2.4975436983813153
-2.518850753425787
-2.539998193929021
-2.560996517051493
-2.5818537764961107
-2.602576249270711
-2.623168918636344
-2.643635823062807
-2.6639803078199082
-2.6842052060409154
-2.7043129688553758
-2.7243057588517883
-2.744185517211363
-2.7639540119871837
-2.7836128729109317
-2.8031636165903424
-2.8226076648623186
-2.84194635827076
-2.8611809660710814
-2.880312693754596
-2.899342688793999
-2.918272045107271
-2.9371018065874863
-2.9558329699466146
-2.9744664870458535
-2.9930032668364244
-3.0114441769982934
-3.029790045339862
-3.0480416610051098
-3.066199775522171
-3.084265103719733
-3.102238324531856
-3.120120081708076
-3.137910984442769
-3.155611607936279
-3.173222493899364
-3.190744151009361
-3.2081770553307756
-3.2255216507064124
-3.2427783491299103
-3.259947531107234
-3.2770295460159846
-3.2940247124707334
-3.3109333187021783
-3.3277556229581173
-3.34449185393397
-3.3611422112402307
-3.3777068659142424
-3.394185960983231
-3.4105796120854905
-3.426887908156146
-3.443110912183477
-3.4592486620423184
-3.4753011714088364
-3.491268430762919
-3.5071504084817273
-3.522947052029026
-3.53865828924372
-3.5542840297302956
-3.569824166353717
-3.585278576840442
-3.6006471254864256
-3.615929664972645
-3.6311260382873143
-3.6462360807541003
-3.661259622163864
-3.6761964890076495
-3.6910465068068308
-3.7058095025365874
-3.720485307136974
-3.7350737581061964
-3.7495747021687675
-3.7639879980114586
-3.778313519078694
-3.792551156418184
-3.8067008215677207
-3.820762449472332
-3.8347360014216596
-3.8486214679958533
-3.862418872008562
-3.8761282714350562
-3.889749762313106
-3.903283481604248
-3.9167296100028643
-3.9300883746806536
-3.9433600519537118
-3.9565449698604085
-3.969643510637464
-3.9826561130830083
-3.9955832747951163
-4.00842555427495
-4.021183572884919
-4.033858016651519
-4.04644963790502
-4.0589592567475155
-4.0713877623423125
-4.083736114018751
-4.09600534218695
-4.108196549058613
-4.1203109091701355
-4.132349669706214
-4.144314150622532
-4.156205744567479
-4.168025916603549
-4.179776203730072
-4.1914582142104635
-4.203073626707032
-4.214624189228277
-4.226111717893667
-4.2375380955222335
-4.24890527005151
-4.2602152527942705
-4.2714701165411775
-4.282671993517474
-4.293823073202939
-4.304925600024076
-4.315981870928149
-4.326994232848724
-4.337965080072733
-4.348896851518534
-4.359792027935501
-4.370653129034436
-4.381482710558931
-4.392283361306829
-4.40305770011169
-4.413808372792613
-4.424538049081748
-4.4352494195374925
-4.445941395470447
-4.45662531642679
-4.467299797727006
-4.477965917023988
-4.488626955955141
-4.499285907223111
-4.5099456276985
-4.520608911089633
-4.531278518389908
-4.541957189729064
-4.552647648046355
-4.563352599183913
-4.574074730432969
-4.584816708430976
-4.59558117680617
-4.606370753744895
-4.617188029558237
-4.628035564282629
-4.638915885328441
-4.649831485183185
-4.660784819171729
-4.671778303273623
-4.682814311997384
-4.6938951763107015
-4.705023181625298
-4.716200565834856
-4.727429517404672
-4.73871217351104
-4.750050618228383
-4.76144688076252
-4.772902933727939
-4.784420691467192
-4.796002008410023
-4.807648677470881
-4.8193624284821714
-4.831144926662049
-4.842997771114069
-4.854922493357811
-4.866920555888036
-4.878993350761396
-4.89114219820885
-4.903368345272698
-4.915672964466811
-4.928057152459679
-4.940521928778343
