0.03522207828343304
0.03627891352515543
0.03656772944655116
0.03684646644772702
0.03712934881098681
0.03741531202269297
0.037703263180478896
0.0379923374491681
0.038281856781279815
0.03857129206135455
0.03886023286806045
0.039148363374467976
0.039435443126871264
0.03972129170629226
0.04000577648379868
0.04028880284295445
0.0405703063705433
0.04085024661790444
0.041128602115624066
0.04140536638836347
0.04168054476769469
0.04195415184161773
0.04222620941203459
0.0424967448575166
0.04276578981951855
0.04303337914682681
0.043299550046304744
0.04356434139859108
0.04382779320584968
0.04408994614539644
0.04435084120837984
0.04461051940694861
0.04486902153672307
0.04512638798406908
0.04538265856980628
0.045637872422669624
0.0458920678771829
0.046145282391662296
0.046397552482909415
0.046648913674817404
0.04689940045864202
0.047149046263108216
0.04739788343285231
0.04764594321396859
0.04789325574563429
0.04813985005695909
0.04838575406833847
0.04863099459669914
0.04887559736411284
0.049119587009325914
0.04936298710181317
0.04960582015800945
0.049848107659416344
0.05008987007231427
0.05033112686883898
0.05057189654920711
0.0508121966648979
0.051052043842614414
0.05129145380886924
0.051530441415049415
0.05176902066283266
0.05200720472983805
0.05224500599540479
0.05248243606640437
0.05271950580299865
0.0529562253442685
0.05319260413364148
0.053428650944057576
0.053664373902817745
0.05389978051606672
0.054134877692865666
0.05436967176881931
0.054604168529223694
0.05483837323170727
0.055072290628341646
0.055305924987203055
0.055539280113368235
0.05577235936933278
0.05600516569484273
0.056237701626131974
0.056469969314563294
0.05670197054467046
0.05693370675160157
0.05716517903796802
0.05739638819010167
0.05762733469372647
0.05785801874905331
0.058088440285304375
0.05831859897467856
0.058548494245766906
0.058778125296431345
0.059007491106156475
0.059069127484618664
0.05910642072553159
0.05912552287927371
0.059131089346480946
0.059126581350113644
0.0591145989430379
0.059097086445062556
0.05907549661096779
0.059050914285605736
0.05902414921746515
0.05899580560371123
0.05896633413501644
0.05893607090777433
0.05890526649745041
0.058874107669676885
0.058842733587280184
0.0588112479051825
0.05877972779463837
0.05874823067534409
0.05871679923704186
0.05868546518490624
0.058654252032889334
0.05862317718692399
0.05859225349847959
0.058561490423095816
0.05853089488432672
0.05850047191799333
0.05847022515260612
0.05844015716761613
0.05841026976056185
0.058380564146278464
0.058351041105446574
0.05832170109536294
0.05829254433253952
0.05826357085429688
0.05823478056468905
0.05820617326875158
0.05817774869803403
0.05814950652964074
0.0581214464004228
0.05809356791756286
0.05806587066646233
0.05803835421662209
0.058011018126024494
0.05798386194439855
0.05795688521565237
0.05793008747968414
0.05790346827373028
0.05787702713336826
0.05785076359326139
0.05782467718771281
0.057798767451074935
0.057773033918053246
0.057747476123930164
0.057722093604729706
0.057696885897337506
0.05767185253958937
0.05764699307033336
0.05762230702947529
0.05759779395800937
0.057573453398040125
0.05754928489279601
0.05752528798663749
0.05750146222506015
0.05747780715469738
0.05745432232331856
0.05743100727982588
0.05740786157425069
0.057384884757748965
0.05736207638259517
0.057339436002177134
0.057316963170989436
0.057294657444626945
0.057272518379779494
0.05725054553422351
0.05722873846681736
0.05720709673749357
0.05718561990725282
0.05716430753815837
0.057143159193327846
0.05712217443692868
0.05710135283417115
0.05708069395130235
0.05706019735560019
0.05703986261536741
0.05701968929992641
0.056999676979611356
0.056979825225765716
0.05696013361073362
0.056940601707856184
0.0569212290914655
0.05690201533687866
0.05688296002039353
0.05686406271928352
0.05684532301179082
0.05682674047712324
0.05680831469544829
0.05679004524788841
0.056771931716516066
0.05675397368434903
0.05673617073534589
0.056718522454400976
0.05670102842733995
0.05668368824091529
0.05666650148280181
0.05664946774159267
0.056632586606794225
