312.2825477396819
314.1847809097412
316.08701484539716
317.9892495460498
319.8914850111
321.79372123994796
323.69595823199455
325.59819598664086
327.500434503288
329.40267378133746
331.3049138201908
333.20715461924976
335.1093961779162
337.0116384955925
338.9138815716808
340.8161254055837
342.71836999670376
344.6206153444441
346.5228614482075
348.4251083073973
350.32735592141705
352.22960428967014
354.1318534115605
356.0341032864918
357.9363539138686
359.8386052930946
361.74085742357477
363.6431103047134
365.5453639359154
367.44761831658576
369.34987344612955
371.252129323952
373.1543859494584
375.0566433220544
376.9589014411462
378.86116030613937
380.76341991643983
382.6656802714539
384.567941370588
386.47020321324874
388.3724657988426
390.27472912677683
392.1769931964577
394.0792580072928
395.9815235586894
397.8837898500549
399.7860568807966
401.6883246503225
403.59059315804024
405.49286240335783
407.3951323856835
409.2974031044253
411.1996745589918
413.1019467487913
415.00421967323285
416.9064933317246
418.8087677236761
420.71104284849605
422.61331870559366
424.51559529437816
426.41787261425924
428.32015066464606
430.2224294449485
432.1247089545763
434.0269891929394
435.9292701594477
437.83155185351166
439.7338342745411
441.6361174219467
443.5384012951388
445.440685893528
447.342971216525
449.24525726354085
451.14754403398604
453.049831527272
454.95211974280954
456.85440868001024
458.7566983382852
460.65898871704576
462.561279815704
464.46357163367094
466.36586417035875
468.26815742517897
470.17045139754384
472.07274608686515
473.97504149255525
475.87733761402603
477.77963445069025
479.6819320019599
481.5842302672477
483.4865292459661
485.388828937528
487.2911293413459
489.1934304568326
491.09573228340105
492.99803482046457
494.90033806743594
496.8026420237283
498.704946688755
500.60725206192916
502.50955814266456
504.41186493037424
506.31417242447196
508.2164806243712
510.11878952948575
512.0210991392292
513.9234094530156
515.8257204702587
517.7280321903723
519.6303446127706
521.5326577368678
523.4349715620779
525.3372860878148
527.2396013134932
529.1419172385271
531.0442338623313
532.9465511843198
534.8488692039072
536.7511879205081
538.653507333537
540.555827442409
542.458148246538
544.3604697453394
546.2627919382278
548.165114824618
550.0674384039246
551.9697626755632
553.8720876389482
555.774413293495
557.6767396386184
559.5790666737336
561.4813943982557
563.3837228115999
565.2860519131816
567.1883817024158
569.0907121787179
570.9930433415034
572.8953751901873
574.7977077241849
576.7000409429121
578.6023748457845
580.5047094322169
582.4070447016251
584.3093806534246
586.2117172870309
588.1140546018601
590.016392597327
591.9187312728476
593.8210706278376
595.7234106617126
597.6257513738882
599.5280927637803
601.4304348308044
603.3327775743761
605.2351209939118
607.1374650888265
609.0398098585363
610.9421553024571
612.8445014200043
614.7468482105944
616.6491956736426
618.5515438085646
620.4538926147768
622.3562420916943
624.2585922387336
626.1609430553104
628.0632945408402
629.965646694739
631.867999516423
633.7703530053071
635.6727071608082
637.5750619823411
639.4774174693225
641.3797736211676
643.2821304372927
645.1844879171132
647.0868460600448
648.9892048655038
650.8915643329053
652.7939244616657
654.6962852512003
656.5986467009247
658.5010088102556
660.4033715786077
662.3057350053964
664.2080990900383
666.1104638319484
668.0128292305425
669.9151952852365
671.8175619954455
673.7199293605853
675.6222973800714
677.5246660533192
679.4270353797444
681.3294053587621
683.2317759897879
685.1341472722374
687.0365192055253
688.9388917890678
