2026.0877723606773
2021.6234239378302
2017.1852855018503
2012.7723151040384
2008.3833631180203
2004.0172938715552
1999.6730104246255
1995.3494592043917
1991.0456302751782
1986.7605565015067
1982.4933123272292
1978.2430123697961
1974.0088099113595
1969.7898953352033
1965.5854945416177
1961.3948673683785
1957.2173060344105
1953.052133620118
1948.8987025939466
1944.756393391653
1940.6246130524069
1936.502793914033
1932.3903923683188
1928.286887676281
1924.1917808425183
1920.10459354721
1916.0248671339477
1911.952161651291
1907.8860549457993
1903.8261418041775
1899.772033142142
1895.7233552376258
1891.6797490059682
1887.6408693148003
1883.6063843364157
1879.5759749354972
1875.5493340901696
1871.5261663444398
1867.5061872901963
1863.4891230770227
1859.4747099481876
1855.462693801268
1851.4528297719473
1847.4448818396215
1843.4386224535276
1839.4338321781895
1835.4302993570523
1831.4278197932383
1827.4261964464392
1823.4252391450093
1819.4247643123822
1815.4245947070062
1811.4245591750187
1807.4244923646045
1803.424234652905
1799.423631782152
1795.4225347067352
1791.4207993997115
1787.4182866683689
1783.4148619783662
1779.410395285989
1775.4047608780968
1771.3978372193508
1767.3895068063541
1763.3796560283388
1759.3681750340718
1755.354957604665
1751.339901031989
1747.3229060024182
1743.303876485642
1739.2827196282967
1735.2593456521843
1731.2336677568599
1727.2056020263844
1723.1750673400402
1719.141985286836
1715.1062800836194
1711.0678784966353
1707.0267097663802
1702.9827055356013
1698.935799780303
1694.885928743633
1690.8330308725222
1686.7770467569612
1682.7179190718061
1678.6555925210066
1674.590013784156
1670.521131465274
1666.4488960437282
1662.3732598272145
1658.2941769067127
1654.211603113345
1650.1254959770654
1646.0358146871076
1641.9425200541334
1637.8455744740145
1633.7449418931958
1629.64058777558
1625.5324790708787
1621.4205841843923
1617.304872948157
1613.1853165934242
1609.0618877244249
1604.9345602933802
1600.8033095767219
1596.6681121524825
1592.5289458788213
1588.3857898736576
1584.2386245683388
1580.087431397454
1575.9321932937046
1571.772894157967
1567.6095191379993
1563.4420545406629
1559.2704878184954
1555.0948075571823
1550.9150034638997
1546.731066356518
1542.5429881536402
1538.3507618654626
1534.1543815854404
1529.9538424827404
1525.7491407954717
1521.540273824675
1517.3272399290609
1513.1100385204845
1508.8886700601447
1504.6631360554975
1500.433439057874
1496.199582660791
1491.9615714989525
1487.7194112479228
1483.4731086244751
1479.2226713876016
1474.9681083401795
1470.7094293312914
1466.4466452591864
1462.179768074885
1457.908810786421
1453.6337874637109
1449.354713244056
1445.0716043382683
1440.7844780374166
1436.4933527201943
1432.1982478609045
1427.8991840380602
1423.5961829436005
1419.2892673927174
1414.9784613342981
1410.6637898619783
1406.3452792258086
1402.022956844532
1397.696851318475
1393.366992443053
1389.0334112228911
1384.6961398865578
1380.355211901923
1376.0106619921296
1371.6625261521908
1367.3108416662126
1362.9556471252422
1358.5969824457484
1354.2348888887368
1349.869409079502
1345.5005870280218
1341.1284681499985
1336.7530992885522
1332.37452873657
1327.9928062597146
1323.6079831201055
1319.22011210067
1314.829247530177
1310.4354453089588
1306.038762935326
1301.639259532691
1297.2369958773995
1292.8320344272877
1288.4244393509705
1284.0142765578744
1279.601613729023
1275.1865203485945
1270.7690677362561
1266.3493290802994
1261.9273794715841
1257.5032959383132
1253.0771574816551
1248.6490451122343
1244.2190418875102
1239.7872329500706
1235.353705566863
1230.918549169391
1226.4818553949085
1222.0437181286418
1217.6042335470759
1213.163500162345
1208.7216188677648
1204.2786929845595
1199.8348283098262
1195.3901331657942
