51.22627244293973 4.779098162135963 142.78661471244365 144.0 
3.540369933447728 141.97931804340672 4.896812848589175 4.9 
12.547669732070153 6.099667649701063 116.4311988987095 117.15794159606692 
4.801313385157443 11.76774019146718 24.643762953429054 24.829974378267053 
0.004386276029263461 0.004381565589232617 0.004409931312321813 0.004385067383868799 
1.5002425315249432 1.4996952760309763 1.4999898783389705 1.5 
8.931523450225002 10.120786138084606 3.008564614046447 3.000193277300241 
13.856752094773876 6.399565572913021 0.9142903701318176 0.8998067226997594 
86.97879346585835 19.78973639862445 8.709872264902558 8.0 
0.00460830552080887 0.02080927905291248 0.014702062231126129 0.01471173396452787 
1.6005792019448222 2.9457323161458415 1.000237330506273 0.9877882660354721 
0.0002458871904694249 0.0001002158110181374 4.816425004765594e-05 4.753352259428038e-05 
7.298504894248998 0.025937665179070604 0.677331605425874 0.9997265479238605 
0.010326896106604267 0.00020201429781614144 0.00018772674215147614 0.00027345207613946993 
0.11290153765080842 3.4513110953541593 3.1415733144249907 5.0 
0.00014488481353473317 5.8945638395672795 -0.8763887847589139 
7.187634356218694 -88.91358539301838 0.007733238018175315 
3.002278394339473