32.311033298852905
32.2902081700113
32.26972643849294
32.24956784816326
32.22971332296511
32.21014496841035
32.19084605127464
32.17180094536798
32.15299506955924
32.134414825555695
32.11604753840471
32.09788140071441
32.07990542075315
32.062109374250504
32.044483759603246
32.02701975616319
32.00970918529617
31.992544473927737
31.975518620321623
31.958625161867086
31.941858144679024
31.925212094840603
31.908681991140107
31.89226323917452
31.875951646709495
31.85974340020112
31.843635042398464
31.827623450957372
31.811705818006413
31.795879630614284
31.780142652115504
31.76449290425736
31.748928650136225
31.733448377895648
31.71805078516202
31.702734764196286
31.687499387742392
31.67234389555453
31.6572676815865
31.64227028182718
31.62735136276638
31.612510710475657
31.597748220288537
31.583063887064217
31.56845779601876
31.553930114107114
31.539481081939012
31.52511100621119
31.510820252638105
31.496609239362666
31.48247843082835
31.468428332093602
31.45445948356929
31.440572456159714
31.426767846787783
31.413046274284742
31.399408375625146
31.38585480248789
31.37238621812424
31.35900329451439
31.34570670979433
31.33249714593518
31.319375286657994
31.306341815567265
31.29339741448717
31.28054276198525
31.26777853206882
31.25510539304016
31.242524006497188
31.230035026467213
31.217639098661703
31.20533685984127
31.193128937280225
31.18101594832114
31.168998500010353
31.157077188805996
31.145252600350904
31.133525309303142
31.121895879217686
31.110364862473283
31.098932800238813
31.087600222474407
31.076367647962627
31.065235584365613
31.054204528304627
31.043274965458522
31.032447370678245
31.021722208114724
31.011099931357684
31.000580983583507
30.990165797709995
30.979854796556708
30.969648393009255
30.95954699018637
30.94955098160879
30.939660751368837
30.929876674300044
30.920199116146176
30.910628433728956
30.9011649751141
30.891809079775346
30.882561078755984
30.8734212948278
30.864390042647145
30.855467628907974
30.84665435249184
30.83795050461461
30.82935636896998
30.820872221869816
30.812498332381082
30.80423496245968
30.796082367081024
30.788040794367493
30.780110485712758
30.772291675903087
30.764584593235753
30.75698945963447
30.749506490762084
30.74213589613048
30.734877879207936
30.72773263752383
30.720700362770895
30.7137812409051
30.706975452243142
30.700283171557768
30.693704568170887
30.687239806044627
30.68088904387031
30.674652435155544
30.668530128309396
30.66252226672576
30.656628988864963
30.650850428333694
30.645186713963287
30.639637969886454
30.634204315612457
30.62888586610085
30.62368273183377
30.618595018886896
30.61362282899904
30.60876625964051
30.604025404080193
30.599400351451457
30.594891188074353
30.590497993801467
30.586220845721037
30.58205981704314
30.578014977159167
30.57408639170053
30.570274122596626
30.566578228131903
30.562998763002277
30.5595357783707
30.55618932192198
30.55295943791684
30.549846167245228
30.54684954747894
30.543969612923476
30.541206394669224
30.538559920642015
30.536030215652904
30.533617301447396
30.53132119675405
30.529141917332378
30.527079476020248
30.525133882780647
30.523305144747894
30.52159326627331
30.51999824897035
30.518520091759175
30.51715879091077
30.515914340090532
30.51478673040139
30.513775950426428
30.512881986271076
30.512104821604837
30.511444437702583
30.510900813485396
30.51047392556106
30.51016374826404
30.50997025369516
30.509893411760817
30.50993319021189
30.510089554682175
30.51036246872656
30.51075189385876
30.511257789588722
30.511880113459743
30.512618821085148
30.513473866184707
30.51444520062071
30.51553277443371
30.516736535877982
30.518056431456632
30.51949240595642
30.52104440248229
30.522712362491585
30.524496225827995
30.5263959307552
