1.4913640064228968
1.5401491194000396
1.5408512606367575
1.5401260231351837
1.5393914892630192
1.5386865168540975
1.538008771468772
1.5373552985870274
1.536723643194657
1.5361117914762041
1.5355180924898142
1.5349411922734089
1.534379979211593
1.5338335388256654
1.5333011164208286
1.5327820862783694
1.5322759262946586
1.5317821971486845
1.5313005252309084
1.5308305886929259
1.5303721060836035
1.5299248271263386
1.5294885252664854
1.5290629916802423
1.528648030488247
1.5282434549605333
1.527849084535693
1.527464742507216
1.5270902542551448
1.526725445922044
1.5263701434496773
1.5260241719072618
1.5256873550541576
1.525359515089801
1.5250404725520128
1.524730046331641
1.5244280537771655
1.524134310867777
1.5238486324370584
1.523570832432942
1.5233007242021284
1.5230381207894548
1.5227828352444819
1.5225346809291498
1.5222934718216456
1.5220590228125364
1.5218311499902493
1.5216096709136036
1.5213944048696995
1.5211851731159602
1.520981799105551
1.5207841086956808
1.5205919303385795
1.520405095255191
1.5202234373039298
1.5200467943318525
1.5198750063862367
1.5197079171565395
1.5195453737294908
1.5193872266581592
1.5192333300258178
1.5190835414969266
1.5189377223556553
1.518795737532702
1.5186574556211665
1.518522748882161
1.5183914932409341
1.5182635682741152
1.518138857188925
1.5180172467947974
1.5178986274682544
1.517782893111545
1.5176699411056376
1.5175596722581883
1.517451990746961
1.517346804059261
1.5172440229278372
1.517143561263731
1.5170453360864746
1.5169492674520966
1.51685527837926
1.5167632947739333
1.5166732453528966
1.5165850615664227
1.5164986775203821
1.516414029898078
1.516331057882021
1.5162497030758963
1.516169909426905
1.5160916231486836
1.5160147926449616
1.5159393684341194
1.5127984769475065
1.5103447923873148
1.5084267784950922
1.5069268416990165
1.5057534457632
1.504834823284231
1.504115318668925
1.5035513601004733
1.5031089261460047
1.502761445300004
1.5024881613604864
1.5022728587516694
1.5021028680091753
1.5019682895561122
1.5018613876764937
1.5017761172577746
1.5017077541476815
1.5016526063986744
1.5016077886742054
1.501571045985231
1.5015406159603077
1.501515121219331
1.5014934852675295
1.501474866767274
1.5014586081706491
1.5014441955742182
1.5014312273437032
1.5014193895923966
1.5014084370159102
1.5013981779131158
1.5013884624787937
1.501379173653325
1.5013702199708907
1.501361529969655
1.5013530478227615
1.5013447299235176
1.5013365422163443
1.5013284581106283
1.5013204568501668
1.501312522238695
1.5013046416437545
1.5012968052180866
1.5012890052910568
1.501281235892993
1.5012734923834077
1.5012657711603576
1.5012580694333388
1.5012503850457393
1.5012427163360729
1.5012350620295227
1.5012274211531635
1.5012197929697118
1.5012121769257278
1.5012045726111476
1.5011969797276492
1.5011893980639288
1.5011818274763766
1.5011742678739857
1.5011667192065479
1.5011591814554366
1.5011516546264068
1.5011441387439668
1.5011366338469887
1.5011291399852682
1.5011216572168566
1.501114185605962
1.5011067252213262
1.5010992761349484
1.5010918384210954
1.5010844121555336
1.5010769974149303
1.5010695942763805
1.501062202817059
1.5010548231139311
1.5010474552435433
1.5010400992818604
1.5010327553041336
1.501025423384808
1.5010181035974572
1.501010796014719
1.5010035007082643
1.5009962177487708
1.5009889472058986
1.5009816891482848
1.5009744436435326
1.5009672107582122
1.5009599905578617
1.5009527831069829
1.5009455884690603
1.5009384067065552
1.500931237880923
1.5009240820526137
1.500916939281085
1.5009098096248146
1.500902693141305
1.5008955898870964
1.5008884999177787
1.500881423287998
1.5008743600514698
1.5008673102609882
1.5008602739684382
1.500853251224803
1.5008462420801787
1.5008392465837808
1.5008322647839543
1.5008252967281859
1.500818342463116
