24.0
23.933945724702724
23.86696880366095
23.7990959050143
23.73035679764334
23.660782383304294
23.59040375779834
23.519251694607597
23.447356367925483
23.374747211552794
23.301452854674363
23.227501100956708
23.152918931899904
23.077732523631223
23.00196727102799
22.925647815734102
22.848798076160286
22.771441278429588
22.69359998772903
22.61529613981694
22.536551072605327
22.45738555783939
22.37781983296305
22.29787363330613
22.21756622476777
22.13691643720571
22.055942698778317
21.974663071527424
21.893095288538024
21.81125679306783
21.729164780108512
21.646836240923186
21.564288011206333
21.48153682363495
21.39859936573055
21.31549234413535
21.232232556631114
21.148836973504096
21.06532283019484
20.981707733579533
20.89800978545407
20.81424772308914
20.73044108789825
20.646610420337417
20.562777490087107
20.47896556741256
20.395199742863344
20.311507300198222
20.227918159872956
20.144465373816214
20.061185687105514
19.978120135007178
19.895314626895964
19.812820416364573
19.73069427614236
19.64899807892157
19.567797340793017
19.48715816708107
19.40714208948497
19.327798731516914
19.249157283540022
19.171219199639697
19.093955365624787
19.017309934934435
18.941210048083434
18.865577794230976
18.7903402990196
18.715435710168645
18.64081513441616
18.566441881870077
18.492289438658837
18.418339165783244
18.344578231740368
18.270997954554346
18.197592555959503
18.124358262019584
18.05129267016135
17.978394310962845
17.90566234798377
17.833096373553925
17.76069627043696
17.68846211835628
17.61639413091315
17.544492613026538
17.472757932203518
17.40119049911891
17.329790754458283
17.25855915997471
17.187496209501145
17.11660237089981
17.04587814013848
16.975324001699104
16.904940480919713
16.834728086179375
16.76468732855938
16.69481872118615
16.625122778728752
16.555600024154433
16.486250966155115
16.417076122033947
16.34807600937183
16.279251145832546
16.210602048982846
16.142129236125292
16.07383322414191
16.00571452934727
15.937773667349804
15.870011152920505
15.802427499868207
15.735023220920914
15.667798827612568
15.600754830174914
15.533891737433995
15.467210056710945
15.400710293726776
15.334392952510854
15.268258535312809
15.202307542517557
15.136540472563308
15.070957821862226
15.005560084723628
14.940347753279454
14.875321317411807
14.810481264682462
14.745828080264165
14.681362246873464
14.617084244705058
14.55299455136779
14.48909364182013
14.42538198831008
14.36186006031274
14.298528324470345
14.235387244532724
14.172437281298413
14.109678892556351
14.047112533028056
13.984738654310206
13.922557704817594
13.860570129726318
13.798776370917244
13.73717686691959
13.675772052854668
13.614562360379646
13.553548217631391
13.49273004917028
13.432108275923953
13.371683315131017
13.311455580284617
13.251425481075907
13.191593423337352
13.131959808985838
13.072525035965638
13.013289498191112
12.954253585489253
12.89541768354193
12.83678217382796
12.778347433564859
12.720113835650404
12.662081748603883
12.604251536507117
12.546623558945187
12.489198170946914
12.431975722925067
12.374956560616308
12.318141025020878
12.261529452342016
12.205122173925139
12.148919516196761
12.0929218006032
12.037129343549017
11.981542456335259
11.92616144509747
11.870986610743529
11.816018248891252
11.761256649805846
