0.00011
0.0001079653565485125
0.00010892972088442656
0.00010990719670029065
0.00011089163516884683
0.00011188197693541276
0.00011287810031993933
0.00011388013095020039
0.00011488832501963362
0.00011590304448126885
0.00011692474529713615
0.00011795396287772902
0.00011899130125214092
0.00012003741605302371
0.00012109299984383878
0.00012215876751673412
0.0001232354428533769
0.0001243237466639592
0.0001254243867331506
0.00012653804964243221
0.0001276653944098647
0.00012880704779871956
0.00012996360109074597
0.0001311356080946843
0.0001323235841550686
0.00013352800594088626
0.00013474931181367932
0.00013598790260351023
0.00013724414264811664
0.0001385183609806557
0.00013981085257502957
0.00014112187958091244
0.00014245167503174178
0.0001438004311074372
0.0001451683260866611
0.00014655549888608049
0.00014796206309949236
0.00014938810491923484
0.00015083368362357716
0.0001522988319657332
0.00015378355647307978
0.00015528783767047608
0.00015681163024151916
0.00015835486314289094
0.00015991743969654166
0.0001614992376450831
0.0001631001092326785
0.0001647198812434547
0.0001663583551855858
0.00016801530729626462
0.00016969048883054688
0.0001713836262526956
0.00017309442154348143
0.00017482255257685346
0.00017656767357693374
0.00017832941566293484
0.00018010738748740784
0.00018190117597268
0.00018371034714948813
0.00018553444709037875
0.00018737300299164627
0.00018922552428658426
0.00019109150393843458
0.00019297041983095252
0.00019486173619556285
0.00019676490528406835
0.00019867936901208407
0.00020060455996904342
0.00020253990654624628
0.00020448483015064961
0.0002064387504885659
0.00020840108698870103
0.00021037126111026679
0.0002123486987528826
0.0002143328327662123
0.00021632310557746735
0.0002183189718955195
0.00022031990158025207
0.00022232538260342938
0.00022433492416642554
0.000226348061465821
0.00022836435328593336
0.00023038339431416557
0.00023240481337034587
0.00023442827899950578
0.0002364535040042353
0.00023848025037944142
0.00024050833472714277
0.00024253763424691464
0.0002445680934167082
0.00024659973150575453
0.0002486326510905295
0.00025066704778332243
0.0002523517213145762
0.00025392001063394146
0.0002554737287876671
0.00025701246808790176
0.00025853583569195
0.00026004346756724816
0.00026153502279025414
0.0002630101891562787
0.00026446868090257636
0.00026591023786527127
0.0002673346260075303
0.0002687416351590149
0.00027013108013515774
0.00027150279922821385
0.000272879163321399
0.00027421477415177724
0.0002755103255400362
0.00027680997317690125
0.0002780914170097612
0.0002793546223281671
0.0002805995729730357
0.0002818262705095926
0.0002830347334295511
0.0002842249963564286
0.0002853971092537403
0.00028655113663821936
0.00028768715680008486
0.0002888052610336624
0.00028990555287905934
0.00029098814737764963
0.0002920531703424459
0.00029310075764527754
0.00029413105452152693
0.000295144214893837
0.0002961404007159342
0.00029711978133641054
0.0002980825328845067
0.0002990288376768436
0.0002999588836466987
0.0003008728637953961
0.00030177097566606474
0.00030265342083986546
0.00030352040445444893
0.00030437213474483965
0.0003052088226061545
0.00030603068117763507
0.0003068379254487236
0.0003076307718854471
0.00030840943807717403
0.0003091741424037477
0.00030992510372182265
0.00031066254106972636
0.0003113866733911395
0.0003120977192759996
0.00031279589671850613
0.00031348142289202386
0.00031415451393896796
0.0003148153847766397
0.0003154642489170633
0.0003161013183012663
0.0003167268031461104
0.00031734091180468264
0.0003179438506382462
0.0003185358238996185
0.00031911703362791605
0.00031968767955342474
0.000320247959012086
0.00032079806686958253
0.00032133819545420177
0.0003218685344976392
0.0003223892710839716
0.0003229005896057084
0.00032340267172684584
0.0003238956963523375
0.00032437983960374007
0.00032485527479999556
0.0003253221724443359
0.0003257807002154097
0.00032623102296311016
0.00032667330270892323
0.0003271076986498216
0.0003275343671662572
0.0003279534618328699
0.00032836513343302933
0.0003287695299756291
0.0003291667967146964
0.00032955707617133423
0.0003299405081579887
0.00033031722980459154
0.0003306873755860327
0.0003310510773521515
0.00033140846435829546
0.00033175966329748106
0.00033210479833390056
0.0003324439911369088
0.0003327773609165009
0.00033310502445885946
0.0003334270961629559
0.00033374368807777873
0.00033405490993942326
0.00033436086920921726
0.00033466167111146944
0.00033495741867199295
0.0003352482127560783
0.0003355341521070197
0.00033581533338472656
