45.01745398031173
45.009113518846256
45.00035789411778
44.99121221294467
44.9816937100486
44.97181579064349
44.96158983911137
44.9510260342109
44.940133729779376
44.92892164447556
44.91739796698296
44.9055704229632
44.89344632378997
44.88103260570181
44.868335863116656
44.85536237777941
44.84211814455321
44.828608894320205
44.814840114319566
44.80081706619645
44.7865448020118
44.772028178446256
44.75727186941559
44.7422803773003
44.72705804297421
44.711609054799844
44.69593745673877
44.680047155711456
44.66394192832115
44.647625427041994
44.63110118595973
44.61437262613575
44.59744306065854
44.58031569943213
44.56299365374252
44.5454799406401
44.527777487158495
44.5098891343958
44.4918176414704
44.47356568936424
44.45513588466037
44.436530763179896
44.41775279352029
44.39880438049772
44.37968786849042
44.36040554468414
44.340959642216795
44.321352343219914
44.30158578175689
44.281662046653814
44.261583184222616
44.24135120087534
44.220968065628135
44.20043571249604
44.179756042776134
44.15893092722375
44.13796220811931
44.1168517012297
44.095601197665374
44.07421246563589
44.05268725210663
44.031027284360114
44.00923427146436
43.98730990565307
43.96525586362027
43.94307380773353
43.92076538716903
43.89833223897333
43.875775989055
43.853098253108804
43.830300637478736
43.807384739960476
43.78435215054893
43.76120445213297
43.737943221141
43.71457002814071
43.69108643839493
43.667494012377546
43.64379430625101
43.61998887230856
43.59607925938331
43.57206701322567
43.54795367685239
43.523740790867414
43.499429893757956
43.47502252216569
43.45052021113607
43.425924494345914
43.401236904311375
43.376458972576415
43.351592229884
43.32663820632987
43.30159843150078
43.27647443459712
43.251267744541195
43.22597989007146
43.20061239982398
43.17516680240067
43.14964462642592
43.12404740059111
43.098376653688284
43.07263391463298
43.04682071247642
43.020938576408014
42.994989035747906
42.96897361993025
42.942893858477234
42.91675128096462
42.890547416978606
42.864283796064235
42.83796194766595
42.81158340106057
42.78514968528204
42.758662329039716
42.732122860629005
42.705532807835056
42.678893697830205
42.65220705706437
42.625474411149575
42.598697284738165
42.571877201395324
42.54501568346561
42.51811425193412
42.491174426282555
42.46419772433958
42.43718566212686
42.410139753699966
42.383061510984696
42.35595244360899
42.32881405873083
42.301647860861976
42.27445535168752
42.24723802988233
42.21999739092371
42.19273492690034
42.16545212631859
42.13815047390581
42.11083145041029
42.08349653239925
42.05614719205375
42.02878489696174
42.001411109908524
41.9740272886658
41.94663489627265
41.919235369223436
41.89183014897464
41.86442067110461
41.83700836509605
41.80959465411637
41.782180954798136
41.75476867701754
41.72735922367329
41.69995399046443
41.67255436566824
41.64516172991799
41.617777455980686
41.59040290853512
41.563039443950075
41.53568841006363
41.50835114596222
41.481028981761355
41.45372323838691
41.42643522735715
41.39916625056693
41.37191760007215
41.344690557876596
41.31748639571986
41.29030637486724
41.26315174590157
41.23602374851694
41.208923611314454
41.181852551600386
41.15481177518697
41.12780247619491
41.100825836859414
41.07388302733813
41.04697520552251
41.020103516851606
40.99326909412958
40.9664730573454
40.93971651349657
40.91300055641587
40.88632626660131
40.859694711050196
40.8331069430962
40.80656400225032
40.780066914045776
40.753616689886336
40.7272143268991
40.700860807790974
40.67455710070931
40.6483041591064
40.62210292160866
40.59595431188985
40.56985923854853
40.54381859498987
40.517833259312276
40.491904094198155
40.46603194680924
