4.8715
4.67301364551028
4.691665252510343
4.712407576521309
4.73415499740171
4.756634575629168
4.779710658690464
4.803275643318366
4.827233813118371
4.851499918991952
4.875999750701821
4.90067072150473
4.925461718959776
4.950332753670783
4.975254109697984
5.000205246560371
5.025173538968997
5.050152954402551
5.075142751328742
5.100146260249936
5.125169789017313
5.150221675312707
5.175311494085998
5.200449416465466
5.225645709024889
5.25091035780744
5.276252799461466
5.301681741597407
5.3272050554056145
5.352829725230247
5.378561841767178
5.40440662763221
5.430361655261374
5.456451054098338
5.482657323351278
5.508989644615007
5.5354498654959485
5.562039392648701
5.588759272411247
5.6156102661211635
5.642592921448301
5.669707639367195
5.696954736689707
5.724334500794843
5.751847257396361
5.77949340031028
5.807273453222419
5.835188112240351
5.863238271749541
5.891425090832382
5.919750012862293
5.9482148078196975
5.976821609110388
6.005572950525883
6.03447180376019
6.063521616981912
6.092726354961615
6.122090541272331
6.15161930310155
6.181318409349
6.211194361003686
6.241254390081744
6.271506557536095
6.301959826114875
6.332624079379282
6.363510280036402
6.394630508973077
6.425997622908008
6.457627146471885
6.489534764080456
6.521738180798929
6.554256849175649
6.587112138603454
6.620327525190612
6.653928805094729
6.687944334690766
6.722405301828891
6.757346032542527
6.792804339163151
6.828821916220099
6.865445931984075
6.9027250799344
6.9407167371587155
6.979483351689595
7.019094284231521
7.059626720332159
7.101166730638805
7.143810507653271
7.18766581366876
7.232853682380914
7.279510426454996
7.327790015628859
7.377866905459729
7.393388168284071
7.39811504197403
7.4026336476568835
7.4069461058551225
7.411053036147188
7.414958001100402
7.418660956101103
7.422163970024612
7.425469226265388
7.42857890857093
7.43149534800171
7.434221014162662
7.4367584986794
7.439110509223652
7.441280147179759
7.443269735324631
7.44508227398019
7.446721389084704
7.448189932570123
7.449491092926842
7.450628109496969
7.451604264640063
7.452422876273441
7.453087290987801
7.453600877542917
7.4539670207104605
7.454189115451627
7.454270561423164
7.454214757801935
7.4540250984211545
7.4537049672092905
7.453257733923248
7.452686750166054
7.451995345681343
7.451186824914657
7.4502644638317985
7.449231506985499
7.448091164820316
7.446846611206525
7.445500981193337
7.444057368971588
7.442518826036778
7.440888359542866
7.43916893083766
7.43736345417068
7.435474795563984
7.433505771838146
7.431459149784053
7.429337645472194
7.427143923691667
7.424880597510828
7.422550227952029
7.4201553237724145
7.417698341345186
7.415181684632532
7.412607705245548
7.409978702583155
7.407296924045565
7.404564565314998
7.401783770699753
7.398956633534744
7.396085196635327
7.393171452797857
7.3902173453440705
7.387224768704335
7.3841955690356
7.381131544870867
7.378034447796442
7.374905983153116
7.371747810759239
7.368561545651787
7.365348758842849
7.362110978089805
7.358849688675773
7.355566334198388
7.352262317365483
7.348939000795269
7.3455977078187695
7.342239723283958
7.338866294359268
7.33547863133571
7.33207790842548
7.328665264556856
7.325241804163904
7.32180859796988
7.318366683763456
7.314917067167613
7.31146072239978
7.307998593022954
7.304531592686847
7.301060605859167
7.297586488546582
7.294110069003654
7.2906321484318335
7.287153501665476
7.2836748778476705
7.2801970010921995
7.276720571134769
7.273246263971519
7.269774732484845
7.266306607057253
7.262842496172695
7.259382987005127
7.25592864599517
7.252480019413994
7.249037633915329
