1.4916605736668171
1.4880887213504903
1.4867768928643743
1.486441149414446
1.4865167876952345
1.486756075410593
1.487050951534102
1.4873548524610272
1.4876482454414437
1.487923438909043
1.4881778943724755
1.4884112862761152
1.4886242129709002
1.4888176342172903
1.4889926278249446
1.4891502861005406
1.4892916732760904
1.489417809333573
1.4895296650951293
1.4896281619876814
1.4897141736316717
1.4897885280383891
1.489852009911657
1.4899053628567458
1.4899492914309713
1.4899844630249393
1.4900115095853914
1.4900310291972825
1.4900435875450162
1.4900497192714401
1.4900499292508
1.4900446937908716
1.490034461776111
1.4900196557626846
1.4900006730341215
1.4899778866237434
1.4899516463109086
1.4899222795939595
1.489890092643987
1.4898553712411304
1.4898183816950827
1.489779371750401
1.4897385714768565
1.4896961941442382
1.4896524370814432
1.4896074825184442
1.4895614984103032
1.4895146392420473
1.4894670468127178
1.4894188509979434
1.4893701704893418
1.4893211135097641
1.4892717785033946
1.4892222547997627
1.4891726232508882
1.489122956840985
1.489073321268403
1.4890237754993705
1.4889743722935986
1.4889251587017442
1.4888761765349774
1.4888274628069345
1.4887790501487579
1.4887309671974909
1.4886832389588596
1.488635887145078
1.488588930488685
1.4885423850331003
1.4884962644011088
1.488450580042487
1.4884053414611504
1.4883605564237998
1.488316231150382
1.4882723704879166
1.4882289780685156
1.4881860564526705
1.4881436072590017
1.4881016312811646
1.4880601285931412
1.4880190986436654
1.4879785403406605
1.4879384521267307
1.487898832046091
1.487859677804155
1.4878209868200338
1.487782756273
1.4877449831430967
1.4877076642468836
1.4876707962684508
1.487634375786581
1.487598399298065
1.4875628632379563
1.4875277639968143
1.4874930979355538
1.4874588613979884
1.4874250507214808
1.4873916622457817
1.4873586923205253
1.4873261373112847
1.4872939936046565
1.4872622576122645
1.4872309257739789
1.487199994560496
1.4871694604752042
1.4871393200556648
1.4871095698746153
1.4870802065406403
1.4870512266985234
1.4870226270293831
1.4869944042506784
1.4869665551159807
1.486939076414626
1.4869119649714009
1.4868852176459768
1.4868588313324094
1.486832802958651
1.48680712948587
1.4867818079079778
1.4867568352509786
1.4867322085724295
1.4867079249608297
1.4866839815351363
1.4866603754441996
1.4866371038662105
1.4866141640083004
1.486591553105959
1.4865692684226548
1.4865473072493864
1.4865256669042801
1.4865043447321595
1.486483338104169
1.4864626444174902
1.4864422610948802
1.4864221855843787
1.486402415359064
1.486382947916661
1.4863637807792172
1.486344911492921
1.4863263376276823
1.4863080567769906
1.4862900665575367
1.4862723646090341
1.4862549485938643
1.4862378162068486
1.4862209652769418
1.4862043934101152
1.4861880983274012
1.4861720777972425
1.4861563296158995
1.4861408516015147
1.486125641592649
1.4861106974475762
1.4860960170441788
1.4860815982797317
1.4860674390707485
1.486053537352814
1.4860398910803696
1.486026498226576
1.4860133567829437
1.4860004647592742
1.4859878201832877
1.485975421100396
1.4859632655735553
1.4859513516828045
1.4859396775251978
1.4859282412143928
1.4859170408804496
1.4859060746695376
1.485895340743627
1.485884837280231
1.485874562472166
1.4858645145272091
1.4858546916677884
1.485845092130816
1.4858357141672502
1.4858265560419488
1.4858176160332799
1.4858088924329023
1.4858003835453881
1.4857920876880748
1.485784003190656
1.4857761283949549
1.485768461654667
1.4857610013349767
1.4857537458123777
1.4857466934743637
1.4857398427191126
1.4857331919553087
1.4857267396017406
1.4857204840871097
1.4857144238497162
1.4857085573372861
1.4857028830065964
1.4856973993232445
1.485692104761414
1.485686997803654
1.4856820769405217
1.4856773406704022
1.4856727874992828
