0.004386489097623508
0.004382975204892742
0.004379772678872548
0.004376870028539
0.004374252921356118
0.004371907339369768
0.004369819944884185
0.004367978090332189
0.004366369784120354
0.004364983653236901
0.004363808907727714
0.004362835307518315
0.004362053131474835
0.004361453148536474
0.00436102659075807
0.004360765128114798
0.00436066929087336
0.0043607234257892
0.004360911335965045
0.004361234281540223
0.004361686408032532
0.004362261644488098
0.004362954152053624
0.004363758368895431
0.0043646690037280654
0.0043656810234357964
0.004366789640600551
0.00436799030164044
0.004369278675608328
0.004370650643618934
0.004372102288865146
0.004373629887186314
0.004375229898153416
0.004376898956639043
0.004378633864842089
0.0043804315847395135
0.004382289230939327
0.004384204063910803
0.004386173483569769
0.004388195023198105
0.004390266343678209
0.004392385228024426
0.0043945495761945974
0.004396757400166143
0.0043990068192619435
0.004401296055712369
0.004403623430440661
0.004405987359059663
0.004408386348068619
0.004410818991239637
0.0044132839661837646
0.0044157800310875425
0.004418306021611262
0.004420860847940778
0.0044234434919851046
0.004426053004712628
0.004428688503619089
0.004431349170320874
0.004434034248267597
0.0044367430405682536
0.00443947490792548
0.004442229266672981
0.004445005586911113
0.00444780339073626
0.004450622250559535
0.0044534617875109025
0.004456321669924683
0.004459201611902961
0.004462101371953329
0.004465020751697691
0.004467959594649044
0.004470917785053309
0.004473895246793292
0.004476891942352238
0.004479907871834364
0.004482943072039945
0.004485997615592739
0.0044890716101174824
0.004492165197465378
0.004495278552985655
0.004498411884841219
0.004501565433366646
0.004504739470466751
0.00450793429905407
0.004511150252523727
0.00451438769426412
0.0045176470172019634
0.004520928643380338
0.004524233023568382
0.004527560636901314
0.004530911990549578
0.004534287619415945
0.004537688085859306
0.0045411139794441875
0.004544565916714783
0.0045480445409925244
0.004551550522196195
0.004555084556683509
0.004558647367113297
0.004562239702327266
0.004565862337250519
0.004569516072809806
0.004573201735868747
0.0045769201791790734
0.004580672281347041
0.004584458946814228
0.004588281105851749
0.004592139714567193
0.004596035754923338
0.0045999702347678615
0.004603944187873209
0.0046079586739857775
0.004612014778883549
0.004616113614441372
0.004620256318702978
0.004624444055958937
0.004628678016829588
0.004632959418352072
0.004637289504070637
0.004641669544129115
0.004646100835364823
0.004650584701402701
0.004655122492748871
0.00465971558688246
0.004664365388344714
0.004669073328824232
0.004673840867237319
0.004678669489802148
0.00468356071010571
0.004688516069162204
0.0046935371354615485
0.004698625505006954
0.004703782801339836
0.004709010675550979
0.0047143108062763115
0.0046924103419509425
0.004671846208154351
0.0046526158107334445
0.004634709979063624
0.004618111693558774
0.004602798107706923
0.004588742375781493
0.004575915041924939
0.004564285074736084
0.004553820637014069
0.004544489658518909
0.0045362602614635395
0.00452910107531895
0.004522981468098918
0.004517871714483715
0.004513743116170074
0.004510568086168129
0.004508320206039497
0.0045069742630288005
0.004506506272503024
0.004506893489949504
0.004508114415901861
0.004510148796494812
0.004512977621844531
0.004516583124074519
0.004520948776530701
0.004526059295534099
0.004531900645890761
0.0045384600513065625
0.00454572601083243
0.004553688322489662
0.0045623381152939705
0.004571667891011942
0.004581671577147407
0.004592344592874928
0.004603683929920575
0.0046156882507501955
0.004628358006877809
0.004641695580675561
0.004655705454779972
0.00467039441408829
0.004685771786475545
0.004701849729809441
0.004718643574693056
0.004736172234756631
0.004754458699432505
0.004773530628236623
0.00479342107100673
0.004814169345828918
0.004835822116271569
0.0048584347231499575
0.004882072845032539
0.004906814588627069
0.004932753149044825
0.004960000237130133
0.0049886905570670674
0.005018987750112039
0.005051092430638103
0.0050852532851844625
0.0051217827910553975
0.005161080152314084
0.005203666002415601
0.00525023732370252
0.0053017594895866825
