0.01345866260133015
0.013470060666467202
0.013481486421017206
0.013492939951954467
0.013504421347151466
0.013515930695104997
0.013527468084898445
0.013539033606186964
0.013550627349186078
0.01356224940466114
0.013573899863917275
0.013585578818789775
0.01359728636163489
0.013609022585320964
0.013620787583219917
0.01363258144919907
0.01364440428080841
0.013656256169239135
0.013668137207021954
0.013680047493211943
0.013691987124004162
0.013703956196076476
0.013715954806556104
0.013727983053009875
0.01374004103343761
0.01375212884626609
0.013764246590343181
0.01377639436493212
0.013788572269705895
0.013800780404741746
0.013813018870515751
0.013825287767897503
0.013837587198144857
0.013849917262898755
0.0138622780641781
0.013874669704374681
0.013887092286248138
0.013899545912920959
0.013912030687873523
0.013924546714939128
0.013937094098299043
0.013949672942477592
0.013962283352337209
0.013974925433073458
0.013987599290210116
0.01400030502959414
0.014013042757390693
0.014025812580078083
0.014038614604442673
0.014051448937573758
0.014064315686858396
0.014077214959976148
0.014090146864893816
0.014103111509860046
0.014116109003399926
0.014129139454309454
0.014142202971649961
0.014155299664742426
0.014168429643161718
0.014181593016730712
0.014194789895514343
0.014208020389813511
0.014221284610158941
0.014234582667304832
0.014247914672222474
0.0142612807360937
0.014274680970304206
0.014288115486436754
0.014301584396264234
0.014315087811742564
0.01432862584500348
0.014342198608347135
0.014355806214234572
0.01436944877528
0.014383126404242969
0.014396839214020303
0.014410587317637929
0.014424370828242463
0.014438189859092667
0.014452044523550683
0.014465934935073116
0.014479861207201883
0.014493823453554893
0.014507821787816505
0.014521856323727798
0.014535927175076613
0.014550034455687406
0.014564178279410851
0.014578358760113257
0.014592576011665723
0.014606830147933101
0.014621121282762696
0.014635449529972745
0.014649815003340661
0.014664217816591031
0.014678658083383343
0.014693135917299515
0.014707651431831134
0.014722204740366448
0.014736795956177095
0.014751425192404594
0.01476609256204656
0.014780798177942634
0.014795542152760188
0.014810324598979723
0.01482514562888002
0.014840005354523008
0.014854903887738366
0.014869841340107827
0.014884817822949245
0.014899833447300356
0.014914888323902274
0.014929982563182708
0.014945116275238904
0.014960289569820305
0.014975502556310956
0.01499075534371159
0.015006048040621512
0.015021380755220134
0.01503675359524831
0.01505216666798937
0.015067620080249896
0.015083113938340246
0.015098648348054827
0.015114223414652118
0.015129839242834443
0.015145495936727501
0.01516119359985969
0.015176932335141195
0.015192712244842832
0.01520853343057473
0.015224395993264792
0.015240300033136952
0.015256245649689283
0.015272232941671909
0.015288313246566343
0.015304437057115728
0.015320604332814977
0.015336815030582509
0.015353069104785715
0.015369366507205207
0.015385707187073461
0.015402091091159772
0.015418518163873173
0.01543498834736582
0.015451501581627251
0.015468057804564327
0.015484656952064609
0.015501298958042309
0.01551798375446681
0.015534711271374211
0.01555148143686244
0.015568294177070499
0.015585149416142306
0.015602047076175457
0.015618987077155099
0.015635969336872738
0.015652993770829904
0.015670060292126017
0.015687168811329793
0.015704319236333236
0.01572151147218694
0.01573874542091511
0.015756020981308513
0.01577333804869298
0.015790696514670913
0.01580809626683255
0.015825537188433266
0.015843019158032597
0.01586054204908975
0.015878105729509605
0.01589571006113197
0.01591335489915566
0.01593104009148728
0.01594876547800268
0.015966530889706634
0.015984336147773413
0.016002181062447118
0.016020065431776104
0.01603798904014999
0.016055951656600263
0.016073953032815877
0.016091992900812833
0.016110070970180204
0.016128186924803348
0.01614634041893548
0.016164531072448605
0.016182758465038766
0.016201022129081425
0.016219321540718912
0.016237656108593602
0.0162560251593867
0.01627442791892809
0.016292863487009576
0.01631133080297836
0.016329828597348037
0.016348355321281868
0.016366909039163546
0.016385487255327884
