146.65646
146.48681697395162
146.48057799998213
146.4740465202196
146.46724215814604
146.46017729583255
146.45286290838183
146.44530935679722
146.43752651421755
146.42952380375124
146.42131022350597
146.41289436876386
146.40428445268276
146.39548832577867
146.38651349429222
146.3773671375165
146.36802291405382
146.35854506223217
146.34895019732014
146.33918564027866
146.32927976235624
146.31923923239358
146.3090694997372
146.29877566769858
146.28836261522014
146.27783502117896
146.267197375714
146.2564539894712
146.24560900218995
146.23466639083898
146.22362997734734
146.21250343595693
146.20129030021764
146.18999396964574
146.17861771606297
146.1671646896346
146.15563792462265
146.14404034486876
146.1323747690221
146.12064391552522
146.10885040737003
146.09699677663716
146.0850854688282
146.07311884700255
146.0610991957286
146.04902872485764
146.03690957313094
146.0247438116266
146.0125334470552
146.0002804249111
145.9879866324863
145.97565390175393
145.96328401212696
145.95087869309842
145.93843962676857
145.92596845026435
145.91346675805596
145.90093610417523
145.8883780043404
145.8757939379916
145.86318535024046
145.85055365373833
145.83790023046612
145.8252264334495
145.8125335884027
145.79982299530292
145.78709592990018
145.77435364516313
145.76159737266505
145.7488283239113
145.73604769161133
145.7232566508968
145.71045636048802
145.697647963811
145.684832590067
145.6720113552541
145.65918536314598
145.6463557062262
145.63352346658158
145.62068971675484
145.60785552055802
145.59502193384722
145.58219000526122
145.56936077692336
145.55653528510814
145.5437145608738
145.53089963066108
145.51809151685896
145.50529123833843
145.49249981095355
145.4797182480126
145.4669475607193
145.45418875857672
145.44144284977244
145.4287108415244
145.4159937404013
145.40329255261267
145.39060828426935
145.3779419416152
145.36529453122895
145.35266706019752
145.34006053625893
145.32747596791663
145.31491436452384
145.3023767363381
145.2898640945455
145.27737745125523
145.26491781946305
145.2524862129835
145.24008364635205
145.22771113469352
145.2153696935605
145.20306033873774
145.1907840860142
145.17854195092102
145.166334948436
145.15416409265302
145.1420303964167
145.1299348709209
145.11787852527166
145.10586236601245
145.09388739661267
145.081954616918
145.07006502256186
145.05821960433846
145.04641934753528
145.03466523122614
145.02295822752293
145.01129930078665
144.99968940679605
144.988129491875
144.9766204919767
144.96516333172514
144.95375892341323
144.94240816595828
143.95068890487335
143.80015412480265
143.65359368708215
143.51062836356826
143.37094944474893
143.23430033349797
143.10046510208147
142.96926021412554
142.84052828726746
142.7141332996216
142.58995685048566
142.46789520601837
142.3478569390043
142.22976102485933
142.1135352927149
141.9991151562536
141.8864425674653
141.7754651499305
141.66613547814964
141.55841047683722
141.452250919702
141.34762101152464
141.24448804067185
141.1428220917992
141.04259581057303
140.94378421391986
140.84636454068925
140.75031613876652
140.6556203856585
140.56226064044074
140.47022222574495
140.37949243920434
140.29006059450597
140.20191809293837
140.11505852712193
140.0294778194752
139.94517439897461
139.86214942093116
139.78040703591088
139.69995471563178
139.6208036458473
139.54296919880528
139.4664715014472
139.39133611978258
139.3175948857372
139.2452869003267
139.1744597571601
139.10517104395976
139.03749019849192
138.971500821202
138.90730358326272
138.84501992071176
138.78479678088135
138.7268127990937
138.67128645270412
138.6184870014281
138.5687494394214
138.52249536751506
138.48026285325778
138.44275039483907
138.41088389906676
138.38592301599533
138.3696387566591
138.36462987641656
