85.09766157078337
83.43694588507269
81.82533115542903
80.2618817285326
78.74568684383743
77.27584210824085
75.85144900825217
74.47161691694374
73.13546522616987
71.84212514475419
70.59074114360216
69.38047179454556
68.21049051618921
67.07998578563482
65.98816110606474
64.93423474322918
63.91743929152504
62.937021127338994
61.99223980124212
61.08236741265578
60.206688001816104
59.36449698509631
58.55510065160819
57.77781573187357
57.03196904340498
56.316897213311755
55.63194647447603
54.976472529305724
54.34984047341063
53.751424770608125
53.18060927028735
52.63678725821475
52.11936174820334
51.62774470734195
51.16135846469776
50.719634942305866
50.30201597768668
49.90795341980423
49.53690921373999
49.188355470923796
48.86177452238758
48.5566589531553
48.27251161645772
48.00884562747838
47.765184333854194
47.541061267966484
47.336020076740155
47.1496144305159
46.981407915800276
46.830973906354004
46.697895419998936
46.581764959488304
46.482184339663654
46.398764502428754
46.331125321128454
46.278895395928885
46.241711841780855
46.21922007051682
46.2110735685848
46.21693367201652
46.23646933922561
46.26935692452154
46.31527995192613
46.37392889116381
46.4450009371488
46.5281997929169
46.62323545787082
46.729824018710595
46.84768745833296
46.97655345349441
47.11615519219699
47.266231195545394
47.42652514757433
47.59678573326146
47.77676648486629
47.96622563666683
48.164925988098226
48.37263477524367
48.5891235505678
48.81416807073762
49.04754819246377
49.28904777536783
49.53845459330769
49.795560251945105
50.06016011329537
50.33205322667162
50.61104226565472
50.8969334707035
51.18953659700505
51.48866486715074
51.79413492820797
52.105766812740626
52.42338390330846
52.740044684953006
53.05373796521088
53.364484412821795
53.67230479010553
53.9772199524272
54.27925084613111
54.57841850402248
54.87474404166354
55.168248652825824
55.458953604453576
55.74688023135612
56.03204993061472
56.31448415575629
56.594204410725446
56.87123225633918
57.14558926579831
57.417297044613676
57.68637724789345
57.952851536923646
58.21674158506959
58.47806907128328
58.73685567364525
58.99312306295814
59.24689289640833
59.4981868113105
59.74702641894856
59.99343329852491
60.2374289912289
60.47903499443359
60.71827275602931
60.955163668900944
61.18972906555518
61.421990212902806
61.65196830720036
61.87968446915462
62.10515973919255
62.32841507289883
62.54947133662222
62.76834930325155
62.98506964816168
63.19965294532897
63.412119663615705
63.6224901632222
63.830784692305265
64.03702338376104
64.24122625217005
64.44341319090225
64.64360396937926
64.84181823049094
65.03807548816341
65.23239512507524
65.42479639051831
65.61529839840038
65.8039201253852
65.9906804091672
66.1755979468765
66.35869129361113
66.53997886109214
66.71947891643819
66.89720958105598
67.07318882964232
67.24743448929458
67.41996423872546
67.5907956075787
67.75994597584177
67.92743257335238
68.09327247939473
68.25748262238258
68.42007977962531
68.58108057717386
68.7405014897431
68.8983588407075
69.05466880216704
69.2094473950801
69.36271048946053
69.51447380463583
69.66475290956377
69.81356322320454
69.9609200149457
70.1068384050778
70.2513333653174
70.39441971937569
70.53611214356994
70.67642516747581
70.81537317461805
70.9529704031974
71.08923094685204
71.22416875545113
71.35779763591876
71.49013125308629
71.62118313057162
71.75096665168324
71.8794950603476
72.0067814620584
72.13283882484589
72.25767998026501
72.38131762440071
72.50376431888941
72.62503249195497
72.74513443945801
72.86408232595772
72.98188818578431
73.09856392412179
73.21412131809943
73.32857201789119
73.44192754782215
