23.993437149600005
24.4574340717117
24.91259838150897
25.35895021135559
25.796486960500978
26.22518784467355
26.645023536828663
27.055961558355715
27.457969276944635
27.85101558908494
28.23507188292871
28.610112608542284
28.976115634104307
29.33306248505559
29.680938518639707
30.01973306204534
30.349439529268793
30.67005552479219
30.981582938449687
31.284028033915526
31.577401532275196
31.861718691689944
32.136999383999324
32.40326816909988
32.66055436802689
32.90889213581777
33.14832053543697
33.3788836142905
33.60063048515602
33.81361541371008
34.017897915259084
34.21354286379017
34.40062061707179
34.579207162275324
34.74938428748913
34.91123978559018
35.064867698270895
35.21036860964105
35.347850000795965
35.47742667912862
35.59922136228488
35.71336512126118
35.81999833519606
35.9192715607929
36.01134666021169
36.09639816291729
36.174614901204926
36.24620191665413
36.311382887816414
36.37040260875788
36.42352996293638
36.47106097306054
36.51332162735067
36.55066980136451
36.583495075819876
36.61221450901241
36.63726153802836
36.659064530629536
36.67801200436542
36.69440465879418
36.70840129706893
36.719974875257265
36.72889978539457
36.73478378049403
36.7371379254017
36.73545939821389
36.72929945210422
36.71830258170121
36.702216757710616
36.680885738926555
36.65423268722415
36.622242199608046
36.58494429740304
36.54240157918013
36.4946995113888
36.44193935131668
36.38423310245978
36.321699964522566
36.25446385029186
36.18265165015926
36.10639201478794
36.025814494255286
35.94104892181189
35.8522249654587
35.759471794634266
35.6629178264024
35.56269052688561
35.45891625152663
35.351726050928924
35.241237475732554
35.12757286519606
35.01084714254195
34.89118562055477
34.76870575396673
34.64352326476573
34.51575208237387
34.38550429079271
34.252890074572356
34.118017684633514
33.980993410592326
33.841921534597965
33.70090430295516
33.55804190124567
33.41343243292963
33.26717190136254
33.11935419514171
32.97007107668216
32.819412173913825
32.66746497498714
32.51431482587088
32.360044930724335
32.20473635492519
32.04846803063398
31.891316764775855
31.733357249321553
31.574662073749543
31.415301739572886
31.255344676815465
31.09485726232398
30.933903839803758
30.77254674146844
30.610846311195868
30.448860929084585
30.28664703730803
30.12425916716637
29.961749967237473
29.799170232532727
29.63656893456691
29.473993252245027
29.311488603499438
29.14909867756854
28.98686546785618
28.824829305287157
28.66302889208641
28.50150133591106
28.340282184267704
28.179405459150416
28.018903691837945
27.858807957791555
27.6991479115981
27.53995182190556
27.381246606301467
27.223057866087245
27.065409920904322
26.90832584317062
26.751827492288545
26.59593554858828
26.440669546972572
26.28604791023169
26.132087981999508
25.978806059323958
25.82621742482733
25.6743363784338
25.523176268643926
25.372749523337387
25.223067680087407
25.07414141597203
24.925980576868913
24.778594206222316
24.631990573272002
24.486177200735796
24.341160891938475
24.196947757381267
24.053543240747384
23.910952144340236
23.769178653952082
23.628226363161865
23.48809829706206
23.34879693541531
23.21032423524228
23.07268165284324
22.935870165256482
22.799890291157322
22.6647421112023
22.530425287823537
