0.5852740678292382
0.5861892789553711
0.5865903332753446
0.586450444205896
0.5858030196785093
0.584676775101843
0.583098625475069
0.5810945596379977
0.5786899237325531
0.5759095118058108
0.5727775835567219
0.5693178512657922
0.565553451315463
0.5615069132040825
0.5572001200593396
0.5526542803575886
0.5478898970231675
0.5429267421746552
0.537783836567888
0.5324794338924854
0.5270310098755074
0.5214552560126102
0.515768077659143
0.5099845961631297
0.5041191546893516
0.49818532737180443
0.4921959314294204
0.48616304188611903
0.48009800854939255
0.47401147491647705
0.4679133986978927
0.4618130736663356
0.4557191525635813
0.4496396708160755
0.44358207083527695
0.4375532266982023
0.43155946902437586
0.4256066098846218
0.41969996759891864
0.41384439129345985
0.40804428510831287
0.4023036319589882
0.3966260167715167
0.3910146491231644
0.38547238523267174
0.38000174925518576
0.37460495384610115
0.3692839199680468
0.36404029592299025
0.3588754755966898
0.35379061591170463
0.3487866534884068
0.34386432051957605
0.33902415986693835
0.33426653939322637
0.3295916655443925
0.32499959620085034
0.320490252817215
0.3160634318722734
0.3117188156527321
0.3074559823939254
0.30327441580257486
0.2991735139866696
0.29515259781719416
0.2912109187476493
0.2873476661160884
0.2835619739545645
0.27985292733057143
0.2762195682445031
0.27266090110611463
0.2691758978135992
0.26576350245623287
0.2624226356626749
0.25915219861530914
0.2559510767503389
0.25281814316247114
0.2497522617325108
0.2467522899951774
0.2438170817635535
0.2409454895260345
0.2381363666307631
0.2353885692714511
0.23270095828854193
0.23007240079781394
0.2275017716590692
0.22498795479575853
0.22252984437654344
0.2201263458686025
0.21777637697251884
0.2154788684471443
0.21323276483326128
0.2110370250834204
0.20889062310569564
0.20679254822791787
0.2047418055888495
0.20273741646230967
0.20077841851984907
0.1988638660370853
0.1969928300486296
0.1951643984559858
0.19337767609271786
0.19163178475079054
0.18992586317152618
0.1882590670046661
0.1866305687386235
0.18503955760467752
0.1834852394579456
0.18196683663739024
0.1804835878072341
0.17903474778181785
0.17761958733588917
0.1762373930020043
0.1748874668566369
0.17356912629667445
0.17228170380746413
0.1710245467237298
0.16979701698452793
0.16859849088334464
0.16742835881410495
0.16628602501418768
0.16517090730508505
0.16408243683147714
0.1630200577994301
0.16198322721419522
0.16097141451371838
0.15998410162379736
0.15902078237849268
0.15808096236890254
0.15716415868633526
0.15626989966762328
0.15539772464288554
0.15454718368595913
0.15371783736768693
0.1529022786089017
0.15210392638029624
0.151322420551765
0.15055745746129562
0.14980877429227812
0.1490761384133182
0.14835933981640334
0.1476581856334555
0.14697249607355067
0.1463021013515492
0.14564683932432995
0.1450065536439492
0.14438109229747675
0.1437703064426936
0.14317404947493476
0.14259217627796894
0.1420245426236533
0.14147100469348062
0.14093141870093778
0.14040564059786376
0.13989352585113593
0.13939492927834227
0.1389097049330497
0.1384377060316056
0.13797878491470641
0.13753279303787214
0.1370995809858198
0.13667899850641338
0.13627089456043376
0.135875117383963
0.13549151456059433
0.1351199331010772
0.13476021952833922
0.13441221996612218
0.13407578022974204
0.13375074591769615
0.13343696250305792
0.13313427542375333
0.13284253017099604
0.1325615723752709
0.13229124788938493
0.13203140286821055
0.13178188384481948
0.1315425378028125
0.13131321224468995
0.13109375525617717
0.13088401556647625
0.1306838426044446
0.13049308652826608
0.1303115983414956
0.13013922986896723
0.12997583383985478
0.12982126386613888
0.1296753745353752
0.1295380214208815
0.1294090611089031
0.1292883512228382
0.12917575044470975
0.12907111853406408
0.12897431634448508
0.1288852058379107
0.12880365009693784
0.12872951333043797
0.12866266089745176
0.1286029592990159
0.12855027618959167
