745.6022667001904
742.1612870269815
738.701221494075
735.2230038053584
731.7276175711313
728.2160822991489
724.6894483419736
721.1487916395656
717.5952082549811
714.0298087818117
710.4537127164399
706.8680428884002
703.273920037561
699.6724576193525
696.0647569095454
692.4519024687315
688.8349580142699
685.2149627346259
681.5929280683212
677.9698349575913
674.346631575742
670.7242315173627
667.1035124322239
663.4853150769234
659.8704427531708
656.2596610979616
652.6536981886454
649.0532449249191
645.4589556498655
641.8714857807527
638.2913822199497
634.719195199178
631.1554425599136
627.6006110570361
624.0551577138366
620.5195112066966
616.9940732606163
613.479220039519
609.9753035178392
606.4826528222835
603.0015755348196
599.5323589498997
596.075271280649
592.6305628102594
589.1984669861474
585.7792014555406
582.372969042115
578.9799586640847
575.6003461947905
572.2342952673498
568.8819580253414
565.5434758218025
562.218979869045
558.9085918419511
555.6124244375022
552.3305818933396
549.0631604681553
545.8102488866772
542.5719287519544
539.3482749275623
536.1393558922452
532.9452340694035
529.7659661337053
526.6016032969732
523.4521915753643
520.3177720397224
517.1983810508445
514.094050481273
511.00480792508534
507.93067689702866
504.8716770222194
501.82782421750494
498.79913086547407
495.7856059819862
492.7872553779915
489.80408181631157
486.83608516395844
483.88326254048866
480.94560846280103
478.0231149867222
475.11577184564993
472.2235665864669
469.34648470288096
466.48450976629846
463.6376235542924
460.8058061766922
457.9890361992812
455.18729076507077
452.40054571308417
449.6287756945727
446.8719542865689
444.130054102669
441.4030469009315
438.69090368877346
435.9935948247455
433.3110901170658
430.6433589151709
427.9903702125609
425.35209272356855
422.7284949717601
420.11954537069386
417.5252123008827
414.94546418289417
412.38026954654816
409.8295970961772
407.2934157719342
404.77169480714196
402.2643780884426
399.7714615784557
397.29291569316564
394.8287113319867
392.37881991569236
389.9432134206163
387.5218644092032
385.11474605698993
382.7218321761117
380.34309723542907
377.97851637738245
375.628065431681
373.29172092594143
370.96946009339234
368.66126087776433
366.36710193548623
364.0869626353103
361.8208230554884
359.5686639786226
357.3304668843105
355.10621393970536
352.8958879881106
350.6994725357238
348.5169517366435
346.34831037624923
344.19353385312303
342.0526081592689
339.9255198595383
337.81225606939773
335.71280443171
333.6271530924886
331.55529067568864
329.4972062571224
327.4528893375761
325.4223298152013
323.4055179572488
321.4024443712103
319.41309997542874
317.43747596923345
315.4755638026566
313.5273551457795
311.5928418577576
309.6720159555691
307.76486958252787
305.87139497660183
303.9915844385736
302.125430300076
300.2729248915391
298.4340605100765
296.60882938734187
294.7972236573833
292.9992353245219
291.2148562312798
289.44407802638267
287.68689213286024
285.9432896690706
284.2132615624185
282.49679836765984
280.7938902884766
279.10452714574717
277.42869834659354
275.76639285768425
274.1175991629324
272.48230524570084
270.8604985549145
269.2521659756968
267.657293847739
266.0758677909841
264.50787282772455
262.9532933021022
261.41211285340506
259.8843143893377
258.3698800597194
256.8687912307053
255.3810284595693
253.9065714700783
252.44539912848427
250.99748942016313
249.56281942692794
248.14136530504516
246.73310226398203
245.33800454591372
243.95604540601815
242.5871970935871
241.23143083398136
239.88871681145727
238.55902415289194
237.24232091243348
235.938574057102
234.64774945336654
233.36981185472172
232.10472489028723
