73.5541993074809
73.47101630175689
73.38816077463721
73.30562793256118
73.22341118982058
73.14150349259938
73.05989764473269
72.97858636553964
72.89756239172655
72.81681852286162
72.73634766559839
72.65614287022639
72.57619736061328
72.49650455839432
72.41705810213578
72.33785186209779
72.25887995060505
72.18013673121034
72.10161682158714
72.02331509608561
71.94522668550809
71.8673469748452
71.78967159953663
71.71219644023594
71.634917616457
71.55783147929033
71.48093460338521
71.40422377837331
71.3276959998906
71.25134846033664
71.1751785394907
71.0991837950924
71.02336195347245
70.94771090031105
70.87222867158486
70.79691344475313
70.72176353022249
70.64677736312127
70.57195349540504
70.49729058830933
70.4227874051581
70.34844280453255
70.27425573379979
70.20022522299769
70.12635037906954
70.05263038043942
69.97906447191775
69.90565195992491
69.83239220802038
69.75928463272332
69.68632869961088
69.61352391968029
69.54086984596016
69.46836607035763
69.39601222072707
69.3238079581478
69.2517529743971
69.1798469896071
69.10808975009289
69.03648102634104
68.96502061114788
68.89370831789698
68.82254397896652
68.75152744425758
68.68065857983453
68.60993726666992
68.53936339948605
68.46893688568645
68.39865764437063
68.32852560542601
68.25854070869146
68.18870290318685
68.11901214640417
68.04946840365517
67.98007164747149
67.91082185705352
67.84171901776399
67.77276312066306
67.70395416208187
67.63529214323155
67.56677706984502
67.49840895184909
67.43018780306457
67.3621136409324
67.29418648626363
67.22640636301148
67.15877329806413
67.09128732105626
67.02394846419811
66.95675676212093
66.88971225173734
66.8228149721155
66.75606496436646
66.68946227154319
66.62300693855074
66.55669901206689
66.49053854047203
66.4245255737882
66.35866016362617
66.29294236314038
66.22737222699097
66.16194981131235
66.09667517368831
66.03154837313268
65.96656947007556
65.9017385263547
65.83705560521172
65.7725207712926
65.70813409065285
65.64389563076624
65.57980546053777
65.51586365031996
65.4520702719326
65.38842539868592
65.32492910540677
65.2615814684678
65.19838256581946
65.13533247702492
65.07243128329749
65.00967906754077
64.94707591439118
64.88462191026301
64.82231714339586
64.76016170390459
64.69815568383117
64.63629917719929
64.5745922800709
64.51303509060516
64.45162770911966
64.39037023815366
64.32926278253392
64.26830544944238
64.20749834848657
64.14684159177187
64.08633529397643
64.02597957242826
63.96577454718481
63.90572034111505
63.84581707998388
63.78606489253929
63.726463910602
63.667014269157924
63.60771610645329
63.54856956409271
63.48957478714017
63.430731924223004
63.37204112763913
63.31350255346742
63.25511636168156
63.196882716267304
63.13880178534352
63.08087374128681
63.02309876086022
62.965477025345976
62.90800872068254
62.850694037606
62.79353317179625
62.73652632402784
62.67967370032606
62.62297551212819
62.566431976450254
62.510043316059736
62.45380975965411
62.397731542045975
62.34180890435456
62.28604209420443
62.23043136593146
62.17497698079643
62.11967920720666
62.06453832094627
62.009554605415204
61.954728351877655
61.90005985972041
61.84554943672148
61.79119739932967
61.73700407295558
61.682969792340465
61.62909490168965
61.57537975517174
61.52182471720869
61.4684301628367
61.415196478077796
61.362124060334665
61.3092133187964
61.256464674796376
61.20387856245852
61.15145542898176
61.09919573518644
61.04709995602826
60.99516858113674
60.94340211538013
60.89180107945778
60.84036601052212
60.78909746283169
60.737996008437115
60.687062237902104
60.63629676106138
60.585700207817915
60.53527322898166
