0.00438507
0.004383515035155061
0.004376551649187146
0.004372411350321813
0.004369926369916122
0.0043683913955209815
0.004367401826695068
0.004366725615263272
0.004366229652148343
0.004365837581152614
0.004365505611523016
0.004365208644522609
0.004364932313154359
0.004364668413289713
0.004364412280546953
0.004364161283849775
0.004363913960045485
0.004363669516646075
0.004363427546020942
0.004363187861083557
0.004362950400805834
0.004362715175878231
0.004362482237458938
0.0043622516592082975
0.004362023526972087
0.0043617979328728455
0.004361574971945863
0.004361354740248706
0.004361137333829263
0.004360922848200001
0.004360711378117601
0.004360503017554961
0.0043602978598035295
0.004360095997674003
0.00435989752378152
0.0043597025309128614
0.004359511112480812
0.004359323363076523
0.004359139379135552
0.004358959259737453
0.004358783108242862
0.004358611030167719
0.00435844314049295
0.004358279560350107
0.0043581204205027325
0.004357965863468976
0.004357816045930342
0.004357671140644233
0.004357531342130824
0.004357396863415141
0.004357267941377303
0.0043571448338334505
0.004357027813269163
0.004356917152118412
0.004356813094107716
0.004356715804233045
0.004356625289209563
0.00435654128375688
0.004356463110975572
0.004356389551995807
0.004356318796270951
0.004356248562205429
0.0043561764333884066
0.004356100336066117
0.0043560189665181
0.0043559319817589575
0.004355839912902055
0.004355743854189009
0.0043556452034128985
0.004355545364809464
0.004355445606995953
0.0043553469924821776
0.004355250364400488
0.004355156364225047
0.004355065463117071
0.004354977996419142
0.004354894195114611
0.004354814211970825
0.0043547381422119075
0.00435466603931043
0.004354597926761378
0.004354533806652442
0.004354473665856908
0.004354417480456116
0.00435436521884189
0.00435431684391644
0.004354272314634022
0.004354231587084342
0.004354195727811681
0.004354163123812829
0.0043541339094906725
0.004354107026189293
0.004354084065025188
0.0043540648294360966
0.0043540491788376864
0.004354037009200216
0.00435402823796481
0.004354022988819559
0.004354020926996172
0.004354022025950515
0.004354026249520302
0.004354033555204102
0.004354043896854775
0.004354057226283243
0.004354073494216641
0.004354092650875956
0.004354114646329175
0.004354139430711526
0.004354166954366819
0.004354197167941509
0.004354230022450263
0.004354265469323929
0.004354303460446489
0.004354343948184757
0.004354386885413163
0.004354432225534943
0.004354479922500533
0.004354529930823789
0.0043545822055961825
0.004354636702499297
0.004354693377815737
0.004354752188438559
0.004354813091879305
0.004354876046274698
0.004354941010392168
0.004355007943634025
0.004355076806040644
0.0043551475582925174
0.004355220161711249
0.004355294578259683
0.004355370770541012
0.0043554487017970715
0.00435552833590584
0.004355609637378147
0.0043556925713537035
0.004355777103596457
0.0043558632004893376
0.0043559508290284404
0.004356039956816684
0.004356130552056986
0.004356222583545016
0.004356316020661542
0.004356410833364414
0.004356506992180233
0.004356604468195748
0.0043567032330489724
0.0043568032589201095
0.004356904518522272
0.004357006985092048
0.00435711063237995
0.0043572154346407386
0.004357321366623683
0.0043574284035627535
0.004357536521166792
0.004357645695609668
0.004357755903520436
0.004357867121973517
0.004357979328478937
0.004358092500972606
0.0043582066178066824
0.004358321657740011
0.004358437599928672
0.004358554423916637
0.004358672109626546
0.004358790637350602
0.004358909987741633
0.004359030141804267
0.004359151080886293
0.00435927278667015
0.004359395241164628
0.004359518426696676
0.0043596423259034565
0.0043597669217245215
0.004359892197394201
0.004360018136434168
