388248.807
241369.51334572505
238933.58526436245
236634.68826081938
234453.22068763798
232375.38036794253
230390.56605133292
228490.14509288236
226666.83888668698
224914.3858751492
223227.33430672062
221600.89975553245
220030.85826289895
218513.4615215753
217045.36733317588
215623.58160532312
214245.4095606679
212908.41452836848
211610.38307484752
210349.2954731953
209123.30068246022
207930.69514132125
206769.90478825427
205639.46981029253
204538.03169791246
203464.3222478177
202417.15420973935
201395.41331840004
200398.051492201
199424.0810120726
198472.5695223322
197542.63571998535
196633.4456182776
195744.209288767
194874.17800067255
194022.64168844206
193188.92669150728
192372.39371695966
191572.43598619243
190788.47753243553
190019.9716222826
189266.39927963502
188527.26789435936
187802.1099019225
187090.48152346676
186391.96155792646
185706.15021993552
185032.66801968293
184371.1546808953
183721.26809573558
183082.6833150644
182455.09157332362
181838.19934805407
181231.7274578025
180635.4101855491
180048.99445158074
179472.23901117235
178904.9136937303
178346.79867721055
177797.68379895328
177257.36790304573
176725.65822367574
176202.36980403188
175687.32495010065
175180.35271865135
174681.28843843815
174189.9732635645
173706.2537577997
173229.98150866196
172761.01277013263
172299.20813207506
171844.43221578893
171396.55339346518
170955.4435307429
170520.97775052846
170093.03421693807
169671.49393792383
169256.24058517473
168847.16033017734
168444.1416950493
168047.0754170296
167655.85432561697
167270.3732310366
166890.52882338167
166516.21958117324
166147.34568876112
165783.80896146048
165425.51277798548
165072.36201920873
164724.26301285657
164381.12348333374
164042.8525063263
163709.36046755413
163380.5590253633
163056.36107666572
162736.68072590182
162421.43325665733
162110.53510576126
161803.90383941372
161501.4581313288
161203.1177424688
160908.80350234112
160618.43729164478
160331.9420260509
160049.24164113094
159770.2610781647
159494.9262708393
159223.16413266928
158954.90254512723
158690.07034638614
158428.59732059392
158170.4141876245
157915.45259335177
157663.64510023364
157414.92517831785
157169.22719661793
156926.48641469833
156686.63897465833
156449.62189328414
156215.37305450067
155983.83120199188
155754.93593209228
155528.627686814
155304.84774704813
155083.5382260005
154864.64206267238
154648.10301558007
154433.8656565531
154221.8753646769
154012.07832032148
153804.4214992997
153598.8526671459
153395.32037340064
153193.77394606385
152994.16348611208
152796.43986201714
152600.55470438435
152406.4604006635
152214.11008982192
152023.457657184
151834.45772918017
151647.0656682404
151461.23756761255
151276.93019237326
151094.1009672987
150912.70835253014
150732.71130590592
150554.06949239218
150376.74327865473
150200.6937276095
150025.88259319027
149852.272314999
149679.8260130996
149508.50748273853
149338.2811891039
149169.11226207024
149000.9664909136
148833.81031904975
148667.61083866042
148502.33578541494
148337.95353303532
148174.43308790258
148011.74408363499
147849.85677552375
147688.7420350812
147528.3713443994
147368.71679056613
147209.75105998263
147051.4474326488
146893.7797764071
146736.72254114997
146580.25075294197
146424.34000812226
146268.96646738818
146114.10684975263
145959.73842655477
145805.83901533653
145652.38697374045
145499.36119331254
145346.7410933287
145194.5066145005
145042.63821270646
144891.11685266468
144739.92400153793
144589.04162256504
144438.45216861487
144288.13857571152
144138.08425657015
143988.27309403822
143838.68943457943
143689.31808168718
143540.14428932767
143391.15375529902
143242.3326146207
143093.66743291245
142945.14519974394
142796.75332196176
142648.4796170481
142500.3123064598
