1119.3274142999999
706.19287177531
715.3121418546622
723.6654599171976
731.347499676772
738.440271219466
745.0138184320405
751.1277410826218
756.83287715332
762.1728314525787
767.1852486854754
771.9028453843814
776.3542317658523
780.56456351949
784.55607546755
788.3484985057883
791.9594125791776
795.404532270143
798.6979456892794
801.8523153061549
804.8790481884199
807.7884413914628
810.5898070852511
813.2915807305426
815.9014153364668
818.426263830149
820.8724514384346
823.2457395227018
825.5513820281939
827.7941756475375
829.9785043856256
832.108379425092
834.187474623618
836.2191584855166
838.2065226867026
840.1524077852409
842.0594263553937
843.9299838725776
845.7662973868158
847.5704126212885
849.3442191980149
851.0894645803127
852.8077665949982
854.5006247988305
856.1694307936446
857.815477562438
859.439967989442
861.0440225319129
862.6286861881763
864.1949349479448
865.743681493111
867.2757805167062
868.792033475713
870.2931930095003
871.7799668574272
873.2530215445593
874.7129856375187
876.1604528040016
877.5959845749765
879.0201128185095
880.4333421018414
881.8361517618739
883.2289978303696
884.6123148458888
885.9865174176438
887.3520017437055
888.7091469734362
890.0583164519471
891.39985886047
892.7341093200815
894.0613902807404
895.3820125255254
896.6962759299194
898.0044702427372
899.3068757901855
900.6037641514724
901.895398744521
903.1820353898516
904.4639228476279
905.7413032870232
907.0144127331098
908.283481527811
909.5487346519872
910.8103921801691
912.0686695356176
913.3237778808752
914.5759243751388
915.8253124971026
917.0721422554916
918.3166105118945
919.5589111497361
920.7992353627212
922.0377718057382
923.2747068340789
924.5102246903485
925.7445076792629
926.9777363358161
928.2100896054109
929.4417449829924
930.6728786879247
931.903665788471
933.1342803313669
934.364895509576
935.5956837626456
936.8268168991858
938.0584662398331
939.2908026918774
940.5239968999696
941.7582193323649
942.993640392795
944.2304305027291
945.4687602197688
946.708800347559
947.9507219687151
949.1946965920844
950.4408962258001
951.6894934579956
952.9406615115313
954.1945743999056
955.4514069231113
956.7113348036579
957.9745347485729
959.241184493237
960.5114629297037
961.7855502621685
963.0636274145417
964.3458773908977
965.6324843032903
966.9236337408944
968.2195128368135
969.5203103318412
970.8262166421858
972.1374239441811
1529.788473684403
1523.2680224773496
1516.943626318734
1510.8136468035657
1504.875905333636
1499.127813621483
1493.566474981488
1488.1887620158468
1482.9913778516463
1477.9709044210945
1473.1238414949776
1468.446637831639
1463.9357167819203
1459.5874970434131
1455.3984094119867
1451.3649107977606
1447.483495192918
1443.7507029291846
1440.1631278615791
1436.7174232212892
1433.4103062342538
1430.2385613593935
1427.1990433885946
1424.2886789117204
1421.5044678792303
1418.8434842038296
1416.3028761419969
1413.87986634777
1411.5717513129614
1409.3759009353607
1407.289757639311
1405.3108354351823
1403.4367188010028
1401.665061372288
1399.9935847311558
1398.42007694847
1396.9423912603224
1395.5584444452563
1394.266215484522
1393.0637440028465
1391.94912879277
1390.9205264131813
1389.9761495485882
1389.1142658595732
1388.3331964789668
1387.6313146215052
1387.0070445047347
1386.4588599071699
1385.9710158745008
1385.5705498575023
1385.2418777454575
1384.9981379284818
1384.8091615304857
1384.6881066965886
1384.6337730250727
1384.6450060903537
1384.7206982461555
1384.8597906207908
1385.0612756430928
1385.32420122516
1385.6476769940696
1386.030883452687
1386.4730856415547
1386.973654254348
1387.532099116797
1388.1481227104614
