0.5118370313080531
0.23739512178229186
0.24118849524640243
0.24513023113013593
0.2492139228838399
0.2534330008879592
0.25778112212251963
0.2622523192085365
0.26684105205836384
0.27154221504017156
0.27635112259822636
0.28126348354402697
0.28627537273614834
0.2913831966570129
0.2965836699644283
0.3018737799429318
0.3072507616682204
0.3127120729620279
0.31825537145774596
0.32387849364706417
0.32957943577363763
0.33535633641798807
0.3412074606346686
0.3471311854729643
0.3531259867670575
0.35919042706096704
0.36532314456175646
0.3715228430262299
0.377788282485791
0.3841182707466628
0.39051165558068723
0.3969673175717124
0.40348416353256467
0.41006112048631604
0.41669713013350446
0.4233911437860809
0.43014211773565153
0.4369490090356127
0.44381077163089844
0.4507263528701869
0.45769469032205407
0.46471470891735306
0.4717853183753397
0.4789054109018555
0.48607385914743756
0.49328951440499186
0.5005512050466823
0.507857735169608
0.5152078834372406
0.5226004021383216
0.5300340164068438
0.5375074236283628
0.5450192930003214
0.5525682652619516
0.5601529525525254
0.5677719384263451
0.5754237779824225
0.5831069981294379
0.5908200979688176
0.5985615492742435
0.6063297970913588
0.6141232604249405
0.6219403330150244
0.629779384212531
0.6376387599182558
0.6455167836056649
0.6534117574130153
0.6613219632961744
0.6692456642377774
0.6771811055235323
0.6851265160401024
0.6930801096510669
0.7010400865906082
0.7090046348953367
0.716971931867832
0.7249401455712332
0.7329074363399992
0.7408719583084353
0.7488318609577853
0.7567852906683449
0.7647303922750972
0.7726653106384428
0.7805881921914353
0.7884971865086693
0.7963904478395183
0.8042661366505327
0.8121224211392712
0.81995747874231
0.8277694976028964
0.8355566780397176
0.8433172339645897
0.8510493942942448
0.8587514043075822
0.8664215269837
0.8740580443014778
0.8816592584992228
0.8892234932921804
0.8967490950538066
0.904234433947864
0.9116779050241884
0.9190779292613731
0.9264329545597724
0.9337414566986533
0.9410019402348943
0.9482129393516151
0.9553730186664495
0.9624807739741605
0.9695348329536075
0.9765338558152598
0.98347653590171
0.9903616002306094
0.9971878099942972
1.0039539610133763
1.0106588841214228
1.0173014455190994
1.0238805470744647
1.0303951265730942
1.0368441579136765
1.0432266512780803
1.04954165323237
1.0557882467994097
1.061965551483881
1.0680727232475689
1.0741089544577103
1.0800734744096423
1.0859655473048193
1.091784473977483
1.0975295910407739
1.1032002706472988
1.108795920213381
1.1143159821084134
1.1197599333171204
1.1251272850784586
1.13151531288578
1.1378782469199307
1.1442096862548947
1.1505036497671388
1.1567545478615833
1.1629571566513741
1.1691065954058162
1.1751983064542457
1.1812280369787598
1.1871918223352809
1.193085970626369
1.1989070483548074
1.2046518670041129
1.2103174704446373
1.2159011230879528
1.2214002987052723
1.2268126698718131
1.2321360979717613
1.2373686237322883
1.242508458245402
1.2475539744424078
1.252503699004462
1.2573563046563816
1.2621106028497082
1.2667655367896353
1.271320174799131
1.2757737039947197
1.280125424256121
1.2843747424825143
1.2885211671101229
1.2925643028832854
1.2965038458640508
1.3003395786695493
1.3040713659273744
1.3076991499344643
1.3112229465139762
1.3146428410564825
1.3179589847436957
1.3211715909386905
1.3242809317406905
1.3272873346948435
1.3301911796489352
1.332992895756221
1.3356929586085549
1.3382918875022953
1.340790242829733
1.3431886235865353
1.345487664995141
1.347688044181744
1.349790453856513
1.3517956247300307
1.3537043083507727
1.3555172963405964
1.3572353971746522
1.3588594417319109
1.3603902816742548
1.3618287879057898
1.3631758491044605
1.3644323703279184
1.3655992716882128
1.3666774870930793
1.3676679630522581
1.3685716576073226
1.36938953907799
1.370122585243468
1.3707717823305536
