243.58657
253.43663180165254
254.12166148167407
254.70856633631436
255.20401840713944
255.6161478083442
255.9526048802374
256.22023650342527
256.42511232424783
256.57261405148046
256.6675256817348
256.71411292195427
256.7161910722585
256.67718276727106
256.6001671661498
256.48792198962803
256.3429595697208
256.1675578728998
255.96378728847037
255.73353383632016
255.47851933643653
255.2003189915505
254.90037675985837
254.5800188337593
254.24046549029646
253.88284153751096
253.50818554649314
253.11745803031386
252.71154870712652
252.29128296473016
251.85742762708782
251.41069610914215
250.95175303430847
250.4812183788901
249.99967119904903
249.5076529886197
249.00567070979156
248.49419953329905
247.97368532015687
247.4445468729989
246.90717798165323
246.36194928462254
245.80920996556503
245.2492893016486
244.68249807869273
244.10912988633376
243.52946230495155
242.9437579948134
242.352265696738
241.75522115259201
241.15284795304353
240.54535831922382
239.9329538242581
239.31582606001942
238.69415725391926
238.0681208400712
237.43788198873852
236.8035980975919
236.16541924797207
235.52348862904773
234.8779429324828
234.22891271999535
233.576522765963
232.92089237704235
232.26213569058734
231.60036195350236
230.9356757830103
230.2681774107048
229.59796291112102
228.9251244159675
228.24975031506258
227.57192544492855
226.89173126592365
226.2092460287201
225.52454493086654
224.83770026412165
224.14878155318573
223.4578556864127
222.7649870390353
222.07023758940093
221.37366702867325
220.67533286442367
219.97529051850265
219.27359341955477
218.570293090513
217.86543923138396
217.15907979761494
216.45126107430752
215.74202774653386
215.0314229659814
214.31948841414777
213.6062643622847
212.89178972827642
212.1761021306338
211.4592379397606
210.74123232664698
210.0221193091345
209.3019317958806
208.5807016281516
207.85845961955667
207.13523559383293
206.4110584207826
205.68595605045945
204.9599555456894
204.23308311301227
203.50536413212282
202.7768231838813
202.04748407696582
201.3173698732304
200.5865029118251
199.85490483214272
199.12259659563918
198.38959850657773
197.65593023175046
196.9216108192132
196.186658716081
195.45109178542134
194.7149273222809
193.97818206888343
193.24087222902787
192.5030134817187
191.76462099405973
191.0257094334336
190.28629297899622
189.54638533251017
188.80599972853784
188.06514894401664
187.32384530723726
186.58210070624327
185.83992659666964
185.09733400903895
184.35433355552945
183.61093543623196
182.86714944490865
182.12298497426949
181.37845102077745
180.6335561889959
179.88830869549207
179.14271637230462
178.39678666998876
177.65052666025008
176.90394303817618
176.15704212407647
175.40982986494072
174.66231183552497
173.91449323907702
173.16637890770653
172.4179733024132
171.66928051278163
170.9203042563487
170.1710478776601
169.42151434701844
168.67170625893695
167.92162583030813
167.17127489829716
166.42065491797112
165.66976695967446
164.91861170616352
164.1671894495096
163.41550008778614
162.66354312154908
161.91131765012764
161.1588223677372
160.40605555942852
159.65301509689246
158.89969843413132
158.14610260301836
157.39222420876027
156.63805942528373
155.88360399056384
155.1288532019168
154.3738019112777
153.61844452048751
152.86277497661098
152.1067867673147
151.35047291632745
150.59382597901447
149.83683803809305
149.0795006995204
148.32180508858613
147.56374184624443
146.80530112571861
146.0464725894185
145.2872454062073
144.52760824905928
143.76754929315192
143.00705621443677
142.24611618873521
141.48471589141042
140.72284149766455
139.96047868351758
139.1976126275229
138.43422801327964
137.67030903280406
136.905839390826
136.14080231007708
135.37518053764617
134.60895635247337
133.84211157406685
