0.005137258736889973
0.005138500147256999
0.005141015515078186
0.005144728870972984
0.005149536581185996
0.00515532838016095
0.005161996026090627
0.0051694366039212875
0.0051775535539198775
0.005186256765312113
0.005195462312101151
0.005205092075152007
0.005215073350041751
0.005225338478111843
0.005235824512075675
0.005246472917019024
0.005257229303758598
0.005268043190421015
0.005278867788092594
0.0052896598067710575
0.0053003792783371554
0.005310989393737509
0.005321456351997683
0.005331749219063111
0.005341839794788231
0.005351702486676252
0.005361314189211326
0.00537065416784084
0.005379703946841228
0.005388447200459724
0.005396869646865892
0.005404958944554763
0.005412704590953351
0.005420097823060374
0.0054271315200213905
0.005433800107610479
0.005440099464617783
0.005446026831201828
0.005451580719278027
0.00545676082504524
0.005461567943760343
0.005466003886881169
0.005470071401698306
0.005473774093576883
0.00547711635091704
0.005480103272938807
0.005482740600380256
0.005485034649184536
0.005486992247240178
0.005488620674214921
0.0054899276045138005
0.005490921053371812
0.005491609326075223
0.005492000970292292
0.005492104731472159
0.005491929511268768
0.005491484328919741
0.005490778285509074
0.00548982053102673
0.0054886202341312435
0.0054871865545132225
0.005485528617752365
0.005483655492553281
0.005481576170245926
0.005479299546429681
0.00547683440464154
0.0054741894019269205
0.005471373056194959
0.005468393735238789
0.005465259647302887
0.005461978833088772
0.005458559159083919
0.005455008312111975
0.005451333795000212
0.005447542923268254
0.005443642822745691
0.005439640428030011
0.005435542481703934
0.005431355534233368
0.005427085944474174
0.005422739880720416
0.005418323322229851
0.0054138420611709644
0.005409301704935409
0.005404707678768814
0.00540006522867279
0.005395379424539253
0.005390655163477423
0.005385897173301507
0.0053811100161462325
0.005376298092184923
0.00537146564342348
0.005366616757549731
0.005361755371817096
0.005356885276946091
0.005352010121027548
0.005347133413415161
0.005342258528593996
0.005337388710016364
0.005332527073894723
0.005327676612945287
0.005322840200075311
0.005318020592008337
0.005313220432843919
0.005308442257546962
0.005303688495364527
0.005298961473167435
0.005294263418715214
0.0052895964638429984
0.005284962647569055
0.005280363919123347
0.005275802140896833
0.005271279091310726
0.00526679646760782
0.005262355888565244
0.005257958897129445
0.005253606962975654
0.005249301484991088
0.005245043793684745
0.005240835153524057
0.005236676765200411
0.00523256976782425
0.005228515241051901
0.005224514207145576
0.005220567632967206
0.005216676431909133
0.005212841465761737
0.0052090635465204356
0.0052053434381332106
0.005201681858190619
0.005198079479559446
0.005194536931961118
0.0051910548034977445
0.005187633642125851
0.0051842739570794535
0.005180976220244838
0.005177740867487818
0.005174568299934243
0.005171458885206681
0.005168412958616687
0.0051654308243157514
0.005162512756404759
0.0051596590000044405
0.0051568697733703085
0.005154145267092203
0.0051514856449532236
0.005148891045820276
0.005146361584440078
0.0051438973522830965
0.0051414984183593875
0.005139164830004379
0.005136896613637956
0.005134693775495386
0.005132556302332013
0.00513048416210201
0.00512847730461183
0.005126535662149318
0.005124659150088707
0.005122847667473518
0.005121101097575978
0.005119419308435968
0.005117802153378763
0.005116249471512146
0.00511476108820534
0.005113336815547832
0.005111976452791173
0.0051106797867727545
0.005109446592323019
0.005108276632656556
0.005107169659747496
0.0051061254146897135
0.005105143628042948
0.005104224020165087
0.005103366301530441
0.005102570173036164
0.005101835326295368
0.005101161443919136
0.0051005481997867174
0.00509999525930528
0.0050995022796584645
0.0050990689100456725
0.005098694791911278
0.005098379559164627
0.005098122838391669
0.005097924249057627
0.005097783403701767
0.005097699908124724
0.005097673361567848
0.005097703356886283
0.005097789480714849
0.005097931313627768
0.00509812843029185
0.005098380399614538
0.005098686784886106
0.005099047143916579
0.005099461029167563
0.005099927987879882
0.00510044756219628
0.005101019289279937
