93.6
93.86095982880478
94.10874352504506
94.34351680910676
94.56543969687608
94.77466790427029
94.97135419040113
95.15564913573564
95.32770159248207
95.48765894633675
95.63566726912099
95.77187140768088
95.89641503489207
96.00944067744847
96.11108972872742
96.20150245136034
96.28081797202572
96.34917426974788
96.40670815825177
96.4535552624654
96.48984998895779
96.51572548987437
96.53131361974077
96.53674488432438
96.53214838055092
96.51765172626006
96.49338097833595
96.45946053745462
96.41601303734069
96.36315921600254
96.30101776590375
96.22970515940732
96.14933544507336
96.06002000946641
95.96186729800044
95.85498248696862
95.73946709721776
95.61541853786613
95.48292956595881
95.34208764492521
95.19297422438044
95.03566369924445
94.87022245222484
94.69670751140099
94.51516499816388
94.32562827764245
94.12811576522175
93.92262833564278
93.70914638569181
93.48762639519371
93.25799729115107
93.02015677638201
92.77396820885212
92.51925908335556
92.2558229331772
91.98342754948997
91.70183366910098
91.4108291094106
91.1102823134394
90.80021415478149
90.4808760121016
90.15280833176573
89.8168475980825
89.47406339532344
89.12563948560755
88.77274084172515
88.41640985979443
88.05751226965728
87.69672839096467
87.3345726603045
86.97142490021655
86.60756235740334
86.24318728459936
85.87844857138096
85.51345778736321
85.14830067127862
84.78304517506659
84.41774701403831
84.05245346017597
83.68720591907284
83.3220416740897
82.95699506448365
82.59209828060385
82.22738190078503
81.86287525436005
81.49860666772997
81.13460363183927
80.77089291683953
80.40750079163321
80.04445265867881
79.68177351133706
79.31948768590276
78.95761929981433
78.59619185293244
78.2352283767465
77.87475144531004
77.51478318457926
77.15534529900903
76.79645902381758
76.43814518733431
76.08042419939524
75.72331605771925
75.36684035410494
75.0110162804856
74.65586263487026
74.3013978271905
73.9476398850651
73.59460645949076
73.24231483046363
72.89078191253547
72.54002426030569
72.19005807385048
71.84089920408991
71.49256315809245
71.14506510431744
70.79841987779484
70.45264198524242
70.10774561011951
69.76374461761769
69.42065255958761
69.07848267940196
68.73724791675424
68.39696091239331
68.05763401279324
67.71927927475953
67.3819084699695
67.04553308944928
66.71016434797896
66.37581318846833
66.04249028619826
65.71020605306927
65.37897064175002
65.04879394977021
64.71968562355009
64.39165506236725
64.06471142226108
63.73886361987537
63.414120336239286
63.0904900204875
62.76798089351971
62.4466009516003
62.12635796989862
61.807259505970336
61.489312903180725
61.17252529407025
60.856903603663326
60.54245455272076
60.22918466093646
59.91710025007941
59.60620744708137
59.29651218707086
58.98802021635468
58.6807370953471
58.374668201447925
58.06981873186982
57.7661937064159
57.4637979702082
57.16263619636791
56.86271288864803
56.5640323840191
56.26659885520921
55.97041631319853
55.67548860966945
55.38181943941302
55.0894123426924
54.79827070756427
54.50839777215869
54.21979662691828
53.9324702167978
53.64642134342423
53.36165266721869
53.07816670948064
52.79596585443525
52.51505235124451
52.23542831598299
