29.310284661072664
29.192059615035767
29.073769092689258
28.955412344056796
28.836988366327418
28.71849619058704
28.59993491691184
28.481303716737536
28.362601831082074
28.243828568349954
28.124983302197858
28.006065469518024
27.88707456854058
27.76801015704932
27.648871850705074
27.529659321471094
27.410373361092656
27.29101270934175
27.171576072982305
27.052064373295053
26.93247760131192
26.812815746189784
26.693078838286183
26.57326695393023
26.453380215300026
26.33341878972209
26.21338288894759
26.09327276847494
25.973088726925514
25.852831105471502
25.73250028731393
25.612096697208727
25.491620801039158
25.37107310543268
25.2504541574206
25.12976454413903
25.009004892569525
24.888175869318093
24.767278180431234
24.64631257124771
24.525279826284933
24.404180769158867
24.283016262536286
24.161787208118504
24.040494546655623
23.91913925799035
23.797722361130585
23.676244914350033
23.554708015315967
23.43311280124357
23.311460449076044
23.18975217568999
23.06798923812532
22.946172933839236
22.824304600983616
22.702385618705424
22.580417407469533
22.458401429403516
22.336339188664027
22.214232231824255
22.09208214828207
21.9698905706885
21.847659175396117
21.725389682926984
21.603083858459804
21.480743512335984
21.35837050058419
21.235966725463154
21.1135341360224
20.991074728680545
20.86859054782094
20.74608368640426
20.62355628659787
20.50101054042158
20.378448690409474
20.255873030287677
20.13328590566755
20.010689714754157
19.88808690906968
19.765479994191402
19.642871530504024
19.520264133965938
19.397660476889126
19.275063288732355
19.152475356907285
19.02989952759713
18.90733870658747
18.784795860108844
18.662274015690617
18.5397762630258
18.417305754846222
18.294865707807663
18.172459403384426
18.050090188772753
17.927761477802562
17.80547675185694
17.6832395607987
17.561053523903386
17.438922330798054
17.316849742405033
17.194839591889988
17.072895785613422
16.951022304084784
16.829223202918328
16.707502613789703
16.585864745392435
16.464313884393103
16.342854396384297
16.221490726834066
16.1002274020308
15.979069030022199
15.858020301547079
15.737085990958656
15.616270957137797
15.495580144394868
15.375018583358502
15.254591391849685
15.134303775739504
15.014161029788703
14.89416853846724
14.774331776751888
14.654656310899899
14.535147799196567
14.415811992674596
14.296654735802957
14.177681967142895
14.058899719968652
13.940314122850378
13.821931400196616
13.703757872753641
13.585799958058871
13.46806417084544
13.350557123394925
13.233285525835203
13.116256186380197
12.968575920445966
12.822646137105306
12.678454780838882
12.535990037510047
12.395240165270026
12.256193693791747
12.118839587109989
11.983167350086445
11.84916709402894
11.716829575039538
11.586146214520063
11.457109108233146
11.329711028287115
11.203945421060464
11.07980640317496
10.957288757014833
10.836387926876178
10.717100016552163
10.599421788974091
10.483350668408441
10.36888474563654
10.256022786504849
10.144764244220973
10.03510927577864
9.927058762920208
9.820614338086445
9.71577841585904
9.61255423047241
9.510945880058632
9.410958378394676
9.312597715047488
9.215870924963358
9.120786168728436
9.027352824943273
8.93558159641383
8.845484632174468
8.757075667738105
8.67037018643086
8.585385605235128
8.502141489262847
8.42065979984628
8.34096518231406
8.263085300878636
8.187051229782183
8.112897912045797
8.040664699998594
7.970395995445878
7.902142012173908
7.835959689915681
7.771913797542311
7.710078275013204
7.650537879880421
7.593390226973046
7.538748342507748
7.486743901401767
7.4375313873591296
7.391293523398644
7.3482484902874425
7.308659725872643
7.272849562651954
7.241218779168241
7.214275661712177
7.192681190110641
7.1773234562800825
