153.17216
152.6503776157868
152.8832230645453
153.10988895034006
153.33120044959568
153.5474134771384
153.75868746657557
153.9651645072432
154.1669801640765
154.36426542554597
154.55714677434432
154.74574566176187
154.93017892081943
155.11055859616772
155.28699220373028
155.4595830366787
155.62843053609245
155.79363069638535
155.9552764797388
156.11345821899053
156.26826399402032
156.41977997185123
156.5680907050899
156.71327938679332
156.8554280624893
156.99461780175542
157.13092883288107
157.26444064464448
157.39523205944204
157.5233812818435
157.648965926458
157.77206302861202
157.89275121780622
158.0110998103019
158.12719058620516
158.24109594582953
158.35288978240172
158.462645264076
158.57043479020334
158.67632994815148
158.7804014696714
158.88271918759762
158.9833519935962
159.082367806801
159.17983349677058
159.27581490500876
159.37037677751886
159.46358272171392
159.55549523050635
159.64617559833366
159.73568393645218
159.82407914923417
159.91141892174605
159.99775971139098
160.08315674350095
160.16766401083322
160.2513342769434
160.3342190833626
160.41636876050723
160.4978324529138
160.57865809459912
160.65889249400328
160.73858131659205
160.81776910962375
160.89649938194302
160.9748145642291
161.05275609151872
161.13036466782117
161.20767937095258
161.28473905868955
161.36158152107083
161.4382437383993
161.5147619225379
161.5911715576056
161.66750743942094
161.74380371301692
161.82009390703146
161.8964109644255
161.97278726772328
162.04925465756546
162.1258437431312
162.2025866410556
162.2795129320447
162.3566522635291
162.4340336498407
162.5116853921161
162.58963496478873
162.66790886030577
162.7465323815191
162.82552936840423
162.904921842125
162.98472954479584
163.0649693471886
163.07755765038868
163.0700446094156
163.06256887692933
163.0551324628119
163.04773834657968
163.04038764332566
163.03308382405228
163.02582901444492
163.01862526942284
163.01147464043308
163.00437907102975
162.99734039284166
162.99036032972697
162.9834404948561
162.97660197361034
162.96980679110897
162.96305685892017
162.956391909475
162.9497936446103
162.9432630460847
162.93680099662475
162.93040828285635
162.92408559815468
162.917833545496
162.91165264039748
162.90554331394188
162.89950591587072
162.8935407177204
162.88764791599456
162.88182763535073
162.87607993179066
162.87040479583897
162.86480215570162
162.859271880392
162.85381378281312
162.84842762279533
162.84311311007082
162.83786990719068
162.8326976323695
162.82759586225748
162.82256413463594
162.81760195103126
162.81270877924752
162.80788405581103
162.80312718833036
162.79843755777114
162.7938145206369
162.7892574110669
162.7847655428465
162.78033821132715
162.77597469526128
162.77167425855566
162.76743615193615
162.7632596145344
162.75914387539402
162.75508815489476
162.75109166610744
162.7471536160686
162.74327320698768
162.73944963738106
162.73568210314468
162.73196979855535
162.72831191721386
162.7247076529291
162.72115620054063
162.7176567566885
162.71420852053183
162.7108106944142
162.70746248448071
162.70416310125213
162.7009117601516
162.69770768199191
162.69455009342235
162.69143822733773
162.68837132325095
162.6853486276357
162.68236939423056
162.67943288431786
162.67653836697338
162.67368511928672
162.67087242655913
162.6680995824742
162.66536588925052
162.662670657768
162.66001320767842
162.65739286749638
162.65480897467253
162.65226087564974
162.6497479259048
162.6472694899792
162.64482494148993
162.64241366313456
162.64003504668247
162.6376884929539
162.63537341179332
162.63308922202893
162.6308353514288
162.62861123664692
162.62641632316044
162.62425006520587
162.6221119257035
162.62000137618173
162.61791789669158
162.61586097572254
162.61383011011003
162.61182480493875
