0.0025512836094913264
0.002668441158545797
0.0027080509642896473
0.0027453596659750066
0.002780409692901694
0.002813229139948176
0.00284384577797097
0.0028722908817092716
0.002898600180742265
0.002922813934636533
0.0029449767077683116
0.00296513701892346
0.002983346945711243
0.0029996616855681476
0.003014139148255476
0.003026839501693907
0.003037824763333263
0.003047158398462028
0.0030549049387237777
0.003061129623174398
0.003065898063509028
0.0030692759343734976
0.003071328689308652
0.003072121302129368
0.00307171803359795
0.003070182222681697
0.0030675761016139397
0.003063960633802838
0.003059395373413226
0.003053938345536758
0.0030476459455560643
0.003040572856600444
0.0030327719835367586
0.003024294402494581
0.0030151893243576824
0.0030055040711039734
0.0029952840637770756
0.0029845728209760224
0.0029734119664854473
0.0029618412453886267
0.0029498985472870137
0.0029376199359770847
0.00292503968455477
0.002912190315181506
0.00289910264279097
0.002885805822020974
0.002872327396823415
0.0028586933520829416
0.0028449281667365504
0.002831054868110034
0.0028170950868071343
0.002803069111980639
0.0027889959465385162
0.002774893362125989
0.002760777953470707
0.0027466651920593824
0.0027325694787925436
0.002718504195598913
0.0027044817558254117
0.002690513653232293
0.002676610509643686
0.0026627821210645883
0.0026490375022518997
0.002635384929769364
0.0026218319833754816
0.0026083855858440707
0.0025950520411750994
0.0025818370711909932
0.002568745850538636
0.0025557830401763317
0.0025429528192223542
0.002530258915425164
0.0025177046340812514
0.0025052928855369035
0.002493026211306732
0.002480906808863713
0.0024689365551092907
0.0024571170285910193
0.0024454495305292223
0.002433935104667924
0.002422574556006629
0.002411368468505808
0.0024003172217042677
0.0023894210064442185
0.002378679839583402
0.002368093577884984
0.002357661931022882
0.002347384473820212
0.0023372606576709475
0.0023272898213088627
0.0023174712008216048
0.002307803939079071
0.0022982870944840096
0.002288919649181611
0.0022797005167119505
0.0022706285491382334
0.0022617025436800007
0.002252921248898258
0.002244283370430363
0.0022357875763356163
0.0022274325020371637
0.0022192167548960116
0.002211138918473215
0.0022031975564485522
0.002195391216238498
0.002187718432354682
0.0021801777294637057
0.002172767625234365
0.0021654866329335024
0.002158333263814049
0.00215130602928597
0.002144403442914115
0.0021376240222472703
0.0021309662904420573
0.0021244287777731296
0.0021180100229880126
0.002111708574523383
0.0021055229915823348
0.0020994518451373733
0.0020934937187770705
0.002087647209484659
0.0020819109283139008
0.002076283500963559
0.002070763568298488
0.002065349786202808
0.002060040827680355
0.0020548353813811815
0.00204973215245901
0.0020447298627426277
0.0020398272508702275
0.002035023072370356
0.00203031609970483
0.0020257051222805664
0.0020208857324853567
0.002016124773634101
0.002011421065226405
0.0020067741535159172
0.0020021840947673964
0.001997651306367514
0.0019931764615056633
0.00198876041303347
0.001984404137175068
0.0019801086910560114
0.001975875180032889
0.0019717047321824535
0.001967598478111722
0.001963557534842143
0.001959582992890764
0.001955675905880402
0.0019518372822333872
0.0019480680785598499
0.0019443691944759317
0.0019407414686204657
0.0019371856756839766
0.0019337025243186983
0.0019302926557616216
0.0019269566431092853
0.001923694991114778
0.0019205081364473467
0.0019173964483336697
0.001914360229518596
0.0019113997175045682
0.0019085150860065345
0.0019057064465899114
0.0019029738504520134
0.0019003172903169362
0.0018977367024180661
0.0018952319685381302
0.001892802918092019
0.0018904493302277579
0.0018881709359399315
0.001885967420170719
0.00188383842389563
0.0018817835461809116
0.0018798023462030767
0.0018778943452320213
0.0018760590285586795
0.0018742958473749129
0.0018726042205998968
0.001870983536644674
0.0018694331551202365
0.0018679524186656
0.001866540623526246
0.0018651970525585808
0.001863920957224351
0.0018627115859134356
0.0018615681579211313
0.0018604898740144627
0.0018594759176675303
0.0018585254562464208
0.001857637642138932
0.0018568116138379172
0.001856046496976655
0.0018553414053188411
0.0018546954417064953
0.0018541076989309088
0.0018535772607214123
0.0018531032024579402
0.0018526845920173228
