46474.92
42299.11031797793
42331.70015891923
42365.8114285518
42400.22804474673
42434.27541953467
42467.57906037627
42499.93613302114
42531.24202092706
42561.44822179089
42590.538188302424
42618.513462508025
42645.38572113469
42671.17221718006
42695.89317349143
42719.5702983526
42742.22594596987
42763.88264755688
42784.56285533459
42804.28880883876
42823.08247152312
42840.96550787366
42857.95928405679
42874.084882522824
42889.36312528493
42903.81460309719
42917.45970926363
42930.31867772679
42942.4116257085
42953.75860161378
42964.379639308594
42974.2948202348
42983.52434527235
42992.088618700895
43000.00834722809
43007.30465776798
43013.99923856386
43020.11450938869
43025.67382797976
43030.701741636396
43035.224733489806
43039.26984570526
43042.86778172194
43046.05171420336
43048.858429987435
43051.32918906338
43053.51076643486
43055.456136922294
43057.22810018423
43058.89771506591
43060.54804461507
43062.275069559924
43064.18830444465
43066.40954670276
43069.06794922784
43072.2886047127
43076.17088133969
43080.75284201391
43085.961309409635
43091.55628373719
43097.09374805819
43101.94363631089
43105.389981929235
43106.79532017273
43105.75760823937
43102.181067153426
43096.238388868114
43088.26682848206
43078.65956246795
43067.7892979051
43055.97075830967
43043.451229664206
43030.41622652433
43017.00087025605
43003.30181855745
42989.38753223147
42975.30632042602
42961.092325867045
42946.769836369436
42932.3563282869
42917.86458254069
42903.30415203458
42888.68236636377
42874.00501591186
42859.27682429707
42844.501767711576
42829.68329298939
42814.82446614519
42799.92938165409
42784.99855607042
42770.03493535142
42755.039618499286
42740.01682804722
42724.96816517374
42709.89555180328
42694.80086914664
42679.68594600303
42664.55246689146
42649.4024324405
42634.237272880026
42619.05860918073
42603.868001458766
42588.66695317818
42573.45691390331
42558.23928146713
42543.01540379179
42527.78658049869
42512.55406439019
42497.31906284989
42482.08273918983
42466.84621395795
42451.610566215575
42436.376834788076
42421.1460194903
42405.91908232766
42390.69694867198
42375.480508408495
42360.27061706242
42345.06809688908
42329.873737940834
42314.68829910221
42299.512509095766
42284.34706745439
42269.19264546321
42254.04988708476
42238.91940981831
42223.80180556403
42208.69764145146
42193.607460556916
42178.53178280576
42163.47110555318
42148.42590435968
42133.39663364461
42118.38372733089
42103.38759946103
42088.40864478797
42073.44723934013
42058.50374096313
42043.57848983728
42028.671808974046
42013.78400469009
41998.915367061214
41984.06617035722
41969.23667345855
41954.427120253924
41939.63774002434
41924.86874780803
41910.12034475329
41895.3927184569
41880.686043289046
41866.00048070638
41851.3361795548
41836.693276360085
41822.07189561085
41807.472150030575
41792.89414084328
41778.33795802967
41763.80368057873
41749.29137673073
41734.80110421588
41720.33291048775
41705.88683295129
41691.46289918761
41677.06112717429
41662.68152550275
41648.32409359294
41633.9888219049
41619.67569214862
41605.384677491886
41591.11574276631
41576.868844672324
41562.64393198253
41548.44094574518
41534.25981948491
41520.1004794056
