10.302973311312218
10.324594619305275
10.34571375041575
10.366346281509303
10.386512142873478
10.40623103226298
10.425521853333704
10.444402677882147
10.46289077459297
10.481002644694177
10.498754056849819
10.51616008038991
10.533235116853172
10.549992929925741
10.566446673866984
10.582608920509005
10.598477803701673
10.614078233178368
10.62943598692536
10.644548200393173
10.65942398095691
10.674072786555943
10.688503750688122
10.702725610927072
10.716746714606284
10.73057503375166
10.744218180536123
10.757683422165439
10.770977695086644
10.784107618535305
10.797079507452091
10.809899384799426
10.822572993307379
10.835105806676497
10.847503040263607
10.859769661275296
10.87191039849233
10.883929751547134
10.895831999775119
10.907621210659745
10.91930124788988
10.93087577904738
10.942348282941587
10.953722056606775
10.965000221977702
10.976185732257608
10.987281377992407
10.998289792863957
11.009213459214859
11.020054713316444
11.030815750391161
11.041498629399994
11.052105277605001
11.062637494916633
11.073096958035
11.083485224393849
11.093803735915587
11.10405382258529
11.114236705851273
11.124353501859533
11.134405224528864
11.144392788473333
11.154317011778385
11.164178618636603
11.173978241848854
11.183716425196405
11.193393625689165
11.20301021569521
11.212566484956307
11.222062642494155
11.231498818411705
11.240875065593862
11.250191361311586
11.25944760873334
11.26864363834766
11.277779209300398
11.286854010650154
11.295867662545245
11.30481971732539
11.313709660551245
11.32253691196475
11.331300826383242
11.340000694530016
11.34863574380416
11.357205138992184
11.36570798292404
11.37414331707597
11.382510122122593
11.390807318440554
11.399033766566035
11.407188267608294
11.415269563621509
11.423276337936917
11.431207215457501
11.439060762917125
11.446835489106267
11.454529845066276
11.462142224254157
11.469670962679848
11.47711433901791
11.484470574695585
11.491737833959174
11.49891422392056
11.505997794585934
11.51298653886856
11.519878392587545
11.526671234454577
11.53336288605055
11.539951111794124
11.546433618904148
11.55280805735802
11.559072019848056
11.565223041737896
11.571258601021086
11.577176118284038
11.582972956675516
11.58864642188488
11.594193762131441
11.599612168167154
11.604898773295135
11.610050653406384
11.615064827037195
11.61993825544985
11.624667842739145
11.629250435967494
11.633682825331244
11.637961744361105
11.64208387015946
11.646045823677564
11.649844170035587
11.653475418888561
11.656936024841404
11.660222387916178
11.663330854074907
11.66625771580123
11.721031705435339
11.773347140293916
11.823188955724543
11.870551048672242
11.915439291899961
11.957869274843851
11.99786404791353
12.03545232342756
12.070667069440468
12.103544405393341
12.134122728169315
12.16244201538826
12.18854326622692
12.212468049769255
12.234258137969354
12.253955205522335
12.271600582820327
12.287235051089452
12.300898671016903
12.312630637867386
12.322469157385676
12.330451337781312
12.336613093861434
12.340989059968587
12.343612508829644
12.344515273756603
12.343727671880329
12.341278426258086
12.337194584785136
12.331501433865595
12.324222404760835
12.31537897043551
12.304990530558163
12.29307428207985
12.279645072500983
12.264715232530156
12.24829438432142
12.230389220823806
12.211003250957038
12.190136504298135
12.167785187668738
12.14394128437802
12.118592084801044
12.091719634322526
12.06330008126727
12.033302903018003
12.001689982736771
11.968414501460735
11.933419600128229
11.896636752278155
11.857983769242002
11.817362333344247
11.774654917479255
11.729720896034076
11.682391573839643
11.63246374249257
11.579691193065425
11.523773329113697
11.464339558119164
11.400927349136575
11.33295044182018
11.259651066049292
11.18002478291327
11.092695173361163
