0.0027194
0.00045331596281207196
0.0004461053848592069
0.0004405127175984312
0.00043613679369854585
0.0004326972091296788
0.00042999248287361867
0.00042787451607541365
0.00042623222729719617
0.00042498075436590415
0.0004240541747477425
0.0004234004947878543
0.00042297814059530695
0.00042275345609017555
0.00042269888648768415
0.0004227916432959979
0.00042301270509809467
0.0004233460617300998
0.00042377813474383093
0.00042429732789822015
0.0004248936747834952
0.00042555855986972337
0.0004262844954710246
0.0004270649421630957
0.0004278941626870701
0.0004287671024388809
0.00042967929091055105
0.0004306267598684305
0.00043160597510040385
0.0004326137789801568
0.00043364734210264797
0.00043470412203632896
0.00043578182839789764
0.000436878392614401
0.00043799194218843896
0.00043912077833473513
0.00044026335658086004
0.0004414182698109307
0.0004425842337625165
0.0004437600738791244
0.0004449447141795284
0.000446137167140202
0.0004473365249331755
0.00044854195163162723
0.00044975267626639676
0.0004509679866937649
0.00045218722403302553
0.00045340977782875095
0.00045463508173738466
0.0004558626094224498
0.00045709187120051604
0.0004583224107789561
0.000459553802482791
0.00046078564858114925
0.0004620175771102291
0.0004632492396472418
0.0004644803095421231
0.0004657104801197225
0.00046693946311897344
0.00046816698738616486
0.0004693927974737958
0.0004706166525516546
0.00047183832536715583
0.0004730576011787025
0.000474274276999645
0.00047548816072710717
0.00047669907040774883
0.000477906833592048
0.0004791112867393491
0.00048031227455781316
0.00048150964969398934
0.00048270327200771335
0.00048389300830175696
0.0004850787319003704
0.00048626032227308904
0.00048743766466090494
0.0004886106498080666
0.0004897791736749516
0.000490943137135499
0.0004921024457674635
0.0004932570096435782
0.0004944067430207315
0.0004955515643140013
0.0004966913957080432
0.0004978261631993447
0.0004989557962753005
0.0005000802278740025
0.0005011993941503141
0.0005023132345030247
0.0005034216912546056
0.0005045247097380956
0.0005056222380033777
0.000506714226908173
0.0005078006299062095
0.0005088814029814489
0.0005099565045834501
0.0005110258955716333
0.0005120895390987141
0.0005131474005957049
0.000514199447637585
0.0005152456499469862
0.000516285979363607
0.0005173204096837156
0.0005183489166964987
0.0005193714781438734
0.0005203880735865032
0.0005213986845034759
0.0005224032941117273
0.0005234018874087896
0.0005243944510994299
0.0005253809736278839
0.0005263614450748966
0.000527335857083138
0.0005283042030191138
0.0005292664777578034
0.0005302226777062878
0.0005311728008012512
0.0005321168465642637
0.0005330548158577534
0.0005339867111168174
0.0005349125361579597
0.0005358322962053907
0.0005367459979599934
0.0005376536494238825
0.0005385552601241447
0.0005394508406931094
0.00054034040324479
0.0005412239611857876
0.0005421015292445106
0.0005429731234347588
0.0005438387610901909
0.000544698460817344
0.0005455522424154556
0.0005099952114721189
0.0005101820254906126
0.0005104337858509803
0.0005107454523089598
0.0005111123537484366
0.0005115301687801431
0.0005119949031048293
0.0005125028654643806
0.0005130506440207188
0.0005136350836165998
0.0005142532646487366
0.0005149024833483502
0.000515580233861914
0.0005162841918522311
0.0005170121994976122
0.0005177622520668188
0.0005185324855095759
0.0005193211654060847
0.0005201266768092407
0.000520947515072588
0.0005217822775478646
0.0005226296558407342
0.0005234884291305823
0.00052435745764276
0.0005252356770197538
0.000526122092971091
0.0005270157764740662
0.0005279158593901965
0.0005288215302872743
0.0005297320307727504
0.0005306466520189998
0.0005315647315976677
0.0005324856505365875
0.0005334088305663137
0.0005343337316549389
0.0005352598496374173
0.0005361867141138354
0.0005371138863436983
0.0005380409574653414
0.0005389675467105388
0.0005398932997924251
0.0005408178874400334
0.0005417410038726299
0.0005426623656448101
0.0005435817103448714
0.0005444987954119118
0.0005454133971816945
0.0005463253104349357
0.0005472873332322172
0.0005481936733885227
0.0005490968079461104
0.0005499425274707098
0.0005508384705632345
0.0005517308174354266
0.0005526194651768052
0.0005535043233428492
0.0005543853134911666
0.0005552623691323258
0.0005561354355501281
0.0005570044699773527
0.0005578694420460617
0.0005587303345910202
0.0005595871450008819
0.0005604398874736575
0.0005612885971174336
0.0005621333360964869
