43744.23974999999
87716.56800501441
87623.83667134285
87562.8610293035
87527.26702490445
87512.81643695595
87516.45699656337
87535.85536690906
87569.15632516264
87614.84781619211
87671.67791054805
87738.59898151664
87814.72743263192
87899.31316930953
87991.71570918342
88091.38511785629
88197.84661113455
88310.68802287562
88429.54955218453
88554.11534365329
88684.10655239497
88819.27561835182
88959.40152955777
89104.28589695127
89253.74969730881
89407.63056766038
89565.78055618177
89728.0642511892
89894.3572243892
90064.54473512778
90238.5206513894
90416.18655118458
90597.45097320614
90782.228791288
90970.44069096587
91162.0127294376
91356.87596445065
91554.9661381891
91756.2234059592
91960.59210020659
92168.02052237719
92378.46075630261
92591.86849790302
92808.20289690283
93027.42640742665
93249.50464457467
93474.40624500216
93702.10273016083
93932.56837075316
94165.78005216202
94401.71714012069
94640.36134650846
94881.69659542532
95125.70889053107
95372.38618053318
95621.71822960711
95873.69648620357
96128.31395534554
96385.56507306965
96645.44558368932
96907.95242044856
97173.08358984873
97440.83805999083
97711.21565318789
97984.21694314227
98259.8431568673
98538.0960814712
98818.97797581933
99102.49148721808
99388.63957319512
99677.42542794146
99968.85241395648
100262.92399816752
100559.64369286447
100859.01500099174
101161.04136576815
101465.7261244643
101773.0724659988
102083.08339233123
102395.76168329734
102711.10986472688
103029.13017971678
103349.82456263834
103673.1946159627
103999.24158942304
104327.96636158346
104659.36942336737
104993.45086365318
105330.21035650621
105669.64715015277
106011.76005729052
106356.54744683698
106704.007236789
107054.13688826255
107406.93340046823
107762.3933066009
108120.51267049127
108481.28708405345
108844.71166529051
109210.78105697871
109579.48942579787
109950.83046197123
110324.79737935602
110701.38291584997
111080.5793342325
111462.37842325975
111846.77149908525
112233.74940691298
112623.30252292081
113015.4207564206
113410.0935521993
113807.3098930505
114207.05830256296
114609.3268479778
115014.10314329014
115421.37435252542
115831.1271930778
116243.34793932729
116658.02242629661
117075.13605352562
117494.67378903137
117916.62017347975
118340.9593244319
118767.6749407401
119196.75030714413
119628.16829889231
120061.91138660809
120497.96164122754
120936.30073909636
121376.90996717075
121819.77022837923
122264.86204714078
122712.1655749186
123161.66059599785
123613.32653338659
124067.14245476309
124523.0870786028
124981.13878047031
125441.2755993107
125903.47524401122
126367.71509993171
126833.97223567113
127302.223409837
127772.4448540641
128244.61294989951
128718.70359208409
129194.69236481824
129672.55457904743
130152.26527969514
130633.79925288568
131117.13103351186
131602.234912697
132089.08494552417
132577.65495874162
133067.91855859864
133559.8491387454
134053.41988818438
134548.60379932792
135045.37367599996
135543.7021416525
136043.56164745142
136544.9244805036
137047.76277213084
137552.04850602464
138057.75352663492
138564.8495473707
139073.30815895123
139583.10083768953
140094.19895378978
140606.5737796526
141120.1964981789
141635.03821100906
142151.06994677128
142668.26266935706
143186.58728603867
143706.01465570612
144226.5155969266
144748.06089606127
145270.62131525058
145794.16760045273
146318.6704892991
146844.1007189862
147370.42903407526
147897.62619416782
148425.66298160865
148954.5102090357
149484.138726858
150014.5194307091
150545.62326870224
151077.42124870734
151609.884445456
152142.98400762372
152676.69116471068
153210.97723389696
153745.81362678108
154281.1718560037
154817.02354171313
155353.34041799532
155890.0943391535
