33.881240633516576
33.90316948176692
33.925153341674985
33.94719236487092
33.96928670315691
33.991436509614765
34.01364193871189
34.03590314627719
34.05822028946172
34.08059352669887
34.10302301766597
34.12550892324747
34.148051405499665
34.17065062761673
34.19330675389815
34.21601994971736
34.2387903963917
34.26161824602176
34.284503651842584
34.30744679863003
34.330447856931634
34.35350699799452
34.376624393921944
34.399800217672755
34.42303464304119
34.4463278446346
34.46967999785136
34.493091278859374
34.516561864575024
34.54009193264255
34.56368166141393
34.5873312299291
34.61104081789649
34.634810605673984
34.65864077425011
34.682531505225505
34.706482980794625
34.73049538372768
34.754568897352705
34.778703705537886
34.802899992673915
34.827157943656566
34.85147774386927
34.87585957916581
34.90030363585313
34.924810100674
34.94937916078989
34.97401100376371
34.99870581754255
35.023463790440466
35.04828511112105
35.07316996858003
35.09811855212781
35.12313105137175
35.14820765619847
35.173348556755975
35.19855394343555
35.22382400685361
35.249158937833236
35.27455892738563
35.30002416669123
35.32555484708078
35.35115116001595
35.376813297069866
35.40254144990725
35.4283358102644
35.45419656992881
35.480123920718476
35.50611805446091
35.53217916297184
35.558307438033545
35.5845030713728
35.61076625463858
35.637097179379225
35.663496037019364
35.68996301883635
35.71649831593629
35.74310211922971
35.76977461940677
35.79651600691195
35.82332647191845
35.85020620430194
35.877155393614004
35.904174229054995
35.93126289944642
35.958421593202864
35.98565049830331
36.012949802262064
36.04031969209907
36.06776035430965
36.09527197483381
36.12285473902486
36.15050883161761
36.17823443669585
36.20603173765939
36.233900917190375
36.26184215721914
36.289855638889364
36.31794154252267
36.34610004758261
36.37433133263799
36.40263557532569
36.43101295231266
36.45946363925754
36.48798781077139
36.51658564037798
36.54525730047336
36.57400296228479
36.60282279582902
36.63171696987002
36.66068565187593
36.68972900797549
36.718847202913764
36.74804040000727
36.77730876109847
36.806652446509645
36.83607161499613
36.86556642369893
36.895137028096784
36.9247835819576
36.95450623728927
36.98430514429004
37.01418045129811
37.04413230474091
37.07416084908374
37.10426622677783
37.134448578208065
37.16470804164009
37.19504475316705
37.22545884665588
37.25595045369315
37.28651970353059
37.31716672303022
37.347891636609226
37.37869456618443
37.40973959105693
37.44086545118423
37.47207192237111
37.50335877525498
37.53472577261297
37.56617266890355
37.59769921035703
37.629305135266826
37.66099017435454
37.69275405114521
37.72459648231824
37.75651717801594
37.788515842100686
37.82059217235755
37.85274586064181
37.88497659297248
37.91728404957358
37.94966790486509
37.98212782740494
38.01466347978359
38.04727451847166
38.0799605936207
38.11272134881675
38.1455564207853
38.17846543904572
38.21144802551253
38.2445037940398
38.27763234990429
38.31083328922189
38.34410619829061
38.3774506528522
38.4108662172632
38.44435244356399
38.477908870432984
38.51153502201025
38.545230406572365
38.57899451503673
38.61282681926965
38.64672677016725
38.68069379547271
38.71472729728552
38.74882664920927
38.78299119307324
38.81722023514835
38.851513041759844
38.88586883417553
38.92028678261829
38.954765999211645
38.98930552961563
39.023904343039895
39.058561320227405
39.09327523887215
39.1280447557547
39.16286838462269
39.197744468473715
39.23267114434937
39.26764629791802
39.302667503825816
39.33773194570236
39.372836306200895
39.40797661130883
39.44314800180499
39.478344382313566
39.51355785033499
