5.139954820483404
5.078370771498812
5.01933178837268
4.963014736738445
4.909430826224575
4.858497034455154
4.810079959975866
4.764022201567847
4.7201580147544755
4.678322438438389
4.63835647098267
4.600109816731644
4.563442211316403
4.528223785916082
4.494335020378903
4.46166631974027
4.430117455875977
4.399596932667271
4.3700213290713394
4.341314651507298
4.313407713729853
4.286237553652396
4.259746891937807
4.233883633097115
4.208600408520373
4.183854159385344
4.159605756831992
4.135819656698464
4.112463585703216
4.08950825652407
4.0669271087207415
4.04469607349783
4.022793359412936
4.001199257519018
3.979895963727507
3.9588674167307545
3.9380991498600766
3.917578155976309
3.8972927634020387
3.8772325225763704
3.857388101850286
3.8377511919085583
3.818314417921518
3.7990712587013276
3.78001597230318
3.761143527367349
3.7424495399029087
3.7239302150253737
3.7055822929332347
3.687402999254042
3.6693899990099372
3.651541354178107
3.6338554843182482
3.6163311303538386
3.5989673209005315
3.5817633413075525
3.564718704919366
3.5478331265317964
3.5311064979821163
3.5145388654631895
3.498130408694236
3.481881421718697
3.4657922951072515
3.4498634997209674
3.4340955716904467
3.4184890986364995
3.403044707059312
3.387763050803489
3.3726448004250007
3.357690633695992
3.342901226698512
3.328277245934692
3.3138193411327923
3.2995281387506634
3.2854042361100495
3.271448196185283
3.257660542951974
3.244041757235456
3.2305922730893157
3.2173124746387223
3.204202693267868
3.1912632053528784
3.178494230169913
3.1658959283415307
3.1534684004325357
3.1412116859454757
3.1291257624925994
3.117210545341108
3.1054658870118383
3.0938915772633817
3.0824873430955213
3.071252849091346
3.060187697795763
3.0492914302766096
3.0385635268199214
3.0280034077504783
3.01761043432412
3.0073839097531905
2.997323080262183
2.9874271362675864
2.9776952136217227
2.9681263948458523
2.9587197104804206
2.9494741404610827
2.940388615477279
2.931462018451339
2.922693185935059
2.914080909591987
2.9056239376540627
2.897320976424518
2.8891706917337956
2.881171710386764
2.87332262170172
2.8656219789164266
2.8580683006405097
2.850660072294771
2.84339574756242
2.836273749712404
2.829292473048668
2.8224502842211017
2.8157455235613305
2.8091765064201035
2.8027415244016565
2.7964388459317013
2.790266719907988
2.784223373889672
2.778307016839521
2.772515839982419
2.7668480179095956
2.7613017096775767
2.7558750598545254
2.7505661995215283
2.734177091849518
2.734206508735371
2.734402780210883
2.734747508992293
2.7352236558342664
2.735815452382289
2.7365083159656396
2.737288768016775
2.738144356796552
2.7390635845865967
2.7400358394505675
2.7410513313809908
2.742101032735777
2.7431766227145458
2.74427043562715
2.745375412789423
2.746485057725263
2.74759339454113
2.748694929197688
2.7497846135146746
2.7508578117179154
2.7519102693064075
2.7529380841945907
2.7539376798192894
2.7549057802128685
2.755839386816042
2.7567357569610045
2.757592383903334
2.758406978258494
2.7591774508079245
2.7599018965351316
2.760578579832841
2.761205920791006
2.7617824824867006
2.7623069592322143
2.762778165687181
2.7631950268054357
2.7635565685217407
2.763861909174077
2.764110251573384
2.7643008756955934
2.7644331319551867
2.7645064349914814
2.7645202579891923
2.7644741274351383
2.764367618306411
2.7642003496786707
2.763971980693842
2.7636829107823866
2.7633314515469585
2.7629180750316955
2.762441846627305
2.7619040235811547
2.7613037104193063
2.7606407594680933
2.7599150411590747
2.759126442202144
2.7582748639097803
2.7573602205783723
2.756382437922665
2.7553414514888814
2.7542372049475077
2.753069648008556
2.751838734472246
2.7505444180767733
2.7491866481096645
2.7477653612153916
