7.322995638159827
7.320037782219892
7.317620125437697
7.314951851504854
7.312144369701533
7.309265177465639
7.30635304290695
7.303430212082477
7.300509449302981
7.2975980804645415
7.2947003136682556
7.291818570701874
7.288954250859842
7.2861081690398315
7.283280806936772
7.280472456977537
7.277683304689885
7.274913475724268
7.272163062574694
7.269432139634398
7.266720771543087
7.264029017670523
7.2613569343682745
7.258704575924656
7.256071994756993
7.253459241144681
7.250866362673235
7.2482934034820845
7.245740403363671
7.243207396734103
7.240694411478748
7.238201467664803
7.23572857610444
7.233275736744903
7.2308429368550025
7.228430148969846
7.226037328547239
7.223664411279071
7.221311309989139
7.218977911034676
7.216664069860576
7.214369606704165
7.212094300467821
7.209837881844923
7.207600025406662
7.205380340185315
7.203178358617323
7.200993523515688
7.198825173563938
7.196672526134935
7.194534659491137
7.192410494149926
7.190298776335869
7.18819806768315
7.1861067484831285
7.184023045907445
7.181945103199818
7.17987110835244
7.177799495814219
7.175729214334005
7.17366001367736
7.17159265545807
7.169528937648475
7.167471478961121
7.165423323135122
7.163387510432284
7.16136675851064
7.1593632884367
7.157378822744165
7.155414634204725
7.153471638372083
7.151550483438503
7.149651625280312
7.1477753844444125
7.145921987282127
7.14409159483314
7.142284322652659
7.140500254223837
7.138739449979562
7.1370019533635976
7.135287794913395
7.133596995016605
7.131929565793258
7.130285512395404
7.128664833913823
7.12706752402842
7.1254935714853875
7.123942960458804
7.122415559842441
7.120911499064335
7.1194307330117415
7.117973331307414
7.116539098025542
7.115128008110218
7.11374002801358
7.112375117630708
7.111033231843276
7.109714302250522
7.108418302773512
7.107145174800274
7.105894858093562
7.104667290601327
7.103462408318181
7.1022801452454845
7.101120433408677
7.099983202907081
7.098868381981653
7.097775897092066
7.096705672998083
7.095657632842205
7.094631698231847
7.093627789319927
7.0926458248833075
7.091685722398678
7.090747398115616
7.089830767126816
7.088935743435255
7.0880622400184095
7.087210168889414
7.086379441155232
7.085569967071797
7.084781656096235
7.084014416936123
7.083268157595888
7.0825427854203955
7.081838207135725
7.08115432888727
7.08049105627519
7.079848294387223
7.0792259478291335
7.078623920752592
7.07804211688076
7.077480439531612
7.076938791639037
7.076417075771857
7.075915194150808
7.07543304866357
7.074970540877978
7.074527572053414
7.07410404315055
7.073699854839484
7.073314907506351
7.07294910125852
7.0726023359284245
7.07227451107615
7.071965525990811
7.071675279690855
7.071403670923311
7.0711505981621015
7.070915959605473
7.070699653172639
7.07050157649966
7.070321626934687
7.070159701532593
7.070015697049081
7.069889509934303
7.069781036326079
7.069690172042768
7.069616812575824
7.069560853082106
7.06952218837601
7.069500712921426
7.069496320823612
7.069508905820998
7.069538361276969
7.069584580171684
7.069647455093921
7.069726878233057
7.069822741371122
7.069934935875048
7.070063352689067
7.070207882327344
7.070368414866824
7.070544839940339
7.070737046729995
7.070944923960832
7.061875251268783
7.060134820727511
7.060823703091615
7.062618553483279
7.065100937843517
7.06808883453543
7.071478083058874
7.075199168559447
7.079202095682785
7.083449134965802
7.087910837969141
7.092563355538367
7.0973866623822675
7.102363339298398
7.107477726128835
7.112715327013837
7.11806238994531
7.123505608297339
7.129031908910244
7.1346283026385136
7.1402817809527654
7.145979247414555
7.151707476403104
7.157453093883967
7.175896403359472
7.178820985887367
7.1812337733549985
7.1835960405674815
7.185923122342728
7.188216647636655
7.190477682813891
7.192707156825998
7.194905897082506
7.197074649541244
7.199214094936116
7.20132486205749
7.203407538581525
7.2054626798580275
7.207490816000586
7.209492457567691
7.211468100076893
7.2134182275548735
7.215343315293151
7.21724383195142
7.219120241127111
7.220973002490097
7.2228025725650715
7.224609405230221
7.226393951989303
7.2281566620645
7.2298979823493195
7.231618357254015
7.233318228470311
7.234998034677476
7.23665821120781
7.238299189686288
7.239921397656375
7.24152525820166
7.24311118957104
7.244679604813642
7.246230911428229
7.247765511030815
7.2492837990432335
7.250786164404644
7.252272989307359
7.253744648957791
7.255201511362952
7.256643937142538
7.258072279366337
7.259486883416533
7.2608880868742105
7.262276219429265
7.26365160281279
7.2650145507509505
7.26636536893925
7.267704355036115
7.269031798674606
7.270347982793039
7.271653178428454
7.272947652725216
7.274231663651396
7.275505461443205
7.276769288699088
7.278023380486664
7.279267964459054
7.280503260979587
7.281729483253942
7.2829468374687805
7.284155522936142
7.285355732242676
7.286547651403026
7.287731460016613
7.2889073314271835
7.290075432884434
7.29123592570717
7.292388965447454
7.2935347020551715
7.29467328004262
7.295804838648643
7.296929512001914
7.298047429283016
7.299158714884968
7.300263488571929
7.30136186563576
7.302453957050249
7.303539869622737
7.3046197061429945
7.305693565529165
7.306761542970606
7.307823730067539
7.308880214967393
7.309931082497748
7.310976414295801
7.312016288934342
7.313050782044142
7.31385472675621
7.314472530783329
7.314944454955161
7.315302199001141
7.315570565068013
7.315769065166152
7.315912884572394
7.3160139327446725
7.3160815267146555
7.316122953477517
7.316143911430242
7.316148856166179
7.316141271204833
7.316123879871264
7.316098811068884
7.316067728948933
7.316031934321339
7.3159924439542765
7.31595005257673
7.315905381352891
7.315858915777585
7.315811035299952
7.3157620364800575
7.315712151089682
7.315661560260832
7.3156104055447555
7.315558797555965
7.315506822728608
7.315454548597322
7.315402027924828
7.315349301928106
7.315296402799981
7.315243355680023
7.315190180195017
7.315136891663002
7.31508350203436
7.315030020627391
7.314976454703214
7.314922809915157
7.314869090659973
7.314815300352374
7.3147614416396
7.314707516569139
7.31465352671981
7.314599473304219
7.3145453572488535
7.3144911792566685
7.314436939856015
7.31438263943888
7.314328278290768
7.314273856614072
7.314219374546322
7.31416483217446
7.314110229545986
7.314055566677686
7.314000843562431
7.313946060174504
7.313891216473763
7.313836312408891
7.313781347919925
7.313726322940252
7.31367123739815
7.313616091218004
7.313560884321243
7.313505616627084
7.313450288053101
7.3133948985156785
7.313339447930358
7.313283936212111
7.3132283632755515
7.313172729035097
7.313117033405099
7.31306127629994
7.3130054576341115
7.312949577322271
7.312893635279282
7.312837631420266
7.312781565660602
7.312725437915964
7.312669248102334
7.312612996136003
7.312556681933586
7.3125003054120254
7.3124438664885885
7.312387365080883
7.3123308011068335
7.312274174484706
7.312217485133095
7.31216073297092
7.3121039179174225
7.312047039892179
7.311990098815074
7.311933094606323
7.311876027186445
7.3118188964762805
7.31176170239698
7.311704444869997
7.311647123817092
7.311589739160328
7.311532290822063
7.311474778724959
7.311417202791962
7.311359562946317
7.311301859111548
7.311244091211477
7.311186259170195
7.311128362912087
7.3110704023618
7.30440791506481
7.300961681945444
7.29818344133789
7.2955703891395505
7.293004166860092
7.290455997009152
7.287918402245577
7.285389009648852
7.282866696250364
7.280350668653211
7.277840241199805
7.275334780775244
7.272833691552489
7.270336409459903
7.267842399142184
7.265351151670951
7.262862182572411
7.260375030054695
7.257889253394286
7.255404431460764
7.252920161365117
7.250436057219291
7.247951748996242
7.245466881480978
7.2429811133040625
7.240494116049957
7.238005573433422
7.2355151805378215
7.233022643109846
7.230527676905743
7.228030007084551
7.225529367644373
7.22302550089803
7.220518156984854
7.2180070934156175
7.215492074647944
7.21297287168976
7.210449261728553
7.207921027784458
7.205387958385302
7.202849847261977
7.200306493062584
7.19775769908398
7.19520327301945
7.192643026721328
7.190076775977528
7.187504340300985
7.184925542731102
7.18234020964641
7.179748170587658
7.177149258090638
7.1745433075281015
7.171930156960197
7.1693096469928355
7.166681620643535
7.164045923214226
7.161402402170625
7.158750907027741
7.156091289241194
7.153423402103926
7.150747100648092
7.148062241551714
7.1453686830499334
7.14266628485053
7.13995490805352
7.137234415074571
7.134504669572071
7.131765536377629
7.12901688142984
7.126258571711156
7.1234904751876975
7.1207124607518635
7.1179243981676255
7.115126158018335
7.112317611656994
7.109498631158802
7.106669089275963
7.103828859394581
7.100977815493605
7.098115832105729
7.095242784280154
7.092358547547176
7.089462997884498
7.08655601168522
7.083637465727463
7.0807072371455515
7.077765203402714
7.074811242265262
7.071845231778202
7.068867050242239
7.065876576192142
7.062873688376431
7.059858265738356
7.056830187398166
7.053789332636596
7.050735580879603
7.0476688116842725
7.044588904725962
7.0414957397865505
7.038389196743909
7.035269155562464
7.0321354962849325
7.02898809902517
7.025826843962147
7.022651611335038
7.019462281439434
7.016258734624661
7.013040851292218
7.009808511895336
7.006561596939651
7.003299986985
7.000023562648358
6.996732204607912
6.993425793608259
6.990104210466808
6.986767336081302
6.983415051438553
6.98004723762436
6.976663775834643
6.973264547387795
6.969849433738283
6.96641831649151
6.962971077419967
6.959507598480673
6.956027761833949
6.952531449863536
6.949018545198087
6.945488930734056
6.9419424896600095
6.938379105482389
6.934798662052751
6.931201043596517
6.9275861347432715
6.923953820558614
6.920303986577633
6.916636518840009
6.912951303926796
6.909248228998912
6.905527181837369
6.901788050885309
6.898030725291842
6.894255094957772
6.890461050583209
6.886648483717159
6.882817286809089
6.878967353262538
6.8750985774908235
6.871210854974878
6.867304082323269
6.863378157334457
6.859432979061341
6.855468447878142
6.851484465549674
6.847480935303077
6.843457761902047
6.839414851723624
6.835352112837616
6.8312694550886945
6.827166790181244
6.823044031767015
6.818901095535649
6.814737899308147
6.8105543631333445
6.806350409387469
6.802125962876822
6.797880950943719
6.793615303575679
6.789328953518016
6.785021836389856
6.78069389080368
6.776345058488481
6.771975284416577
6.767584516934225
6.763172707896052
6.758739812803448
6.754285790946958
6.749810605552805
6.7453142239335975
6.740796617643343
6.736257762636829
6.731697639433494
6.727116233285867
6.722513534352664
6.717889537876669
6.713244244367454
6.708577659789062
6.703889795752751
6.699180669714891
6.694450305180102
6.689698731909749
6.684925986135878
6.680132110780693
6.675317155681666
6.670481177822376
6.665624241569159
6.660746418913663
6.6558477897214
6.6509284419863395
6.64598847209167
6.641452755036748
6.636705312070333
6.631851350317845
6.626914286663286
6.621900403676588
6.616812402495414
6.61165233298858
6.606422221185213
6.601124196303482
6.595760508762065
6.590333524159696
6.584845711789146
6.579299631880523
6.573697922657283
6.568043287603523
6.562338483175061
6.556586307129517
6.5507895876147435
6.54495117312312
6.539073923388519
6.5331607012735144
6.527214365667249
6.5212377653900795
6.515233734079908
6.50920508601743
6.5031546128332485
6.497085081028944
6.490999230236464
6.484899836914496
6.478789517645588
6.472670929085559
6.46654669784729
6.460419423164371
6.454291677894265
6.44816600969209
6.442044942304524
6.435930976927193
6.429826593572886
6.423734252403365
6.417656394983089
6.411595445418604
6.405553811352529
6.399533884785946
6.393538042707627
6.387568647512784
6.381628047197989
6.375718575322663
6.369842550730813
6.364002277029951
6.358200041826934
6.35243811572318
6.346718751074145
6.34104418052024
6.335416615298407
6.329838243345573
6.324311227206862
6.318837701763154
6.313419771793956
6.308059509392935
6.3027589512545585
6.297520095851375
6.29234490052228
6.287235278492841
6.282193095849305
6.277220168488309
6.272318259064489
6.267489073958283
6.262734260286046
6.258055402974331
6.253454021919681
6.248931569254623
6.244489426739794
6.240128903301036
6.235851232729278
6.231657571559666
6.227548997145008
6.22352650593707
6.219591011987629
6.215743345679442
6.211984252695533
6.208314393233314
6.204734341468241
6.201244585269772
6.1978455261705525
6.194537479587911
6.191320675294957
6.188195258136829
6.185161288986031
6.182218745929216
6.179367525676393
6.176607445182159
6.173938243467466
6.17135958362932
6.168871055024984
6.166472175616496
6.164162394176179
6.161941093859953
6.159807593810108
6.157761152519812
6.155800970696926
6.153926194240112
6.152135917275969
6.150429185235361
6.1488049979533494
6.147262312778628
6.145800047679117
6.144417070341718
6.14311224497309
6.141884389657152
6.1407322953525245
6.139654728693678
6.138650434836574
6.137718140229564
6.136856555302548
6.136064377068503
6.135340291632315
6.134682976602661
6.1340911034035095
6.133563339482504
6.133098350414256
6.132694801897209
6.132351361643386
6.132066701160882
6.131839497429553
6.131668434470783
6.131552204812703
6.131489510852595
6.131479066118618
6.131519596433247
6.131609840981133
6.131748553284298
6.1319345018668345
6.132166472120964
6.132443264997855
6.132763699504673
6.1331266124832675
6.133530859183195
6.1339753136978095
6.134458869322237
6.134980438847816
6.135538954798334
6.136133369611819
6.136762655771373
6.13742580588838
6.13812183274133
6.1388497692734365
6.13960866855207
6.140397603692944
6.141215667751892
6.142061973586927
6.142935653693165
6.143835860013098
6.144761763724546
6.145712555008519
6.146687442799117
6.1476856545174305
6.148706435791352
6.14974905016305
6.150812778785774
6.151896920111547
6.153000789571196
6.1541237037299465
6.155265037802371
6.1564241468842384
6.157600409381031
6.1587932203743705
6.16000199013512
6.16122614394198
6.162465120549807
6.163718373237061
6.164985368811751
6.166265587346837
6.167558537663459
6.168863698049128
6.170180595951264
6.17150876297472
6.172847740991005
6.174197083006425
6.175556353051458
6.176925125915403
6.178302986861007
6.179689531340966
6.1810843647199585
6.182487102002888
6.183897367569515
6.185314794915552
6.186739026400277
6.1881697130006845
6.189606514072182
6.191049097115826
6.192497137552075
6.193950318501027
6.195408330569074
6.196870871641949
6.198337646684066
6.1998083675440885
6.20128275276664
6.202760527410065
6.204241422870127
6.2053896852556525
6.206509722896927
6.207602481857188
6.208669130667452
6.2097108152721425
6.210728630986989
6.211723621237987
6.212696779745417
6.2136490530139525
6.214581342730103
6.215494508024397
6.216389367601395
6.217266701745788
6.218127254212931
6.218971734011558
6.219800098242915
6.220613688782242
6.221413884618566
6.222200579688616
6.222974285972703
6.223735530252788
6.224484819869483
6.225222639229159
6.225949450284309
6.226665693477267
6.227371788697832
6.22806813619958
6.228755117470197
6.229433096057602
6.230102418354206
6.230763414341651
6.231416398298202
6.232061669470847
6.232699512714005
6.23333019909666
6.233953986479572
6.234571120064178
6.235181832914615
6.235786346454318
6.236384870938442
6.236977605903382
6.2375647405945065
6.238146454373243
6.238722917104504
6.239294289525431
6.239860723596379
6.240422362835007
6.240979342634259
6.2415317905650465
6.242079826664331
6.242623563709301
6.243163107478291
6.243698556999087
6.244230004785148
6.24475753706035
6.245281233972743
6.24580116979784
6.246317413131887
6.24683002707559
6.247339069408692
6.247844592755836
6.24834664474408
6.248845268152425
6.249340501053719
6.249832376949259
6.250320924896411
6.250806169629525
6.251288131674474
6.251766827457048
6.252242269405483
6.2527144660473715
6.253183422101187
6.253649138562647
6.254111612786138
6.2545708385614045
6.255026806185688
6.255479502531532
6.255928911110408
6.256375012132348
6.256817782561745
6.257257196169493
6.257693223581602
6.258125832324443
6.258554986866777
6.2589806486586825
6.25940277616753
6.259821324911125
6.260236247488144
6.2606474936059735
6.261055010106088
6.2614587409870515
6.261858627425277
6.262254607793628
6.262646617677983
6.263034589891846
6.263418454489124
6.263798138775137
6.264173567315984
6.264544661946343
6.2649113417758
6.265273523193794
6.265631119873267
6.265984042773125
6.266332200139565
6.2666754975063865
6.267013837694356
6.26734712080972
6.267675244241951
6.267998102660817
6.268315588012857
6.268627589517359
6.268933993661913
6.269234684197663
6.269529542134308
6.269818445734978
6.270101270511056
6.270377889217062
6.270648171845675
6.270911985623014
6.271169195004262
6.271419661669739
6.271663244521542
6.271899799680845
6.2721291804859804
6.2723512374914
6.272565818467644
6.272772768402451
6.272971929503079
6.273163141200024
6.273346240152225
6.273521060253895
6.273687432643111
6.2738451857123145
6.273994145120836
6.276644499294401
6.279169416752243
6.281569277607915
6.283844834622935
6.2859973508953075
6.288028486138
6.289940186211588
6.2917345967568155
6.293413997154296
6.294980749933437
6.296437261845857
6.2977859537998295
6.299029237572118
6.300169497732942
6.3012090775973935
6.302150268294134
6.302995300248212
6.303746336529088
6.304405467631469
6.304974707344899
6.305455989435466
6.3058511649145395
6.306161999708666
6.306390172574692
6.306537273126384
6.3066047998553
6.306594158039949
6.306506657444538
6.306343509712172
6.3061058253575535
6.305794610261279
6.305410761561651
6.304955062830368
6.304428178405273
6.3038306467358725
6.303162872575054
6.302425117822215
6.3016174907875735
6.300739933603183
6.299792207450547
6.298773875205034
6.297684281009173
6.29652252617518
6.295287440674314
6.293977549286876
6.292591031248253
6.291125671913996
6.28957880455381
6.287947239831583
6.286227179780571
6.284414112056857
6.282502678826747
6.280486512625813
6.278358028624016
6.276108158471451
6.273726004509902
6.271198383310927
6.268509211961385
6.2656386651247615
6.262561987816235
6.259247772377326
6.255655365069978
6.251730781995694
6.247399895030795
6.242556158107974
6.221565840767853
6.201638825219373
6.182794108266877
6.165050181405484
6.14841782474592
6.132898065804424
6.118482127640546
6.105151258109024
6.092877389658234
6.081624071554482
6.0713477877237425
6.061999219825044
6.053524836311795
6.045868329271219
6.038971989237481
6.0327779339821
6.02722915744355
6.022270383803732
6.017848727181378
6.013914168871989
6.0104198715739905
6.007322354086666
6.004581551253808
6.002160783208625
6.0000266559545485
5.99814891256505
5.996500251248665
5.995056123507393
5.993794522818831
5.992695771795934
5.9917423136719385
5.990918525063199
5.9902104747775295
5.98960582754149
5.989093627163533
5.988664161633863
5.988308827908949
5.98802000969245
5.9877909674792305
5.987615740012003
5.987489056247823
5.987406256918423
5.9873632247970745
5.987356322795669
5.987382339111811
5.9874384386837
5.987522120179998
5.987631178152769
5.987763669335855
5.987917883082319
5.988092315169202
5.98828564466653
5.988496713500771
5.9887245083923215
5.988968144884855
5.98922685321686
5.989499965815448
5.989786906218161
5.990087179268601
5.990400362342476
5.990726097693956
5.991064085525789
5.99141407786258
5.991775873162985
5.992149311364494
5.9925342695985915
5.992930659111176
5.993338418426387
5.993757515438834
5.99418794103444
5.994629707512218
5.995082846331223
5.9955474060845795
5.996023450676646
5.996511057682791
5.997010316873862
5.997521328889667
5.9980442040482185
5.998579061278995
5.999126026095525
5.999685234094257
6.00025682361607
6.000840939536946
6.001437731576512
6.002047353816708
6.0026699643025925
6.003305724723636
6.003954800174789
6.004617358997168
6.005293572699556
6.0059836159622115
6.006687666725976
6.007372660358655
6.008030187140488
6.0086617976750025
6.009268920175153
6.009852875241883
6.010414886981083
6.010956093337134
6.011477551257934
6.011980249246379
6.012465110549042
6.012932999952236
6.013384729039697
6.013821060874244
6.014242714170973
6.0146503661896675
6.0150446585701705
6.015426198580481
6.0157955602128235
6.01615328898479
6.016499903283648
6.016835896284897
6.017161737683494
6.017477875255105
6.017784736266146
6.018082728749547
6.018372242661253
6.018653650930655
6.018927310416991
6.019193562781977
6.019452735287969
6.01970514152982
6.019951082107742
6.020190845247486
6.0204247073735715
6.020652933640653
6.02087577842729
6.02109348579627
6.021306289924762
6.021514415507507
6.021718078135728
6.02191748465412
6.0221128334981175
6.022304315013208
6.022492111758073
6.022676398792962
6.022857343954485
6.023035108118194
6.023209845449799
6.023381703645866
6.02355082416495
6.023717342449779
6.023881388141016
6.024043085283326
6.024202552524074
6.024359903305137
6.024515246048309
6.024668684334436
6.0248203170768
6.024970238688856
6.025118539246728
6.025265304646488
6.025410616756623
6.025554553565761
6.025697189325786
6.025838594690617
6.0259788368507206
6.026117979663453
6.026256083779411
6.026393206764938
6.026529403220775
6.0266647248970795
6.026799220804839
6.026932937323799
6.027065918306993
6.027198205181977
6.0273298370487645
6.027460850774698
6.02759128108621
6.0277211606575705
6.027850520196746
6.027979388528392
6.028107792674106
6.028235757929919
6.028363307941219
6.028490464775077
6.028617248990073
6.028743679703687
6.028869774657348
6.0289955502791965
6.029121021744522
6.02924620303414
6.029371106990581
6.029495745372221
6.029620128905477
6.029744267334984
6.029868169471979
6.0299918432407855
6.030115295723548
6.0302385332033035
6.030361561205299
6.030484384536777
6.030607007325146
6.030729433054687
6.030851664601746
6.0309737042685345
6.031095553815615
6.03121721449294
6.035613044738371
6.039618355471953
6.043270088251656
6.046597388502969
6.049625618397911
6.052377361923916
6.054872887482897
6.057130461605516
6.059166607535618
6.0609963202153
6.062633248657458
6.064089851545235
6.065377530669129
6.066506745893651
6.0674871146445755
6.0683274994792535
6.069036079379676
6.069620421445951
6.070087535488157
6.0704439259676395
6.070695637316416
6.070848294072778
6.070907136671699
6.0708770533875285
6.070762608938321
6.070568070171264
6.070297429188413
6.06995442422124
6.069542558519324
6.069065117483692
6.068525184240739
6.067925653832039
6.067269246168654
6.066558517880962
6.065795873178934
6.064983573823409
6.06412374829688
6.0632184002518965
6.062269416306123
6.06127857324527
6.060247544688328
6.059177907263521
6.058071146338294
6.0569286613420035
6.055751770716067
6.054541716522749
6.053299668740682
6.052026729272447
6.050723935687141
6.049392264718657
6.048032635538469
6.0466459128200265
6.045232909610299
6.043794390022607
6.042331071763719
6.040843628506946
6.0393326921221115
6.037798854772257
6.03624267088616
6.034664659015026
6.033065303580997
6.03144505652456
6.029804338857325
6.0281435421262035
6.0264630297945025
6.024763138545064
6.023044179510193
6.021306439432733
6.019550181762405
6.0177756476911215
6.0159830571308355
6.014172609637132
6.012344485281644
6.010498845476046
6.008635833750333
6.006755576487752
6.004858183618739
6.00294374927596
6.001012352412459
5.999064057384781
5.997098914502823
5.995116960548023
5.993118219261439
5.9911027018031575
5.98907040718434
5.987021322673221
5.98495542417619
5.98287267659511
5.980773034161886
5.978656440751272
5.976522830172856
5.9743721264430425
5.972204244037884
5.9700190881275095
5.967816554792848
5.965596531225341
5.963358895910265
5.9611035187942365
5.958830261437472
5.956538977151312
5.954229511121478
5.951901700517534
5.949555374588946
5.947190354748149
5.94480645464097
5.942403480204736
5.939981229714394
5.937539493816897
5.935078055554128
5.93259669037461
5.9300951661341665
5.927573243085782
5.925030673858771
5.9224672034274395
5.919882569069359
5.917276500313317
5.914648718877102
5.911998938595106
5.909326865335858
5.906632196909456
5.903914622964956
5.901173824877667
5.8984094756263366
5.8956212396601755
5.892808772755644
5.889971721862923
5.887109724941957
5.884222410787929
5.881309398846039
5.878370299015414
5.875404711441955
5.872412226299923
5.86939242356203
5.866344872757792
5.863269132719865
5.860164751318086
5.857031265180893
5.853868199403778
5.850675067244445
5.847451369804245
5.844196595695512
5.84091022069434
5.837591707378366
5.83424050474904
5.830856047837883
5.827437757296195
5.823985038967618
5.820497283442965
5.816973865596681
5.813414144104263
5.809817460939924
5.806183140853815
5.802510490827976
5.798798799510272
5.795047336625421
5.791255352362292
5.7874220767365205
5.783546718927512
5.779628466588843
5.775666485131026
5.771659916975598
5.767607880779395
5.763509470627903
5.759363755196507
5.755169776878402
5.7509265508779635
5.746633064268254
5.742288275011406
5.737891110940512
5.733440468701704
5.728935212655035
5.7243741737328
5.719756148253914
5.715079896692989
5.710344142402747
5.705547557307809
5.700688810528674
5.695766494643531
5.690779170942231
5.68572535627692
5.680603521521512
5.675412090560308
5.67014943758481
5.664813902009265
5.659403725218886
5.653917136893007
5.648352296775386
5.642707306182381
5.6369802059956475
5.631168974608433
5.625271525829279
5.619285706747917
5.613209295569278
5.607039999422965
5.600775452156997
5.594413212126534
5.587950759990368
5.5813854965302925
5.574714740511325
5.575162550470143
5.5756812165854175
5.576265815519563
5.576912812059277
5.577619340411252
5.578382894360994
5.579201187639891
5.580072088841085
5.580993589045735
5.581963783891175
5.582980862144228
5.584043097351965
5.585148841096383
5.5862965172175505
5.587484616723606
5.5887116932521135
5.589976359005508
5.591277281106274
5.592613178326421
5.593982818149523
5.595385014126483
5.596818623488775
5.598282544985519
5.599775716913939
5.6012971153157025
5.602845752315126
5.604420674577684
5.606020961870712
5.607645725710779
5.60929410808416
5.610965280229937
5.612658441476372
5.614372818123572
5.616107662366899
5.617862251256078
5.619635885687688
5.621427889427832
5.6232376081639055
5.625064408584162
5.626907677484686
5.628766820903535
5.630641263282145
5.632530446654034
5.634433829861386
5.6363508877996
5.63828111069023
5.640224003382632
5.6421790846842015
5.644145886719619
5.646123954318812
5.648112844433524
5.65011212558223
5.652121377322817
5.654140189752878
5.656168163036415
5.658204906956718
5.660250040494336
5.662303191429344
5.664363995966948
5.666432098385456
5.6685071507055245
5.6705888123797985
5.672676750001681
5.674770637032334
5.676870153544833
5.6789749859844765
5.681084826944137
5.68319937495375
5.685318334283142
5.687441414756924
5.6895683315810155
5.691698805179644
5.693832561042247
5.69596932957943
5.698108845987305
5.7002508501196445
5.702395086367128
5.704541303543222
5.70668925477612
5.708838697406241
5.710989392888981
5.713141106702083
5.715293608257506
5.717446670817234
5.719600071412914
5.721753590768832
5.72390701322817
5.726060126682139
5.7282127225019535
5.73036459547328
5.73251554373314
5.734665368708963
5.7368138750598
5.738960870619452
5.741106166341485
5.743249576245937
5.745390917367727
5.747530009706584
5.7496666761785145
5.751800742568641
5.753932037485403
5.756060392316098
5.758185641183588
5.7603076209042765
5.762426170947192
5.764541133394194
5.766652352901237
5.768759676660661
5.770862954364507
5.772962038168786
5.775056782658655
5.777147044814571
5.779232683979243
5.781313561825484
5.783389542324905
5.785460491717353
5.787526278481217
5.789586773304422
5.791641849056194
5.793691380759531
5.795735245564387
5.79777332272152
5.799805493556982
5.8018316414473
5.803851651795205
5.8058654120060265
5.8078728114646365
5.809873741512992
5.811868095428191
5.813855768401078
5.815836657515406
5.8178106617274326
5.819777681846046
5.821737620513386
5.823690382185887
5.825635873115751
5.827574001332916
5.829504676627361
5.83142781053189
5.8333433163052515
5.835251108915674
5.837151105024728
5.839043222200801
5.840927381221896
5.842803503748813
5.8446715130610105
5.8465313340560225
5.848382893235272
5.850226118690081
5.852060940088079
5.853887288659807
5.855705097185617
5.857514299982823
5.859314832893071
5.861106633269964
5.862889639966877
5.864663793325041
5.866429035161737
5.868185308758785
5.869932558851151
5.871670731615736
5.873399774660403
5.87511963701305
5.876830269110952
5.878531622790177
5.8802236512751636
5.88190630916845
5.883579552440491
5.8852433384196265
5.886897625782168
5.88854237454257
5.890177546043696
5.891803102947234
5.893419009224129
5.8950252301451584
5.896621732271558
5.8982084834457345
5.899785452782013
5.901352610657512
5.90290992870302
5.904457379793945
5.905994938041343
5.9075225787829195
5.909040278574152
5.910548015179406
5.912045767563078
5.913533515880815
5.915011241470692
5.916478926844458
5.917936555678775
5.91938411280651
5.920821584207989
5.92224895700228
5.923666219438489
5.9250733608870645
5.9264703718310665
5.927857243857457
5.929233969648395
5.9306005429725115
5.911780240520488
5.905678068425747
5.899632070711715
5.893642812186267
5.887710735594371
5.881835976804944
5.87601838995004
5.870257605454325
5.864553082265416
5.858904148676042
5.853310034658905
5.847769894840061
5.8422828316965365
5.836847903623597
5.831464144958353
5.826130574219988
5.820846203176227
5.8156100445225025
5.810421118444545
5.805278458240896
5.800181115145551
5.7951281624364155
5.790118698942566
5.785151851989941
5.780226779858284
5.775342673793582
5.770498759615455
5.765694298968428
5.760928590235503
5.756200969166258
5.751510809220418
5.746857521690851
5.742240555585852
5.7376593973354355
5.7331135703231775
5.728602634263408
5.724126184433479
5.7196838508186
5.715275297124913
5.710900219732837
5.706558346561708
5.702249435882176
5.69797327508226
5.693729679394045
5.689518490595889
5.685339575686793
5.681192825556914
5.677078153661409
5.672995494675622
5.6689448031770935
5.664926052328837
5.66093923258778
5.656984350422017
5.653061427066971
5.649170497293831
5.6453116082202826
5.6414848181433905
5.637690195404757
5.633927817300383
5.63019776901356
5.626500142591718
5.62283503596189
5.619202551973698
5.615602797491954
5.612035882520312
5.608501919362667
5.605001021824378
5.601533304452389
5.598098881803523
5.594697867767298
5.591330374902492
5.587996513823513
5.584696392619345
5.58143011630577
5.578197786307929
5.5749994999790955
5.571835350151145
5.568705424713084
5.565609806222587
5.562548571548115
5.559521791531964
5.556529530693574
5.553571846944216
5.550648791342978
5.547760407865818
5.544906733206323
5.542087796592962
5.5393036196392
5.536554216201622
5.5338395922719394
5.53115974587651
5.528514667007014
5.525904337561653
5.523328731305097
5.520787813846111
5.518281542632173
5.5158098669565065
5.513372727982517
5.5109700587777795
5.508601784364548
5.506267821783721
5.503968080164477
5.501702460809464
5.499470857290372
5.497273155548494
5.495109234011304
5.492978963710255
5.490882208410263
5.488818824744493
5.486788662358693
5.484791564058207
5.4828273659586
5.48089589764964
5.4789969823553655
5.477130437100432
5.475296072880915
5.473493694841282
5.47172310244509
5.469984089658075
5.468276445126271
5.466599952357484
5.464954389907063
5.463339531558625
5.461755146345057
5.460200999230358
5.458676850792528
5.457182457576426
5.455717572276549
5.454281943919015
5.452875318043835
5.451497436884702
5.4501480395452395
5.44887219971134
5.447623018831704
5.446400285548698
5.445203773154706
5.44403324367308
5.442888450880762
5.44176914238505
5.440675061076988
5.439605946178287
5.438561534011932
5.4375415585899525
5.436545752069524
5.435573845120872
5.434625567230391
5.433700646953694
5.432798812136256
5.431919790102972
5.431063307828661
5.43022909208991
5.429416869602961
5.428626367150837
5.427857311696912
5.427109430495693
5.426382451191191
5.4256761019121225
5.42499011135986
5.424324208892242
5.423678124603961
5.4230515894009965
5.422444335073149
5.421856094362979
5.421286601032191
5.420735589925331
5.420202797030521
5.4196879595388205
5.4191908159009206
5.418711105882794
5.41824857061812
5.417802952660223
5.417373996031643
5.416961446272233
5.4165650504861365
5.416184557385861
5.415819717336666
5.415470282398484
5.4151360063660015
5.414816644808265
5.414511955106206
5.414221694047016
5.413945625290337
5.413683511863071
5.41343512086006
5.413200217010165
5.4129785692746335
5.412769948649711
5.412574128193011
5.412390883047774
5.412219990466568
5.4120612298328785
5.4119143826814895
5.4117792327175405
5.411655565834112
5.411543170120573
5.411441835900356
5.411351355720477
5.411271524371131
