5.066239472342238e-05
5.119935195344589e-05
5.123740593248719e-05
5.127280099241407e-05
5.130821162205638e-05
5.134371118362106e-05
5.1379295304202055e-05
5.141495843276391e-05
5.145069595552993e-05
5.1486504087296754e-05
5.1522379724594615e-05
5.155832032206095e-05
5.1594323789871936e-05
5.16303884088116e-05
5.166651276005496e-05
5.17026956672197e-05
5.173893614863172e-05
5.1775233378093406e-05
5.1811586652713546e-05
5.184799536660746e-05
5.188445898945962e-05
5.192097704911989e-05
5.1957549117534555e-05
5.199417479943339e-05
5.203085372329016e-05
5.2067585534155946e-05
5.210436988803412e-05
5.214120644751363e-05
5.21780948784402e-05
5.2215034847426086e-05
5.225202602004611e-05
5.228906805958832e-05
5.232616062624942e-05
5.236330337668625e-05
5.240049596385166e-05
5.243773803705356e-05
5.247502924217349e-05
5.251236922204549e-05
5.2549757616895646e-05
5.258719406487414e-05
5.2624678202630316e-05
5.266220966591198e-05
5.269978809018204e-05
5.273741311123888e-05
5.2775084365819305e-05
5.281280149220245e-05
5.28505641307796e-05
5.288837192460543e-05
5.2926224519918846e-05
5.296412156663342e-05
5.3002062718795135e-05
5.3040047635006745e-05
5.307807597881843e-05
5.311614741908569e-05
5.315426162458702e-05
5.3192418287245425e-05
5.3230617087808034e-05
5.326885771923962e-05
5.330713988112138e-05
5.334546327980162e-05
5.3383827628535306e-05
5.3422232647598924e-05
5.3460678064379614e-05
5.3499163613442284e-05
5.353768903657304e-05
5.3576254082804326e-05
5.361485850841737e-05
5.365350207693144e-05
5.369218455907164e-05
5.373090573272651e-05
5.37696653828879e-05
5.3808463301578875e-05
5.3847299287771684e-05
5.3886173147294576e-05
5.392508469272696e-05
5.396403374329006e-05
5.4003020124727064e-05
5.404204366917799e-05
5.4081104215049045e-05
5.4120201606876555e-05
5.415933569518666e-05
5.41985063363532e-05
5.42377133924506e-05
5.427695673110697e-05
5.431623622535282e-05
5.435555175347282e-05
5.439490319885268e-05
5.443429044982934e-05
5.4473713399540585e-05
5.451317194577434e-05
5.45526659908204e-05
5.4592195441323866e-05
5.4625750510462865e-05
5.46607009054257e-05
5.469674839170585e-05
5.473365769312547e-05
5.477127116933505e-05
5.480938376075663e-05
5.4847945603252606e-05
5.4886849836836803e-05
5.49260287927534e-05
5.49654295935074e-05
5.500501091368846e-05
5.50447404527322e-05
5.508459296209495e-05
5.5124548704629336e-05
5.5164592251112765e-05
5.5204711539925526e-05
5.524489714220486e-05
5.5285141687486095e-05
5.5325439414736764e-05
5.5365785821371796e-05
5.5406177388847146e-05
5.544661136812048e-05
5.54870856118871e-05
5.5527598443423226e-05
5.556814855401364e-05
5.560873492274919e-05
5.564935675381016e-05
5.569001342742174e-05
5.573070446150187e-05
5.577142948166916e-05
5.581218819778832e-05
5.5852980385629436e-05
5.5893805872522124e-05
5.593466452614029e-05
5.597555624572828e-05
5.601648095524075e-05
5.60574385979764e-05
5.6098429132383495e-05
5.613945252877687e-05
5.618050876677128e-05
5.622159783327518e-05
5.6262719720920825e-05
5.630387442683221e-05
5.634506195167142e-05
5.63862822988855e-05
5.6427535474109545e-05
5.6468821484722215e-05
5.651014033947428e-05
5.6551492048212635e-05
5.659287662165839e-05
5.663429407123497e-05
5.667574440893329e-05
5.6717227647205515e-05
5.675874379888288e-05
5.68002928771102e-05
5.6841874895295866e-05
5.688348986707197e-05
5.692513780626187e-05
5.696681872685716e-05
5.700853264299672e-05
5.7050279568952506e-05
5.709205951911762e-05
5.7133872507996445e-05
5.717571855019654e-05
5.7217597660423353e-05
5.7259509853475975e-05
5.7301455144241116e-05
5.734343354769235e-05
5.7385445078886304e-05
5.7427489752960745e-05
5.7469567585133266e-05
5.751167859069884e-05
5.755382278502922e-05
5.7596000183572737e-05
5.7638210801851296e-05
5.768045465546164e-05
5.772273176007286e-05
5.776504213142727e-05
5.780738578533837e-05
5.784976273769155e-05
5.789217300444254e-05
5.7934616601617236e-05
5.7977093545311516e-05
5.801960385169077e-05
5.8062147536988134e-05
5.8104724617506024e-05
5.8147335109614616e-05
5.818997902975112e-05
5.8232656394420406e-05
5.827536722019362e-05
5.831811152370788e-05
5.836088932166662e-05
5.8403700630838966e-05
5.8446545468058196e-05
5.848942385022326e-05
5.853233579429668e-05
5.857528131730507e-05
5.8618260436338856e-05
5.8661273168551445e-05
5.8704319531159404e-05
5.874739954144151e-05
5.879051321673853e-05
5.883366057445323e-05
5.887684163204977e-05
5.892005640705343e-05
5.8963304917050144e-05
5.900658717968693e-05
