21.59544
21.65870193138496
21.701012509295094
21.752743477618825
21.809640942866764
21.86912473676434
21.92970958075268
21.990540067124165
22.051122599711817
22.111171381614586
22.170519941382214
22.22907031033323
22.286763829143084
22.34356438052172
22.399448761645633
22.45440115962536
22.508409985350788
22.56146606321575
22.613561600585893
22.66468960585731
22.714843564750357
22.764017265420964
22.812204709515747
22.859400073070503
22.905597696566453
22.950792092339263
22.994977962665125
23.03815022482147
23.080304041157166
23.121434853237727
23.161538419763215
23.20061085836446
23.238648691673973
23.275648898301164
23.311608969556534
23.346526972990794
23.38040162406005
23.413232367511693
23.445019470417428
23.475764129172827
23.505468601635744
23.53413634070519
23.561772143888998
23.58838238164049
23.613975214801954
23.638560863238016
23.662151919131258
23.684763714978672
23.70641471862229
23.727127029209175
23.746926835287113
23.76584491435532
23.783917046070798
23.801184222762895
23.817692444695755
23.83349177483807
23.84863421135164
23.863169890920787
23.87714131882255
23.890575944862757
23.90347854906468
23.915826137627203
23.927568260104202
23.93863383879721
23.94894242065548
23.95841564355145
23.96698517526809
23.974596884242402
23.981209959044374
23.986795409432503
23.99133341582737
23.9948109152249
23.9972196568831
23.998554772285733
23.998813769618533
23.99799584062757
23.996101392867704
23.993131738337333
23.98908888642553
23.983975405487946
23.97779432919663
23.97054909250592
23.962243486568156
23.95288162610183
23.94246792518056
23.93100707828376
23.918504044932885
23.904964036689005
23.89039665299261
23.87480182958966
23.858186112039938
23.840551852876363
23.821911350781
23.80227060914141
23.781636014099856
23.76001425844936
23.737412280431375
23.713837931283635
23.68929755888909
23.663798759422416
23.637349235266214
23.609956799004152
23.581629375506573
23.55237500039408
23.522201816431995
23.49111806878047
23.45913209964326
23.426252342635586
23.39248731705932
23.3578456221975
23.322335931693775
23.285966988055932
23.248747597306707
23.210686623795265
23.171792985177174
23.132075647566698
23.091543620863703
23.050205954255105
23.00807173189043
22.965150068730114
22.92145010656454
22.8769810102014
22.831751963818782
22.785772167481078
22.739050833813153
22.691597184832002
22.643420448929263
22.59452985800242
22.544934644729366
22.49464403998441
22.443667270388545
22.39201355599176
22.339692108082048
22.286712127116946
22.233082800772916
22.178813302108164
22.123912787834286
22.06839039669228
22.012255247928422
21.955516439865555
21.89818304856531
21.840264126577015
21.781768701768996
21.72270577623801
21.663084325292676
21.602913296506976
21.54220160883982
21.48095815181686
21.41919178477084
21.3569113361368
21.29412560279876
21.230843349484452
21.16707330820478
21.102824177734973
21.03810462313431
20.972923275301586
20.90728873056362
20.841209550293943
20.774694260559333
20.707751351791746
20.64038927848328
20.572616458902143
20.50444127482736
20.435872071300523
20.36691715639257
20.29758480098393
20.22788323855648
20.15782066499563
20.0874052384014
20.016645078906734
19.945548268502463
19.874122850866996
19.802376831200405
19.73031817606144
19.65795481320694
19.58529463143243
19.79609252111711
19.789428809808253
19.710305102641602
19.598170550710854
19.46561465038279
19.31816688479042
19.159013091850092
18.99028951851177
18.81353970862073
18.62993445703897
18.44039290474085
18.245663442647043
18.046376916844423
17.843082772011936
17.636273873667935
17.42640364375363
17.21389790035981
16.99916300471025
16.78259140216913
16.56456529945892
16.345458988147904
16.125640167457615
15.905470513264657
15.685305668691207
15.226300143765439
15.154233304716232
15.09492770531593
15.036995472506124
14.98005384367959
14.924057726314144
14.868976112543248
14.814781598661162
14.761449475496658
14.708957212634028
14.657284042827909
14.606410622957991
14.556318758362691
14.50699117972589
14.458411363463057
14.410563388038021
14.363431819890218
14.317001623699472
14.271258092594644
14.226186794649113
14.181773532622506
14.138004314424387
14.094865332206691
14.052342948352093
14.0104236869262
13.969094229412113
13.928341413755227
13.888152235919925
13.848513853304915
13.809413589484572
13.770838939843557
13.732777577755328
13.695217361024316
13.658146338368436
13.621552755766395
13.5854250625327
13.549751917017105
13.514522191849718
13.479724978676934
13.445349592350313
13.411385574545145
13.377822696798018
13.344650962961484
13.31186061108283
13.279442114718599
13.247386183702998
13.215683764390814
13.184326039398861
13.15330442687215
13.122610579301938
13.092236381924165
13.06217395072721
13.03241563009769
13.00295399294829
12.973781826887583
12.944892146429428
12.916278179852469
12.88793336756383
12.859851358216666
12.83202600459822
12.804451359364796
12.777121670647773
12.750031377551283
12.723175105561118
12.696547661883697
12.67014403073203
12.643959368575722
12.617988999368807
12.592228409771224
12.566673244375421
12.541319300950764
12.51616252571694
12.491199008655837
12.466424978871622
12.441836800006966
12.417430965722989
12.393204095249617
12.369152929012424
12.345274324340833
12.32156525126273
12.298022788389018
12.274644118891814
12.251426526578769
12.228367392066188
12.205464189052423
12.182714480693182
12.160115916079516
12.137666226819276
12.115363223722062
12.093204793587793
12.071188896098292
12.054098662598939
12.040976828718343
12.030960088251543
12.023370714170516
12.017679636192582
12.013471368357397
12.010422989233502
12.008281505761149
12.006849155300033
12.005971359922333
12.005527296987037
12.005422528211179
12.00558323819061
12.005951730996296
12.006482910157613
12.007141527308178
12.007900031648548
12.008736889027679
12.009635268092163
12.010582013345237
12.011566842461898
12.01258171888756
12.0136203614432
12.014677861017319
12.0157503809602
12.016834922901845
12.017929143706873
12.01903121239962
12.020139698331105
12.021253483765642
12.022371695554751
12.02349365173035
12.024618819759436
12.025746783913874
12.026877219764929
12.02800987424681
12.029144550073216
12.030281093556454
12.031419385086084
12.032559331686496
12.033700861199407
12.034843917736598
12.035988458125335
12.037134449130141
12.038281865280908
12.039430687175246
12.04058090015166
12.041732493252232
12.042885458411929
12.044039789824843
12.045195483448898
12.046352536618574
12.047510947742406
12.04867071606638
12.049831841489056
12.050994324417118
12.052158165652466
12.053323366303935
12.054489927718366
12.055657851426746
12.05682713910211
12.057997792526667
12.059169813566102
12.060343204149603
12.061517966254113
12.062694101892227
12.063871613102595
12.065050501942537
12.06623077048228
12.067412420800444
12.068595454980521
12.069779875108273
12.070965683269499
12.072152881548513
12.073341472026888
12.074531456782447
12.075722837888597
12.076915617413784
12.078109797421002
12.079305379967607
12.080502367105012
12.081700760878565
12.082900563327458
12.084101776484637
12.085304402376797
12.086508443024345
12.087713900441424
12.08892077663597
12.090129073609663
12.09133879335807
12.092549937870581
12.09376250913056
12.094976509115344
12.096191939796315
12.097408803138958
12.098627101102924
12.099846835642063
12.101068008704523
12.10229062223279
12.103514678163739
12.104740178428694
12.10596712495351
12.107195519658596
12.10842536445898
12.109656661264383
12.110889411979267
12.112123618502837
12.11335928272919
12.255649890266948
12.329539624681182
12.389263172755244
12.445594456228475
12.501078231828618
12.556333781034745
12.611521183147847
12.666690286169738
12.721864007821253
12.777058275361181
12.832286835283265
12.887562443954316
12.942897189155921
12.998302600316558
13.053789705156218
13.109369070814225
13.165050838854281
13.2208447566395
13.2767602058894
13.332806228803669
13.388991552014605
13.44532460858209
13.501813558217615
13.558466305902948
13.615290519051252
13.67229364334334
13.729482917357863
13.786865386102368
13.844447913541229
13.902237194206984
13.960239763973116
14.018462010058613
14.076910180327998
14.135590391944167
14.194508639426374
14.253670802160475
14.313082651404077
14.372749856826003
14.432677992614966
14.49287254318983
14.55333890854116
14.614082409230132
14.675108291069918
14.736421729511491
14.798027833754283
14.859931650600554
14.922138168070369
14.98465231879296
15.047478983188952
15.11062299245642
15.174089131372977
15.237882140925247
15.302006720775571
15.366467531575706
15.431269197135977
15.496416306457773
15.561913415637234
15.627765049646046
15.693975703996395
15.760549846295326
15.827491917693862
15.894806334235888
15.962497488111158
16.030569748816557
16.099027464229483
16.167874961596645
16.237116548441776
16.306756513394927
16.376799126946107
16.44724864212585
16.518109295114815
16.589385305784578
16.661080878171344
16.733200200884482
16.805747447451246
16.87872677659917
16.952142332477212
17.025998244817107
17.10029862903543
17.175047586277728
17.250249203405026
17.32590755292378
17.402026692859444
17.47861066657446
17.555663502530685
17.633189213996936
17.71119179870155
17.78967523843025
17.868643498569316
17.948100527594153
18.028050256503096
18.10849659819641
18.18944344680029
18.270894676935477
18.352854142930607
18.435325677979467
18.518313093242224
18.601820176889888
18.685850693091698
18.77040838094511
18.85549695334746
18.9411200958091
19.02728146520734
19.113984688480432
19.20123336126116
19.28903104644925
19.37738127272193
19.46628753298208
19.55575328274303
19.645781938449453
19.736376875733544
19.82754142760581
19.919278882579615
20.011592482728826
20.104485421677722
20.197960842522512
20.292021835683595
20.38667143668801
20.481912623881144
20.577748316067073
20.67418137007694
20.771214578264622
20.868850665928857
20.96709228866161
21.065942029621773
21.16540239673366
21.265475819810103
21.366164647599163
21.467471144754555
21.569397488729056
21.67194576659073
21.775117971761723
21.87891600067935
21.983341649379522
22.088396610002192
22.194082467219175
22.30040069458422
22.407352650805624
22.514939575941685
22.62316258751946
22.73202267657717
22.841520703630955
22.95165739456686
23.0624333364586
23.173848973312356
23.28590460173953
23.398600366558828
23.511936256329
23.625912098813853
23.74052755638113
23.85578212133724
23.971675111199794
24.08820566391017
24.205372732988568
24.323175082633902
24.441611282771674
24.560679704052365
24.680378512803784
24.800705665940672
24.921658905835088
25.043235755151436
25.165433511650033
25.288249242963687
25.41167978135144
25.53572171843443
25.66037139991871
25.785624920310156
25.91147811762696
26.037926568115335
26.164965580974265
26.292590193095627
26.420795163825844
26.549574969755913
26.678923799546588
26.808835548795937
26.93930381495654
27.070321892310034
27.201882767006964
27.333979112179712
27.466603283137278
27.599747312650152
27.733402906334177
27.867561438142317
28.002213945973796
28.137351127409648
28.272963335584578
28.409040575204763
28.545572498721615
28.682548402671696
28.819957224192862
28.95778753772733
29.096027551921924
29.234665106736458
29.373687670770778
29.513082338821434
29.652835829678857
29.792934484176048
29.93336426349977
30.07411074777525
30.202336329891676
30.336339883810666
30.473091784256802
30.611901692524512
30.75256809969151
30.894991161411756
31.039089216835603
31.184781019407158
31.331982221371437
31.480604958874938
31.63055812007104
31.781747768445427
31.93407760166167
32.08744941445495
32.24176355356005
32.39691935745576
32.55281557544522
32.7093507617232
32.866423641097846
33.02393344400911
33.1817802094084
33.33986505491246
33.49809041439899
33.65636024386069
33.814580196870395
33.97265777143465
34.13050243032855
34.28802569722006
34.44513960826385
34.60176165771554
34.75780991592373
34.91320471440953
35.06786864908345
35.22172658124857
35.37470563093594
35.52673516397912
35.67774677435227
35.82767426315204
35.97645361542445
36.124022975860726
36.270322624215986
36.41529495114583
36.55888443501052
36.701037620062564
36.84170309631483
36.980831481279225
37.118375403672594
37.25428948910479
37.38853034769389
37.52105656349418
37.65182868557335
37.78080922053469
37.907962626248874
38.03325530653519
38.156655606515216
38.278133808350724
38.3976621270724
38.515214706205455
38.630767612902645
38.744298832303194
38.855788260847895
38.9652176982953
39.07257083820154
39.17783325664575
39.28099239900473
39.38203756460355
39.48095988909287
39.57775232442923
39.67240961635983
39.76492827933951
39.85530656883347
39.9435444509845
40.02964356964973
40.11360721083458
40.195440264576014
40.2751491843491
40.35274194409142
40.428227992959265
40.501618207947
40.57292484451702
40.6421614854013
40.70934298774795
40.77448542879595
40.8376060502696
40.89872320169003
40.95785628280579
41.01502568534612
41.07025273430167
41.12355962893586
41.17496938372699
41.22450576943719
41.27219325449795
41.318056946895496
41.362122536730354
41.404416239616715
41.44496474617893
41.48379515047302
41.52093491716162
41.55641182016878
41.59025389336482
41.622489382052976
41.653146695994984
41.68225436417264
41.70984099136746
41.73593521661153
41.76056567354881
41.78376118564533
41.80555000175993
41.825960522126636
41.8450210023451
41.86275952369635
41.87920396521457
41.89438197766387
41.90832095939217
41.92104803402495
41.9325900299559
41.942973461586874
41.95222451226557
41.96036901886586
41.96743245795268
41.973439933471376
41.97841616589928
41.98238548279612
41.9853718106889
41.98739866822643
41.98848916053858
41.9886659747355
41.987951376482705
41.98636720758866
41.98393488454248
41.98067539794093
41.976609316520495
41.97175676995892
41.96613748523222
41.959770757239355
41.952675465188165
41.944870074733664
41.93637264179405
41.9272008170549
41.917371850929925
41.90690259890575
41.89580952722622
41.884108718877705
41.871815879839595
41.85894634556635
41.845515087669625
41.83153672077045
41.817025509493966
41.80199537558041
41.786459905088236
41.77043235566664
41.753925663876615
41.73695245254097
41.71952503810535
41.70165543799381
41.683355377943464
41.66463629930444
41.64550936629234
41.62598547318139
41.606075251427924
41.5857890767146
41.56513734965224
41.5441294827517
41.52277528928115
41.501084219186495
41.479065476297755
41.45672804493867
41.434080693349635
41.41113200107742
41.387890340353934
41.364363893701146
41.340560658481614
41.31648816818842
41.29215455742511
41.26756713021451
41.24273316715314
41.217659815446375
41.19235407275365
41.166822788559756
41.141072668293546
41.115110277778086
41.08894204762139
41.06257427748574
41.03601314022667
41.00926468590129
40.982334845647436
40.95522943543526
40.927954159693
40.90051461480903
40.87291629251197
40.84516458313103
40.81726477873879
40.789222076178355
40.761041579977324
40.732728305150765
40.704287179895424
40.67572304817768
40.64704067221736
40.61824473486992
40.59600744161714
40.57427196341405
40.55302272198909
40.5322397853228
40.511903453911984
40.49199482237449
40.472495817213414
40.45338916806854
40.434658372059545
40.416287658891775
40.39826195762486
40.380566865128465
40.36318861614219
40.346114054848435
40.32933060787162
40.31284014098708
40.29661774183786
40.28063762971289
40.264902668765025
40.24940375019319
40.234131414586166
40.21907652697426
40.20423034831702
40.189584529819015
40.17513109799649
40.160862439221894
40.146771284837165
40.132850696944544
40.119094054858444
40.10549504218817
40.092047634520426
40.07874608767282
40.06558492649015
40.052558934158064
40.03966314200882
40.0268928197962
40.01424346641746
40.0017108010613
39.98929075476222
39.97697946234258
39.96477325472437
39.95266865159425
39.940662354405426
39.928751239701654
39.91693235274861
39.90520290145924
39.893560250599954
39.88200191626529
39.870525560609465
39.85912898682347
39.84781013434721
39.83656707430643
39.825398005164985
39.81430124858309
39.80327524547285
39.79231855224285
39.78142983722367
39.770607877266904
39.75985155451026
39.749159853302025
39.738531857278176
39.72796674658584
39.717463795247205
39.707022368657825
39.69664192121426
39.68632199406529
39.676062212982124
39.66586228634243
39.655722003223694
39.645641231601545
39.63561991664868
39.62565807913044
39.615755813892875
39.60591328843995
39.596130741595836
39.58640848224919
39.57674688817583
39.56714640493671
39.557607544848004
39.54813088602047
39.53871707146502
39.5293668082618
39.52008086679006
39.51086008001621
39.501705342837504
39.4926176114789
39.483597902940645
39.474647294494375
39.465766923225345
39.45695798561856
39.44822173718673
39.43955949213783
39.430972623080244
39.42246256076328
39.414030793851325
39.40567886872929
39.39740838933767
39.389221017035055
39.38111847048627
39.37310252557409
39.365175015332795
39.35733782990143
39.34959291649497
39.34194227939144
39.33438797993304
39.32693213653933
39.31957692473049
39.31232457715876
39.305177383645955
39.29813769122504
39.29120790418388
39.28439048410872
39.2776879499257
39.27110287793794
39.264637901856176
39.25829571282053
39.25207905941137
39.24599074764672
39.24003364096391
39.23421066018306
39.22852478344989
39.222979046155295
39.21757654082903
39.21232041700503
39.207213881055296
39.202260195989886
39.19746268121998
39.192824712281165
39.18834972051375
39.18404119269736
39.17990267063637
39.1759377506933
39.17215008326644
39.168543372208916
39.113019222504256
39.05984654088975
39.009048101193414
38.96063668101893
38.9146122438178
38.87096434877245
38.82967452378779
38.790718157001876
38.75406597669237
38.71968521507673
38.68754053067118
38.657594744785165
38.629809433679014
38.60414540776015
38.580563101797274
38.55902289468197
38.53948537320794
38.5219115512834
38.506263053676136
38.492502271619834
38.48059249625078
38.470498034795185
38.462184313619
38.455617971629756
38.45076694704626
38.4476005601967
38.44608959474969
38.446206379609414
38.44792487360562
38.45122075507558
38.45607151846446
38.462456580162595
38.47035739595668
38.4797575927005
38.49064311712113
38.50300240508017
38.51682657512429
38.5321096508106
38.548848817110645
38.567044717225535
38.58670179743852
38.60782870926716
38.630438780252014
38.65455056737008
38.68018851047193
38.70738370756424
38.736174839548205
38.76660927967499
38.7987444332014
38.83264936655271
38.86840680423686
38.90611559807835
38.945893810516246
38.98788260715034
39.03225123206729
39.07920345690901
39.12898607510993
39.18190029805914
39.23831737607181
39.29870055803521
39.36363690726237
39.43388511905409
39.51045073793075
39.59471156559253
39.688643525510656
40.091095030329015
40.462098252434885
40.80298153569358
41.115038154034934
41.3996379275676
41.65823031467785
41.89232855233719
42.10348862938059
42.29328724110295
42.46329989599331
42.61508054584662
42.75014294316559
42.86994504043908
42.97587631831192
43.069248280463434
43.15128800018176
43.223134467355614
43.28583738487404
43.340358011366575
43.38757163483565
43.428271279090524
43.4631722821232
43.49291743397429
43.51808241440269
43.53918132269784
43.55667214008825
43.57096200750567
43.582412237254594
43.59134300632038
43.59803770216716
43.60274690956664
43.605691867146135
43.60706845464521
43.607049070451026
43.605786009601516
43.60341363787469
43.600050492258575
43.59580114468074
43.59075785213106
43.58500201509501
43.57860546471779
43.571631597536935
43.56413637481577
43.55616920243658
43.54777370452483
43.53898840395806
43.52984732139688
43.5203804999242
43.51061446939045
43.500572652310865
43.49027572181614
43.47974191649359
43.46898731748772
43.458026092502166
43.4468707107562
43.43553213245527
43.424019975889664
43.412342664896904
43.400507559020795
43.388521068741966
43.376388757043856
43.36411542950715
43.35170521407022
43.33916163156402
43.32648765850042
43.31368578264286
43.3007580541757
43.28770612403173
43.27453128885699
43.261234523565285
43.247816512341586
43.23427767618988
43.220618197464745
43.20683804171529
43.192936977124155
43.178914591787255
43.16477030905034
43.15050340108511
43.13611300086599
43.12159811177695
43.106957619640546
43.09219029751477
43.07729481367037
43.062269737126876
43.047113542213076
43.03182461209994
43.01640124132625
43.00084163732383
42.985143920940935
42.96930612594313
42.95332619746534
42.93720198936839
42.92135349571152
42.905887906105356
42.89078592182239
42.87602978197559
42.86160307529776
42.84749060085304
42.83367824715351
42.820152884686166
42.80690227260527
42.79391497379161
42.78118027993701
42.76868814475903
42.75642912448827
42.74439432479586
42.73257536557096
42.72096430197853
42.70955361183282
42.69833618470484
42.68730525632731
42.676454393125454
42.66577746795453
42.65526863824451
42.644922326334566
42.63473320175778
42.624696165258136
42.61480633434688
42.60505903022777
42.59544976593521
42.58597423555272
42.57662830439037
42.56740800001558
42.5583095040417
42.549329144591994
42.54046338936466
42.531708839231804
42.52306222231719
42.51452038849795
42.506080304287856
42.49773904805992
42.4894938055735
42.48134186577467
42.47328061684163
42.46530754245187
42.457420218247776
42.44961630848264
42.44189356283163
42.43424981334984
42.426682971566784
42.41919102570615
42.41177203801887
42.404424142221444
42.39714554103297
42.389934503801705
42.38278936421681
42.37570851809987
42.368690421269314
42.361733587477126
42.35483658641069
42.34799804175893
42.34121662933763
42.33449107527416
42.32782015424607
42.32120268777338
42.31463754256296
42.30812362890146
42.30165989909647
42.295245345964716
42.28887900136517
42.28255993477555
42.276287251912365
42.27006009339206
42.263877633432806
42.25773907859606
42.2516436665664
42.245590664968816
42.23957937022391
42.23360910643753
42.22767922432613
42.22178910017664
42.21593813483909
42.21012575275254
42.20435140100193
42.19861454840711
42.19291468464108
42.1872513193784
42.18162398147223
42.17603221815974
42.17047559429431
42.16495369160433
42.15946610797902
42.154012456778005
42.14859236616632
42.14320547847337
42.13785144957446
42.132529948295584
42.12724065583935
42.121983265232856
42.11675748079613
42.111563017629884
42.106399601123776
42.10126696648254
42.09616485827112
42.09109302997676
42.086051243588905
42.081039269195514
42.076056884594436
42.07110387492219
42.002438987538795
41.93890831150943
41.880087495273386
41.8256437497303
41.7752829380885
41.72873806412845
41.685764886277596
41.6461392192715
41.60965470397729
41.57612092923097
41.545361809552055
41.51721417488482
41.49152653877961
41.46815801782927
41.44697737998988
41.42786219553001
41.410698113554304
41.39537817456401
41.38180222395729
41.369876380282825
41.35951255615467
41.350628027576704
41.34314504357991
41.33699047244496
41.33209547999748
41.328395236311714
41.3258286476488
41.3243381108762
41.323869287976684
41.3243708985416
41.325794528462595
41.32809445317893
41.33122747409627
41.33515276693856
41.33983174093431
41.34522790786822
41.35130676013665
41.35803565703852
41.365383718615185
41.37332172642433
41.38182203069463
41.390858463363315
41.40040625654666
41.41044196603598
41.420943399449285
41.431889548702095
41.44326052649098
41.4550375065094
41.46720266713956
41.47973913838516
41.49263095182902
41.505862993417075
41.5194209588855
41.53329131166219
41.547461243086545
41.561918634803014
41.57665202319489
41.591650565734106
41.606904009131995
41.62240265918387
41.6381373522079
41.65409942798551
41.670280704116685
41.6866734517098
41.70327037233018
41.72006457613727
41.7370495611444
41.75421919353927
41.771567689007576
41.789089595005265
41.806779773928724
41.82463338713477
41.84264587976593
41.86081296633822
41.879130617051906
41.897595044787735
41.91620269275312
41.934950222745066
41.95383450399837
41.97285260258921
41.992001771366226
42.0112794403824
42.03068320780269
42.050210831263556
42.06986021966187
42.089629425351944
42.109516636730326
42.12952017118917
42.14963846842009
42.16987008405108
42.19021368360008
42.21066803672969
42.23123201178809
42.251904570622074
42.27268476364887
42.293571725173855
42.314564668942154
42.33566288391233
42.35686573024149
42.378172635470946
42.39958309090263
42.421096648156734
42.44271291590129
42.46443155674528
42.486252284286785
42.508174860308316
42.53019909211188
42.5523248299864
42.57455196480079
42.59688042571603
42.619310178009805
42.64184122100799
42.66447358611697
42.687207334951474
42.710042557552406
42.73297937068995
42.75601791624684
42.779158359677275
42.802400888536994
42.82574571108024
42.8491930549195
42.87274316574408
42.89639630609369
42.92015275418338
42.94401280277632
42.96797675810096
42.992044938809336
43.016217674973205
43.04049530711507
43.064878185271034
43.089366668082356
43.11396112191324
43.138661919991726
43.16346944157111
43.18838407110918
43.21340619746269
43.23853621309433
43.2637745132898
43.28912149538235
43.314577557982176
43.340143100208294
43.36581852092028
43.39160421794737
43.417500587312254
43.44350802244712
43.469626913399225
43.49585764602337
43.52220060115858
43.548656153786
43.57522467216548
43.601906516947615
43.628702040258254
43.65561158475243
43.682635482634254
43.70977405463944
43.73702760897691
43.76439644022565
43.79188082818299
43.81948103666009
43.84719731222032
43.87502988285596
43.902978956598396
43.9310447200566
43.95922733687852
43.987526946129634
44.01594366058252
44.044477564910785
44.07312871378068
44.10189712983275
44.1307828015458
44.15978568097467
44.188905681352814
44.21814267455013
44.247496488375695
44.27696690371456
44.306553659904665
44.336256431265284
44.36607483360636
44.39600842783481
44.42605671059664
44.456219109753356
44.4864949814885
44.516883603907004
44.54738416475676
44.57799577388873
44.60871745229996
44.63954811502737
44.670486571137964
44.7015315168236
44.732681528031016
44.763935052594455
44.795290401835196
44.82674574159108
44.85829908263616
44.88994827044833
44.92169097428041
44.95352467548733
44.98544665505973
45.01745398031173
45.009113518846256
45.00035789411778
44.99121221294467
44.9816937100486
44.97181579064349
44.96158983911137
44.9510260342109
44.940133729779376
44.92892164447556
44.91739796698296
44.9055704229632
44.89344632378997
44.88103260570181
44.868335863116656
44.85536237777941
44.84211814455321
44.828608894320205
44.814840114319566
44.80081706619645
44.7865448020118
44.772028178446256
44.75727186941559
44.7422803773003
44.72705804297421
44.711609054799844
44.69593745673877
44.680047155711456
44.66394192832115
44.647625427041994
44.63110118595973
44.61437262613575
44.59744306065854
44.58031569943213
44.56299365374252
44.5454799406401
44.527777487158495
44.5098891343958
44.4918176414704
44.47356568936424
44.45513588466037
44.436530763179896
44.41775279352029
44.39880438049772
44.37968786849042
44.36040554468414
44.340959642216795
44.321352343219914
44.30158578175689
44.281662046653814
44.261583184222616
44.24135120087534
44.220968065628135
44.20043571249604
44.179756042776134
44.15893092722375
44.13796220811931
44.1168517012297
44.095601197665374
44.07421246563589
44.05268725210663
44.031027284360114
44.00923427146436
43.98730990565307
43.96525586362027
43.94307380773353
43.92076538716903
43.89833223897333
43.875775989055
43.853098253108804
43.830300637478736
43.807384739960476
43.78435215054893
43.76120445213297
43.737943221141
43.71457002814071
43.69108643839493
43.667494012377546
43.64379430625101
43.61998887230856
43.59607925938331
43.57206701322567
43.54795367685239
43.523740790867414
43.499429893757956
43.47502252216569
43.45052021113607
43.425924494345914
43.401236904311375
43.376458972576415
43.351592229884
43.32663820632987
43.30159843150078
43.27647443459712
43.251267744541195
43.22597989007146
43.20061239982398
43.17516680240067
43.14964462642592
43.12404740059111
43.098376653688284
43.07263391463298
43.04682071247642
43.020938576408014
42.994989035747906
42.96897361993025
42.942893858477234
42.91675128096462
42.890547416978606
42.864283796064235
42.83796194766595
42.81158340106057
42.78514968528204
42.758662329039716
42.732122860629005
42.705532807835056
42.678893697830205
42.65220705706437
42.625474411149575
42.598697284738165
42.571877201395324
42.54501568346561
42.51811425193412
42.491174426282555
42.46419772433958
42.43718566212686
42.410139753699966
42.383061510984696
42.35595244360899
42.32881405873083
42.301647860861976
42.27445535168752
42.24723802988233
42.21999739092371
42.19273492690034
42.16545212631859
42.13815047390581
42.11083145041029
42.08349653239925
42.05614719205375
42.02878489696174
42.001411109908524
41.9740272886658
41.94663489627265
41.919235369223436
41.89183014897464
41.86442067110461
41.83700836509605
41.80959465411637
41.782180954798136
41.75476867701754
41.72735922367329
41.69995399046443
41.67255436566824
41.64516172991799
41.617777455980686
41.59040290853512
41.563039443950075
41.53568841006363
41.50835114596222
41.481028981761355
41.45372323838691
41.42643522735715
41.39916625056693
41.37191760007215
41.344690557876596
41.31748639571986
41.29030637486724
41.26315174590157
41.23602374851694
41.208923611314454
41.181852551600386
41.15481177518697
41.12780247619491
41.100825836859414
41.07388302733813
41.04697520552251
41.020103516851606
40.99326909412958
40.9664730573454
40.93971651349657
40.91300055641587
40.88632626660131
40.859694711050196
40.8331069430962
40.80656400225032
40.780066914045776
40.753616689886336
40.7272143268991
40.700860807790974
40.67455710070931
40.6483041591064
40.62210292160866
40.59595431188985
40.56985923854853
40.54381859498987
40.517833259312276
40.491904094198155
40.46603194680924
40.4402176486865
40.59123338708492
40.602736221344536
40.613496275702644
40.623513534856635
40.63278970862254
40.641330580741844
40.64914583161675
40.65624838702144
40.66265377086887
40.668379552286936
40.67344488504107
40.677870129117316
40.68167652745946
40.68488595075977
40.68752066237847
40.689603132623404
40.691155878914586
40.69220133096168
40.6927617174724
40.692858971437204
40.692514651459966
40.69174987718989
40.690585276792326
40.689040945140235
40.687136411228344
40.68489061365572
40.682321883151786
40.679447931128536
40.67628584356458
40.67285207932363
40.669162472479684
40.665232237779215
40.661075979078255
40.6567076999755
40.652140816394684
40.64738817075883
40.64246204750444
40.63737418936208
40.63213581460332
40.62675763462081
40.62124987196511
40.61562227850307
40.609884153599786
40.60404436222876
40.59811135287181
40.59209317520444
40.58599749738438
40.579831622886296
40.57360250702204
40.567316772843306
40.56098072660014
40.55460037260618
40.54818142762565
40.54172933460223
40.5352492759137
40.528746185979
40.52222476336106
40.51568948231927
40.50914460375551
40.50259418570416
40.4960420932582
40.48949200798407
40.48294743690869
40.476411720967654
40.46988804304217
40.463379435562906
40.45688878768645
40.45041885206705
40.44397225129955
40.43755148390228
40.4311589300817
40.42479685709208
40.41846742430029
40.41217268796416
40.40591460575179
40.399695040981925
40.3935157666204
40.3873784690618
40.381284751679566
40.375236138166336
40.36923407572219
40.363279937999096
40.357375027956095
40.35152058047954
40.345717764916934
40.339967687436115
40.33427139329009
40.328629868911605
40.32304404396299
40.31751479321863
40.31204293841099
40.306629249929095
40.30127444847112
40.295979206613296
40.29074415030234
40.28556986027621
40.28045687343571
40.275405684144815
40.27041674549648
40.2654904705127
40.26062723329332
40.25582737014888
40.2510911806728
40.24641892877631
40.241810843709615
40.23726712102024
40.232787923513335
40.22837338216711
40.224023597031035
40.21973863808723
40.21551854610455
40.21136333347971
40.20727298502329
40.20324745876354
40.199286686723276
40.195390575676804
40.19155900787872
40.18779184181592
40.18408891290333
40.180450034195246
40.176874997076396
40.17336357192786
40.16991550880563
40.16653053784488
40.16320837064126
40.15994870014116
40.15675120151932
40.15361553278866
40.15054133540496
40.14752823485607
40.144575841246315
40.14168374987915
40.13869330039061
40.13575659141926
40.13287317851307
40.13004270982729
40.12726490059494
40.12453951510302
40.121866353209
40.11924524000989
40.11667601772023
40.11415853917491
40.11169266252981
40.10927824690841
40.106915148779805
40.104603218937314
40.102342299984876
40.10013222423162
40.09797281196016
40.09586386999687
40.09380519055876
40.09179655033767
40.08983770978993
40.087928412624365
40.08606838543172
40.08425733747695
40.082494960606034
40.080780929270574
40.07911490064707
40.07749651483805
40.07592539515536
40.074401148461725
40.07292336556955
40.0714916216858
40.07010547689729
40.068764476691605
40.06746815250248
40.066216022279804
40.065007591073986
40.06384235163882
40.062719785039356
40.06163936126859
40.06060053986697
40.05960277054079
40.05864549378395
40.05772814148935
40.05685013755811
40.056010898503246
40.05520983404107
40.054446347675245
40.053719846273715
40.05302971321548
40.052375336762424
40.051756093380305
40.05117137206372
40.05062055064648
40.050103004495966
40.04961810699307
40.049165229999964
40.04874374431021
40.04835302008689
40.04799242728549
40.04766133606185
40.04735911716619
40.04708514230847
40.04683878457316
40.04661941872133
40.046426421548375
