0.9807545696399999
3.0957236062699867
3.112327727733924
3.128552108211177
3.1440825717651104
3.1588441857212652
3.172839288433615
3.1860981129196246
3.1986617567239013
3.2105753050150203
3.2218845791084587
3.232634461159561
3.2428679719606093
3.2526257814654085
3.261945992391232
3.2708640621320826
3.2794128364796524
3.287622633504389
3.2955213683350615
3.3031346929776078
3.3104861444775997
3.317597297674888
3.3244879057581036
3.3311760503857393
3.337678270377226
3.3440096901615863
3.3501841377818846
3.35621425239664
3.3621115894285336
3.3678867092600204
3.373549269524387
3.3791080952559156
3.3845712626112743
3.3899461519994776
3.39523951814271
3.4004575441909446
3.4056058907183213
3.410689735271214
3.4157138306593398
3.420682525289043
3.425599812706438
3.4304693537546553
3.4352945095306104
3.440078368698299
3.4448237703919995
3.449533328201853
3.454209444911049
3.4588543352315346
3.4634700474000795
3.468058465579818
3.4726213356762665
3.477160271169564
3.4816767698901905
3.486172216975182
3.4906479043606797
3.4951050299453765
3.499544714381743
3.5039680023670803
3.508375868759496
3.5127692318034507
3.5171489502124174
3.5215158333941248
3.5258706474664567
3.530214112376617
3.534546914320169
3.5388697045415523
3.543183102472216
3.5474877004344196
3.551784067548258
3.5560727455113117
3.560354264914514
3.5646291299761597
3.568897831675631
3.573160848044091
3.5774186450187
3.5816716756017777
3.585920384133623
3.5901652075907995
3.5944065742415976
3.5986449071099025
3.6028806262281914
3.6071141427989963
3.6113458713529996
3.6155762166897465
3.6198055886353315
3.624034391761332
3.628263033016095
3.6324919157730315
3.636721450659554
3.6409520425138204
3.6451841040939064
3.649418043747423
3.653654278429623
3.657893225924528
3.6621353065450895
3.6663809444604127
3.670630569316765
3.6748846134772446
3.6791435156933745
3.6834077166247923
3.6876776632561166
3.6919538107608227
3.6962366155896693
3.7005265413704698
3.704824059556167
3.7091296436467935
3.7134437787642325
3.717766952480071
3.722099660332582
3.726442403442855
3.730795693018834
3.7351600458160714
3.73953598141322
3.7439240347992224
3.7483247441839485
3.752738654378497
3.7571663183862385
3.761608302564574
3.7660651723749012
3.770537508875891
3.7750258977525766
3.77953093237276
3.784053219477504
3.7885933690963722
3.7931520042679128
3.797729751186664
3.8023272517696642
3.806945153222844
3.8115841127370818
3.816244795967696
3.8209278803470927
3.825634052798727
3.8303640053844124
5.331109723889896
5.3138274882937
5.297206369053155
5.28123907461617
5.265914657166612
5.251219924813707
5.237140391277069
5.223660873807665
5.210765904007381
5.198439981307249
5.186667757892738
5.175434139064664
5.16472436488391
5.154524057391997
5.144819238480277
5.1355963600304015
5.126842295425417
5.118544351916704
5.110690261397922
5.103268175615952
5.096266662982532
5.089674680679997
5.083481593403564
5.0776771356996795
5.0722514175296975
5.067194903440683
5.0624984050089115
5.0581530753818775
5.05415038507582
5.05048212068897
5.047140370935148
5.0441175182162254
5.041406227974813
5.038999434366256
5.036890336840988
5.035072386186472
5.033539282876177
5.032284957120803
5.031303570806542
5.030589504020383
5.030137348110089
5.0299419032675505
5.02999815753168
5.030301298303048
5.03084669667346
5.031629896345532
5.032646619536491
5.033892754740723
5.035370056019721
5.037063353225969
5.0389746735359875
5.041094694909656
5.043431692725644
5.045976680164256
5.048726601813361
5.051678551128644
5.054829758284835
5.058177612471779
5.061719654788218
5.065453593310375
5.069377324348144
5.0734889576888165
5.077786843623068
5.082269652884153
5.086936464708374
5.091786915843038
