0.007081996014792149
0.0071405343583019355
0.0071928509095693744
0.0072394229960434505
0.007280628353084925
0.007316804630286921
0.007348261667556035
0.007375286012332332
0.007398143372382041
0.00741708074814061
0.007432328211754973
0.007444100454852116
0.007452598144351633
0.007458009116105389
0.007460509430452359
0.00746026430956998
0.007457428996198524
0.007452149424929002
0.007444562985702689
0.007434799084410487
0.007422979697807416
0.007409219872797518
0.007393628178194867
0.007376307119663902
0.007357353519637722
0.007336858866700047
0.0073149096378027295
0.007291587596233392
0.007266970067856164
0.007241130197805888
0.0072141371895712795
0.007186056528041759
0.007156950188052299
0.007126876829648467
0.007095891981185051
0.007064048211250468
0.0070313952902858546
0.006997980342674394
0.0069638479899944246
0.006929040486059353
0.006893597844305715
0.0068575579580389835
0.006820956713999918
0.006783828099674431
0.006746204304734863
0.006708115816969629
0.006669591513030513
0.006630658744302506
0.006591343418179362
0.006551670075008071
0.0065116619609477564
0.006471341096972533
0.006430728344232557
0.0063898434659746045
0.006348705186210669
0.006307331245311696
0.006265738452693112
0.0062239427367487
0.006181959192180557
0.006139802124864018
0.006097485094378717
0.006055020954329437
0.0060124218905735025
0.005969699457464782
0.005926864612218524
0.005883927747495345
0.0058408987222972625
0.005797786891263791
0.00575460113245109
0.005711349873672964
0.005668041117478155
0.00562468246483411
0.005581281137584348
0.005537843999742313
0.0054943775776815935
0.005450888079279363
0.0054073814120665815
0.005363863200436005
0.0053203388019563355
0.005276813322838132
0.005233291632595103
0.005189778377941884
0.005146277995967366
0.005102794726620735
0.005059332624545386
0.005015895570294115
0.004972487280957368
0.00492911132023459
0.00488577110797733
0.004842469929231273
0.0047992109428029285
0.004755997189375572
0.004712831599197652
0.0046697169993658175
0.004626656120723541
0.004583651604395376
0.004540706007975708
0.004497821811390175
0.004455001422446729
0.004412247182092736
0.00436956136939353
0.0043269462062471556
0.004284403861849252
0.004241936456921333
0.004199546067715142
0.004157234729804978
0.004115004441679529
0.004072857168143854
0.00403079484354196
0.00398881937480965
0.0039469326443669584
0.0039051365128589897
0.0038634328217535476
0.003821823395803472
0.0037803100453812624
0.0037388945686932097
0.0036975787538797334
0.003656364381008524
0.003615253223966535
0.003574247052256669
0.0035333476327047354
0.0034925567310818517
0.0034518761136473793
0.003411307548616963
0.0033708528075602957
0.0033305136667327578
0.0032902919083450445
0.003250189321774495
0.003210207704721863
0.0031703488643168125
0.003130614618175561
0.0030910067954135634
0.0030515272376163147
0.0030121777997708615
0.0029729603511608003
0.0029338767762271097
0.0028949289753971786
0.0028561188658842614
0.0028174483824594046
0.0027789194781978476
0.0027405341252017185
0.0027022943153007938
0.002664202060732954
0.0026262593948059017
0.0025884683725416013
0.002550831071304752
0.0025133495914167066
0.0024760260567558584
0.0024388626153457856
0.0024018614399320863
0.0023650247285489276
0.0023283547050761957
0.0022918536197880667
0.002255523749893773
0.0022193674000712473
0.00218338690299429
0.002147584619853799
0.002111962940873563
0.0020765242858210757
0.0020412711045137088
0.002006205877320531
0.0019713311156600763
0.0019366493624941327
0.0019021631928176983
0.001867875214145135
0.001833788066992401
0.001799904425355295
0.0017662269971834418
0.0017327585248497269
0.0016995017856147694
0.0016664595920859097
0.001633634792670102
0.001601030272019996
0.001568648951472283
0.0015364937894773527
0.0015045677820190323
0.0014728739991038897
0.0014414154293650983
0.0014101952323750044
0.0013792165574288964
0.001348482594031179
0.0013179965724890118
0.0012877617602933319
0.0012577814678412303
0.0012280590067076105
0.0011985978556338698
0.001169401397244092
0.0011404731046555027
0.001111816492168608
0.0010834351152983776
0.0010553325707449936
0.0010275124962973853
0.000999978570661685
0.000972734513205647
0.000945784083609275
0.0009191310814106332
0.0008927793454346995
0.0008667327530917649
0.0008409952195302643
