5.248023075599845
5.190779430753655
5.133846125953791
5.0767436687765946
5.019401544685338
4.961836398330407
4.90408452575209
4.84618708997265
4.788186734109737
4.730126660001126
4.67205024065434
4.614000751983138
4.556021137294951
4.498153788489881
4.440440342742743
4.38292149620488
4.325636836413186
4.268624694679141
4.211922019208543
4.155564269186644
4.099585329589973
4.044017446071515
3.988891178918622
3.9342353748067262
3.880077154866167
3.8264419174409583
3.773353353841453
3.720833475370259
3.6689026499242883
3.6175801684616458
3.5668827188104606
3.5168260279138717
3.467424391861301
3.418690736455279
3.370636680591209
3.3232726002555606
3.2766076923098635
3.2306500374054687
3.1854066614972165
3.1408835955310686
3.0970859329759994
3.0540178849548187
3.011682832802576
2.9700833779451754
2.929221389045437
2.889098046409832
2.849713883687213
2.811068826921841
2.773162231047744
2.7359929139305823
2.6995591880775343
2.663858890145906
2.628889408387745
2.594647708171393
2.5611303557219727
2.5283335402218183
2.496253094409151
2.4648845138092508
2.4342229747271715
2.4042633511250644
2.3750002305005333
2.3464279288753236
2.318540504996247
2.2913317738426815
2.2647953195272947
2.23892450766903
2.21371249730983
2.189152252439194
2.1652365531834685
2.141958006709861
2.1193090578884743
2.0972819997493795
2.075868983765701
2.0550620299880684
2.03485303705049
2.0152337920628587
1.9961959804007576
1.9777311953991208
1.9598309479526077
1.9424866760221933
1.9256897540445486
1.909431502238219
1.8937031957984176
1.878496073970399
1.8638013489899101
1.8496102148780478
1.8359138560770007
1.822703455912616
1.8099702048694226
1.7977053086637613
1.7858999961008493
1.774545526702026
1.7636331980890412
1.753154353113012
1.7431003867165664
1.7334627525187385
1.724232968826647
1.715402625203605
1.7069633881579727
1.6989070060623779
1.6912253144105085
1.683910240617774
1.6769538084795894
1.670348142308872
1.6640854707572401
1.6581581303225363
1.6525585685459323
1.6472792939696557
1.642313044096421
1.6376526155492315
1.633290925747164
1.6292210146683623
1.6254360463060484
1.6219293098609537
1.6186942206803472
1.6157243209536167
1.6130132801746762
1.610554895381716
1.6083430911850325
1.606371919593784
1.6046355596526158
1.6031283168990826
1.6018446226527727
1.6007790331469223
1.599926228513192
1.599281011630078
1.598838306845214
1.5985931585815878
1.5985407298373895
1.5986763005889417
1.598995266105811
1.5994931351868837
1.6001655290019272
1.6010081759280674
1.6020169158055007
1.603187692234294
1.6045165529359902
1.6059996474219127
1.6076332248434695
1.6094136318608874
1.611337310502143
1.6134007960117493
1.615600714693369
1.617933781750588
1.6203967991300194
1.6229866533705868
1.6257003134625734
1.6285348287197152
1.6314873266673537
1.6345550109494087
1.6377351592566818
1.6410251212787597
1.6444223166815737
1.6479242331124617
1.651528424234367
1.6552325077906536
1.6590341637017967
1.6629311321950908
1.6669212119683356
1.6710022583883215
1.6751721817248224
1.679428945420649
1.6837706006347426
1.688195140037519
1.6927007063287125
1.6972854643099045
1.7019476194714827
1.7066854201619264
1.7114971570141488
1.716381161091512
1.7213358023169714
1.7263594887966398
1.7314506652744672
1.7366077734775893
1.7418294034160489
1.7471140708952144
1.752460349021016
1.7578668460267854
1.7633322003015552
1.7688550786832822
1.7744341753132247
1.7800682106086312
1.7857559302815476
1.79149610439162
1.797287526430471
1.8031290124368313
1.8090194001418063
1.8149575481437719
1.82094233511231
1.8269726590206752
1.833047436406227
1.8391656016582967
1.845326106332933
1.8515279184940026
1.8577700220800903
1.8640514162966777
1.8703711150330555
1.8767281463034475
1.883121551711814
