5.462783981457623
5.250642968971174
5.1788504509154
5.108606465894596
5.039881150127621
4.9726440876231806
4.906862574333055
4.842502059128145
4.779526858528819
4.7179007549765375
4.657587438308504
4.5985508339915935
4.5407553180854325
4.484165922453835
4.428748380001849
4.374469283594903
4.321296124615072
4.269197336411995
4.218142323082191
4.16810147660587
4.119046184667157
4.070948830982593
4.023782789358922
3.9775224128348943
3.9321430185540756
3.8876208692414442
3.843933151862589
3.801057953965984
3.7589742382498956
3.717661815618624
3.6771013172387366
3.6372741656755854
3.598162545667469
3.5597493744199924
3.52201827194831
3.4849535314892033
3.4485400901383945
3.412763499784634
3.377609898750995
3.3430659837984678
3.309118982993705
3.275756629199803
3.2429671344198305
3.210739164995561
3.179061817671448
3.1479245965848346
3.117317391117566
3.0872304547281346
3.0576543847648514
3.0285801030697326
2.9999988376298026
2.9719021050605794
2.944281694033152
2.9171296494956027
2.8904382578373906
2.8642000327850177
2.838407702176618
2.8130541954489967
2.7881326318623567
2.7636363094995366
2.7395586948721746
2.715893413225694
2.6926342394763343
2.669775089683633
2.6473100131574125
2.6252331850610036
2.6035388995225675
2.5822215632399144
2.561275689547841
2.540695892864758
2.5204768836427607
2.500613463573527
2.4811005212307227
2.461933028033895
2.443106034520555
2.4246146668948834
2.4064541238689485
2.388619673757829
2.371106651796416
2.3539104576915437
2.337026553384914
2.320450460967004
2.3041777608310614
2.288204089910951
2.2725251401465245
2.257136657026312
2.242034438294548
2.227214332740545
2.2126722391453697
2.198404105259129
2.1844059269305576
2.1706737472571467
2.1572036558661396
2.143991788224021
2.131034325011862
2.118327491558684
2.1058675573276284
2.0936508354321246
2.0816736822037796
2.0699324967750097
2.0584237207075593
2.047143837652034
2.036089373003302
2.0252568935962576
2.014643007418554
2.0042443633167717
1.9940576507452552
1.9840795994927656
1.9743069794339114
1.9647366002779638
1.955365311334532
1.9461900012670363
1.9372075978396113
1.9284150676999054
1.919809416124988
1.9113876867753965
1.903146961450635
1.8950843598543485
1.8871970393183624
1.8794821945651339
1.871937057437127
1.8645588966293405
1.857345017429869
1.8502927614313385
1.843399505550584
1.8366626638718455
1.8300796852138765
1.8236480535463824
1.817365287691652
1.8112289410166627
1.8052366011260934
1.7993858895462191
1.793674461396592
1.7882796308410036
1.7830128496655575
1.7778721966564908
1.7728557288715436
1.7679614970012354
1.7631875564659178
1.7585319746806771
1.7539928358117198
1.7495682439103035
1.7452563249557622
1.7410552281867149
1.7369631269288668
1.7329782190938827
1.7290987274437712
1.7253228996800811
1.7216490084272011
1.7180753511158506
1.7146002498131798
1.7112220510012095
1.707939125321499
1.7047498672979913
1.7016526950273534
1.698646049877071
1.6957283961548055
1.6928982207833296
1.6901540329654763
1.6874943638503
1.6849177662028083
1.6824228140673962
1.6800081024398201
1.677672246941
1.6754138834961745
1.6732316680185522
1.671124276096195
1.6690904026876605
1.6671287618212713
1.6652380863038205
1.6634171274302612
1.661664654704303
1.6599794555627307
1.6583603351063003
1.6568061158385827
1.6553156374056786
1.6538877563485046
1.6525213458572838
1.6512152955301735
1.6499685111409763
1.648779914409715
1.647648433885213
1.6465730318034284
1.645552676393282
1.6445863586700877
1.6436730687197096
1.642811819398414
1.6420016380368143
1.641241566247043
1.6405306597310032
1.6398679880953055
1.6392526346669656
1.6386836963129654
1.6381602832632196
1.6376815189360203
1.637246539736172
1.6368544949744006
1.6365045466083905
1.6361958691076073
