59550.469055999994
52494.79775018383
52502.3106627116
52510.28640674126
52517.99026656138
52525.3361812616
52532.3224490204
52538.95794028204
52545.25248155221
52551.21561859361
52556.85647232727
52562.18373646224
52567.20569286193
52571.93022852213
52576.36485209427
52580.51670971546
52586.884441101654
52590.63427167298
52591.49598168479
52594.4348916677
52597.25007145854
52599.835077015065
52602.18048888162
52604.289187489325
52606.16542510628
52607.81342498537
52609.23720919134
52610.4405844578
52611.42714805717
52612.20029591794
52612.76323071777
52613.1189696737
52613.27035200741
52613.220046096234
52612.97055632267
52612.524229637
52611.88326184522
52611.04970363535
52610.02546635369
52608.81232754314
52607.41193625355
52605.8258181353
52604.055380326194
52602.10191614083
52599.96660957218
52597.65053961352
52595.154684410365
52592.479925249405
52589.62705039256
52586.59675876449
52583.38966349947
52580.00629535544
52576.44710600175
52572.71247118704
52568.80269379285
52564.718006779905
52560.458576032
52556.02450310344
52551.41582787514
52546.63253112444
52541.67453701405
52536.541715504405
52531.23388469437
52525.750813094564
52520.0922218377
52514.25778683062
52508.247140851025
52502.05987559386
52495.69554367082
52489.153660566415
52482.43370655483
52475.535128580086
52468.4573421044
52461.19973292401
52453.761658968775
52446.142452065396
52438.34141968845
52430.35784669359
52422.19099703634
52413.84011548008
52405.3044292955
52396.5831499548
52387.675474822594
52378.580588847355
52369.29766625443
52359.825872244604
52350.164364699594
52340.312295897136
52330.26881423898
52320.03306599287
52309.604197048924
52298.98135470457
52288.163689451045
52277.15035680681
52265.940519159034
52254.53334763951
52242.92802402878
52231.1237426909
52219.11971254228
52206.915159054406
52194.50932629422
52181.90147900205
52169.090904710385
52156.076915903155
52142.858852219266
52129.43608269945
52115.808008079985
52101.97406313244
52087.93371905242
52073.68648589706
52059.23191507305
52044.5696018755
52029.69918807851
52014.62036457857
51999.33287409018
51983.83651389528
51968.13113864566
51952.216663219006
51936.09306562811
51919.760389983145
51903.21874950633
51886.4683295986
51869.50939095708
51852.342272742186
51834.96739579347
51817.38526589221
51799.596477069084
51781.601714954966
51763.40176017182
51744.99749176244
51726.389890654165
51707.58004315498
51688.5691444776
51669.358502288014
51649.949540272966
52697.989207883154
52476.42562735894
52258.76551749863
52046.22588842041
51838.97990838328
51637.03948936814
51440.36786512197
51248.90030026394
51062.55245851627
50881.226021587725
50704.81294286102
50533.19871800864
50366.26489550743
50203.89099474147
50045.95596263267
49892.339271144534
49742.92173547841
49597.58611513908
49456.217546298896
49318.70384320336
49184.935698066336
49054.80680245843
48928.213908184734
48805.056841751946
48685.238483484834
48568.66471998764
48455.2443767927
48344.889136599966
48237.513447387
48133.03442380168
48031.37174458289
47932.44754825576
47836.18632898633
47742.514834237685
47651.36196573466
47562.65868521676
47476.3379265307
47392.3345158114
47310.58510182988
47231.0280990905
47153.60364696853
47078.2535892169
47004.921479530225
46933.552620835406
46864.094148644435
46796.4951725797
46730.70699546892
46666.68343692336
46604.38129910076
46543.761028030494
46484.78764697218
46427.432072814816
46371.672979045805
46317.49945021653
46264.91480164627
46213.94214684561
46164.6326425806
46117.07793774726
46071.42941214345
46027.928754121545
45986.9582410158
45949.12694100041
45915.42640664385
45887.53128243619
