2038.7593612800001
2599.6100275587546
2596.922612764477
2595.51352186349
2594.627384512369
2594.0756123691253
2593.80410713304
2593.791201499338
2594.0234043897203
2594.489625774898
2595.179792904426
2596.084507192154
2597.1949454524497
2598.5028171396734
2600.0003337532667
2601.680180723798
2603.5354900100297
2605.559813353194
2607.7470964180816
2610.0916540267503
2612.588146619382
2615.231558013144
2618.0171744818153
2620.940565145101
2623.9975636331783
2627.1842509768167
2630.4969396639763
2633.9321587984377
2637.486640293921
2641.1573060367973
2644.941255951873
2648.835756908026
2652.8382324032004
2656.9462529715906
2661.1575272592954
2665.469893718037
2669.8813128701568
2674.389860101277
2678.9937189402635
2683.6911747891936
2688.480609068756
2693.3604937473415
2698.329386224357
2703.385924540814
2708.5288228921686
2713.756867420505
2719.068912264868
2724.463875850238
2729.9407373971894
2735.4985336356694
2741.1363557075265
2746.853346243842
2752.6486966038033
2758.521644263303
2764.4714703419595
2770.49749725833
2776.5990865037793
2782.7756365260766
2789.0265807146025
2795.351385479487
2801.7495484175756
2808.2205965587023
2814.764084686019
2821.379593724746
2828.0667291939476
2834.825119716308
2841.65441558132
2848.5542873573813
2855.5244245487916
2862.564534293739
2869.674340099627
2876.853580612368
2884.102008416392
2891.4193888623113
2898.8054989193793
2906.260126050043
2913.783067103917
2921.3741272288244
2929.0331187965103
2936.7598603408173
2944.5541755061927
2952.4158920045643
2960.3448405785375
2968.3408539692014
2976.403765886656
2984.533409981624
2992.729618816526
3000.9922228343958
3009.3210493241886
3017.7159213810223
3026.1766568599187
3034.7030673218087
3043.2949569703615
3051.952121578554
3060.674347403693
3069.4614100897875
3078.3130735561517
3087.2290888712123
3096.2091931105074
3105.2531081978977
3114.3605397291344
3123.5311757768573
3132.764685676231
3142.060718790501
3151.418903255709
3160.838844703882
3170.320124964197
3179.8623007414926
3189.464902271672
3199.1274319536055
3208.8493629571435
3218.6301378070248
3228.469166942432
3238.36582725209
3248.3194605849067
3258.3293722361514
3268.3948294093875
3278.515059654384
3288.689249281321
3298.916541751839
3309.1960360474573
3319.5267850160526
3329.9077936973163
3340.3380176280994
3350.816361128709
3361.341675571598
3371.9127576336464
3382.528347533804
3393.1871272577405
3403.887718771502
3414.628682226216
3425.4085141562687
3436.2256456733576
3447.0784406592215
3457.9651939599107
3468.884129584815
3479.8333989138064
3490.8110789160332
3501.8151703843673
3512.843596189471
3523.894199557857
3534.9647423785514
3546.0529035431773
3557.156277324579
3568.2723717993695
3579.398607319893
3590.532315041666
3601.6707355122644
3612.8110173280716
3623.9502158656023
3635.085292094097
3646.2131114766253
3657.3304429669424
3668.433958109625
3679.5202302512325
3690.585733870338
3701.626844034551
3712.63983599266
3723.6208849103145
3734.566065757497
3745.4713533564486
3756.3326225983888
3767.1456488376452
3777.906108471645
3788.609579715172
3799.2515435771784
3809.827385048305
3820.3323945070683
3830.7617693524026
3841.1106158699718
3851.3739513392443
3861.5467063881283
3871.6237276011825
3881.599780387282
3891.4695521116696
3901.227655497047
3910.8686322973876
3920.386957247568
3929.777042291072
3939.03324108715
3948.1498537978546
3957.121132154469
3965.9412848017614
3974.6044829174357
3983.1048661030195
3991.436548541171
3999.5936254133444
4007.570179570302
4015.360288446797
4022.95803121035
4030.3574961328018
4037.552788171876
4044.538036748633
4051.3074037054403
4057.855091427489
4064.175351109841
4070.2624911503103
4076.110885647564
4081.7149829820696
