1407828.63744
1484382.0005751937
1487349.3314404679
1490164.2601561644
1492816.7578223315
1495312.7694493684
1497661.2384852916
1499871.1352364977
1501950.8294035373
1503908.0061818773
1505749.7029971457
1507482.3680477731
1509111.918144845
1510643.7912603794
1512082.9933418494
1513434.1398512279
1514701.4926276887
1515888.9926427128
1517000.2891530367
1518038.7656930818
1519007.5632910053
1519909.6012422012
1520747.5957304523
1521524.0765492222
1522241.4021431028
1522901.7731612052
1523507.2446901596
1524059.7373133139
1524561.0471246121
1525012.8548099324
1525416.733895029
1525774.1582473947
1526086.5089090343
1526355.080328238
1526581.0860505726
1526765.6639225145
1526909.8808550925
1527014.7371897954
1527081.1707042526
1527110.0602912512
1527102.2293410338
1527058.4488536918
1526979.4403056996
1526865.8782921177
1526718.3929639098
1526537.5722777667
1526323.9640742217
1526078.0779981874
1525800.387274795
1525491.3303521145
1525151.3124212706
1524780.7068234952
1524379.8563527623
1523949.074461892
1523488.6463792822
1522998.830142786
1522479.8575566881
1521931.935077236
1521355.244631667
1520749.9443752815
1520116.1693907469
1519454.032333412
1518763.6240261632
1518045.014007017
1517298.2510324246
1516523.3635389789
1515720.3600660763
1514889.2296417884
1514029.942134109
1513142.4485695607
1512226.6814209234
1511282.554865837
1510309.9650178107
1509308.7901310609
1508278.890780589
1507220.110018694
1506132.273509111
1505015.189639862
1503868.649615834
1502692.4275320417
1501486.2804284478
1500249.948327208
1498983.1542531059
1497685.6042379402
1496356.9873095565
1494996.9754662078
1493605.2236368537
1492181.3696280606
1490725.034058016
1489235.8202782916
1487713.314283833
1486157.0846117497
1484566.682229413
1482941.6404123197
1481281.4746122756
1479585.6823163684
1477853.7428971701
1476085.1174547225
1474279.248650729
1472435.5605354728
1470553.4583679347
1468632.328429625
1466671.5378325884
1464670.434322159
1462628.3460749653
1460544.581492681
1458418.4289921739
1456249.156792533
1454036.0126996108
1451778.2238887218
1449474.9966860507
1447125.5163495091
1444728.9468497122
1442284.4306517295
1439791.0884984373
1437248.0191961692
1434654.2994035205
1432008.9834241166
1429311.1030041983
1426559.6671359784
1423753.6618676656
1420892.0501211337
1417973.7715182928
1414997.7422171799
1411962.8547588605
1408867.9779263085
1405711.9566164098
1402493.6117263192
1399211.7400554174
1395865.1142241815
1392452.4826112844
1388972.5693103087
1385424.0741075051
1381805.6724820237
1378116.0156301153
1374353.7305148372
1370517.4199428095
1366605.6626695863
1362617.0135353054
1358550.0036322032
1354403.140505671
1350174.908390527
1345863.768484183
1341468.159258406
1336986.4968113655
1332417.1752616197
1327758.5671857966
1323009.0241015546
1318166.8769974778
1313230.4369115625
1308197.9955597427
1303067.826016084
1297838.1834460201
1292507.305894028
1287073.4151270436
1281534.7175348254
1275889.405088351
1270135.6563572413
1264271.6375870844
1258295.5038373156
1252205.400180299
1245999.4629619066
1239675.8211238885
1233232.5975879573
1226667.9107014984
1219979.8757443766
1213166.6064962326
1206226.2168633677
1199156.8225640121
1191956.5428705378
1184623.5024068775
1177155.8329990942
1169551.675576742
1161809.1821223765
1153926.5176661375
1145901.862322131
1137733.4133628572
1129419.3873276708
1120958.0221608793
1112347.5793747155
1103586.3462320813
1094672.6379436217
1085604.799873307
1076381.209746392
1067000.279853282
1057460.459242502
1047760.2358956727
1037898.1388771248
1027872.7404504658
1017682.6581542259
1007326.5568284361
996803.1505838241
986111.2047051361
975249.5374799599
964217.0219443152
953012.5875362292
941635.2216484547
930083.9710715667
918357.9433186253
