0.04172
0.09849453283398593
0.0994087624292601
0.10027942530616757
0.10110640512307724
0.10188990310324916
0.1026304634125612
0.10332870710595085
0.10398553687829344
0.10460199735326221
0.10517927422757711
0.10571867061573752
0.10622158410352558
0.10668948487556297
0.1071238952198714
0.10752637064116746
0.10789848430621646
0.10824180543397637
0.10855789563942203
0.10884829086449527
0.10911449283053057
0.10935796333507035
0.10958011449479772
0.10978230612277554
0.10996584155309766
0.11013196519426056
0.11028186108604802
0.11041665231617426
0.11053740116161094
0.11064510983029575
0.11074072168979514
0.11082512288519679
0.11089914425191622
0.11096356345459579
0.11101910727958594
0.11106645402895216
0.11110623596838881
0.11113904179088539
0.11116541906499636
0.11118587664288533
0.11120088700860863
0.1112108885520302
0.11121628775711334
0.1112174612971624
0.11121475803191905
0.11120850090376495
0.11119898873205117
0.11118649790600124
0.11117128397775823
0.111153583158031
0.11113361371742397
0.11111157729703289
0.11108766013220883
0.1110620341936096
0.1110348582497623
0.11100627885540826
0.11097643126987362
0.11094544030963979
0.11091342113917432
0.110880480003957
0.11084671490948084
0.11081221624983083
0.11077706738929001
0.11074134520021699
0.110705120560282
0.11066845881195721
0.11063142018698464
0.11059406019837753
0.11055643000234838
0.11051857673238702
0.11048054380758171
0.11044237121711671
0.110404095782746
0.11036575140092984
0.11032736926618313
0.11028897807707587
0.11025060422623092
0.11021227197555007
0.11017400361782083
0.11013581962575383
0.11009773878944533
0.11005977834315653
0.11002195408224878
0.1099842804710582
0.10994677074240283
0.10990943698939293
0.10987229025015038
0.1098353405859905
0.10979859715358252
0.10976206827156983
0.10972576148207887
0.1096896836075317
0.10965384080311703
0.10961823860528279
0.10958288197654947
0.10954777534693984
0.10951292265229749
0.10947832736973336
0.10944399255043223
0.1094099208500252
0.10937611455672502
0.10934257561739566
0.10930930566172473
0.10927630602464752
0.10924357776716093
0.10921112169565667
0.10917893837988808
0.10914702816968222
0.10911539121050008
0.10908402745793003
0.1090529366912046
0.10902211852581783
0.10899157242531804
0.1089612977123382
0.10893129357893346
0.10890155909627161
0.10887209322374072
0.1088428948175211
0.10881396263865493
0.10878529536067684
0.10875689157682347
0.10872874980687332
0.1087008685036402
0.10867324605916237
0.10864588081060643
0.10861877104591754
0.10859191500924827
0.10856531090617327
0.10853895690873486
0.10851285116032022
0.1084869917804038
0.10846137686917005
0.10843600451203088
0.1084108727840617
0.1083859797543727
0.10836132349042198
0.10833690206229937
0.10831271354698545
0.10828875603261116
0.10826502762271623
0.10824152644054505
0.10821825063336496
0.10819519837685176
0.1081723678795279
0.10814975738729313
0.1081273651880441
0.10810518961640306
0.1080832290585825
0.10806148195737518
0.10803994681731915
0.10801862221002008
0.10799750677968188
0.10797659924883338
0.10795589842429203
0.10793540320337526
0.10791511258037866
0.1078950256533522
0.10787514163118611
0.10785545984103947
0.10783597973613772
0.10781670090396347
0.10779762307487402
0.10777874613117014
0.10776007011666312
0.10774159524676646
0.10772332191915164
0.10770525072501493
0.10768738246099444
0.10766971814179098
0.10765225901354038
0.10763500656799317
0.10761796255756181
0.10760112901130119
0.10758450825189128
0.10756810291369771
0.10755191596199903
0.10753595044740522
0.10752021056703409
0.10750470017426607
0.10748942376765848
0.10747438630284421
0.10745959321923094
0.10744505043429584
0.10743076443232279
0.10741674253108464
0.10740299186200727
0.10738952098480849
0.10737633889636948
0.10736345532997497
0.10735088080388511
0.10733862667336949
0.10732670518651571
0.10731512954411208
0.10730391396393592
0.10729307374978714
0.10728262536563493
0.10727258651529062
0.10726297622803546
0.10725381495065965
