0.00437
0.004103686462080852
0.004104498332958069
0.004103763771001959
0.004102945294273379
0.004102271284120218
0.004101757027768033
0.004101401424213381
0.004101189204053638
0.004101107970501433
0.004101146387121705
0.004101294137294057
0.004101541825500003
0.004101880884130109
0.004102303492848164
0.004102802509038895
0.004103371389907737
0.004104004207274982
0.004104695496556725
0.004105440281532256
0.004106234002099397
0.004107072536284143
0.0041079520774424585
0.00410886916121232
0.0041098206216896565
0.004110803563970225
0.004111815338878642
0.004112853519699402
0.004113915880810535
0.004115000378083356
0.004116105131308739
0.004117228407495996
0.0041183686067434045
0.004119524248737545
0.004120693960929041
0.004121876467866413
0.004123070581659615
0.004124275193470136
0.004125489265932779
0.004126711826418957
0.004127941961053897
0.004129178809415697
0.004130421559833542
0.004131669445225597
0.004132921739412448
0.00413417775385147
0.004135436834742417
0.0041366983604597535
0.004137961739271873
0.004139226407311945
0.004140491826769103
0.004141757484272372
0.004143022889442977
0.00414428757359371
0.004145551088556652
0.004146813005622997
0.004148072914580548
0.004149330422836652
0.004150585154615731
0.00415183675022198
0.00415308486535926
0.0041543291705010595
0.004155569350304448
0.004156805103062878
0.00415803614019319
0.004159262185753014
0.004160482975985108
0.004161698258885835
0.004162907793795201
0.00416411135100634
0.004165308711392568
0.004166499666050441
0.004167684015957437
0.004168861571643033
0.004170032152872132
0.0041711955883401534
0.004172351715378616
0.004173500379671026
0.004174641434978069
0.004175774742871848
0.004176900172478623
0.00417801760022964
0.004179126909619815
0.004180227990973708
0.004181320741218869
0.004182405063665923
0.004183480867795436
0.004184548069051224
0.00418560658863991
0.004186656353336633
0.004187697295296591
0.004188729351872425
0.004189752465437144
0.004190766583212544
0.004191771657102937
0.00419276764353408
0.004193754503297156
0.004194732201397647
0.004195700706909114
0.004196659992831593
0.004197610035954593
0.004198550816724553
0.004199482319116715
0.004200404530511188
0.00420131744157316
0.0042022210461372484
0.004203115341095649
0.004204000326290316
0.004204876004408746
0.004205742380883527
0.004206599463795425
0.004207447263779974
0.004208285793937477
0.004209115069746319
0.004209935108979549
0.004210745931624601
0.004211547559806156
0.00421234001771197
0.004213123331521726
0.004213897529338723
0.00421466264112442
0.004215418698635768
0.004216165735365171
0.004216903786483254
0.004217632888784068
0.004218353080632976
0.004219064401917042
0.0042197668939978105
0.004220460599666615
0.004221145563102263
0.004221821829831061
0.004222489446689197
0.004223148461787473
0.0042237989244782665
0.004224440885324831
0.004225074396072861
0.004225699509624226
0.0042263162800130795
0.004226924762384134
0.004227525012973191
0.004228117089089952
0.004228701049103096
0.004229276952427598
0.004229844859514418
0.004230404831842441
0.004230956931912852
0.004231501223245839
0.004232037770379758
0.004232566638872804
0.00423308789530717
0.004233601607295817
0.0042341078434919265
0.004234606673601054
0.004235098168396114
0.0042355823997352665
0.00423605944058279
0.004236529365033058
0.0042369922483377585
0.004237448166936421
0.004237897198490436
0.0042383394219206744
0.004238774917448947
0.004239203766643331
0.004239626052467656
0.004240041859335329
0.004240451273167676
0.004240854381457054
0.004241251273334957
0.004241642039645379
0.004242026773023737
0.0042424055679816325
0.004242778520997742
0.004243145730615264
0.004243507297546187
0.004243863324782857
0.004244213917717198
0.004244559167480541
0.004244899217746836
0.004245234166029727
0.004245564128299719
0.004245889223983623
0.004246209576053031
0.004246525310400882
0.004246836557172264
0.004247143468338482
0.004247446146042737
0.0042477447501009305
0.004248039427798191
0.004248330331071592
0.004248617617010352
0.004248901448196338
0.004249181993037037
0.004249459426115104
0.004249733928559104
0.004250005688437375
0.00425027490117617
0.004250541770003623
0.004250806506420778
0.004251069330701094
