6097692.8633472
6850458.5067179315
6909487.139619744
6965665.489905779
7019076.928223418
7069923.9198294105
7118416.063600879
7164746.78222964
7209090.280320095
7251602.855270423
7292424.918178201
7331682.926439696
7369491.083621388
7405952.807370548
7441161.993958865
7475204.109588429
7508157.134900418
7540092.3849660205
7571075.2233720645
7601165.685950748
7630419.02717485
7658886.20015612
7686614.279463095
7713646.834549259
7740024.260397623
7765784.07100052
7790961.160467815
7815588.0358642945
7839695.0252945
7863310.464261798
7886460.862912626
7909171.05642405
7931464.340492233
7953362.593623575
7974886.387710861
7996055.088188977
8016886.9449030105
8037399.174682506
8057608.036495113
8077528.8999489015
8097176.307822129
8116564.033220659
8135705.131894762
8154611.990187107
8173296.36903157
8191769.444376401
8210041.844365116
8228123.683572886
8246024.594564984
8263753.757016243
8281319.924605849
8298731.449880417
8315996.307258762
8333122.114334908
8350116.15162053
8366985.380854438
8383736.461994651
8400375.768997708
8416909.40448013
8433343.213348236
8449682.795474766
8465933.517493546
8482100.52377725
8498188.746657494
8514202.915941415
8530147.567774063
8546027.052891936
8561845.544308957
8577607.04447274
8593315.391926091
8608974.267505342
8624587.200105034
8640157.572035706
8655688.62399948
8671183.459706344
8686645.05015189
8702076.237575885
8717479.739119416
8732858.150196986
8748213.947598722
8763549.49233652
8778867.032247197
8794168.704364311
8809456.537069896
8824732.45203607
8839998.26596605
8855255.692143217
8870506.341796353
8885751.725288443
8900993.25313608
8916232.236865748
8931469.889713151
8946707.327170996
8961945.567390408
8977185.53144089
8992428.043433275
9007673.83050982
9022923.522705493
9038177.65268411
9053436.655352784
9068700.867358102
9083970.526467063
9099245.770835796
9114526.638168965
9129813.064772673
9145104.88450333
9160401.827615414
9175703.51951038
9191009.479389483
9206319.118812911
9221631.740167718
9236946.535047216
9252262.582544329
9267578.847461471
9282894.178439839
9298207.306010598
9313516.84057122
9328821.270289658
9344118.9589396
9359408.143670203
9374686.93271357
9389953.303033693
9405205.097920762
9420440.02453478
9435655.651402747
9450849.405874105
9466018.571538987
9481160.285614576
9496271.536304712
9511349.160138562
9526389.839294262
9541390.098913778
9556346.304415867
9571254.658813886
9586111.200046016
9600911.798325643
9615652.15352003
9630327.79256583
9644934.066930529
9659466.150129061
9673919.035305515
9688287.532890098
9702566.268342031
9716749.679989493
9730832.016978065
9744807.337339487
9758669.506193284
9772412.194093741
9786028.875535315
9799512.827630201
9812857.128971366
9826054.658695668
9839098.095761076
9851979.918452827
9864692.404133353
9877227.629251061
9889577.469623115
9901733.601007566
9913687.499980288
9925430.445131695
9936953.518598987
9948247.60794856
9959303.408423835
9970111.425572954
9980661.978270626
9990945.202147983
10000951.0534437
10010669.313289054
10020089.592438936
10029201.336459909
10037993.831385633
10046456.209848896
10054577.457698364
10062346.421107246
10069751.814179186
10076782.227055991
10083426.134529812
10089671.905160937
10095507.81090085
10100922.037218142
10105902.693723239
10110437.825285839
10114515.423637088
10118123.439446276
10121249.794859927
10123882.39648879
10126009.148826208
10127617.96807908
10128696.796390336
10129233.616429748
10129216.466327652
10128633.454923982
10127472.777302867
10125722.730581198
10123371.729917325
10120408.32470436
10116821.214910759
10112599.267529381
10107731.53309438
