0.004935207556603866
0.004752414959903835
0.004587753922047991
0.004439955836123664
0.004307899933611725
0.004190530154074107
0.004086838367909459
0.003995855555276496
0.003916651288977506
0.00384833286207467
0.0037900462730771274
0.003740976926109237
0.0037003524943149905
0.0036674437175208473
0.003641565822206887
0.003622079220935183
0.003608389616278984
0.003599947502221771
0.003596247105752149
0.003596824844059898
0.0036012573903849232
0.0036091594471969546
0.003620181322218128
0.0036340063938736676
0.0036503485405629745
0.0036689495947047606
0.0036895768691634877
0.0037120207913421284
0.003736092669394139
0.0037616226059174586
0.0037884575670970597
0.0038164596094837576
0.003845504377748615
0.003875479167887429
0.003906282317548158
0.003937821529991387
0.0039700129304148036
0.00400278011349145
0.004036053295267525
0.004069768560020779
0.00410386719299446
0.004138295090491018
0.004173002239401584
0.004207942258996214
0.004243071998007242
0.004278351181559718
0.0043137421020756316
0.004349209348745376
0.0043847195734308675
0.004420241284802727
0.0044557446718187
0.004491201450487101
0.00452658473200115
0.0045618689096463
0.004597029562220718
0.00463204337196547
0.004666888055210837
0.004701542304139483
0.004735985738230675
0.004770198864201743
0.004804163042784073
0.004837860462460252
0.004871274117881236
0.004904387792929785
0.00493718604790354
0.004969654209017779
0.005001778361068205
0.005033545343814362
0.0050649427381986535
0.005095958880055001
0.005126582844938524
0.00515680444979211
0.00518661425106854
0.005216003542712041
0.005244964353790334
0.005273489445606053
0.0053015723081475796
0.00532920715576608
0.005356388921997647
0.005383113253470624
0.005409376497864287
0.0054351757166044064
0.005460508643793538
0.005485373698531443
0.005509769968435452
0.005533697198111493
0.005557155776907258
0.005580146726048126
0.0056026716852713935
0.005624732899085886
0.005646333202803625
0.005667476008498333
0.005688165291066727
0.005708032980291802
0.0057269877077106845
0.005745050678194122
0.005762242445053205
0.005778583028687676
0.005794091992445479
0.005808788509742633
0.005822691389169888
0.005835819155233125
0.005848190056156626
0.005859822098402411
0.00587073306868
0.005880940550991627
0.00589046193940192
0.005899314439830067
0.005907515097983155
0.0059150807877290795
0.005922028198415591
0.005928373855121151
0.005934134109611531
0.005939325136833741
0.00594396293054025
0.005948063298213358
0.005951641855483983
0.005954714020219127
0.005957295006428037
0.005959399818115217
0.005961043243194426
0.0059622398475541296
0.005963003969353803
0.005963349713614697
0.005963290947158235
0.0059628412939320835
0.005962014130755961
0.005960822583511712
0.00595927952379047
0.005957397566009813
0.005955189065001239
0.005952666114069015
0.0059498405435142315
0.005946723919615048
0.0059433275440517455
0.005939662453761362
0.005935739421207097
0.005931568955043705
0.005927161301158554
0.0059225264440714255
0.005917674108669886
0.0059126137622590915
0.005907354616906587
0.005901905632060177
0.005896275517416524
0.005890472736022035
0.005884505507584084
0.005878381811972915
0.005872109392897034
0.005865695761730351
0.005859148201476374
0.005852473770850336
0.005845679308464906
0.005838771437101492
0.005831756568055459
0.005824640905539658
0.005817430451132978
0.005810131008263266
0.005802748186712405
0.005795287407132121
0.005787753905561809
0.005780152737939209
0.005772488784594307
0.0057647667547199655
0.005756991190811379
0.005749166473068147
0.005741296823753013
0.005733386311502239
0.005725438855581332
0.005717458230084239
0.005709448068070314
0.00570141186563584
0.00569335298591814
0.005685274663028458
0.005677180005912847
0.005669072002137289
0.005660953521597782
0.005652827320152236
0.005644696043174242
0.0056365622290275065
0.0056284283124611485
0.005620296627925371
0.005612169412806148
0.00560404881058175
0.005595936873898841
0.005587835567569793
0.0055797467714920335
0.005571672283489185
0.005563613822076078
0.005555573029147226
0.005547551472590449
0.005539550648827423
0.00553157198528048
0.005523616842768939
0.005515686517834482
0.005507782244998468
0.005499905198950834
0.0054920564966733304
0.005484237199498583
