7.1647513305606365
7.225826914365265
7.281745177690298
7.3329321837320265
7.379722350376062
7.4224113347741305
7.461267546832375
7.496536541267144
7.52844372245892
7.557196580983832
7.582986577821594
7.605990772358235
7.626373238033375
7.644286299222364
7.659871616546029
7.67326114298822
7.684577977084753
7.693937090269991
7.701446017893748
7.707205449057661
7.711309761453458
7.713847503311536
7.714901826729557
7.714550880487582
7.712868166092969
7.709922861579996
7.705780116741031
7.700501322974486
7.694144360514286
7.686763825442702
7.678411238601644
7.669135238197198
7.658981757748748
7.647994190774797
7.636213543460759
7.623678576414532
7.6104259364846865
7.5964902795088625
7.581904384765701
7.56669926182178
7.550904250392936
7.534547113777237
7.517654126361262
7.500250155653075
7.4823587392525415
7.464002157131687
7.4452014995641935
7.4259767310130975
7.4063467502592335
7.3863294470287775
7.365941755356938
7.34519970390557
7.3241184634348695
7.3027123916137375
7.280995075339052
7.258979370721212
7.236677440881393
7.2141007916954205
7.191260305609278
7.168166273642229
7.144828425685549
7.121255959197181
7.097457566385778
7.0734414599713045
7.049215397603472
7.024786705013974
7.0001622979734375
6.975348703119567
6.950352077718569
6.925178228418184
6.899832629046913
6.874320437510719
6.8486465118353825
6.822815425399739
6.796831481402424
6.770698726602161
6.74442096436934
6.7180017670844885
6.691444487917185
6.6647522720170596
6.637928067146806
6.6109746337854665
6.583894554728705
6.556690244211306
6.529363956575873
6.501917794510334
6.474353716875775
6.446673546144851
6.418878975470176
6.390971575400932
6.3629528002651075
6.334823994233865
6.306586397083674
6.2782411496712385
6.249789299135203
6.221231803838302
6.192569538062617
6.163803296470277
6.134933798341136
6.105961691598503
6.07688755663353
6.047711909938233
6.018435207556763
5.989057848364067
5.959580177180599
5.93000248773148
5.900325025457954
5.8705479901887525
5.840671538678618
5.8106957870208396
5.78062081294047
5.750446657974478
5.720173329544889
5.689800802930709
5.659329023144093
5.628757906716156
5.598087343397336
5.567317197777334
5.53644731082916
5.505477501381806
5.474407567525797
5.443237287955806
5.411966423254259
5.380594717119691
5.349121897543635
5.317547677939468
5.285871758226768
5.2540938258743415
5.222213556905267
5.190230616866943
5.158144661769218
5.1259553389935455
5.093662288175959
5.061265142066719
5.02876352736934
4.99615706556171
4.963445373701864
4.930628065221107
4.89770475070698
4.864675038678688
4.831538536357458
4.79829485043442
4.764943587838477
4.73148435650678
4.697916766160322
4.664240429087228
4.630454960936433
4.596559981524325
4.562555115657161
4.52843999397201
4.494214253799064
4.459877540048332
4.4254295061237094
4.390869814867608
4.356198139539456
4.321414164831428
4.28651758792504
4.251508119592322
4.2163854853454765
4.181149426639182
4.145799702129839
4.110336088996401
4.074758384327575
4.039066406580496
4.003259997116428
3.967339021819073
3.9313033728017768
3.8951529702100265
3.8588877641262513
3.822507736584262
3.7860129037012307
3.749403317935619
3.7126790704800694
3.6758402937987977
3.638887164319804
3.601819905292765
3.564638781411931
3.527344122266658
3.4899363158398273
3.4524158048908093
3.4147830963063814
3.377038765616854
3.3391834598821792
3.3012179040841985
3.2631429133906713
3.224959380702894
3.1866682875874015
3.148270721376993
3.109767875169844
3.07116105472361
3.032451685813388
2.993641322086667
2.954731653450486
2.915724515027893
2.8766218967235337
2.8374259534403197
2.79813901599179
2.758763602757445
2.719302432130552
