17.008518358529876
17.005541086179452
17.002577939019535
16.99964611778655
16.996763634535284
16.993948002856094
16.991215471534385
16.988580607642476
16.98605580986453
16.983651042250013
16.981373674634582
16.97922850773586
16.977217814511025
16.975341589097606
16.973597811205426
16.97198276573148
16.97049137956828
16.96911755342499
16.967854471766525
16.966694879477313
16.965631318899014
16.964656325074447
16.96376258019134
16.962943030374102
16.962190969245416
16.96150009325052
16.960864533792815
16.960278870941043
16.959738132976284
16.95923778545911
16.95877371288804
16.95834219543952
16.957939885704093
16.95756376902476
16.957211153885062
16.95687963194026
16.95656705482774
16.956271509194828
16.955991293393325
16.95572489594099
16.955470975777164
16.955228344282425
16.954995948992064
16.954772858911234
16.954558251313955
16.954351399925358
16.95415166435613
16.95395848066577
16.95377135299304
16.953589846056392
16.953413578529723
16.953242217141103
16.953075471433184
16.952913089110417
16.952754851906523
16.95260057191318
16.952450088316773
16.95230326449624
16.95215998543985
16.952020155445066
16.95188369606266
16.951750544268265
16.951620650822715
16.951493978804915
16.951370502300108
16.951250205216166
16.951133080223574
16.951019127779904
16.950908355316884
16.95080077643061
16.95069641016474
16.950595280382597
16.950497415186984
16.95040284639297
16.950311609048473
16.950223740997934
16.950139282485136
16.950058275791626
16.949980764907867
16.949906795234355
16.949836413299163
16.949769666571118
16.949706603132352
16.94964727156572
16.94959172075424
16.94953999972651
16.949492157522638
16.949448243080045
16.94940830513895
16.949372392167334
16.94934055230543
16.949312833329902
16.949289282638116
16.949261918901946
16.94922872632587
16.949190094891552
16.94914638423949
16.949097927268102
16.94904503286631
16.948987988304545
16.948927061218733
16.94886250159566
16.94879454329842
16.9487234055407
16.948649294171357
16.94857240281717
16.9484929139008
16.948410999835268
16.94832682297059
16.948240536913342
16.948152287718678
16.9480622136322
16.947970445899806
16.947877109238977
16.947782322264917
16.94768619787607
16.947588843603356
16.947490361927365
16.947390850567018
16.947290402742915
16.947189107418176
16.94708704951929
16.946984310139122
16.946880966724027
16.94677709324681
16.94667276036699
16.946568035579787
16.94646298335489
16.94635766526619
16.946252140113273
16.94614646403558
16.946040690619885
16.945934871001803
16.945829053961802
16.94572328601627
16.94561761150412
16.945512072669167
16.945406709738847
16.945301560999358
16.945196662867637
16.94509204996041
16.94498775516041
16.944883809680068
16.944780243122857
16.944677083542274
16.94457435749883
16.944472090114957
16.94437030512805
16.944269024941764
16.94416827067552
16.94406806221244
16.94396841824572
16.94386935632349
16.943770892892225
16.943673043338812
16.94357582203126
16.943479242358123
16.943383316766674
16.94328805679989
16.943193473132247
16.943099575604393
16.943006373256704
16.942913874361803
16.942822086456
16.942731016369752
16.942640670257113
16.94255105362423
16.942462171356933
16.94237402774739
16.942286626519884
16.942199970855732
16.942114063417364
16.942028906371604
16.941944501412138
16.9418608497812
16.941777952290547
16.941695809341656
16.941614420945264
16.941533786740155
16.941453906011326
16.941374777707473
16.941296400457865
16.941218772588563
16.941141892138095
16.9410657568725
16.940990364299854
16.940915711684188
16.940841796058965
16.940768614239943
16.94069616283762
16.940624438269165
16.94055343676986
16.94048315440413
16.940413587076115
16.940344730539795
16.94027658040877
16.940209132165577
16.940142381170634
16.94007632267086
