24.82997
24.652461129938015
24.476661592974143
24.303726231968238
24.13339877462084
23.96551248045907
23.799958198409918
23.636660414354854
23.4755634056174
23.316623247613588
23.159803188548057
23.005070962586572
22.85239721921396
22.70175459580375
22.553117161291514
22.406460074337765
22.261759365776886
22.11899179334128
21.9781347386176
21.839166128828026
21.70206437329727
21.566808308643612
21.43337714912891
21.301750439973095
21.17190801221382
21.04382993812257
20.917496486415605
20.792888076603404
20.66998523185176
20.54876852970616
20.429218549971736
20.311315818949925
20.195040749109626
20.080373573115416
19.967294270940975
19.855782488557836
19.745817446398604
19.637377835440454
19.530441698328048
19.424986292443883
19.320987912982194
19.218421762727115
19.117261681228054
19.017479910290135
18.919046795650903
18.821930437436563
18.72609628120119
18.631506650186875
18.538120170014334
18.445891194803128
18.354769132631578
18.264697780441608
18.17561474016843
18.08745107721712
18.000131493386114
17.913575438626598
17.827699754167387
17.742423534032397
17.65767571508149
17.573405165768314
17.48959156976965
17.406253632978363
17.323450472941666
17.24127398583147
17.15983411244046
17.07924230553225
16.9995985480723
16.920984138270388
16.843460282615563
16.767069850685022
16.691840683559896
16.617789103427043
16.544922982665632
16.473244171878456
16.402750314384743
16.33343615544768
16.265294465510127
16.198316681892535
16.1324933509172
16.0678144310599
16.00426950035477
15.941847898434691
15.880538824033646
15.820331402205023
15.76121473109389
15.703177914791507
15.646210086754369
15.590300426801527
15.535438172650938
15.481612541745898
15.428812959884038
15.37702891798543
15.326250075849337
15.276466043291716
15.227666538455185
15.179841386459387
15.132980518738208
15.087073976704605
15.04211188557554
14.998084508520257
14.954982216748007
14.912795492080923
14.871514929202435
14.831131237486096
14.791635242516548
14.753017887370788
14.715270233701144
14.678383462646046
14.642348875585206
14.607157894750651
14.572802063701753
14.539273047670626
14.506562633783146
14.474662731160347
14.443565370904457
14.413262705973834
14.383747010950561
14.355010681705412
14.327046234963268
14.299846307773612
14.273403656889842
14.24771115806133
14.222761805242241
14.198548709720852
14.175065099173834
14.152304316648205
14.130259819475919
14.108925178124723
14.088294074986106
14.068360303111689
14.049117764891164
14.030560470683259
14.01268253739985
13.995478187047249
13.978941745227807
13.963067639605082
13.94785039833562
13.933284648470334
13.919365114328464
13.90608661584676
13.89344406690683
13.881432473642988
13.870046932733352
13.859282629676454
13.849134837055715
13.839598912794038
13.830670298400541
13.822344517211548
13.814617172627665
13.807483946348807
13.800940596608905
13.794982956411927
13.789606931770692
13.784808499950026
13.780583707715548
13.776928669589385
13.773839566114033
13.771312642125434
13.769344205036331
13.767930623130852
13.767068323871195
13.766753792217253
13.766983568959889
13.767754249068538
13.769062480053796
13.770904960345481
13.773278437686741
13.776179707544546
13.779605611537065
13.783553035878159
13.788018909839375
13.793000204229616
13.798493929892713
13.804497136223068
13.811006909699522
13.818020372437475
13.925776001693697
14.038462603557948
14.154361396048444
14.276852506671885
14.406879399707119
14.544690734760083
14.690297054105201
14.84360977545853
15.004491682817278
15.17277797155428
15.348285451707081
15.530816181117503
15.720158197364675
15.91608463988447
16.11835196867536
16.326697689257735
16.54083784067568
16.760464421078474
16.985242880176486
17.214809782847162
17.448770734382183
17.686698650158416
17.928132447700712
18.172576235075375
18.217070220697003
18.308277905637436
18.4002879148905
18.491690080233568
18.582433691682393
18.672510973796687
18.76191691104542
18.85064791893072
18.938701704578754
19.02607717275554
19.112774341146537
19.19879426251253
19.284138952583465
19.368811322784666
19.452815117060993
19.536154852206927
19.618835761229352
19.700863739368245
19.782245292481633
19.862987487567533
19.94309790524953
20.022584594095868
20.101456026676455
20.179721057289058
20.257388881306586
20.334468996113063
20.41097116360694
20.486905374258267
20.562281812711163
20.63711082492561
20.711402886853538
20.785168574643546
20.858418536367147
20.93116346525697
21.003414074444493
21.075181073181685
21.14647514452756
21.21730692447706
21.287686982506433
21.357625803505908
21.427133771067357
21.49622115209184
21.564898082679342
21.633174555260634
21.701060406929287
21.768565308930146
21.835698757259177
21.9024700643285
21.96888835164969
22.034962543487797
22.100701361438404
22.16611331987989
22.231206722253322
22.29598965856748
22.360470001480753
22.424655407230258
22.48855331323436
22.552170938151736
22.61551528217159
22.678593127810363
22.741411041183024
22.803975373710553
22.86629226422622
22.928367641444897
22.99020722676105
23.05181653734272
23.11320088949027
23.1743654022301
23.235315001115453
23.296054422207444
23.356588216211364
23.416920752744648
23.47705622471417
23.536998652782305
23.596751889902215
23.656319625904352
23.715705392117368
23.77491256600797
23.833944375825315
23.892803905236754
23.951494097942934
24.01001776226107
24.068377575666467
24.126576089283187
24.184615732315624
24.24249881641382
24.30022753996576
24.357803992311162
24.4152301578716
24.47250792019263
24.5296390658942
24.523472748903487
24.517984415956583
24.51302603250798
24.50848135216878
24.504259606617204
24.500289505128432
24.496515629836868
24.492894559827867
24.489392350395804
24.485982467269686
24.482644169106994
24.479361242859543
24.476121015131582
24.47291357933396
24.469731191552295
24.466567798310976
24.463418667444433
24.460280099567733
24.457149202550124
24.454023715235582
24.450901869657486
24.447782283341624
24.444663875127606
24.44154579937255
24.438427394523146
24.435308142918224
24.43218763936934
24.42906556660252
24.425941676062777
24.422815772910294
24.419687704292983
24.416557350179833
24.413424616195933
24.410289428022022
24.407151727016917
24.40401146679579
24.400868610555577
24.397723128984367
24.394574998627256
24.391424200608956
24.38827071963536
24.38511454321304
24.381955661039118
24.378794064524413
24.37562974642061
24.372462700528818
24.36929292147177
24.36612040451574
24.36294514543129
24.35976714038443
24.35658638585154
24.35340287855278
24.350216615400125
24.347027593456648
24.343835809904725
24.340641262021144
24.33744394715764
24.334243862725707
24.331041006184638
24.327835375032237
24.324626966797513
24.321415779034968
24.31820180932013
24.314985055246037
24.3117655144205
24.308543184463936
24.305318063007686
24.302090147692688
24.29885943616843
24.295625926092132
24.292389615128087
24.289150500947176
24.285908581226437
24.282663853648756
24.279416315902633
24.27616596568196
24.272912800685877
24.269656818618635
24.26639801718951
24.263136394112696
24.25987194710728
24.256604673897154
24.253334572211013
24.2500616397823
24.24678587434918
24.24350727365454
24.24022583544596
24.236941557475717
24.23365443750076
24.23036447328274
24.22707166258797
24.223776003187453
24.220477492856894
24.217176129376675
24.21387191053189
24.21056483411234
24.207254897912552
24.203942099731798
24.20062643737408
24.197307908648177
24.193986511367648
24.190662243350832
24.187335102420896
24.184005086405826
24.18067219313847
24.177336420456548
24.17399776620267
24.170656228224363
24.036794306677507
23.893056135956872
23.748668823259855
23.605389364823807
23.463566627520343
23.323224926537105
23.18431558202507
23.04677638737263
22.91054544784189
22.77556417401285
22.641777718374744
22.50913482950448
22.37758759225689
22.24709116311932
22.11760352434188
21.989085260284906
21.861499354856104
21.734811008045973
21.608987469565864
21.48399788777145
21.35981317225406
21.236405868668424
21.113750044530775
20.991821184867064
20.87059609671888
20.750052821626934
20.630170555310272
20.510929573846067
20.39231116573074
20.274297569270058
20.156871914804903
20.04001817133135
19.92372109711968
19.807966193977574
19.69273966483882
19.57802837439066
19.463819812481404
19.350102060075262
19.236863757543546
19.12409407510167
19.011782685219377
18.899919736847362
18.788495831318055
18.677501999791208
18.566929682126258
18.456770707074206
18.347017273690795
18.237661933881387
18.128697575995577
18.020117409396352
17.911914949934957
17.80408400626827
17.6966186669605
17.58951328831591
17.482762482893186
17.376361108656212
17.270304258719403
17.164587251648882
17.05920562228383
16.954155113044987
16.849431665699615
16.74503141355467
16.640950674051744
16.537185941739484
16.43373388160065
16.3305913227128
16.227755252222952
16.125222809617796
16.02299128127257
15.921058095262557
15.819420816422369
15.718077141639165
15.617024895366772
15.516262025348587
15.415786598537888
15.31559679720488
15.215690915220424
15.116067354507242
15.016724621649551
14.917661324653023
14.818876169847236
14.720367958923264
14.622135586099555
14.524178035409564
14.42649437810502
14.329083770169078
14.231945449933864
14.135078735797258
14.038483024034065
13.94215778669696
13.846102569602795
13.75031699040023
13.654800736714654
13.559553564366771
13.464575295661277
13.369865817742271
13.275425081012282
13.181253097611753
13.08734993995624
12.993715739328474
12.900350684522726
12.807255020538955
12.714429047324337
12.621873118559948
12.529587640490364
12.437573070794118
12.345829917493036
12.254358737898524
12.163160137592955
12.072234769444409
11.9815833326531
11.89120657182782
11.80110527609086
11.711280278209918
11.621732453755468
11.532462720282325
11.4434720365339
11.354761401667941
11.266331854502498
11.178184472780801
11.090320372453991
11.00274070698046
10.915446666640717
10.828439477866757
10.741720402584795
10.655290737570397
10.569151813815024
10.483304995903017
10.397751681398056
10.312493300238225
10.227531314138787
10.142867216001747
10.058502529331435
9.974438807655222
9.890677633948611
9.807220620063857
9.724069406161407
9.641225660143395
9.558691077088406
9.476467378686898
9.394556312676476
9.312959652276408
9.23167919562071
9.150716765189099
9.070074207235267
8.9897533912118
8.909756209191151
8.830084575282124
8.750740425041249
8.67172571487856
8.593042421457193
8.514692541086323
8.436678089106946
8.359001099270012
8.281663623106466
8.204667729288758
8.128015502983395
8.051709045194155
7.975750472095558
7.900141914356274
7.824885516452092
7.749983435968171
7.67543784289028
7.601250918884736
7.527424856566825
7.4539618587575
7.3808641377281115
7.308133914433057
7.235773417730207
7.16378488358896
7.092170554285877
7.020932677587821
6.95007350592259
6.8795952955370145
6.809500305642598
6.739790797548708
6.670469033783449
6.601537277202321
6.532997790084799
6.464852833219049
6.397104664974967
6.329755540365788
6.262807710098529
6.196263419613599
6.130124908113856
6.064394407583513
5.999074141797266
5.934166325320057
5.869673162497923
5.805596846440375
5.741939557994852
5.678703464713692
5.615890719814242
5.55350346113259
5.491543810071548
5.430013870543464
5.368915727908472
5.308251447908816
5.248023075599845
5.190779430753655
5.133846125953791
5.0767436687765946
5.019401544685338
4.961836398330407
4.90408452575209
4.84618708997265
4.788186734109737
4.730126660001126
4.67205024065434
4.614000751983138
4.556021137294951
4.498153788489881
4.440440342742743
4.38292149620488
4.325636836413186
4.268624694679141
4.211922019208543
4.155564269186644
4.099585329589973
4.044017446071515
3.988891178918622
3.9342353748067262
3.880077154866167
3.8264419174409583
3.773353353841453
3.720833475370259
3.6689026499242883
3.6175801684616458
3.5668827188104606
3.5168260279138717
3.467424391861301
3.418690736455279
3.370636680591209
3.3232726002555606
3.2766076923098635
3.2306500374054687
3.1854066614972165
3.1408835955310686
3.0970859329759994
3.0540178849548187
3.011682832802576
2.9700833779451754
2.929221389045437
2.889098046409832
2.849713883687213
2.811068826921841
2.773162231047744
2.7359929139305823
2.6995591880775343
2.663858890145906
2.628889408387745
2.594647708171393
2.5611303557219727
2.5283335402218183
2.496253094409151
2.4648845138092508
2.4342229747271715
2.4042633511250644
2.3750002305005333
2.3464279288753236
2.318540504996247
2.2913317738426815
2.2647953195272947
2.23892450766903
2.21371249730983
2.189152252439194
2.1652365531834685
2.141958006709861
2.1193090578884743
2.0972819997493795
2.075868983765701
2.0550620299880684
2.03485303705049
2.0152337920628587
1.9961959804007576
1.9777311953991208
1.9598309479526077
1.9424866760221933
1.9256897540445486
1.909431502238219
1.8937031957984176
1.878496073970399
1.8638013489899101
1.8496102148780478
1.8359138560770007
1.822703455912616
1.8099702048694226
1.7977053086637613
1.7858999961008493
1.774545526702026
1.7636331980890412
1.753154353113012
1.7431003867165664
1.7334627525187385
1.724232968826647
1.715402625203605
1.7069633881579727
1.6989070060623779
1.6912253144105085
1.683910240617774
1.6769538084795894
1.670348142308872
1.6640854707572401
1.6581581303225363
1.6525585685459323
1.6472792939696557
1.642313044096421
1.6376526155492315
1.633290925747164
1.6292210146683623
1.6254360463060484
1.6219293098609537
1.6186942206803472
1.6157243209536167
1.6130132801746762
1.610554895381716
1.6083430911850325
1.606371919593784
1.6046355596526158
1.6031283168990826
1.6018446226527727
1.6007790331469223
1.599926228513192
1.599281011630078
1.598838306845214
1.5985931585815878
1.5985407298373895
1.5986763005889417
1.598995266105811
1.5994931351868837
1.6001655290019272
1.6010081759280674
1.6020169158055007
1.603187692234294
1.6045165529359902
1.6059996474219127
1.6076332248434695
1.6094136318608874
1.611337310502143
1.6134007960117493
1.615600714693369
1.617933781750588
1.6203967991300194
1.6229866533705868
1.6257003134625734
1.6285348287197152
1.6314873266673537
1.6345550109494087
1.6377351592566818
1.6410251212787597
1.6444223166815737
1.6479242331124617
1.651528424234367
1.6552325077906536
1.6590341637017967
1.6629311321950908
1.6669212119683356
1.6710022583883215
1.6751721817248224
1.679428945420649
1.6837706006347426
1.688195140037519
1.6927007063287125
1.6972854643099045
1.7019476194714827
1.7066854201619264
1.7114971570141488
1.716381161091512
1.7213358023169714
1.7263594887966398
1.7314506652744672
1.7366077734775893
1.7418294034160489
1.7471140708952144
1.752460349021016
1.7578668460267854
1.7633322003015552
1.7688550786832822
1.7744341753132247
1.7800682106086312
1.7857559302815476
1.79149610439162
1.797287526430471
1.8031290124368313
1.8090194001418063
1.8149575481437719
1.82094233511231
1.8269726590206752
1.833047436406227
1.8391656016582967
1.845326106332933
1.8515279184940026
1.8577700220800903
1.8640514162966777
1.8703711150330555
1.8767281463034475
1.883121551711814
1.8895503859398122
1.8930352415569323
1.8965368804689051
1.900054821943157
1.9035882731671623
1.907136436117973
1.9106985458415249
1.9142738737154947
1.9178617262384974
1.921461443329366
1.9250723966502228
1.9286939880143745
1.9323256478815047
1.935966833935388
1.939617029738841
1.9432757434609005
1.9469430567631267
1.9506180187152198
1.9542995909907168
1.9579878680335479
1.9616825258825117
1.9653832050051563
1.9690895562903727
1.9728012462665876
1.976517957087612
1.9802393858761753
1.9839652440158564
1.9876952564658366
1.9914291611064034
1.9951667081146744
1.9989076593690016
2.0026517878804966
2.0063988772501986
2.010148721150486
2.0139011228294263
2.017655894636834
2.021412857570886
2.0251718408442008
2.0289326814683633
2.0326952238559306
2.036459319439006
2.0402248263035307
2.043991608838476
2.0477595373991773
2.0515284879840827
2.055298341924235
2.059068985584839
2.0628403100782977
2.066612210988143
2.070384588103305
2.074157345162194
2.0779303896061108
2.0817036323414966
2.0854769875105914
2.0892503722700617
2.093023706577199
2.0967969129833004
2.1005699164338645
2.1043426440752504
2.1081150250674674
2.1118869904027746
2.1156584727297894
2.119429406182809
2.123199726216071
2.126969369442685
2.130738273477989
2.134506376787069
2.138273618536233
2.142039938448198
2.1458052766607842
2.1495695735889164
2.153332769789719
2.1570948058305377
2.1608556221596946
2.1646151589798026
2.168373356123478
2.172130152931286
2.175885488131768
2.1796392997234024
2.1833915248583518
2.187142099727865
2.190890959449201
2.1946380379539376
2.1983832678775586
2.202126580450189
2.2058679053883656
2.2096071707877396
2.213344303016596
2.217079226610096
2.220811864165137
2.2245421362357423
2.228269961228873
2.2319952553006055
2.2357179322525487
2.2394379034284477
2.2431550776108846
2.2468693609180015
2.2505806567001683
2.2542888654365294
2.2579938846313574
2.261695608710153
2.26539392891542
2.2690887332020626
2.272779906132344
2.27646732877035
2.2801508785759044
2.283830429297892
2.2875058508669297
2.291177009287351
2.2948437665284565
2.2985059804149897
2.302163504516799
2.305816188037659
2.3094638757032038
2.313106407647959
2.316743619301432
2.320375341273247
2.324001399237292
2.327621613814871
2.3312358004568394
2.3348437693247104
2.3384453251707296
2.3420402672169023
2.3456283890329828
2.3492094784134205
2.3527833172532677
2.356349681423063
2.3599083406427024
2.363459058354311
2.3670015915941454
2.370535690863548
2.3740610999989844
2.3775775560412047
2.3810847891035642
2.3845825222395542
2.3880338721637977
2.391431550342569
2.394784672359969
2.39810059932236
2.40138494427273
2.4046419097725087
2.4078745814446196
2.4110851563625544
2.414275119724828
2.4174453826143982
2.4205963903862786
2.4237282086516667
2.4268405919881118
2.4299330391961322
2.4330048379802265
2.4360551012450213
2.4390827966901925
2.44208677100931
2.4450657697123
2.448018453373791
2.4509434109424126
2.4538391706164635
2.456704208689863
2.459536956692216
2.4623358070830768
2.465099117709256
2.467825215192483
2.470512397380637
2.47315893496748
2.475763072361937
2.478323027867526
2.4808369932145653
2.483303132471665
2.4857195803480696
2.4880844398841053
2.4903957795128435
2.4926516294615437
2.494849977445997
2.4969887635939396
2.499065874514632
2.5010791364096154
2.5030263070936654
2.5049050667637673
2.5067130073159243
2.5084476199627685
2.5101062808463883
2.511686234266855
2.5131845730524898
2.5145982154759494
2.515923877960791
2.5171580426123277
2.5182969183239443
2.5193363938257245
2.5202719805114726
2.5210987421342477
2.521811207391628
2.5224032598563264
2.52286799735687
2.5231975492801144
2.523382834462888
2.5234132326936023
2.5232761260378407
2.5229562351764563
2.522434614353917
2.5216870341380186
2.5686072484629343
2.612320337286095
2.6528112823026664
2.6900744369933425
2.724131812190316
2.7550350305302174
2.782863925736955
2.8077237625761815
2.8297417416553294
2.849063025912164
2.865846581830404
2.8802609564150115
2.8924802967802368
2.9026806987402596
2.9110370054292325
2.917720113571824
2.9228948054618513
2.9267180920464777
2.9293380287330177
2.9308929503390693
2.931511063868572
2.931310335977114
2.930398614463952
2.9288739284007277
2.926824918333704
2.9243313554220647
2.921464715724299
2.9182887826823367
2.9148602569352553
2.9112293578156034
2.907440405233666
2.9035323819392165
2.899539427900117
2.895491363947715
2.891414121932434
2.8873301634920634
2.8832588594231363
2.879216835281503
2.8752182850989487
2.8712752553092757
2.8673979010710893
2.8635947171827643
2.8598727457351303
2.856237762556465
2.8526944443791864
2.8492465185513023
2.8458968969319476
2.84264779555189
2.8395008413726224
2.836457167458801
2.8335174977003446
2.830682222121559
2.827951463714107
2.8253251376369435
2.822803003542164
2.8203847117099294
2.8180698436078133
2.815857947430646
2.813748569111097
2.8117412792844068
2.809835696567801
2.808031507566399
2.8063284839548563
2.804726496883932
2.8032255290881554
2.801825684867902
2.80052719822341
2.799330439383793
2.798235920063318
2.797244297278805
2.796356376286249
2.795573112654358
2.7948956136701435
2.794325139241675
2.793863102458647
2.7935110699682526
2.7932707623228326
2.7931440544557873
2.7931329764445514
2.793239715201973
2.793466614964295
2.7938161811538245
2.794291083663093
2.7948941616463454
2.795628429762887
2.796497086099003
2.797503522054139
2.798651334516786
2.799944340704541
2.801386596103219
2.8029824160140246
2.80473640130891
2.806475747625147
2.8081460007212935
2.8097448083486793
2.811270477520078
2.81272188586273
2.8140984169219454
2.8153998991623332
2.816626553646993
2.81777894707733
2.818857948001745
2.8198646876085784
2.8208005242129195
2.8216670111164692
2.822465867543728
2.8231989468429197
2.8238682294817115
2.824475790130519
2.8250237679918833
2.8255143657556143
2.825949828497455
2.8263324297930343
2.826664459282338
2.826948211584263
2.8271859764485225
2.8273800300385097
2.8275326272470247
2.8276459949547226
2.827722326148466
2.8277637748233886
2.8277724515985554
2.8277504199817054
2.8276996932236536
2.8276222317076365
2.827519940823215
2.827394669278339
2.827248207806841
2.8270822882320545
2.8268985828503665
2.8266987041014344
2.826484204494493
2.826256576762679
2.8260172542195767
2.8257676112943746
2.8255089642239697
2.8252425718822343
2.8249696367283117
2.824691305857445
2.824408672139277
2.8241227754298923
2.823834603845174
2.82354509508418
2.823255137792302
2.822965572954999
2.822677195313768
2.8223907547968805
2.8221069579582045
2.8218264694180983
2.821549913301071
2.8212778746654688
2.8210109009210353
2.8207495032306555
2.8204941578931013
2.8202453077040026
2.820003363292639
2.8197687044325237
2.8195416813240657
2.8193226158478732
2.8191118027875364
2.8189095110209665
2.8187159846795837
2.818531444274816
2.818356087791594
2.8181900917486176
2.818033612225368
2.8178867858559307
2.8177497307897985
2.8176225476199326
2.817505320278458
2.817398116900401
2.8173009906559803
2.817213980551995
2.8171371122029125
2.817070398572285
2.8170138406851604
2.816967428312191
2.816931140626148
2.8169049468315674
2.816888806768274
2.8168826714895387
2.8168864838156047
2.816900178863354
2.8169236845528594
2.8169569220915593
2.8169998064368142
2.8170522467375627
2.817114146755811
2.8171854052686545
2.817265916451538
2.817355570243439
2.8174542526946453
2.8175618462977705
2.8176782303026653
2.817803281015832
2.81793687208496
2.818078874769156
2.818229158195473
2.818387589602255
2.761097819701795
2.7065274887421262
2.6544708526687417
2.604778547917089
2.557319573447716
2.511973737210051
2.4686294958923947
2.4271827542814735
2.3875360215582093
2.349597727254324
2.313281652923254
2.278506454179318
2.2451952547279452
2.2132752981811694
2.182677646507319
2.153336917273491
2.1251910478320446
2.0981810911427172
2.072251028143963
2.0473475990036096
2.023420149143018
2.0004204878452323
1.9783027576766052
1.9570233133271708
1.936540608685864
1.9168150912074753
1.8978091027934323
1.8794867865410898
1.8618139988213613
1.8447582262294708
1.8282885070173829
1.8123753566746919
1.7969906973638667
1.7821077909527112
1.7677011754150525
1.7537466043942096
1.7402209897433503
1.7271023468732924
1.7143697427522282
1.702003246413825
1.689983881840534
1.6782935830980474
1.6669151516049323
1.655832215428679
1.645029190505972
1.6344912436909238
1.6242042575404878
1.6141547967513048
1.6043300761669275
1.5947179302787198
1.5853067841478146
1.5760856256793327
1.5670439791836632
1.5581718801629922
1.54945985126446
1.5408988793443246
1.5324803935903748
1.5241962446525104
1.5160386847339509
1.5080003485979376
1.5000742354470735
1.4922536916345799
1.4845323941688013
1.476904334974201
1.4693638058739158
1.4619053842606582
1.4545239194243895
1.4472145195067214
1.4399725390534708
1.432793567138168
1.4256734160306312
1.4186081103859516
1.4115938769304142
1.4046271346219819
1.3977044852640224
1.3908227045519665
1.3839787335335103
1.3771696704638867
1.3703927630385795
1.363645400986648
1.3569251090086105
1.3502295400435538
1.343556468850827
1.3369037858923363
1.330269491502082
1.323651690330173
1.317048586049117
1.3104584763107254
1.3038797479424817
1.2973108723727176
1.290750401274396
1.2841969624177565
1.2776492557224937
1.2711060495005486
1.2645661768809788
1.2580285324087417
1.2514920688095796
1.2449557939135334
1.238418767729928
1.231880099666999
1.2253389458896005
1.2187945068087405
1.2122460246969466
1.2056927814237337
1.1991340963056856
1.1925693240659117
1.185997852897855
1.179419102628664
1.1728325229775336
1.166237591904637
1.1596338140464542
1.153020719233494
1.1463978610865824
1.139764815688061
1.1331211803244083
1.1264665722969456
1.119800627797453
1.1131230008456539
1.106433362285676
1.0997313988387303
1.0930168122093695
1.0862893182428282
1.0795486461310504
1.0727945376651367
1.0660267465320474
1.059245037653509
1.0524491865651688
1.04563897883415
1.0388142095132435
1.0319746826300769
1.0251202107096766
1.0182506143289396
1.0113657217016008
1.004465368292369
0.997549396458981
0.9906176551209971
0.983669999454236
0.9767062906098145
0.9697263954568291
0.9627301863477847
0.9557175409059346
0.9486883418337663
0.941642476741929
0.9345798379979562
0.9275003225941992
0.9204038320344514
0.9132902722387914
0.9061595534662412
0.899011590254891
0.891846301379194
0.8846636098242019
0.877463442776561
0.8702457316321525
0.8630104120203203
0.8557574238446808
0.8484867113405855
0.841198223149352
0.8338919124094577
0.8265677368649469
0.8192256589913723
0.8118656461396669
0.8044876706984082
0.7970917102750159
0.7896777478965086
0.7822457722305186
0.7747957778273671
0.7673277653840738
0.7598417420313007
0.7523377216443043
0.7448157251791064
0.7372757810351935
0.7297179254461903
0.7221422029000821
0.7145486665907025
0.7069373789023539
0.6993084118772532
0.6916618476155436
0.6839977794070516
0.6763163120080949
0.6686175623598508
0.6609016603377095
0.6531687494957563
0.6454189879388381
0.6376525492494333
0.6298696236966466
0.62207041859085
0.6142551598128014
0.6064240929599689
0.5985774846071314
0.5907156236572525
0.5828388227882394
0.5749474200024334
0.5670417802862888
0.5591222973882715
0.5511893957235623
0.5432435324147563
0.5352851994783597
0.5273149261675262
0.519333281482128
0.5199947079402999
0.5208709433590035
0.5219492859027771
0.523215931804844
0.5246572448184454
0.5262602409452003
0.5280127398768734
0.5299033786156877
0.5319215719760327
0.5340574560457927
0.5363018294970064
0.5386460984783942
0.5410822269284477
0.5436026925448456
0.5462004480305696
0.5488688870397853
0.5516018142201476
0.5543934187866904
0.5572382511214014
0.5601312019540505
0.5630674837372616
0.566042613880272
0.56905239955122
0.5720929237976711
0.5751605327701452
0.5782518238642836
0.5813636346245401
0.5844930322764053
0.5876373037755245
0.5907939462809493
0.5939606579764803
0.5971353291787572
0.6003160336836719
0.6035010203139419
0.606688704640414
0.6098776608580692
0.6130666138047589
0.6162544311166672
0.6194401155193393
0.6226227972570476
0.6258017266662921
0.6289762669015023
0.632145886822565
0.6353101540547804
0.6384687282322671
0.6416213544358269
0.6447678568358857
0.6479081325504017
0.6510421457266942
0.6541699218549777
0.6572915423201012
0.660407139196614
0.6635168902908251
0.6666210144321147
0.6697197670142686
0.6728134357862704
0.6759023368906358
0.6789868111461442
0.682067220570682
0.6851439451388774
0.6882173797682837
0.6912879315270729
0.6943560170555024
0.6974220601928601
0.7004864898011355
0.7035497377763141
0.7066122372379499
0.709674420887521
0.7127367195260229
0.7157995607212542
0.7188633676153636
0.721928557863366
0.7249955426935532
0.7280647260809823
0.7311365040255171
0.7342112639262331
0.7372893840443457
0.7403712330471964
0.7434571696262195
0.7465475421822012
0.7496426885715454
0.7527429359076522
0.7558486004119116
0.7589599873091916
0.7620773907630845
0.7652010938465234
0.7683313685437403
0.7714684757798612
0.7746126654747548
0.7777641766180453
0.7809232373624856
0.7840900651331455
0.7872648667501222
0.7904478385627036
0.7936391665931326
0.796839026688309
0.8000475846779547
0.8032649965379253
0.8064914085575081
0.8097269575096777
0.8129717708234101
0.8162259667572672
0.8194896545735646
0.822762934712527
0.8260458989659195
0.8293386306497142
0.8326412047754163
0.8359536882197329
0.8392761398923224
0.8426086109014
0.8459511447170203
0.8493037773318933
0.8526665374196176
0.8560394464902407
0.8594225190430864
0.8628157627167976
0.866219178436574
0.8696327605585846
0.8730564970115611
0.8764903694355757
0.8799343533180303
0.883388418126879
0.8868525274411161
0.890326639078577
0.893810705221083
0.8973046725369856
0.9008084823011577
0.9043220705124796
0.9078453680088788
0.9113783005799723
0.9149207890773716
0.9184727495227031
0.9220340932134004
0.9256047268263272
0.9291845525192841
0.9327734680304551
0.9363713667758502
0.9399781379447997
0.9435936665935509
0.9472178337370248
0.9508505164387826
0.9544915878992536
0.9581409160270605
0.9617983683590003
0.9654638069516401
0.9691370903488797
0.972818073659626
0.9765066086343581
0.9802025437407125
0.9839057242380785
0.9876159922511807
0.9913331868426362
0.9950571440844778
0.9987876971286501
1.002524676276479
1.0062679090471365
1.0100172202451136
1.013772432026722
1.0175333639656512
1.0212998331176026
1.0250716540840281
1.0288486390750018
1.0326305979712487
1.0364173383853628
1.0402086657222371
1.0440043832387398
1.0478042921026571
1.0516081914509334
1.0554158784472367
1.0592271483388718
1.0630417945130703
1.066859608552678
1.0706803802912683
1.074503897867703
1.0783299477801636
1.0821583149396745
1.0859887827231431
1.0898211330259309
1.093655146313985
1.0974906016755412
1.101327276872422
1.1051649483909485
1.1090033914924764
1.1128423802635858
1.1166816876659278
1.1205210855857517
1.124360344883126
1.1281992354408643
1.1320375262131743
1.1358749852740402
1.1397113798653526
1.1435464764447956
1.1473800407335033
1.1512118377634983
1.1550416319249204
1.158869187013054
1.162694266275167
1.1665166324571632
1.1703360478500657
1.1738453452814905
1.176956853140688
1.17956300617874
1.1816731934747042
1.1832869727884092
1.1844016608490517
1.1850151320463318
1.1851269604248038
1.184738882549253
1.1838549345234428
1.182481416622745
1.1806267623717404
1.178301357691892
1.175517331277088
1.172288340569015
1.1686293561009748
1.1645564534333481
1.1600866158068661
1.1552375495815588
1.1500275134994384
1.1444751621396505
1.1385994034951827
1.1324192703234053
1.1259538047373323
1.1192219553960008
1.112242486586137
1.10503389845294
1.0976143576276167
1.0900016374992803
1.0822130673959716
1.074265489955223
1.066175225997056
1.0579580462335136
1.0496291491881187
1.0412031447278605
1.0326940426443116
1.0241152457534173
1.0154795470243254
1.0067991302706667
0.9980855739808068
0.9893498578879815
0.9806023719164751
0.9718529271685489
0.9631107686446302
0.954384589417157
0.9456825460021614
0.9370122746994827
0.9283809086948628
0.9197950957340701
0.9112610162054893
0.9027844014808797
0.8943705523842364
0.8860243576712972
0.8777503124208119
0.8695525362473979
0.8614347912621692
0.8534004997149668
0.8454527612634878
0.8375943698251399
0.8298278299723387
0.8221553728423354
0.8145789715382279
0.8071003560022031
0.7997210273503099
0.7924422716599812
0.7852651732066347
0.7781906271494952
0.7712193516697007
0.7643518995651774
0.7575886693123851
0.7509299156018497
0.7443757593608237
0.7379261972754415
0.7315811108260452
0.7253402748500193
0.7192033656479311
0.7131699686487398
0.7072395856498769
0.7014116416488773
0.6956854912830541
0.6900604248927792
0.6845356742259978
0.679110417798335
0.6737837859262574
0.6685548654474299
0.6634227041441868
0.6583863148841137
0.6534446794930386
0.6485967523728797
0.6438414638790052
0.6391777234687632
0.6346044226347097
0.6301204376336366
0.6257246320229373
0.6214158590153088
0.6171929636622825
0.6130547848762783
0.6090001573009197
0.6050279130382799
0.6011368832419529
0.597325899584161
0.5935937956041456
0.5899394079455791
0.5863615774899207
0.5828591503919339
0.579430979024116
0.5760759228353498
0.5727928491296339
0.5695806337699754
0.5664381618125751
0.5633643280756917
0.5603580376474555
0.5574182063373101
0.5545437610743473
0.5517336402563524
0.5489867940530441
0.5463021846668868
0.5436787865539269
0.5411155866081301
0.5386115843114299
0.5361657918521023
0.5337772342139764
0.5314449492383163
0.5291679874240354
0.5269454126557209
0.5247763014773478
0.5226597433057592
0.5205948403851712
0.5185807077249731
0.5166164730223014
0.514701276570615
0.5128342711553894
0.5115398335792655
0.510295028668521
0.5090963285301388
0.5079406333688463
0.5068252013693056
0.5057475956712512
0.5047056427501676
0.5036973988101103
0.502721121968479
0.5017752487559788
0.5008583739311357
0.4999692329159958
0.49910668636102495
0.4982697064803721
0.49745736488825104
0.49666882172889365
0.4959033159351692
0.49516015648198736
0.49443871452294613
0.49373841631573695
0.4930587368549503
0.4923991941411536
0.491759344023923
0.49113877556307184
0.4905371068586057
0.48995398130480494
0.4893890642283691
0.48884203987443753
0.4883126087076543
0.48780048499865286
0.4873053946690097
0.4868270733702314
0.4863652647745662
0.4859197190574521
0.48549019155329687
0.4850764415679062
0.4846782313324514
0.48429532508517464
0.4839274882683847
0.48357448682937
0.48323608661493794
0.48291205285025046
0.4826021496934465
0.4823061398584256
0.48202378429880416
0.4817548419467491
0.4814990695010216
0.48125622125907225
0.48102604909495805
0.4808083020392776
0.48060272655125424
0.48040906627890806
0.48022706233549284
0.4800564530216384
0.47989697395770187
0.4797483581349836
0.4796103359827133
0.4794826354491226
0.47936498209510425
0.4792570991991747
0.4791587078726483
0.4790695271841203
0.4789892742872889
0.4789176645785615
0.4788544118293537
0.4787992283493209
