109352.9811456
94794.86932468937
96802.820868573
98727.7409298806
100596.73740571755
102418.37287602565
104196.38021994238
105933.22665942225
107630.98894848868
109291.57005126953
110916.75568500563
112508.23202324618
114067.59397126782
115596.35108719433
117095.93281245105
118567.69337934653
120012.91646329731
121432.81958486108
122828.55825908275
124201.22989297348
125551.87743622597
126881.49279358842
128191.02000948746
129481.3582368014
130753.36450231151
132007.8562815163
133245.61389535214
134467.3827409696
135673.87536821747
136865.7734128707
138043.72939700505
139208.36840626097
140360.2896530708
141500.06793429205
142628.2549910775
143745.38077820986
144851.95464959892
145948.46646610825
147035.38763139778
148113.17206103294
149182.25708968347
150243.06432086107
151296.00042329205
152341.4578776951
153379.8156774373
154411.43998626643
155436.68475607218
156455.89230738426
157469.39387512102
158477.51012189512
159480.55162100372
160478.81931108245
161472.60492422545
162462.1913892633
163447.8532117431
164429.8568320467
165408.4609629779
166383.9169080415
167356.46886155542
168326.35419164677
169293.8037071087
170259.04190902316
171222.2872279824
172183.75224769366
173143.64391568326
174102.16374176735
175059.5079849153
176015.86782907418
176971.42954849076
177926.3746630309
178880.8800839449
179835.11825051566
180789.25725797957
181743.46097708345
182697.88916562212
183652.6975722701
184608.0380329923
185564.05856030813
186520.90342565565
187478.71323508435
188437.6249984865
189397.77219256814
190359.2848177245
191322.28944900044
192286.90928127448
193253.26416880742
194221.47065928043
195191.6420224376
196163.88827343102
197138.3161909692
198115.02933034115
199094.12803140617
200075.70942159859
201059.86741401762
202046.69270065098
203036.2727407778
204028.69174458575
205024.0306520383
206022.36710702293
207023.77542679358
208028.32656673907
209036.08808048005
210047.1240753091
211061.49516298893
212079.25840590463
213100.46725857435
214125.17150453
215153.41718855192
216185.24654427177
217220.69791713447
218259.8056827182
219302.60016041715
220349.1075224845
221399.3496984369
222453.34427483036
223511.10439040614
224572.6386266294
225637.9508936275
226707.04031154333
227779.90108734186
228856.52238708705
229936.8882037315
231020.97722046514
232108.7626696706
233200.2121875467
234295.28766447565
235393.94509120652
236496.13440095374
237601.79930750953
238710.87713949138
239823.2986708481
240938.98794777357
242057.86211219308
243179.83122198802
244304.79806815946
245432.65798914438
246563.29868251336
247696.60001429688
248832.433826225
249970.6637411627
251111.1449670655
252253.72409979405
253398.23892515677
254544.51822056624
255692.38155674195
256841.63909987695
257992.09141477637
259143.52926943783
260295.7334416282
261448.47452799842
262601.51275633567
263754.5978015733
264907.468606205
266059.8532057829
267211.46856021706
268362.0203916128
269511.20302941586
270658.69926367066
271804.1802072234
272947.3051677112
274087.7215302511
275225.0646517026
276358.957767474
277489.01191180054
278614.8258524932
279735.98604114103
280852.0665797872
281962.6292051045
283067.22329111106
284165.3858714699
285256.64168242656
286340.50322743825
287416.4708645502
288484.0329175626
289542.66581202607
290591.8342370931
291630.99133423076
292659.5789137706
293677.0277002699
294682.75760759175
295676.17804460495
296656.6882523487
297623.6776734635
298576.5263546432
299514.6053828092
300437.27735562937
301343.89688697795
302233.81114782044
303106.3604429727
303960.8788240745
304796.69473907084
305613.1317183821
306409.5090978674
307185.14277861646
307939.34602347313
308671.43029014656
309380.7061006262
310066.48394657724
310728.075230228
