97.59309430546504
97.26739719048338
97.00199561839084
96.79193624061105
96.63228891858448
96.51834617724198
96.44572150349632
96.41038739822903
96.40867930152652
96.43728121769894
96.49320230706347
96.57374981004845
96.67650131313171
96.79927787620585
96.94011913948303
97.09726025983828
97.26911121079581
97.45423817333473
97.65134692047319
97.85926802631916
98.07694372107134
98.30341621742465
98.53781734471136
98.77935934102787
99.02732666862896
99.2810687325277
99.53999339609655
99.80356120010775
100.07128020299209
100.34270137021456
100.6174144495049
100.89504427653145
101.17524746233116
101.45770941984553
101.74214169197562
102.02827954814842
102.31587982028601
102.60471895250235
102.89459124177598
103.18530724957927
103.47669236658616
103.7685855147006
104.06083797232486
104.35331231036571
104.64588142783461
104.93842767708607
105.23084206981905
105.52302355587122
105.81487836768454
106.10631942409233
106.39726578765456
106.68764217043264
106.97737848355766
107.26640942645541
107.55467411195362
107.84211572393016
108.12868120442958
108.41432096752878
108.69898863746539
108.98264080877911
109.26523682646942
109.5467385843195
109.82711033973942
110.10631854364486
110.3843316839925
110.6611201417654
110.93665605828943
111.21091321287024
111.48386690983789
111.75549387418162
112.02577215499393
112.29468103608421
112.56220095310427
112.82831341664006
113.09300094075697
113.3562469765375
113.61803585018171
113.8783527052913
114.1371834489913
114.39451470156628
114.6503337493245
114.90462850043636
115.15738744348778
115.40859960855974
115.65825453060489
115.9063422149685
116.15285310487039
116.39777805071233
116.64110828105802
116.882835375185
117.12295123706924
117.36144807072415
117.59831835677659
117.83355483021273
118.06715045920762
118.29909842496654
118.52939210251384
118.75802504237298
118.98499095307825
119.21028368447529
119.43389721175836
119.65582562020495
119.87606309057671
120.0946038851427
120.31144233429762
120.52657282375036
120.73998978224648
120.95168766981314
121.16166096649486
121.36990416156512
121.57641174319131
121.78117818854189
121.98419795431964
122.18546546769718
122.38497511765759
122.58272124671893
122.77869814303324
122.97290003284839
123.1653210733349
123.35595534575249
123.54479684896472
123.73183949328693
123.9170770946602
124.10050336915475
124.28211194666851
124.46189630891139
124.63984984252772
124.81596581543761
124.99023737289164
125.1626575338272
125.33321918752222
125.5019150905461
125.66873786400657
125.96829867858703
126.27054731538587
126.57480457097115
126.88044074659256
127.18687237844132
127.49355909896539
127.80000071217653
128.10573446937218
128.41033253196534
128.71339960861744
129.0145707544846
129.3135093210915
129.60990504606377
129.90347227268379
130.19394828994385
130.4810917844527
130.7646813962053
131.04451437082747
131.3204053014809
131.5921849541373
131.85969917041808
132.1228078426451
132.38138395615388
132.6353126943071
132.88449060198283
133.1288248036351
133.36823227230948
133.60263914626424
133.83198009009104
134.05619769744897
134.27524193273175
134.4890696091752
134.69764390108355
134.90093388801253
135.0989141288911
135.2915642642002
135.47886864444953
135.66081598330982
135.8373990338618
136.00861428652414
136.1744616873127
136.33494437516777
136.49006843716782
136.63984268051743
136.78427842027008
136.92338928180868
137.05719101716568
137.18570133432368
137.30893978843267
137.4269274832247
137.53968708831414
137.6472426174636
137.7496194438177
137.8468440573168
137.93894401032998
138.0259478254877
138.1078849107763
138.18478548144313
138.25668048829544
138.32360155200809
138.38558090308862
138.44265132718675
138.49484611890554
138.54219902643297
138.5847442224146
138.62251626481256
