257.17026467568115
256.3477276128951
255.52748025535954
254.72149354076723
253.93626995589696
253.17508913953628
252.4392780237365
251.7289727439576
251.04359092755334
250.38212965955074
249.74335573701578
249.12592712522405
248.52847100160417
247.94963200715705
247.38810334675782
246.84264418549319
246.3120893191962
245.79535336421907
245.29143139637284
244.7993973042685
244.31840071481002
243.84766306225688
243.38647321270315
242.93418288742026
242.49020207876433
242.05399456687343
241.62507361112023
241.20299786604863
240.78736753540431
240.3778207886208
239.97403042144106
239.57570078067016
239.18256491110628
238.79438194682515
238.4109347090663
238.03202750448443
237.65748410612315
237.2871459233833
236.92087030658803
236.55852902164372
236.2000068417832
235.84520027272126
235.49401638860783
235.14637177002461
234.8021915388301
234.4614084742875
234.1239622150526
233.78979853342406
233.45886866283308
233.13112870290894
232.80653906575608
232.4850639808798
232.1666710364975
231.85133077460287
231.5390163104046
231.22970299907257
230.92336812373452
230.61999061610868
230.31955080877356
230.0220302004957
229.7274112531127
229.4356772056302
229.14681190081996
228.86079963941506
228.5776250402728
228.29727291780833
228.01972817336917
227.74497569800008
227.47300028032902
227.20378653850807
226.9373188395143
226.67358124624937
226.41255746320232
226.15423078967598
225.8985840778978
225.645599700563
225.39525952149913
225.14754486936488
224.90243651902637
224.659914675996
224.41995895906715
224.18254839851923
223.94766142003715
223.71527585041542
223.48536890857108
223.25791721106103
223.03289677033894
222.8102830060916
222.5900507423138
222.3721742235709
222.15662711536325
221.9433825222991
221.7324129936828
221.5236905361489
221.31718662691165
221.11287222781192
220.91071779711424
220.71069330604223
220.51276825035393
220.31691166807616
220.12309215585603
219.93127787980112
219.74143659481956
219.55353566059617
219.36754205357747
219.1834223887384
219.00114292935157
218.82066960603808
218.64196803076206
218.46500351502434
218.28974108214052
218.11614548046762
217.9441812063306
217.77381251075843
217.6050034160152
217.43771773069375
217.27191906696456
217.107570844877
216.94463631639152
216.78307857123633
216.62286055161823
216.4639450683929
216.30629480660897
216.14987233141073
215.99464014633702
215.84056062654858
215.68759608488276
215.53570876889293
215.38486087037984
215.23501453733186
215.0861318824157
214.93817498972328
216.17253943707584
216.16563502500102
216.16121171049576
216.1587256211608
216.15768019759162
216.15762141783316
216.15813382887276
216.158837174507
216.15938347490254
216.159454432069
216.15875910705103
216.15703180042394
216.1540301215318
216.14953320974047
216.14334008782166
216.13526814871534
216.12515174064325
216.11284086564618
216.09819996461883
216.08110679184225
216.06145137198394
216.03913502152318
216.0140694602443
215.9861759637497
215.95538459469978
215.9216334793506
215.88486814215662
215.84504089004267
215.80211023429166
215.75604036433165
215.7068006559319
215.6543652181875
215.59871247373493
215.53982476941144
215.47768802092497
215.41229138067612
215.3436269364497
215.27168942585618
215.19647598255364
215.1179858960923
215.0362203937974
214.95118244231992
214.86287655739872
214.7713086430841
214.67648583320369
214.578416347904
214.47710936954098
214.37257492228684
214.26485142082475
214.15389509677098
214.03974539827465
213.92238667685947
213.80188769679438
213.67823368800381
213.55143805139983
213.42151440362048
213.28847652135863
213.15233830365048
213.01311372336937
212.87081678873275
212.72546150539637
212.57706183524158
212.4256316368874
212.271184655838
212.11373438886875
211.9532940150306
211.78987621984172
