0.519333281482128
0.5199947079402999
0.5208709433590035
0.5219492859027771
0.523215931804844
0.5246572448184454
0.5262602409452003
0.5280127398768734
0.5299033786156877
0.5319215719760327
0.5340574560457927
0.5363018294970064
0.5386460984783942
0.5410822269284477
0.5436026925448456
0.5462004480305696
0.5488688870397853
0.5516018142201476
0.5543934187866904
0.5572382511214014
0.5601312019540505
0.5630674837372616
0.566042613880272
0.56905239955122
0.5720929237976711
0.5751605327701452
0.5782518238642836
0.5813636346245401
0.5844930322764053
0.5876373037755245
0.5907939462809493
0.5939606579764803
0.5971353291787572
0.6003160336836719
0.6035010203139419
0.606688704640414
0.6098776608580692
0.6130666138047589
0.6162544311166672
0.6194401155193393
0.6226227972570476
0.6258017266662921
0.6289762669015023
0.632145886822565
0.6353101540547804
0.6384687282322671
0.6416213544358269
0.6447678568358857
0.6479081325504017
0.6510421457266942
0.6541699218549777
0.6572915423201012
0.660407139196614
0.6635168902908251
0.6666210144321147
0.6697197670142686
0.6728134357862704
0.6759023368906358
0.6789868111461442
0.682067220570682
0.6851439451388774
0.6882173797682837
0.6912879315270729
0.6943560170555024
0.6974220601928601
0.7004864898011355
0.7035497377763141
0.7066122372379499
0.709674420887521
0.7127367195260229
0.7157995607212542
0.7188633676153636
0.721928557863366
0.7249955426935532
0.7280647260809823
0.7311365040255171
0.7342112639262331
0.7372893840443457
0.7403712330471964
0.7434571696262195
0.7465475421822012
0.7496426885715454
0.7527429359076522
0.7558486004119116
0.7589599873091916
0.7620773907630845
0.7652010938465234
0.7683313685437403
0.7714684757798612
0.7746126654747548
0.7777641766180453
0.7809232373624856
0.7840900651331455
0.7872648667501222
0.7904478385627036
0.7936391665931326
0.796839026688309
0.8000475846779547
0.8032649965379253
0.8064914085575081
0.8097269575096777
0.8129717708234101
0.8162259667572672
0.8194896545735646
0.822762934712527
0.8260458989659195
0.8293386306497142
0.8326412047754163
0.8359536882197329
0.8392761398923224
0.8426086109014
0.8459511447170203
0.8493037773318933
0.8526665374196176
0.8560394464902407
0.8594225190430864
0.8628157627167976
0.866219178436574
0.8696327605585846
0.8730564970115611
0.8764903694355757
0.8799343533180303
0.883388418126879
0.8868525274411161
0.890326639078577
0.893810705221083
0.8973046725369856
0.9008084823011577
0.9043220705124796
0.9078453680088788
0.9113783005799723
0.9149207890773716
0.9184727495227031
0.9220340932134004
0.9256047268263272
0.9291845525192841
0.9327734680304551
0.9363713667758502
0.9399781379447997
0.9435936665935509
0.9472178337370248
0.9508505164387826
0.9544915878992536
0.9581409160270605
0.9617983683590003
0.9654638069516401
0.9691370903488797
0.972818073659626
0.9765066086343581
0.9802025437407125
0.9839057242380785
0.9876159922511807
0.9913331868426362
0.9950571440844778
0.9987876971286501
1.002524676276479
1.0062679090471365
1.0100172202451136
1.013772432026722
1.0175333639656512
1.0212998331176026
1.0250716540840281
1.0288486390750018
1.0326305979712487
1.0364173383853628
1.0402086657222371
1.0440043832387398
1.0478042921026571
1.0516081914509334
1.0554158784472367
1.0592271483388718
1.0630417945130703
1.066859608552678
1.0706803802912683
1.074503897867703
1.0783299477801636
1.0821583149396745
1.0859887827231431
1.0898211330259309
1.093655146313985
1.0974906016755412
1.101327276872422
1.1051649483909485
1.1090033914924764
1.1128423802635858
1.1166816876659278
1.1205210855857517
1.124360344883126
1.1281992354408643
1.1320375262131743
1.1358749852740402
1.1397113798653526
1.1435464764447956
1.1473800407335033
1.1512118377634983
1.1550416319249204
1.158869187013054
1.162694266275167
1.1665166324571632
