1.8895503859398122
1.8930352415569323
1.8965368804689051
1.900054821943157
1.9035882731671623
1.907136436117973
1.9106985458415249
1.9142738737154947
1.9178617262384974
1.921461443329366
1.9250723966502228
1.9286939880143745
1.9323256478815047
1.935966833935388
1.939617029738841
1.9432757434609005
1.9469430567631267
1.9506180187152198
1.9542995909907168
1.9579878680335479
1.9616825258825117
1.9653832050051563
1.9690895562903727
1.9728012462665876
1.976517957087612
1.9802393858761753
1.9839652440158564
1.9876952564658366
1.9914291611064034
1.9951667081146744
1.9989076593690016
2.0026517878804966
2.0063988772501986
2.010148721150486
2.0139011228294263
2.017655894636834
2.021412857570886
2.0251718408442008
2.0289326814683633
2.0326952238559306
2.036459319439006
2.0402248263035307
2.043991608838476
2.0477595373991773
2.0515284879840827
2.055298341924235
2.059068985584839
2.0628403100782977
2.066612210988143
2.070384588103305
2.074157345162194
2.0779303896061108
2.0817036323414966
2.0854769875105914
2.0892503722700617
2.093023706577199
2.0967969129833004
2.1005699164338645
2.1043426440752504
2.1081150250674674
2.1118869904027746
2.1156584727297894
2.119429406182809
2.123199726216071
2.126969369442685
2.130738273477989
2.134506376787069
2.138273618536233
2.142039938448198
2.1458052766607842
2.1495695735889164
2.153332769789719
2.1570948058305377
2.1608556221596946
2.1646151589798026
2.168373356123478
2.172130152931286
2.175885488131768
2.1796392997234024
2.1833915248583518
2.187142099727865
2.190890959449201
2.1946380379539376
2.1983832678775586
2.202126580450189
2.2058679053883656
2.2096071707877396
2.213344303016596
2.217079226610096
2.220811864165137
2.2245421362357423
2.228269961228873
2.2319952553006055
2.2357179322525487
2.2394379034284477
2.2431550776108846
2.2468693609180015
2.2505806567001683
2.2542888654365294
2.2579938846313574
2.261695608710153
2.26539392891542
2.2690887332020626
2.272779906132344
2.27646732877035
2.2801508785759044
2.283830429297892
2.2875058508669297
2.291177009287351
2.2948437665284565
2.2985059804149897
2.302163504516799
2.305816188037659
2.3094638757032038
2.313106407647959
2.316743619301432
2.320375341273247
2.324001399237292
2.327621613814871
2.3312358004568394
2.3348437693247104
2.3384453251707296
2.3420402672169023
2.3456283890329828
2.3492094784134205
2.3527833172532677
2.356349681423063
2.3599083406427024
2.363459058354311
2.3670015915941454
2.370535690863548
2.3740610999989844
2.3775775560412047
2.3810847891035642
2.3845825222395542
2.3880338721637977
2.391431550342569
2.394784672359969
2.39810059932236
2.40138494427273
2.4046419097725087
2.4078745814446196
2.4110851563625544
2.414275119724828
2.4174453826143982
2.4205963903862786
2.4237282086516667
2.4268405919881118
2.4299330391961322
2.4330048379802265
2.4360551012450213
2.4390827966901925
2.44208677100931
2.4450657697123
2.448018453373791
2.4509434109424126
2.4538391706164635
2.456704208689863
2.459536956692216
2.4623358070830768
2.465099117709256
2.467825215192483
2.470512397380637
2.47315893496748
2.475763072361937
2.478323027867526
2.4808369932145653
2.483303132471665
2.4857195803480696
2.4880844398841053
2.4903957795128435
2.4926516294615437
2.494849977445997
2.4969887635939396
2.499065874514632
2.5010791364096154
2.5030263070936654
2.5049050667637673
2.5067130073159243
2.5084476199627685
2.5101062808463883
2.511686234266855
2.5131845730524898
2.5145982154759494
2.515923877960791
2.5171580426123277
2.5182969183239443
2.5193363938257245
2.5202719805114726
2.5210987421342477
2.521811207391628
2.5224032598563264
2.52286799735687
2.5231975492801144
2.523382834462888
2.5234132326936023
2.5232761260378407
2.5229562351764563
2.522434614353917
