128.78206266014556
128.19840041982187
127.6117630890491
127.02230381812618
126.43018432451292
125.83557248580217
125.2386414768386
124.63956887655671
124.03853574001378
123.43572564812453
122.83132375078466
122.22551581927377
121.61848732309721
121.01042254516807
120.40150374758481
119.79191039833226
119.18181846712305
118.57139979641042
117.96082155143245
117.35024575107767
116.73982887946094
116.12972157641565
115.5200684036782
114.91100768238002
114.30267139657101
113.6951851568698
113.08866821794595
112.48323354336632
111.87898791134758
111.27603824282674
110.67447317802079
110.07438188755421
109.47584806787509
108.87895016400721
108.28376160114077
107.69035102134833
107.09878252220112
106.50911589453109
105.9214068570235
105.33570728573304
104.75206543698627
104.17052616246747
103.59113111557917
103.01391894842925
102.43892549901945
101.86618396840329
101.29572508774262
100.7275772753279
100.16176678373722
99.59831783739858
99.03725276088996
98.47859209836487
97.92235472453069
97.36855794763368
96.81721760492114
96.26834815105892
95.7219627399836
95.17807330066233
94.63669060722404
94.09782434391123
93.56148316528476
93.02767475209467
92.49640586320888
91.96768238397
91.44150937132743
90.91789109606839
90.39683108244876
89.87833214550143
89.36239642627686
88.84902542524867
88.33822003409587
87.82998056605199
87.32430678499227
86.82119793341079
86.32065275942149
85.82266954290071
85.32724612087192
84.83437991222016
84.34406794180806
83.85630686405432
83.37109298602256
82.88842229005878
82.4082904560056
81.93069288301271
81.4556247109555
80.98308084146731
80.51305595858393
80.04554454899552
79.58054092189523
79.11803922841145
78.65803348060771
78.20051757003175
77.74548528579429
77.29293033215713
76.84284634560962
76.39522691141275
75.9500655788783
75.50735587896848
75.0670913369011
74.62926548713376
74.19387188696594
73.76090412950839
73.33035585600801
72.90222076751965
72.47649263591832
72.05316531424756
71.6322327464021
71.21368468542953
70.7975196225783
70.38373182545963
69.97231568466329
69.56326572015737
69.15657658705484
68.75224308075882
68.35026014149983
67.95062285827976
67.55332647223824
67.15836637945868
66.76573813323125
66.37543744579192
65.98746018955642
65.60180239786891
65.21846026528532
64.8374301474116
64.45870856031722
64.08229217954425
63.708177838732325
63.33636252787931
62.96684339125753
62.59961772500512
62.23468297441114
61.87203673091322
61.511676728836335
61.153600841827796
60.79780707915126
60.444293581681535
60.09305861772176
59.74410057863351
59.39741797429048
59.05300942837074
58.710873673500465
58.37100954626126
58.03341598207283
57.698092009961776
57.365036747226625
57.034249394008995
56.70572922777981
56.3794755977492
56.05548791920806
55.73376566780883
55.41430837379246
55.09711561616831
54.78218701685328
54.469522234775724
54.15912095995003
53.85098290752692
53.54510781182433
53.241495420343874
52.94014548777696
52.641057770005254
52.344232018099476
52.04966797232047
51.75736534771139
51.467323854031775
51.17954316300474
50.89402291179089
50.61076269694228
50.329762068479184
50.051020524785905
49.77453750440435
49.50031238263836
49.22834446496767
48.958632981329316
48.691177088944364
48.4259758405704
48.16302820589733
47.902333056595
47.643889160992536
47.3876951787375
47.13374965551638
46.8820510178539
46.63259756799833
46.38538747889833
46.14041878927643
45.89768939880465
45.65719706338755
45.41893939055835
45.18291383499342
44.9491176941508
44.71754810403836
44.48820203511698
44.261076288344476
44.03616749136567
43.813472094853985
43.59298636901018
43.37470640022308
43.15862808789796
42.94474714145699
42.73305907751717
