80.86578083443982
81.28403585882008
81.46685334063226
81.68836468913572
81.94515111110472
82.23389875865865
82.55148843770357
82.89503337500201
83.26188878908955
83.64964634623054
84.05612089963948
84.47933367916927
84.91749453391556
85.36898399337343
85.83233713419975
86.3062275538788
86.7894534417217
87.2809248383058
87.7796521982449
88.28473616070396
88.79535841953513
89.31077358336863
89.83030192101742
90.35332289416472
90.87926938924834
91.40762256864512
91.93790727038213
92.46968789369042
93.00256471482135
93.53617058466064
94.07016796483472
94.60424626508738
95.1381194480037
95.67152387266653
96.20421635067025
96.73597239209631
97.26658462132492
97.79586134502811
98.32362525580939
98.84971225857163
99.3739704060949
99.89625893349576
100.4164473812297
100.93441479789699
101.45004901500856
101.96324598654155
102.47390918715642
102.98194906310097
103.48728253069335
103.98983251829279
104.4895275469294
104.98630134641412
105.4800925032432
105.97084413763284
106.45850360650311
106.94302223046897
107.42435504215223
107.90246055419813
108.37730054504861
108.84883986065753
109.3170462310614
109.78189010013726
110.24334446744692
110.70138474127317
111.15598860150112
111.6071358717671
112.0548083999597
112.498989946309
112.93966607841807
113.3768240728112
113.81045282202405
114.24054274740455
114.66708571658828
115.09007496551988
115.50950502463803
115.92537164893217
116.33767175147067
116.74640334019219
117.15156545776438
117.55315812419846
117.95118228204724
118.34563974414517
118.73653314341074
119.12386588500262
119.50764210021462
119.88786660241477
120.26454484461492
120.63768287879306
121.00728731661171
121.37336529181864
121.73592442384461
122.09497278291977
122.45051885627278
122.80257151565739
123.1511399860158
123.49623381523544
123.83786284495379
124.17603718242727
124.51076717334146
124.84206337563333
125.16993653417921
125.49439755635471
125.81545748854268
126.13312749340824
126.44741882798344
126.75834282260836
127.06591086053716
127.37013435839694
127.67102474731855
127.96859345480712
128.26285188726527
128.55381141324557
128.84148334739535
129.12587893493176
129.4070093368761
129.68488561587964
129.95951872264925
130.23091948292927
130.49909858520095
130.7640665688154
131.02583381279203
131.28441052514856
131.539806732734
131.79203227168352
132.04109680421575
132.28700973182936
132.5297802661953
132.76941739512154
133.005929875519
133.2393262268725
133.46961472517395
133.696803397347
133.92090001616694
134.2853793793994
134.65186302451835
135.01963763233218
135.38804158132547
135.7564615939308
136.1243295081658
136.491119272922
136.85634415000752
137.2195541074685
137.58033339018834
137.93829825474364
138.29309485666698
138.64439727902044
138.99190569213127
139.33534463512953
139.6744614105391
140.00902458402024
140.33882258180526
140.66366237907877
140.98336827300957
141.29778073463626
141.6067553343303
141.91016173577617
142.20788275405937
142.49981347353253
142.78586042162476
143.0659407949442
143.33998173431743
143.60791964569424
143.86969956397212
144.12527455707698
144.3746051677813
144.61765889092808
144.85440968388554
145.08483750817607
145.30892790039468
145.526671570615
145.73806402664619
145.94310522254074
146.14179922991548
146.33415393069953
146.5201807300135
146.69989428799482
146.8733122693857
147.04045510985225
147.20134579802118
147.356009672268
147.50447423139084
147.64676904960754
147.78292533464787
147.91297605713262
148.03695563406663
148.15490003959394
148.26684643670657
148.3728331476092
148.47289954908086
148.56708597575863
148.65543363084714
148.73798450383575
148.81478129480362
148.88586734494274
148.9512865729695
149.01108342106974
149.06530279012588
149.1139900048359
149.15719076718483
