0.00438
0.004384152402799173
0.004383919231458284
0.004383860179348951
0.004383838144336033
0.004383823276564365
0.004383809161735506
0.004383794485958805
0.004383779046134127
0.004383762883213715
0.0043837460936416595
0.0043837287877457835
0.004383711079913101
0.004383693085648983
0.004383674920160751
0.004383656697324722
0.004383638528801935
0.004383620523259752
0.00438360278569467
0.004383585416857211
0.0043835685127784334
0.0043835521643952645
0.004383536457269622
0.004383521471394573
0.00438350728107946
0.004383493954905136
0.00438348155574007
0.004383470140808049
0.004383459761798456
0.0043834504654584085
0.0043834422918032296
0.004383435277670272
0.004383429454131231
0.00438342484775718
0.004383421480744591
0.004383419371105663
0.004383418532872931
0.004383418976301682
0.004383420708065553
0.004383423731443582
0.004383428046497917
0.004383433650241867
0.004383440536798284
0.004383448697548577
0.004383458121272797
0.0043834687942814424
0.004383480700539675
0.004383493821784753
0.0043835081376375155
0.004383523625708729
0.004383540261701157
0.004383558019508102
0.0043835768713092116
0.004383596787664219
0.004383617737605255
0.004383639688728297
0.004383662607284245
0.004383686458270022
0.004383711205520056
0.004383736811798394
0.004383763238891625
0.004383790447702739
0.00438381839834595
0.004383847050242482
0.00438387636221721
0.004383906292596037
0.004383936799303802
0.004383967839962503
0.004383999371989541
0.004384031352695681
0.0043840637393824135
0.004384096489438366
0.004384129560434227
0.004384162910216235
0.004384196496997309
0.004384230279445788
0.004384264216771321
0.004384298268807531
0.00438433239609111
0.004384366559937056
0.004384400722509716
0.004384434846889405
0.004384468897134341
0.004384502838337703
0.004384536636679662
0.004384570259474225
0.0043846036752108325
0.004384636853590625
0.004384669765557392
0.004384702383323192
0.004384734680388718
0.004384766631558486
0.0043847982129509595
0.004384829402003767
0.004384860177474179
0.004384890519435042
0.004384920411498377
0.004384949832057514
0.004384978766972959
0.00438500720157495
0.0043850351223298535
0.004385062516896823
0.004385089374112436
0.004385115683961504
0.004385141437543846
0.004385166627038858
0.004385191245668402
0.004385215288017564
0.004385238748778837
0.0043852616241916624
0.004385283911254689
0.004385305607807085
0.004385326712487735
0.0043853472246938655
0.004385367144539689
0.004385386472815374
0.00438540521094654
0.004385423360954385
0.004385440925416621
0.004385457907429271
0.004385474310569474
0.004385490138859347
0.004385505396730985
0.004385520088992673
0.00438553422079633
0.004385547797606246
0.004385560825169123
0.004385573309485454
0.004385585256782232
0.004385596673486998
0.0043856075662032385
0.00438561794168709
0.004385627811359281
0.004385637168935514
0.004385646034194139
0.004385654410577406
0.0043856623051100625
0.0043856697250162675
0.004385676677570442
0.004385683170062217
0.004385689209780416
0.004385694804000907
0.0043856999599758825
0.004385704684924117
0.004385708986022134
0.004385712870396163
0.004385716345114924
0.004385719417183134
0.004385722093535725
0.004385724381032723
0.0043857262864547535
0.0043857278164991294
0.004385728977776495
0.004385729776807979
0.004385730220022825
0.004385730313756464
0.004385730064249024
0.0043857294776441826
0.004385728559988416
0.004385727317230546
0.004385725755221601
0.004385723879714943
0.004385721973351724
0.0043857195080515094
0.004385716729400103
0.004385713656644326
0.004385710297280933
0.004385706656849817
0.004385702737656154
0.004385698550180881
0.004385694096892518
0.004385689382471705
0.004385684411639618
0.004385678906025421
0.0043856734155424204
0.004385667699308045
0.0043856617475647956
0.004385655562385062
0.0043856491476825955
0.004385642507610128
0.004385635646302415
0.004385628567836442
0.004385621276226699
0.004385613775426112
0.004385606069327858
0.0043855981617672984
0.0043855900565239045
0.004385581757323139
0.004385573267838305
0.00438556459169234
0.004385555732459557
0.004385546693667346
0.004385537478797809
0.004385528091289331
0.004385518534538118
0.0043855088118996376
0.004385498926690031
0.004385488882187435
0.004385478681633254
