85.601952
5.549583838311045
5.5939352603344945
5.6334384479479285
5.669507357721207
5.702444284632026
5.732287119073661
5.759196323699678
5.783251014608503
5.804564559756341
5.823260102530212
5.839468198462893
5.853324530511871
5.864967800912545
5.874537832835294
5.882173897216634
5.888013175587461
5.892189894457667
5.89483386352258
5.896069970278639
5.896017328544026
5.894789661817277
5.892493825235008
5.889230482868115
5.885093878996466
5.880171905194606
5.87454624122328
5.868292553477065
5.861480736668517
5.854175185720413
5.846435091796169
5.83831474006501
5.829863825223397
5.82112775506453
5.812147952748056
5.802962148816195
5.793604661481792
5.784106663418392
5.774496433954262
5.7647995960907785
5.755039338110659
5.745236619996983
5.735410364867111
5.725577636056463
5.7157538004378905
5.7059526787052075
5.696186683382822
5.686466945342822
5.676803429615716
5.667205041263928
5.6576797220648265
5.648234538719271
5.638875763262899
5.629608946322129
5.620438983811797
5.611370177632976
5.60240629088968
5.593550598102059
5.584805930857229
5.57617471930361
5.567659029860411
5.55926059948245
5.55098086679259
5.542821000364611
5.534781924416753
5.526864342151688
5.519068756957853
5.511395491667644
5.503844706050951
5.496416412704937
5.489110491487879
5.481926702629689
5.474864698641015
5.467924035130774
5.461104180632924
5.454404525531174
5.4478243901672645
5.441363032204695
5.435019653318056
5.428793405268528
5.422683395422205
5.41668869176223
5.410808327440393
5.405041304911512
5.399386599687225
5.393843163745313
5.388409928625648
5.383085808240765
5.377869701428618
5.372760494269683
5.367757062191298
5.362858271877887
5.3580629830052615
5.353370049816066
5.34877832254933
5.34428664873933
5.339893874395056
5.335598845072175
5.331400406846507
5.327297407199269
5.323288695822403
5.319373125351325
5.315549552032158
5.311816836329987
5.308173843484251
5.30461944401577
5.301152514191334
5.2977719364490845
5.2944765997903405
5.291265400139681
5.288137240678642
5.285091032154525
5.282125693168076
5.27924015044275
5.2764333390773555
5.2737042027850745
5.271051694119907
5.2684747746942415
5.265972415386955
5.263543596545908
5.2611873081848755
5.258902550177326
5.256688332448073
5.254543675163613
5.252467608923564
5.25045917495306
5.248517425298448
5.246641423026355
5.244830242428101
5.243082969229666
5.24139870080904
5.239776546421579
5.238215627434056
5.236715077569278
5.235274043161782
5.233891683425563
5.232567170735188
5.231299690921497
5.230088443582507
5.228932642411678
5.2278315155435875
5.2267843059192565
5.225790271672105
5.224848686535861
5.223958840276285
5.223120039148073
5.222331606378296
5.221592882679283
5.220903226790962
5.22026201605705
5.219668647034841
5.219122536142929
5.218623120347806
5.218169857892894
5.217762229072431
5.217399737053172
5.217081908747513
5.216808295740697
5.216578475276815
5.2163920513068245
5.216248655603069
5.216147948945275
5.2160896223821105
5.2160733985744905
5.216099033226084
5.216166316606872
5.216275075177007
5.216425173317524
5.216616515176166
5.216849046636841
5.217122757420479
5.217437683329367
5.217793908643152
5.218191568679384
5.2186308525307155
5.2191120059913505
5.219634895264205
5.220200764289533
5.220809612050484
5.221461946065532
5.222158346933771
5.222899474265745
5.223686073065514
5.224518975852379
5.225399588618252
5.226327987078485
5.227305778849505
5.2283342122830945
5.229414656097728
5.230548607557776
5.231737700989288
5.23298371691153
5.234288591873765
5.235654429063784
5.237083509754955
5.238578305662803
5.240141492291129
5.241775963352084
5.243484846353005
