1080062.496
2355219.027589265
2373444.533487098
2391639.796872909
2409833.8312762463
2428027.360324798
2446220.259669342
2464412.395451685
2482603.6479936885
2500793.910894195
2518983.0896211797
2537171.1002927143
2555357.868634207
2573543.329083062
2591727.4240168864
2609910.103083378
2628091.3226157613
2646271.045118387
2664449.2388109923
2682625.877221835
2700800.938820263
2718974.406683294
2737146.268190317
2755316.5147399874
2773485.1414879803
2791652.1471001697
2809817.5335206953
2827981.3057516674
2846143.471644191
2864304.041697903
2882463.0288700736
2900620.4483919474
2918776.317591779
2936930.655726224
2955083.4838168677
2973234.824491835
2991384.701843305
3009533.141267421
3027680.169340347
3045825.813679274
3063970.1028155484
3082113.0660741515
3100254.7334569716
3118395.135537444
3136534.303346988
3154672.2682864196
3172809.062026456
3190944.7164215418
3209079.263427281
3227212.735022512
3245345.1631374517
3263476.5795856887
3281607.016001751
3299736.503783206
3317865.074878516
3335992.758337154
3354119.5854204455
3372245.5860865023
3390370.7898320593
3408495.2256585676
3426618.922043539
3444741.9069137406
3462864.2076227237
3480985.8509314023
3499106.862990672
3517227.2693276773
3535347.094834619
3553466.3637592937
3571585.099698927
3589703.325595242
3607821.0637322688
3625938.335735277
3644055.1625724407
3662171.5645567304
3680287.5613507633
3698403.1719718114
3716518.4147984427
3734633.3075788976
3752747.867439073
3770862.110892871
3788976.0538524603
3807089.7116395407
3825203.098997316
3843316.23010251
3861429.118578787
3879541.7775098295
3897654.2194525036
3915766.456451417
3933878.500052436
3951990.3613172816
3970102.0508374763
3988213.5787488525
4005724.672660609
4023294.929300992
4040882.0490278285
4058482.336297326
4076092.80958404
4093711.563573963
4111336.479500692
4128966.302228976
4146599.956706346
4164236.603627001
4181875.588356333
4199516.400953121
4217158.644862448
4234802.012387875
4252446.265470037
4270091.220618814
4287736.7371011255
4305382.707678564
4323029.051343572
4340675.707624092
4358322.632114344
4375969.792979286
4393617.168191464
4411264.743391943
4428912.510192333
4446560.464851568
4464208.607236923
4481856.94000897
4499505.467983566
4517154.197630948
4534803.136684007
4552452.293830606
4570101.678473527
4587751.300541668
4605401.17034319
4623051.298450373
4640701.695609382
4658352.372670183
4676003.340532311
4693654.61010249
4711306.192260626
4728958.09783453
4746610.337584318
4764262.922179623
4781915.862191832
4799569.168093108
4817222.8502360545
4834876.9188593235
4852531.384080084
4870186.255893073
4887841.544168137
4905497.258650855
4923153.408960262
4940810.004591574
4958467.054913972
4976124.569172734
4993782.556489177
5011441.025862546
5029099.9861702295
5046759.446169194
5064419.414497077
5082079.899673097
5099740.9101000875
5117402.454064592
5135064.539739326
5152727.175183485
5170390.368344521
5188054.12705935
5205718.459055216
5223383.371951739
5241048.873261151
5258714.970390595
5276381.670642264
5294048.981215427
5311716.909207396
5329385.4616144225
5347054.645333364
5364724.4671623055
5382394.933802392
5400066.051858128
5417737.827839107
5435410.268161225
5453083.379147092
5470757.167027206
5488431.637942539
5506106.797943112
5523782.652990787
5541459.208960138
5559136.47163885
5576814.44672916
5594493.139848429
5612172.556531096
5629852.702228294
5647533.582310067
5665215.202065368
5682897.566703836
5700580.681356006
5718264.551074504
5735949.180835293
5753634.575537872
5771320.740006897
5789007.678992497
5806695.397171434
5824383.89914796
5842073.189454385
5859763.272552488
5877454.152833678
