8.567535
17.47231323372946
16.546142346391903
15.741472967392696
15.040903836406708
14.429916434162886
13.896347277215261
13.429966593759076
13.022138560288228
12.665545187623847
12.353961026737549
12.08206884334139
11.84530847932148
11.639752667595113
11.462004776329687
11.309114422899336
11.178507673740974
11.06792917207225
10.975394040353128
10.899147811482694
10.837632970766288
10.789460954991215
10.753388667867755
10.728298742782066
10.713182922380282
10.707128036555302
10.70930415118894
10.718954533683691
10.735387141425432
10.757967388344165
10.786111984975884
10.819283680619874
10.856986763513808
10.898763197777429
10.944189294841395
10.99287283297475
11.044450552049222
11.098585961885862
11.154967412291047
11.213306381035789
11.27333594308421
11.33480939037591
11.397498976605533
11.461194765865892
11.525703567800408
11.590847945092548
11.656465281897002
11.722406904109507
11.788537244297627
11.854733045783338
11.92088260165401
11.986885025573855
12.052649552139238
12.11809486542955
12.183148454066096
12.247745993196249
12.311830752003976
12.375353027175581
12.438269602029237
12.500543231329114
12.562142151730656
12.623039617772836
12.683213463308848
12.74264568809823
12.801322069296157
12.859231797373718
12.916367135988725
12.972723105169285
13.028297187130228
13.083089053957709
13.137100316284277
13.19033429210684
13.242795794771062
13.294490939167774
13.345426965140751
13.39561207710384
13.445055298866622
13.493766342662212
13.54175549140584
13.589033493220024
13.635611467293439
13.681500820193758
13.726713171747129
13.771260289696965
13.815154032337848
13.858406298419503
13.901028983603972
13.943033942861542
13.984432958187849
14.025237711103276
14.065459759407865
14.10511051773608
14.144201241469808
14.182743013627057
14.220746734360324
14.25822311275018
14.295182660587791
14.331635687905647
14.367592299996867
14.403062395735594
14.438055666990119
14.47258159897955
14.506649471420083
14.540268360329328
14.573447140382164
14.606194487713683
14.63851888308383
14.670428615329234
14.701931785039703
14.73303630840418
14.763749921171867
14.794080182695167
14.824034480023734
14.853620032005864
14.882843893389591
14.911712958899697
14.940233967262095
14.968413505185746
14.996258011267484
15.023773779828739
15.050966964668678
15.077843582736286
15.104409517711053
15.130670523491785
15.156632227602127
15.182300134492737
15.207679628763238
15.232775978287279
15.257594337250874
15.282139749100619
15.306417149408253
15.330431368654775
15.354187134922405
15.377689076517543
15.400941724515949
15.423949515225198
15.44671679257892
15.469247810467374
15.491546734985857
15.513617646633522
15.535464542433827
15.55709133800651
15.578501869567033
15.599699862998724
15.620688872746989
15.641472714309078
15.662054915615911
15.682438936440318
15.70262816967218
15.7226259426117
15.742435518310254
15.762060096897969
15.781502816932033
15.800766756726002
15.819854935673781
15.838770315554665
15.857515801818312
15.876094244852416
15.894508441214294
15.912761134853914
15.930855018294789
15.94879273379686
15.966576874495505
15.984209985497884
16.00169456497503
16.01903306520601
16.036227893611006
16.0532814137508
16.07019594630168
16.08697377000912
16.103617122615702
16.12012820176203
16.136509165866677
16.15276213498973
16.168889191659666
16.184892381696844
16.200773715000068
16.216535166323744
16.232178676026912
16.247706150813894
16.263119464442433
16.278420458424865
16.293610942706813
16.30869269632509
16.323667468057188
16.33853697704744
16.353302913418066
16.36796693887029
16.382530687259116
16.39699576516524
16.41136375244404
16.425636202768636
16.439814644148978
16.45390057944498
16.467895486866585
16.481800820460155
16.495618010577385
16.50934846434091
16.522993566094822
