12.17293
4.915708908275105
4.835036220687836
4.757133350191337
4.681925074046682
4.609381931922123
4.53947664060152
4.472174946556879
4.407434028299493
4.345202597429795
4.285421437534158
4.228024099699523
4.172937681070846
4.120083656446757
4.069378742100386
4.020735773407877
3.974064579264105
3.929272837812297
3.8862668998626226
3.844952568460839
3.805235825287089
3.767023496811706
3.7302238553160674
3.694747151927501
3.6605060806602387
3.627416174062283
3.5953961324200847
3.5643680895639944
3.5342578191543876
3.5049953496169555
3.4765134896510634
3.448749817518952
3.4216457037942902
3.3951464639574844
3.3692013091975825
3.343763271622301
3.318789108122654
3.2942391867819882
3.2700773593542625
3.2462708229651476
3.222789973824585
3.1996082553886027
3.176702003077808
3.154050287353509
3.131634756672361
3.10943948158746
3.0874508010383725
3.065657171673483
3.044049020874434
3.0226186040024685
3.001359866258289
2.9802683094387294
2.9593408637831398
2.938575765027673
2.91797243672491
2.8975313778376326
2.8772540555771844
2.8571428034274
2.837200724272956
2.8174315985349296
2.7978397972054494
2.778430199665923
2.7592081161696687
2.740179214867817
2.721349453257377
2.7027250139316483
2.6843122445146648
2.6661176016638115
2.6481475990266374
2.6304087590400673
2.6129075684616963
2.595650437523958
2.5786436626035765
2.5618933922960254
2.545405596788701
2.529186040421553
2.513240257324682
2.497573530020286
2.4821908708741964
2.467097006280287
2.452296363458643
2.437793059746255
2.423590894256814
2.4096933417843283
2.3961035488235094
2.382824331578765
2.36985817583253
2.3572072385434284
2.344873351044727
2.3328580237141887
2.321162451987522
2.3097875235894274
2.298733826858396
2.288001660044169
2.2775910414600946
2.267501720376302
2.2577331799256664
2.2482846833243317
2.239155235510198
2.2303436295932397
2.221848451527894
2.2136680933204556
2.20580076630692
2.1982445144337204
2.1909972274751817
2.184056654126524
2.1774204149168837
2.171085917834383
2.1650506987887654
2.1593120366110856
2.1538671630893234
2.1487132421325015
2.143847380740283
2.139266639550794
2.1349680429499562
2.13094858872998
2.12720525728819
2.123735020360535
2.1205348492872886
2.1176017228108406
2.1149326344082615
2.1125245991631636
2.1103746601835756
2.1084798945739776
2.1068374189713275
2.1054443946559585
2.104298032249368
2.1033955960117923
2.102734407752997
2.1023118503704423
2.1021253710291905
2.102172483998217
2.1024507740143634
2.1029578941974596
2.103691576480715
2.104649624732479
2.1058299202850006
2.1072304222121407
2.10884916816237
2.1106842749695223
2.112733939048365
2.114996436586695
2.1174701235457394
2.1201534354805047
2.123044887190951
2.126143072214616
2.129446662170633
2.1329544059647114
2.13666512886405
2.1405777314507444
2.14469118846176
2.1490045475230217
2.1535169277848216
2.1582275184652393
2.16313557730793
2.1682404289601873
2.173541463276836
2.1790381335552222
2.184729954706134
2.190616501365317
2.196697405949804
2.2029723566632002
2.2094409956799805
2.2161033138951187
2.222959056061135
2.2300081132861322
2.237250421362504
2.244685958953724
2.2523147579173863
2.260136851423106
2.268152345386181
2.276361367418355
2.284764076569511
2.293360768750602
2.302151445524508
2.3111364523584337
2.3203160497886146
2.3296905183474985
2.339260155778003
2.3490252745802476
2.3589861996062873
2.3691432656665126
2.3794968151444107
2.390047195621193
2.4007947575129855
2.4117398517231723
2.4228828273128338
2.4342240291919977
2.445763795834778
2.457502457021216
2.469440331608924
2.4815777253375524
2.4939149286692177
2.506452214667891
2.5191898369210564
2.5321280275066496
2.545266995008569
2.5586069225837984
2.572147966084418
