24.78011612298786
24.874640406440232
24.963266594080956
25.046364070739248
25.12428292912566
25.1973573210406
25.26590553455708
25.330229851443423
25.390616448089077
25.4473355247883
25.500641578951743
25.550773801678936
25.597956568953833
25.642400002683875
25.68430058062931
25.723841777753552
25.761194724400024
25.796518870709217
25.82996264599173
25.861664107599864
25.891751573106315
25.92034423065975
25.94755272681572
25.97347972749725
25.998220452043082
26.021863179494634
26.044489727009505
26.06617590067458
26.086991919285882
26.107002811881667
26.126268789973658
26.144845595531105
26.162784825842675
26.18013423641937
26.196938023117742
26.213237084657308
26.22906926668818
26.244469588535008
26.259470453706392
26.27410184521608
26.288391506715833
26.302365110391108
26.31604641252142
26.329457397557256
26.342618411516185
26.355548285452873
26.368264449710825
26.38078303961882
26.393118993251658
26.40528614183416
26.417297293327852
26.429164309703168
26.44089817836501
26.452509078166628
26.464006440416085
26.475399005250633
26.4866948737271
26.497901555951415
26.509026015546507
26.520074710735972
26.531053632300367
26.541968338643844
26.552823988191307
26.563625369319524
26.574376928010565
26.585082793401646
26.595746801392263
26.606372516457387
26.616963251804215
26.627522087999285
26.638051890183405
26.648555323982627
26.65903487021529
26.669492838487542
26.679931379762554
26.69035249798216
26.700758060813634
26.71114980958853
26.721529368495666
26.731898253085213
26.742257878136698
26.752609564939526
26.76295454803093
26.773293981432772
26.783628944425388
26.793960446893784
26.804289434278697
26.814616792162585
26.824943350518204
26.83526988764541
26.845597133819727
26.855925774674485
26.86625645433662
26.876589778334697
26.88692631629621
26.89726660445013
26.907611147949034
26.917960423024535
26.928314878988285
26.938674940090056
26.949041007243597
26.95941345962992
26.96979265618716
26.980178936995294
26.990572624563505
27.00097402502725
27.011383429261695
27.021801113917494
27.03222734238469
27.042662365689836
27.05310642333115
27.063559744056192
27.074022546586214
27.084495040290854
27.09497742581685
27.105469895673945
27.11597263478101
27.126485820975237
27.13700962548687
27.147544213381998
27.15808974397556
27.168646371216596
27.179214244047724
27.189793506740543
27.200384299208608
27.210986757299533
27.2216010130676
27.232227195028106
27.24286542839488
27.253515835301766
27.26417853500943
27.274853644098243
27.285541276648246
27.296241544406982
27.306954556945968
27.317680421806543
27.328419244635775
27.339171129312977
27.349936178067498
27.360714491588173
27.371506169125162
27.38231130858437
27.393130006615035
27.403962358690883
27.414808459185057
27.42566840143938
27.436542277828064
27.447430179816305
27.45833219801383
27.46924842222393
27.480178941487896
27.49112384412525
27.502083217769943
27.51305714940259
27.524045725378997
27.535049031455067
27.546067152808213
27.55710017405544
27.56814817926806
27.579211251983317
27.59028947521279
27.60138293144779
27.612491702661753
27.623615870309546
27.634755515323974
27.645910718109192
27.65708155853126
27.668268115905725
27.679470468982213
27.69068869592604
27.701922874296784
27.713173081023715
27.72443939237809
27.735721883942244
27.747020630575264
27.75833570637533
27.769667185234216
27.781015139076946
27.792379639440927
27.803760756927478
27.81515856113288
27.826573120571627
27.838004502653437
27.849452773572366
27.860917997576944
27.87240023882313
27.883899559424208
27.89541601995346
27.906949679347022
27.918500594799013
27.930068821649527
27.941654413265272
27.953257420912436
27.964877893621313
27.976515878042118
27.988171418291618
27.999844555789874
28.011535329086488
28.02324377367584
