169116.0
47541.347955041725
48235.1554830903
48943.02868606201
49665.07083847606
50401.69833212539
51153.40823491355
51920.76037330819
52704.35205348752
53504.81695344631
54322.81928813987
55159.05471830899
56014.237178645904
56889.10126061978
57784.397216451194
58700.88838190235
59639.34937901449
60600.56508919019
61585.33034470065
62594.45026049245
63628.741115452205
64689.03169055903
65776.16497738565
66891.00018129015
68034.41495647849
69207.30782409303
70410.60073746876
71645.241770725
72912.20791713399
74212.50799284375
75547.18564868394
76917.3224991818
78323.965481152
79768.50962937657
81251.94331857355
82775.6098159387
84340.83293567109
85948.99669906346
87601.55001236049
89300.01159623207
91045.97530859071
92841.11591383352
94687.19535776481
96586.06941086664
98539.69595587808
100550.14202361925
102619.59367544387
104750.36596623033
106944.91298945295
109205.84164480124
111535.92419732884
113938.1136390666
116415.56054006964
118971.63187684088
121609.93211362831
124334.32685493899
127148.9694381475
130058.33089584134
133067.23378897156
136180.8896482243
139404.94573060973
142745.529561814
146209.3083696968
149803.5542103195
153536.2124880254
157415.99438232413
161452.46998191305
165656.1232845951
170038.71643406135
174613.10213823654
179393.62597333218
184396.28305693882
189638.96738025767
195141.76753677567
200927.3192303273
207021.22768183393
213452.57668212298
220254.5457008921
227465.16285614995
235128.22993826773
243294.6999297922
252023.20580705782
261383.16390380313
271456.2090586376
282339.3253975494
294148.6382952451
307024.38850233424
321137.54202889046
336698.69979742623
353970.2980588542
373283.6105493191
395062.9118030423
419860.5858349982
427820.15689707303
430090.6309387422
432310.24733995297
434478.73571759515
436595.4480898273
438661.16340742004
440674.9022985651
442636.6776053031
444546.5369746377
446404.51352270396
448210.7006860896
449965.25215822837
451668.3772924532
453320.341462641
454918.45692365797
456469.1307852013
457972.6993586258
459423.6950121425
460825.6010602132
462178.9645446283
463484.36982553004
464742.436669418
465953.81764000334
467119.1955169253
468239.28074657865
469314.80893445737
470346.53838796634
471335.24771709123
472281.73350084224
473186.8080250028
474051.29709651857
474876.0379385061
475661.87716960884
476409.6688702105
477120.27273725613
477794.552329667
478433.3734038616
479037.60234094656
479608.1046639495
480145.74364526325
480651.3790025232
481125.8656816826
481570.0527254981
481984.78222496464
482370.8883518169
482729.1964695776
483060.52231979027
483365.671281677
483645.4377018728
483900.60429083725
484131.9415836319
484340.20746208826
484526.146734423
484690.49077046785
484833.9571888967
484957.24959312804
485061.0573542922
485146.05543693865
485212.90426587
485262.24963064946
485294.7226260143
485310.9396247047
485311.5022810043
485296.9975628181
485267.9978091595
485225.0608118338
485168.7299190829
485099.5341589899
485017.9883808192
484924.59341318754
484819.8362365747
484704.1901691455
484578.11506444984
484442.0575192671
484296.4510905752
484141.7165207931
483978.2619691586
483806.4832491836
483626.7640710065
483439.47628714907
483244.9801417265
483043.62452135584
482835.7472082609
482621.67513344454
482401.7246307246
482176.2016901194
481945.40221059526
481709.6122512767
481469.10828116164
481224.15742690704
480975.01771758706
480721.9383274844
480465.15981534997
480204.91436052485
479941.42599578307
479674.91083624645
479405.57730476087
479133.626353198
478859.25167950126
478582.6399410501
478303.9709631742
478023.4179439572
477741.1476540452
477457.32063274883
477172.0913792062
476885.60853912
