15515062.753363201
540045.7253510943
533134.3904476796
526222.9572540075
519384.7524584133
512632.01113664807
505976.06052829215
499413.99814456084
492951.22162504477
486590.84284003056
480335.7574792984
474188.56129061646
468151.48192099173
462226.32924112485
456414.4637062129
450716.7813293325
445133.6978847635
439665.22018024715
434310.88459633756
429069.840243181
423940.884542978
418922.45569568354
414012.74651270267
409209.6981689219
404511.05397052725
399914.3990362635
395417.19746773125
391016.82651025255
386710.6074023323
382495.8327910095
378369.7905962452
374329.7847307164
370373.1523586999
366497.27834294556
362699.6069296422
358977.65097055613
355328.99896642135
351751.3201963599
348242.36818886694
344799.98277489067
341422.09094474535
338106.70670665114
334851.93012953387
331655.9457266896
328517.0203194979
325433.50050161977
322403.80980664154
319426.4456665132
316499.97623461805
313623.0371344288
310794.3281840282
308012.61013728543
305276.7014742215
302585.47526625585
299937.8561357371
297332.81732428574
294769.3778805079
292246.59997368633
289763.58633742883
287319.47784505936
284913.4512162625
282544.7168533778
280212.5168044651
277916.1228492102
275654.83470334276
273427.9783366095
271234.90439916746
269074.9867508609
266947.62108809524
264852.22366273316
262788.23008772737
260755.09422414808
258752.28714453333
256779.29616770183
254835.62396040227
252920.78770092054
251034.31830111562
249175.75968203752
247344.66810001494
245540.6115192595
243763.16902775576
242011.9302933817
240286.4950570926
238586.4726608796
236911.48160735465
235261.14914920361
233635.110905904
232033.01050578285
230454.4992516328
228899.2358079039
227366.88590811592
225857.12208071802
224369.6233922441
222904.07520632548
221460.16895739542
220037.60193803877
218636.07709892176
217255.3028604488
215894.99293510077
214554.8661598542
213234.6463378646
211934.06208871515
210652.8467065652
209390.73802573682
208147.47829315343
206922.81404697584
205716.49600134397
204528.27893632796
203357.9215931579
202205.1865740065
201069.84024624364
199951.65265068325
198850.39741362576
197765.85166242617
196697.7959442697
195646.01414805616
194610.29342900374
193590.42413597438
192586.19974114737
191597.4167720089
190623.87474542632
189665.37610365188
188721.7261522413
187792.73299946424
186878.20749749703
185977.9631849007
185091.81623044892
184219.58537830046
183361.0918941754
182516.15951261073
181684.61438521036
180866.28502974362
180061.00227996914
179268.5992362924
178488.91121694804
177721.7757097891
176967.03232462142
176224.52274587261
175494.09068567527
174775.58183727358
174068.8438286037
173373.72617606583
172690.0802384423
172017.75917077443
171356.6178783198
170706.512970341
170067.30271379845
169438.84698684607
168821.00723197483
168213.6464089015
167616.6289470198
167029.82069733462
166453.0888838987
165886.30205458798
165329.33003119065
164782.04385870948
164244.3157538277
163716.0190523667
163197.0281557817
162687.218476477
162186.46638193584
161694.64913747093
161211.6448475987
160737.33239586037
160271.59138297662
159814.3020632281
159365.34527893784
158924.60239292178
158491.95521877063
158067.2859488076
157650.4770795556
157241.41133462675
156839.97158475962
156446.0407649132
156059.50178819118
155680.2374564063
155308.12707137153
154943.05974795326
154584.9136313431
154233.57034566518
153888.91065407853
153550.81436526883
153219.16115015702
152893.82899554598
152574.69854501053
152261.63864058416
151954.5273109294
151653.23754445295
151357.6406503029
151067.6061006906
150783.00136474275
150503.691735161
150229.54014773364
149960.40699368026
149696.14992467238
149436.62365069857
149181.67973068697
148931.1663562014
148684.9281284644
