6.1474
11.7307508377014
11.729582071851153
11.728434409742968
11.727308105013888
11.726203287358683
11.725120061331102
11.724058505191067
11.72301867028583
11.72200058091351
11.721004234629774
11.720029602963255
11.719076632500409
11.718145246292814
11.71723534553322
11.716346811442452
11.715479507307487
11.714633280612123
11.713807965204742
11.713003383452659
11.712219348338929
11.711455665464538
11.71071213492641
11.70998855304916
11.709284713955485
11.708600410966651
11.707935437830088
11.707289589775979
11.706662664408574
11.706054468705057
11.705464800374529
11.70489346805086
11.704340284794883
11.703805068387348
11.703287641465728
11.702787831581137
11.70230547118767
11.70184039757556
11.701392452758675
11.700961483325827
11.700547340264347
11.70014987876338
11.699768958003403
11.699404440937519
11.699056194069303
11.698724087231168
11.698407993366544
11.698107788318534
11.697823350627194
11.697554561337077
11.697301303816268
11.697063463587797
11.696840928173998
11.696633586954084
11.696441331035102
11.696264053136067
11.696101647485104
11.695954009729169
11.6958210368559
11.695702627126998
11.69559868002256
11.695509096195641
11.695433777436376
11.695372626644886
11.695325547812253
11.695292446008796
11.69527322737889
11.695267799141584
11.69527606959628
11.695297948132756
11.695333345244826
11.695382172547005
11.695444342793442
11.695519769898642
11.695608368959258
11.695710056276493
11.69582474937857
11.695952367042802
11.696092829316822
11.696246057538593
11.696411974354824
11.69659050373749
11.696781570998164
11.696985102799967
11.697201027166887
11.697429273490329
11.697669772532803
11.697922456428609
11.698187258681516
11.698464114159384
11.698752959085752
11.699053731028416
11.699366368885077
11.699690812866125
11.700027004474688
11.70037488648404
11.700734403327063
11.70110549940913
11.701488121570396
11.701882217391656
11.702287735576826
11.70270462591802
11.7031328392591
11.703572327457993
11.704023043347929
11.704484940697787
11.70495797417175
11.705442104412548
11.705937282691808
11.706443466273342
11.706960612989592
11.70748868136177
11.708027630558647
11.708577420355692
11.709138011094666
11.70970936364378
11.710291439358505
11.710884200043118
11.711487607913071
11.712101625558219
11.712726215907011
11.713361342191629
11.714006967914157
11.714663056813816
11.715329572835243
11.716006480097876
11.716693742866438
11.717391325522511
11.718099192537228
11.718817308445043
11.71954563781861
11.720284145244701
11.721032795299124
11.721791552535288
11.72256038144179
11.723339246444409
11.724128111875627
11.724926941959053
11.725735700792185
11.726554352330071
11.727382860369833
11.728221188536002
11.729069300266623
11.729927158800113
11.730794727162849
11.731671968157439
11.732558844351662
11.733455318068033
11.734361351374003
11.73527690607271
11.736201943694322
11.737136425487902
11.73808031241379
11.739033565136486
11.739996144018018
11.740968009111748
11.741949120156653
11.742939436572009
11.743938917452507
11.744947521563777
11.745965207338285
11.746991932871634
11.74802765480562
11.749072332807142
11.750125922796043
11.751188381495377
11.75225966527458
11.753339730151078
11.754428531256375
11.75552602497238
11.75663216571933
11.75774690810055
11.758870206365634
11.76000201553165
11.761142286874328
11.762290974739818
11.763448031967265
11.76461341105209
11.765787064145265
11.766968943055522
11.76815899925236
11.769357183869511
11.770563447708756
11.771777741244165
11.773000014626682
11.774230217689114
11.775468299951497
11.776714210626848
11.777967898627294
11.779229312570607
11.7804984007871
11.781775111326928
11.783059391967758
11.784351190222813
11.785650453349314
11.786957128357265
11.788271162018619
11.789592500876804
11.790921091256596
