30.528411413990234
30.119519507776143
29.719551973264444
29.328345554544114
28.945696040178383
28.571379945687234
28.20516725252493
27.846828903033995
27.49614113000504
27.15288784537204
26.816861817588318
26.487865167494054
26.165709283462395
25.850214770586142
25.541210610784166
25.238534064971557
24.94203001054089
24.651550409323296
24.36695378998947
24.08810475539355
23.814873520559278
23.54713548389062
23.284770832204504
23.027664178896455
22.775704233820854
22.528783503005005
22.286798016110858
22.04964707948179
21.81723305262083
21.589461146036147
21.366239238478254
21.147477711747502
20.933089301351362
20.72298896147207
20.517093742793257
20.315322681895406
20.117596701039755
19.92383851727761
19.733972559900597
19.547924895393916
19.365623159082187
19.186996492786733
19.011975487851807
18.840492132976827
18.67247976634925
18.507873031621262
18.3466078373293
18.188621319384875
18.033851806311297
17.88223878694833
17.733722880346484
17.588245807632596
17.445750365630683
17.306180402061827
17.169480792146327
17.035597416473788
16.904477139998015
16.776067792049446
16.650318147257355
16.527177907284702
16.40659768330292
16.28852897912488
16.17292417493393
16.05973651155565
15.94892007521265
15.84042978272455
15.734221367110328
15.630251363556814
15.528477095722307
15.428856662351686
15.331348924168504
15.23591349103805
15.142510709368658
15.051101649741197
14.961648094751743
14.874112527055777
14.788458117600461
14.704648714036884
14.622648829305028
14.54242363038228
14.463938927189869
14.387161161655113
14.312057396917718
14.2385953066862
14.166743164730306
14.096469834516158
14.027744758975016
13.960537950408582
13.894819980523296
13.83056197060035
13.767735581791218
13.706313005546274
13.646266954167539
13.587570651491372
13.530197823697582
13.474122690244469
13.419319954929374
13.36576479707551
13.313432862842841
13.262300256664911
13.21234353280883
13.1635396870588
13.115866148524951
13.06930077157386
13.023821827881704
12.97940799861099
12.936038366706866
12.893692409316774
12.852349990329488
12.81199135303472
12.772597112901142
12.734148250474073
12.696626104391587
12.660012364515255
12.62428906517965
12.589438578556555
12.55544360813344
12.522287182304566
12.489952648077221
12.458423664886588
12.427684198523044
12.39771851516829
12.36851117553882
12.340047029138196
12.312311205770026
12.28528911860385
12.258966450063095
12.233329149410489
12.2083634275166
12.184055751728245
12.16039284083488
12.137361660132319
12.114949416582705
12.092883899090491
12.071366299670018
12.050386729434539
12.029935623668635
12.010003704762045
11.990581955627368
11.971661596015798
11.953234061383167
11.93529098401813
11.91782417619207
11.900825615121015
11.884287429558482
11.868201887856078
11.852561387347512
11.837358444926348
11.822585688698426
11.808235850604012
11.794301759911553
11.780776337496107
11.76765259082235
11.75492360955948
11.742582561763202
11.730622690562878
11.719037311301989
11.707819809080787
11.696963636657534
11.686462312667356
11.676309420122003
11.666498605158097
11.657023576003112
11.647878102132548
11.639056013593738
11.630551200474526
11.622357612497174
11.614469258719476
11.606880207327594
11.599584585506017
11.592576579372562
11.585850433966423
11.579400453279725
11.573221000323432
11.567306497219672
11.561651425313858
11.556250325299832
11.551097797353227
11.54618850126825
11.541517156593494
11.537078542763576
11.532867498102851
11.52887892335169
11.525107778307026
11.521549084050566
11.518197920067035
11.515049427304195
11.512098807194333
11.509341321674846
11.506772293190126
11.504387104673977
11.5021811995127
11.500150081488487
11.498289314703246
11.496594523482853
11.49506139216209
11.493685665260516
11.492463147008396
11.49138970128484
