14.523440510186669
14.536653771822225
14.556156631742214
14.581513157069065
14.612326557338928
14.648233328702966
14.688898810073185
14.73401366063094
14.783290968101422
14.836463825167773
14.893283271552955
14.95351653165412
15.016945496413546
15.083365409940022
15.152583729401778
15.224419132466474
15.29870065089354
15.375266912255713
15.453965474460267
15.534652239936014
15.617190938171374
15.701452666816808
15.787315482863663
15.87466403652715
15.963389241427729
16.05338797550957
16.144562807876845
16.236821747384198
16.33007800939926
16.424249797672093
16.519260098706905
16.615036486441188
16.711510935402327
16.808619640835122
16.90630284457985
17.00450466573248
17.103172935338627
17.202259034564204
17.30171773594991
17.40150704749637
17.50158805944392
17.601924793707184
17.702484056002326
17.803235290765407
17.904150439005594
18.005203799268898
18.106371891908104
18.207633326864073
18.30896867516464
18.410360344340397
18.511792457944225
18.61325073934346
18.714722399932523
18.816196031888882
18.91766150557046
19.01910987162372
19.120533267845754
19.22192483081565
19.32327861228427
19.424589500286416
19.525853144915686
19.627065888680644
19.72822470134107
19.829327119105578
19.930371188056387
20.031355411654115
20.132278702164257
20.23314033583867
20.333939911678446
20.43467731359996
20.535352675823145
20.63596635129979
20.736518883000084
20.837010977877444
20.93744348333458
21.037817366018
21.138133692772843
21.238393613595964
21.338598346431315
21.438749163658642
21.538847380133667
21.638894342645326
21.738891420663347
21.838839998257026
21.938741467073715
22.038597220273097
22.138408647320656
22.23817712955113
22.337904036419378
22.437590722363073
22.537238524207808
22.636848759051286
22.736422722569106
22.83596168768982
22.935466903592168
23.034939594981918
23.134380961610262
23.23379217799956
23.333174393346038
23.43252873157243
23.53185629150663
23.631158147165262
23.730435348123564
23.829688919955508
23.928919864729842
24.028129161549888
24.127317767126524
24.22648661637515
24.325636623028988
24.42476868026194
24.52388366131565
24.622982420125886
24.72206579194454
24.82113459395399
24.920189625871217
25.01923167053971
25.118261494507472
25.21727984858991
25.31628746841672
25.41528507496214
25.51427337505812
25.613253061890262
25.712224815476493
25.81118930312844
25.91014717989587
26.009099088994304
26.10804566221628
26.206987520326567
26.305925273441805
26.40485952139504
26.50379085408558
26.602719851814726
26.701647085607828
26.800573117523196
26.899498500948276
26.998423780883687
27.0973494942155
27.196276169976244
27.2952043295951
27.39413448713773
27.493067149536046
27.59200281680849
27.69094198227107
27.78988509163724
27.888832675237705
27.98778520559208
28.086743149667775
28.185706968970397
28.284677119642925
28.383654052570922
28.482638213491356
28.5816300431033
28.680629977179116
28.77963844667506
28.878655877840508
28.97768269232499
29.0767193072828
29.175766135474653
29.274823585366168
29.373892061223003
29.472971963202617
29.57206368744247
29.67116762614469
29.77028416765731
29.869413696551952
29.968556593698143
30.067713236334228
30.16688399813506
30.266069249276423
30.365269356496427
30.4644846831538
30.563715589283323
30.662962431648374
30.76222556379075
30.861505336077865
30.960802095747308
31.06011618694903
31.159447950785058
31.258797725346934
31.35816584575097
31.457552644171297
31.556958449870905
31.656383589230686
31.755828385776553
31.855293160204745
31.954778230405353
32.054283911484134
32.1538105157827
32.253358352897166
32.35292772969525
32.45251895033198
32.552132316263915
32.651768126262205
32.751426676424224
32.851108260184056
32.950813168321794
33.05054168897178
33.15029410762969
33.2500707071587
