164769.7188
131194.04873514813
132704.9959041407
134305.7608025687
135962.5711428029
137668.30380315252
139420.2620431213
141216.6080590742
143055.7721392385
144936.4113041639
146857.42566099035
148818.0001847252
150817.58485065025
152855.91539837318
154932.99668347667
157049.0837851
159204.65787126834
161400.39934886206
163637.16048183336
165915.93920280016
168237.85535387258
170604.13013424858
173016.06914319703
175475.0491038912
177982.50813791924
180539.9393212396
183148.88717775285
185810.94673940958
188527.76480906561
191301.0430903969
194132.54289081553
197024.09114968515
199977.1202138468
202995.01216945308
206078.4370779244
209230.0312091866
212452.07521908093
215746.97086699816
219117.25332017994
222565.60393553408
226094.8638980079
229708.0487985628
233408.36425956784
237199.2220783876
241084.26090071464
245067.36201209525
249152.6733338891
253344.63259606506
257647.98952045938
262067.83883828967
266609.6475678151
271279.28985745215
276083.0846049239
281027.8372760347
286120.8865147721
291370.15623671754
296784.2140099511
302372.3366593592
308144.58418797585
314111.8808245645
320286.11929521535
326680.2541574653
333308.43335355347
340186.14014662587
347330.3385172194
354759.6789287918
362494.697456238
370557.90654621937
378974.7025491401
387772.78726202366
396983.15458638076
406640.40398896433
416783.2832305036
427455.332381831
438705.651846942
450589.8231156224
463171.0188721598
476521.34938704025
490723.5060145502
505872.78108699626
522080.15441787353
539473.1474586852
558203.0488178383
578447.7650909085
600418.7396843246
624369.2499514426
650605.2938254229
679500.0599610625
711513.4366076802
747218.7311431739
787339.9119721391
832804.5442544705
884820.7141083389
897949.1625807754
898059.1170477332
898091.4830768292
898048.1056103607
897929.7204442081
897740.2223959322
897479.319898333
897148.8945476831
896750.7832829794
896286.6687591868
895758.2525124449
895167.255598238
894515.4101638937
893804.4618711949
893034.3368558162
892210.4741621461
891334.5634111058
890404.7877552413
889424.7080712107
888396.0809475674
887320.6540951408
886200.1651681997
885036.3393584577
883830.8871495968
882585.5021984552
881301.8593425722
879981.6127366107
878626.3941164934
877237.811195952
875817.4461928909
874366.8544856714
872887.5633964577
871381.0711005526
869848.8456578543
868292.3241622675
866712.9120078767
865111.9822632294
863490.8751541562
861850.8976460882
860193.3231237337
858519.3911618624
856830.3073823646
855127.2433930254
853411.3368014906
851683.6913008954
849945.3768223892
848197.4297467762
846440.853174389
844676.6172468484
842905.6595148249
841128.8853494478
839347.1683936466
837561.35104643
835772.2449798493
833980.6316832519
832187.2630300683
830392.8618680388
828598.1226248777
826803.7119304021
825010.2692495856
823218.4075271898
821428.7138377284
819641.750041692
817858.0534457178
816078.1374624302
814302.4922708723
812531.5854754901
810765.8627610414
809005.748542541
807251.646610679
805503.9407691313
803762.9954645749
802029.1564081275
800302.7511869835
798584.0898658579
796873.4655791136
795171.1551094931
793477.4194568186
791792.5043948079
790116.6410145692
788450.0462569074
786792.9234304737
785145.4627191472
783507.8416742884
781880.2256958678
780262.7684998434
778655.6125730253
777058.8896144938
775472.7209647053
773897.2180228013
772332.4826492642
770778.6075585781
769235.6766984214
767703.7656168117
766182.941818365
764673.2651078112
763174.7879233484
761687.5556582253
760211.6069710018
758746.9740866281
757293.6830853259
755851.7541830938
754421.202000518
753002.0358239254
751594.2598556328
750197.8734549917
