247.60256
235.27676726604076
236.06371513179013
232.04356400903006
232.10290874810948
232.2884345602724
232.57650625293573
232.9523374895949
233.4055628023116
233.92834111280217
234.5144177167825
235.158609137099
235.85649658789848
236.6042315106987
237.39840559731675
238.2359601020243
239.11412028177867
240.03034659176467
240.9822974630221
241.96780033996407
242.9848287702096
244.03148403445834
245.10598025175423
246.20663219191445
247.3318452282014
248.48010700325347
249.6499804805726
250.840098125729
252.0491570144077
253.27591464151632
254.51918567249882
255.77783859575308
257.0507934223508
258.33701943238145
259.6355332717441
260.9453972836398
262.26571802832626
263.59564495166796
264.9343691687784
266.2811223345252
267.6351755766932
268.99583847188666
270.3624580476017
271.7344177969787
273.1111366955208
274.4920682115007
275.8766993039582
277.2645494040552
278.6551693772868
280.0481404654748
281.44307320872355
282.83960634856686
284.2374057144806
285.63616309652633
287.03559510759527
288.4354420390206
289.8354667136803
291.2354533408521
292.635206377159
294.03454939790436
295.43332398298196
296.8313886213854
298.22861763808226
299.624900146747
301.0201390315266
302.41424996066166
303.80716043443147
305.19880886951455
306.58914372147245
307.9781226467242
309.3657117049815
310.7518846027913
312.1366219785138
313.51991072872875
314.9017433758163
316.2821174761599
317.6610350682579
319.0385021597238
320.41452825209916
321.7891259021533
323.16231031827095
324.5340989904359
325.90451135219433
327.2735684729848
328.64129277915566
330.00770780196683
331.3728379508901
332.73670831055705
334.0993444596587
335.4607723102324
336.821017965745
338.1801075964729
339.5380673307507
340.894923160674
342.2507008609842
343.605425919881
344.9591234806001
346.31181829267393
347.6635346718671
349.0142964678262
350.3641270386042
351.7130492312193
353.0610853675669
354.40825723495743
355.7545860807149
357.10009261026124
358.4447969881959
359.7887188419146
361.1318772673834
362.47429083668555
363.8159776070493
365.1569551310558
366.49724046779517
367.8368501947475
369.175800420207
370.5141067960651
371.8517845308585
373.1888484029132
374.52531277351085
375.86119159999527
377.1964984487204
378.5312465078295
379.8654485997614
381.19911719349244
382.53226441647325
383.8649020662128
385.1970416215313
386.5286942534635
387.8598708357651
389.19058195509706
390.52083792080856
391.8506487743778
393.1800242985027
394.50897402581796
395.83750724730766
397.16563302035934
398.4933601765101
399.82069732889204
401.1476528793601
402.4742350253588
403.80045176648804
405.1263109108323
406.4518200810098
407.7769867200016
409.10181809674833
410.42632131150395
411.7505033010079
413.07437084343906
414.3979305631773
415.7211889353887
417.0441522904358
418.3668268181076
419.68921857170983
421.0113334719883
422.3331773109127
423.6547557553199
424.9760743504293
426.2971385232184
427.61795358570123
428.93852473806
430.25885707169624
431.5789555721576
432.8988251219611
434.21847050333736
435.5378964008576
436.85710740399884
438.17610800959795
439.49490262423507
440.8134955665452
442.13189106944003
443.45009328225973
444.76810627287404
446.08593402968154
447.40358046357846
448.7210494098456
450.03834462998276
451.3554698134767
452.67242857952664
453.9892244787088
455.30586099459003
456.62234154529466
457.938669485015
459.2548481054871
460.5708806374197
461.8867702518653
463.2025200615761
464.5181331222899
465.8336124340051
467.1489609422001
468.4641815390192
469.7792770644279
471.0942503073393
472.4091040066867
473.7238408524864
475.03846348686534
476.35297450504765
477.66737645632753
478.9816718449968
480.2958631312641
