5.59e-05
4.015104996665931e-05
4.013378512634918e-05
4.0117176618032796e-05
4.010104078086824e-05
4.0085339690661335e-05
4.007005363788297e-05
4.0055166032066495e-05
4.004066139090593e-05
4.0026525039990325e-05
4.0012743038093906e-05
3.999930213414865e-05
3.9986189730399814e-05
3.997339384832437e-05
3.99609030966821e-05
3.994870664152211e-05
3.9937361692672944e-05
3.9925765551506067e-05
3.991383942608346e-05
3.9902691186003755e-05
3.989181655727756e-05
3.9881184852017265e-05
3.9870785508166056e-05
3.9860610883106234e-05
3.985065401776044e-05
3.984090833384819e-05
3.9831367581291345e-05
3.9822025818583754e-05
3.981287739809931e-05
3.980391695267775e-05
3.9795139382983475e-05
3.9786539845542064e-05
3.977811374138715e-05
3.976985670530433e-05
3.976176459563201e-05
3.9753833484566816e-05
3.974605964897703e-05
3.973843956167837e-05
3.9730969883138457e-05
3.9723647453602924e-05
3.971646928562218e-05
3.970943255692828e-05
3.970253460368644e-05
3.969577291406031e-05
3.968914512210523e-05
3.968264900195369e-05
3.96762824622873e-05
3.967004354107823e-05
3.9663930400579445e-05
3.965794132257143e-05
3.9652074703823225e-05
3.964632905178356e-05
3.9640702980475473e-05
3.96351952065929e-05
3.9629804545780586e-05
3.962452990909912e-05
3.961937029965115e-05
3.9614324809389126e-05
3.960939261605092e-05
3.960457298027378e-05
3.959986524282292e-05
3.9595268821967056e-05
3.9590783210985655e-05
3.9586407975789846e-05
3.958214275266135e-05
3.957798724610973e-05
3.9573941226825465e-05
3.9570004529748086e-05
3.9566177052217634e-05
3.9562458752224154e-05
3.955884964675456e-05
3.955534981020816e-05
3.955195937290292e-05
3.954867851966089e-05
3.954550748846176e-05
3.9542446569170343e-05
3.9539496102328816e-05
3.9536656478018744e-05
3.953392813478342e-05
3.953131155860212e-05
3.952880728193262e-05
3.952641588280175e-05
3.952413798394583e-05
3.952197425200338e-05
3.951992539675731e-05
3.951799217041801e-05
3.951617536695375e-05
3.9514475821453956e-05
3.951289440954792e-05
3.9511432046845364e-05
3.951008968842029e-05
3.950886832831829e-05
3.950776899913655e-05
3.950679277156977e-05
3.950594075403871e-05
3.950521409232691e-05
3.950461396924242e-05
3.950414160431353e-05
3.9503798253503694e-05
3.950358520894517e-05
3.950350379869998e-05
3.9503555386542905e-05
3.950374137175733e-05
3.9504063188949393e-05
3.9504522307891036e-05
3.9505120233354836e-05
3.9505858504991525e-05
3.9506738697194265e-05
3.950776241899985e-05
3.9508931313974516e-05
3.9510247060139965e-05
3.951171136987702e-05
3.951332598986648e-05
3.951509270101064e-05
3.9517013318381474e-05
3.9519089691161696e-05
3.952132370258941e-05
3.9523717269915155e-05
3.952627234434851e-05
3.952899091101179e-05
3.9531874988889745e-05
3.9534926630784193e-05
3.9538147923252227e-05
3.954154098655699e-05
3.954510797459716e-05
3.9548851074845155e-05
3.955277250826579e-05
3.9556874529229895e-05
3.9561159425419145e-05
3.9565629517721566e-05
3.95702871601124e-05
3.957513473951311e-05
3.9580174675652845e-05
3.958540942089777e-05
3.9590841460065755e-05
3.97656186173804e-05
3.984444661237243e-05
3.991913298440591e-05
3.999045911637214e-05
4.005892655292561e-05
4.012494900070279e-05
4.018888278671759e-05
4.025103726568308e-05
4.031168190100847e-05
4.0371052083223975e-05
4.0429354040503595e-05
4.0486768993388374e-05
4.0543456672016284e-05
4.0599558297427246e-05
4.065519911360588e-05
4.071049054336605e-05
4.076553202922313e-05
4.082041261021564e-05
4.087521227700976e-05
4.093000314054024e-05
4.098485044350992e-05
4.103981343921141e-05
4.109494615813222e-05
4.115029807954174e-05
4.1205914722526744e-05
4.126183816871475e-05
4.131810752713504e-05
4.137475935011527e-05
4.143182800790207e-05
4.148934602869514e-05
4.15473444099307e-05
4.160585290601088e-05
4.166490029714488e-05
4.172451464355776e-05
4.178472352901946e-05
4.184555429745252e-05
4.1907034286246867e-05
4.1969191059914706e-05
4.203205264773324e-05
4.209564778925007e-05
4.216000619169466e-05
4.2225158803834316e-05
4.2291138111106446e-05
4.2357978457735713e-05
4.242571640213967e-05
4.2494391113045843e-05
4.256404481493048e-05
4.2634723292880605e-05
4.270647646880411e-05
4.277935906301451e-05
4.285343135771946e-05
4.292876008161857e-05
4.300541943767226e-05
4.308349229848349e-05
4.316307159454128e-05
4.3244261917848536e-05
4.332718135190861e-05
4.341196350931863e-05
4.349875968815649e-05
4.358774090138137e-05
4.367909918049582e-05
4.377304674447007e-05
4.386980968371224e-05
4.3969607852114236e-05
