240647.19494400002
243019.72721719302
243096.2354124388
243182.51799915178
243277.7652954344
243381.56261115032
243493.56263017782
243613.44137036166
243740.89161723517
243875.62130820518
244017.35261260514
244165.82114819792
244320.77525766846
244481.97533197358
244649.19317596397
244822.211413027
245002.53958629904
245186.8795187942
245374.6209570571
245568.75827813105
245767.82915653754
245971.60480398094
246179.9211306866
246392.62859820743
246609.58544166674
246830.6565121088
247055.71285964147
247284.63142661736
247517.29476862308
247753.59079179674
247993.41250425312
248236.65778057842
248483.22913860343
248733.0335277145
248985.98212803502
249241.99015984245
249500.97670262956
249762.86452326976
250027.579912773
250295.05253114813
250565.21525993606
250838.00406198527
251113.35784809242
251391.2183501263
251671.53000030556
251954.2398163055
252239.29729188443
252526.6542927611
252816.26495746445
253108.08560291375
253402.0746344921
253698.19246039097
253996.401410022
254296.6656562977
254598.95114159517
254903.2255072388
255209.4580263221
255517.61953973185
255827.6823952213
256139.62038938949
256453.40871245175
256769.02389566845
257086.44376131694
257405.64737510763
257726.61500092855
258049.32805783467
258373.7690791785
258699.921673806
259027.770489228
259357.30117669815
259688.50035811772
260021.355594703
260355.85535734685
260691.9889986048
261029.7467263368
261369.11957874833
261710.09940098578
262052.67882314444
262396.85123964975
262742.6107899892
263089.95234072744
263438.8714687971
263789.3644460039
264141.42822473834
264495.06042483717
264850.2593215913
265207.0238348534
265565.35351922805
265925.2485553316
266286.709742079
266649.73848996597
267014.33681547974
267380.50733620767
267748.25326726964
268117.5784184349
268488.4871922916
268860.9845833194
269235.07617787615
269610.76815509197
269988.06728865614
270366.9809494879
270747.5171092922
271129.6843449786
271513.4918439479
271898.9494102363
272286.0674715082
272674.85708689917
273065.329955693
273457.4984268413
273851.3755093058
274246.9748832286
274644.31091192167
275043.3986546669
275444.2538803231
275846.89308173856
276251.33349094767
276657.5930951616
277065.6906535296
277475.6457146695
277887.47863495356
278301.210597539
278716.86363212747
279134.460635442
279554.02539240126
279975.5825979751
280399.15787969984
280824.77782083285
281252.4699841128
281682.2629361143
282114.1862721499
282548.2706416937
282984.54777429346
283423.0505059231
283863.8128057432
284306.8698032067
301770.7204848061
303872.000999369
305736.1489617881
307409.4632242092
308928.77255669865
310323.9090617595
311619.2580995017
312834.89512524655
313987.4508860077
315090.7797331029
316156.48137950554
317194.31206471974
318212.5113521
319218.06393114396
320216.9108947859
321214.1214106491
322214.03310438484
323220.36754874553
324236.32581420755
325264.66795310914
326307.77946529747
327367.72716199484
328446.3063574413
329545.08093939314
330665.4175737826
331808.5150664699
332975.429721645
334167.0973912784
335384.3527949218
336627.94659794174
337898.5606642514
339196.8218432957
340523.3146077597
341878.5928263232
343263.1909334557
344677.6347449181
346122.4521629567
347598.18401934195
349105.3953180238
350644.68716352247
352216.70969824353
353822.176424634
355461.8803607448
357136.71257629094
358847.6837893169
360595.94988319976
362382.8424473544
364209.905778175
366078.9422365606
367992.0685006491
369951.7861617023
371961.0714180804
374023.4905333561
376143.3505727403
378325.89926818805
380577.59462435875
382906.4757115343
385322.6839931585
387839.2151812875
390473.03627518757
393246.8047616963
396191.62986821105
399351.74741166923
402792.9821331852
