2987604.0581249995
1656716.31704956
1651133.9057382464
1645586.1410664814
1640067.566900194
1634581.1482570367
1629132.5684556798
1623727.9149873974
1618372.7944690553
1613072.0495749675
1607829.7211854744
1602649.103482949
1597532.8280629036
1592482.9511459693
1587501.0341973826
1582588.2150553432
1577745.2694056174
1572972.6634464816
1568270.5988692362
1563639.0512735061
1559077.8030274836
1554586.4714446072
1550164.5330148002
1545811.3443101842
1541526.1600811982
1537308.1489737798
1533156.4072246288
1529069.970633933
1525047.825062119
1521088.9156576868
1517192.1549901322
1513356.4302299854
1509580.609499387
1505863.5474931567
1502204.090456451
1498601.0805938102
1495053.3599670595
1491559.7739398526
1488119.174210771
1484730.4214768426
1481392.3877608785
1478103.9584338947
1474864.0339595554
1471671.5313858965
1468525.3856052358
1465424.550404271
1462367.9993217934
1459354.7263319641
1456383.7463699013
1453454.0957132296
1450564.8322351691
1447715.0355417388
1444903.8070055349
1442130.2697087443
1439393.5683028612
1436692.8688020238
1434027.3583113926
1431396.244705465
1428798.7562615618
1426234.1412565787
1423701.6675339735
1421200.6220472213
1418730.3103847632
1416290.05628255
1413879.2011275582
1411497.1034570627
1409143.1384565828
1406816.6974602938
1404517.1874558195
1402244.030595597
1399996.6637178583
1397774.537876934
1395577.1178858506
1393403.8818710682
1391254.3208406758
1389127.938266488
1387024.249680028
1384942.7822832402
1382883.0745733264
1380844.6759820662
1378827.1465293544
1376830.056490354
1374852.9860767096
1372895.5251304612
1370957.2728311887
1369037.8374150728
1367136.8359062828
1365253.8938593091
1363388.6451125585
1361540.7315519382
1359709.8028847782
1357895.5164228135
1356097.5368744466
1354315.5361452296
1352549.1931466144
1350798.1936122035
1349062.2299214464
1347341.00092993
1345634.2118064566
1343941.5738760033
1342262.8044687489
1340597.6267745232
1338945.7697024215
1337306.9677455812
1335680.9608504665
1334067.4942907477
1332466.3185453902
1330877.1891808398
1329299.8667370065
1327734.1166168437
1326179.7089795612
1324636.4186371146
1323104.0249537216
1321582.3117487081
1320071.0672020165
1318570.0837624876
1317079.1580590394
1315598.0908140368
1314126.686759424
1312664.7545549846
1311212.1067089897
1309768.559500837
1308333.9329059292
1306908.0505224986
1305490.739500202
1304081.830470839
1302681.1574805574
1301288.5579239319
1299903.8724796353
1298526.945047744
1297157.622688518
1295795.755562579
1294441.1968727526
1293093.8028070347
1291753.4324828957
1290419.947893043
1289093.2138523054
1287773.0979455605
1286459.4704771377
1285152.2044209419
1283851.1753719994
1282556.2614987574
1281267.343496617
1279984.3033398362
1278707.0288365816
1277435.4070531721
1276169.3283344267
1274908.685335521
1273653.3729799713
1272403.2884190152
1271158.330991315
1269918.4021840133
1268683.4055941238
1267453.2468909358
1266227.8337790007
1265007.0759618154
1263790.8851061882
1262579.1748071404
1261371.8605536558
1260168.8596946355
1258970.0914058299
1257775.4766570702
1256584.9381800122
1255398.400436716
1254215.789588264
1253037.033464313
1251862.0615328273
1250690.8048704213
1249523.196133143
1248359.1695276597
1247198.660782863
1246041.6071220012
1244887.9472351715
1243737.6212520888
1242590.5707155361
1241446.73855487
1240306.0690602043
1239168.5078567413
1238034.0018796613
1236902.4993491308
1235773.9497459363
1234648.3037872608
1233525.5134028532
1232405.5317116515
1231288.3129985176
1230173.812691465
1229061.9873391823
1227952.794588746
1226846.193163882
1225742.142843293
1224640.6044394444
1223541.539777508
1222444.911674808
1221350.6839203774
1220258.8212548648
1219169.289350696
1218082.0547926517
1216997.0850585378
1215914.3485002255
