72.00456
71.72494217127888
71.46610658588693
71.19768781433064
70.92394518029008
70.64746438809091
70.36973623551239
70.09162155957497
69.81361925576292
69.53602026890457
69.25899605597283
68.98264940338625
68.7070436179818
68.4322192933121
68.15820393672801
67.8850174934542
67.61267551200318
67.34119095322129
67.0705752189528
66.8008387313488
66.53199125305852
66.26404205759823
65.99700001263689
65.730873612147
65.46567097793039
65.20139984211836
64.93806751708054
64.67568085615977
64.41424620685989
64.15376935701794
63.89425547378327
63.635709034721415
63.37813374995565
63.12153247388341
62.8659071046175
62.61125846886796
62.35758618947712
62.10488853221774
61.85316222774586
61.6024022637346
61.35260165891146
61.1037511100416
60.85583874608579
60.60884967190613
60.362765507168575
60.117563826884385
59.87321750212674
59.62969390095039
59.38695408882085
59.14495170562033
58.90363192478635
58.662930312653
58.422771810641144
58.1830700892052
57.943727722605
57.704637897429514
57.46568866960016
57.226770977616376
56.987791364809404
56.74868913725099
56.50945513606222
56.270146132163916
56.03088749812091
55.791860078775954
55.55327451838505
55.315342457522824
55.07825417875079
54.84216640961347
54.607200741565656
54.37344693275643
54.14096906960465
53.90981178741437
53.680005577083925
53.45157089455056
53.22452117231974
52.998864956523214
52.77460738913452
52.55175122093618
52.33029749867522
52.11024602967352
51.89159569606578
51.6743446674333
51.45849054574361
51.2440304649858
51.03096116016418
50.819279016120326
50.60898010273906
50.40006020105506
50.192510708948944
49.98633259996208
49.78152025100795
49.578072182613695
49.375977017493526
49.175229626836966
48.975824484322395
48.77775574206625
48.58101729164721
48.38560210272967
48.19150461959515
47.99871802869082
47.807235393736505
47.61704965134786
47.42815360855009
47.24053994392396
47.0542012108353
46.869129841825625
46.68531815362221
46.502758352448396
46.32144253944618
46.14136271609948
45.9625107895924
45.78487857806341
45.608457815731796
45.43324015788315
45.25921718570552
45.08638041097222
44.914721280568635
44.744231180863025
44.57490144192104
44.40672334156533
44.23968810928183
44.07378692997472
43.909010947572625
43.745351268488555
43.58279896493663
43.421345078109134
43.26098062121699
43.1016965823991
42.94348392749369
42.78633360270242
42.63023653711528
42.4751836451275
42.32116582874176
42.168173979761704
42.01619898188111
41.865231712673044
41.71526304548319
41.56628385123174
41.41828500012812
41.27125736330288
41.12519181436068
40.98007923085901
40.835910495716185
40.69267649855304
40.55036813697227
40.40897631777885
40.26849195814585
40.128905986728874
39.99020934473292
39.85239298693509
39.71544788266633
39.57936501675568
39.44413539043974
39.30975002224089
39.17619994881655
39.043476225782676
38.91156992851376
38.780472152922094
38.65017401621854
38.520666657657024
38.39194123926502
38.26398894656178
38.13680098926662
38.01036860199851
37.884683044969194
37.75973560467086
37.6355175945602
37.51202035574003
37.38923525763966
37.26715369869544
37.14576710703193
37.02506694114547
36.90504469059024
36.78569187666806
36.667000053122365
