309019.240392
299389.94988721074
295785.68326389766
292296.9426829243
288911.58533254097
285626.5782449195
282440.20946102374
279350.88228250336
276356.89080440055
273456.41237787553
270647.5179765986
267928.2104394415
265296.41888234235
262750.0397830141
260286.95236057966
257905.0369897856
255602.1911243892
253376.34250727057
251225.4596508382
249147.5597346364
247140.71418223064
245203.05224764647
243332.76296999582
241528.09585198655
239787.36059402343
238108.92617756483
236491.21954779513
234932.72410028282
233431.97813373656
231987.57339206073
230598.15378635845
229262.41435995468
227978.7979761744
226747.00776160829
225564.9813215024
224431.91595452896
223346.75769010672
222308.50365869037
221316.2035233536
220368.96092878218
219465.9352471885
218606.34361791908
217789.46328255735
217014.63365090542
216281.26149319654
215588.8208184799
214936.8587790297
214324.99973196152
213752.94690606097
213220.49127980263
212727.51423306885
212273.9941142386
211860.01276137822
211485.76274868488
211151.55545675586
210857.83008601415
210605.1637541558
210394.2828426377
210226.0757862869
210101.60615190733
210022.134477095
209989.12890479938
210004.2916604652
210069.58430892887
210187.24799433013
210359.84676419102
210590.2977279235
210881.84137314284
211238.3853933315
211664.13070884367
212163.92440711416
212743.2711731339
213408.42947365728
214166.52586206587
215025.69147872413
215995.2258976502
217085.7948881668
218309.67050659365
219681.02442585406
221216.28872178635
222934.81663837392
224858.6083524764
227014.2314665246
229432.92088703017
232151.91855616283
235215.95970345402
238679.22344027687
242607.92595589496
247083.81728164066
252208.97111298228
258112.46156442197
264959.8542229003
272966.998900342
274930.46962097666
274833.96472885995
274721.02808981645
274592.1590583421
274447.56830975355
274288.32711844967
274114.3497451865
273926.1385468068
273724.175843097
273508.89442300476
273280.725544197
273040.0995923196
272787.4442394764
272523.185539793
272247.18525991903
271960.9946553018
271665.0080603091
271358.5397986961
271042.552315119
270717.45120217896
270383.636891617
270041.5046932794
269691.4444442307
269333.84018101165
268969.0698314486
268597.5049268795
268219.5103358856
267835.44401934545
267445.6568085086
267050.49220556224
266650.2862070733
266245.36714981264
265836.05557906715
265422.664138668
265005.49748198426
264584.85220399895
264161.0167923876
263734.27159822633
263304.8888241726
262873.13252999727
262439.25865416334
262003.51505053425
261566.14153938304
261127.3699713154
260687.42430355432
260246.52068771535
259804.86756724183
259362.6657847422
258920.1086978277
258477.38230217015
258034.66536153134
257592.1295440822
257149.93956340957
256708.25332445448
256267.22207324908
255826.99054935767
255387.69714166806
254949.47404547446
254512.4474214976
254076.73755547224
253642.459018802
253209.72082867075
252778.62660817755
252349.27474598732
251921.75855450027
251496.16642699653
251072.58199334028
250651.08427364135
250231.7478298072
249814.64291520702
249399.83562158898
248987.38802359594
248577.35832059532
248169.80097561382
247764.76685134298
247362.3033435386
246962.45451072458
246565.26120127126
246170.76117732932
245778.9892353006
245389.9773234804
245003.75465610094
244620.34782475777
244239.78090600454
243862.07556631984
243487.25116370595
243115.32484627972
242746.3116476338
242380.22457929162
242017.07472044395
241656.87130411313
241299.6218011151
240945.33200085888
240594.0060893101
240245.64672456018
239900.25510934685
239557.8310614025
239218.37308103612
238881.8784161441
238548.34312525913
238217.7621377223
237890.1293121062
237565.43749191478
237243.6785597022
236924.8434886755
236608.9223922481
