1.7684748466121825
1.7875355728414624
1.8065259908067492
1.8254458734103762
1.8442949895886114
1.8630731103363396
1.8817800093228667
1.900415462797068
1.918979249413468
1.9374711500580384
1.9558909476832105
1.9742384271527689
1.9925133750961765
2.010715579771775
2.0288448309383456
2.046900919734528
2.0648836558694468
2.082792816926471
2.1006281799757285
2.118389555800559
2.136076741804664
2.1536895353728167
2.171227734508735
2.188691137852356
2.2060795446238037
2.223392754561912
2.2406305678656735
2.2577927851394892
2.274879207342142
2.2918896357393237
2.308823871859532
2.3256817174531714
2.3424629744546985
2.3591674449476576
2.3757949311324804
2.392345235296896
2.4088181597888565
2.4252135069918346
2.441531079302408
2.4577706791100162
2.473932108778798
2.4900151706314273
2.506019666934852
2.5219453998878705
2.5377921716104677
2.5535597841348383
2.569248039398046
2.584856739236248
2.6003856853804326
2.6158346794536285
2.6312035229695203
2.6464920173324424
2.6616999638387053
2.6768271636792083
2.691873417943315
2.706838527623954
2.721722293623921
2.73652451676334
2.75124499778828
2.7658835373804855
2.7804399361682157
2.794913994738164
2.809305513648444
2.823614293442629
2.8378401346648348
2.8519828378758247
2.8660422036701383
2.8800180326942293
2.893910125665611
2.9077182833929935
2.9214423067974264
2.9350819969344233
2.948637155017083
2.9621075824401997
2.9754930808053643
2.988793451947056
3.0020084979597295
3.0151380212259014
3.0281818244452396
3.041139710664655
3.0540114833094134
3.0667969462152618
3.0794959036615843
3.092108160405593
3.1046335217175574
3.117071793417092
3.1294227819104985
3.141686294229184
3.1538621380691607
3.1659501218316297
3.1779500546646786
3.1898617465060806
3.2016850081272272
3.213419651178196
3.225065488233961
3.236622332841767
3.248089999569678
3.2594683040562966
3.2707570630616916
3.281956094519524
3.2930652175903883
3.3040842527163874
3.315013021676937
3.325851347645832
3.3365990552495557
3.347255970626867
3.357821921489662
3.368296737185115
3.3786802487591183
3.38897228902101
3.3991726926096213
3.409281296060611
3.4192979378751294
3.4292224585897855
3.4390547008479353
3.4487945094722825
3.4584417315387905
3.4679962164519127
3.4774578160211114
3.486826384538696
3.4961017788589377
3.505283858478465
3.5143724856179324
3.523367525304937
3.53226884545817
3.541076316972787
3.5497898138069686
3.55840921306965
3.5669343951093917
3.575365243604359
3.5837016456533757
3.59194349186802
3.6000906764657112
3.608143097363752
3.6161006562742717
3.624256072320116
3.6323534714248056
3.64038995739189
3.648363055055104
3.6562706323701066
3.6641108364616772
3.6718820442960878
3.679582824446725
3.6872119070627933
3.694768159966251
3.702250569393918
3.7096582243107012
3.71699030350443
3.7242460648737197
3.7314248364643268
3.7385260089142105
3.7455490290447178
3.75249339439291
3.7593586485235457
3.7661443769924507
3.772850203858625
3.7794757886623866
3.7860208238026134
3.7924850322586026
3.7988681656121286
3.805170002333425
3.8113903463014918
3.8175290255346743
3.82358589111218
3.8295608162711416
3.8354536956673844
3.8412644447911415
3.846992999531814
3.852639315888558
3.8582033698260645
3.8636851572775117
3.869084694299361
3.8744020173855387
3.8796371839517017
3.8847902730038584
3.88986138600973
3.894850647996065
3.899758208900931
3.9045842452170474
3.909328961970892
3.9139925950931684
3.9185754142498745
3.9230777262206917
3.9274998789340434
3.9318422662977204
3.9361053340033183
3.940289586535591
3.9443955956901284
3.948424011003444
3.9523755726421514
3.9562511275046797
3.9600516495957336
3.963778266202086
3.967432292136367
3.971015275523415
3.97452906067005
3.977975877288098
3.981358472525658
3.9846803172965806
