-0.0012977799498629888
-0.001295648567246512
-0.0012940101521121124
-0.0012925045549793113
-0.0012909958386636232
-0.0012894249004718416
-0.0012877641600735493
-0.0012860014486486939
-0.0012841331069617806
-0.0012821604640214255
-0.0012800878009644793
-0.0012779210942122467
-0.0012756672146551095
-0.0012733334034915828
-0.0012709269435731705
-0.0012684549422628383
-0.0012659242021783982
-0.0012633411437758116
-0.001260711766070582
-0.0012580416319743616
-0.0012553358688716086
-0.0012525991830162624
-0.0012498358753335076
-0.0012470498660693593
-0.0012442447187768467
-0.001241423665775644
-0.0012385896341869766
-0.0012357452693030917
-0.0012328929597721597
-0.0012300348577897286
-0.0012271729029160927
-0.0012243088377591434
-0.0012214442303019738
-0.001218580487354709
-0.0012157188702091814
-0.0012128605090897047
-0.0012100064179978271
-0.001207157501090053
-0.0012043145690411113
-0.001201478343955117
-0.0011986494711749241
-0.0011958285259039754
-0.0011930160200742178
-0.0011902124091745685
-0.0011874180974458732
-0.0011846334447743975
-0.0011818587700196778
-0.0011790943537663787
-0.001176340446090138
-0.0011735972663162388
-0.0011708650082083406
-0.0011681438411480127
-0.0011654339149177052
-0.0011627353589561329
-0.001160048287250631
-0.0011573727975048864
-0.0011547089745525476
-0.0011520568919521953
-0.0011494166111783192
-0.0011467881852842792
-0.001144171658419606
-0.001141567066374244
-0.001138974439478343
-0.0011363938008681935
-0.0011338251685364708
-0.0011312685559532775
-0.0011287239721053646
-0.0011261914216415076
-0.0011236709072020297
-0.0011211624258409426
-0.0011186659742686272
-0.0011161815459908788
-0.0011137091320146152
-0.0011112487213084685
-0.0011088003016721264
-0.0011063638591275423
-0.0011039393780947473
-0.0011015268422393102
-0.001099126233959342
-0.0010967375341811546
-0.0010943607243028312
-0.0010919957832420742
-0.001089642691265376
-0.0010873014263005757
-0.0010849719669566592
-0.0010826542907205758
-0.001080348375755875
-0.0010780541982487704
-0.0010757717360287164
-0.0010735009651427062
-0.0010712418632374582
-0.0010689944063189
-0.0010667585709180176
-0.0010645343337747366
-0.0010623216716149782
-0.0010601205608538552
-0.001057930978408202
-0.0010557529008608899
-0.001053586305691161
-0.0010514311702428073
-0.0010492874713487197
-0.0010471551871442063
-0.001045034295659254
-0.0010429247747387172
-0.0010408266035400791
-0.001038739760233258
-0.001036664224328821
-0.0010345999753772427
-0.0010325469936097653
-0.0010305052588993934
-0.0010284747519228848
-0.0010264554548608173
-0.0010244473484110556
-0.001022450414783645
-0.0010204646369233231
-0.0010184899981739604
-0.00101652648110057
-0.0010145740709176295
-0.0010126327516125396
-0.0010107025085902338
-0.0010087833279820947
-0.001006875195354229
-0.0010049780981067264
-0.0010030920231406365
-0.0010012169594201404
-0.000999352894968896
-0.0009974998192479535
-0.0009956577221588918
-0.0009938265944196406
-0.0009920064268480516
-0.0009901972109122963
-0.000988398939739163
-0.0010930725112368088
-0.0010895159728594103
-0.0010859766459850998
-0.0010824608588204387
-0.0010789731207775412
-0.0010755167005926242
-0.0010720940008038394
-0.001068706809997018
-0.0010653564689681928
-0.001062043986721739
-0.0010587701174889436
-0.0010555354185488666
-0.001052340288705417
-0.0010491849973926243
-0.0010460697083473302
-0.0010429944939637295
-0.0010399593511640672
-0.001036964210110778
-0.0010340089439797198
-0.0010310933760875678
-0.0010282172853039427
-0.001025380414571023
-0.0010225824707123855
-0.00101982313309994
-0.0010171020545268368
-0.001014418866092437
-0.0010117731795143228
-0.0010091645888179177
-0.001006592674911202
-0.0010040570061427587
-0.001001557140791635
-0.0009990926285050991
-0.0009966630119836843
-0.0009942678291554917
-0.0009919066134688528
-0.000989578895843222
-0.0009872842045280748
-0.000985022067921743
-0.0009827920137348521
-0.0009805935706605317
-0.0009784262689320697
-0.0009762896401236188
-0.0009741832199601329
-0.0009721065458262726
-0.0009700591586977537
-0.0009680406043150833
-0.0009660504316357747
-0.0009640881942171597
-0.0009621511762047702
-0.0009602434848529244
-0.0009583624196733853
-0.0009565098592316373
-0.0009546807819757921
-0.0009528770707693151
-0.0009510983169615719
-0.0009493441172642172
-0.0009476140762043217
-0.0009459078035845492
-0.0009442249171472852
-0.0009425650425818933
-0.0009409278137935878
-0.0009393128743525141
-0.00093771988137472
-0.0009361485058189076
-0.0009345984384407432
-0.0009330693991749018
-0.0009315611480962164
