1.5008
1.504346832788831
1.5046689631406005
1.5043904872997058
1.504033559764062
1.5036828981568424
1.5033499010047142
1.5030360216593135
1.502739843485367
1.5024600334202916
1.5021953610256111
1.5019447135907902
1.5017070853098793
1.5014815643530086
1.50126732133414
1.5010635994342558
1.5008697070096138
1.5006850062854034
1.5005089131539975
1.5003408880097004
1.5001804306342075
1.500027081410589
1.4998804101330558
1.4997400178278286
1.4996055329753015
1.4994766090668268
1.4993529224758309
1.4992341705705587
1.49912007003078
1.4990103553365035
1.4989047774321667
1.4988031024683544
1.4987051107310392
1.4986105956228926
1.4985193627521165
1.498431229098894
1.498346022252183
1.4982635797093369
1.4981837482319063
1.4981063832518962
1.4980313483232515
1.4979585146146799
1.497887760439351
1.497818970818529
1.4977520370760034
1.497686856460683
1.497623331795001
1.4975613711470186
1.497500887524339
1.4974417985881205
1.4973840263856535
1.4973274971001023
1.4972721408161385
1.4972178913003105
1.497164685795089
1.4971124648256198
1.4970611720182891
1.497010753930292
1.4969611598894397
1.4969123418435213
1.4968642542185688
1.4968168537854418
1.4967700995341744
1.4967239525555842
1.4966783759296665
1.4966333346203435
1.496588795376155
1.496544726636524
1.4965010984432379
1.49645788235683
1.4964150513775518
1.496372579870655
1.4963304434957287
1.496288619139836
1.4962470848542357
1.4962058197944643
1.49616480416359
1.4961240191584482
1.4960834469186894
1.4960430704784762
1.4960028737206779
1.4959628413334265
1.4959229587688947
1.4958832122041787
1.4958435885041657
1.4958040751862802
1.4957646603870083
1.4957253328300948
1.4956860817963409
1.495646897094899
1.4956077690359988
1.4955686884050239
1.4955296464378676
1.495490634797509
1.495451645551734
1.495412671151958
1.4953737044130786
1.4953347384943214
1.495295766881015
1.495256783367257
1.4952177820394257
1.4951787572604929
1.4951397036550984
1.4951006160953504
1.4950614896873133
1.4950223197581527
1.4949831018439015
1.4949438316778183
1.4949045051793097
1.4948651184433885
1.4948256677306393
1.4947861494576722
1.494746560188033
1.494706896623555
1.4946671555961244
1.4946273340598462
1.4945874290835808
1.4945474378438448
1.4945073576180483
1.4944671857780563
1.4944269197840567
1.494386557178723
1.4943460955816523
1.4943055326840644
1.494264866243755
1.4942240940802807
1.4941832140703741
1.4941422241435667
1.4941011222780172
1.4940599064965285
1.4940185748627461
1.493977125477528
1.4939355564754742
1.4938938660216095
1.4938520523082102
1.493810113551767
1.4937680479900708
1.4937258538794238
1.493683529491957
1.4936410731130592
1.493598483038896
1.4935557575740275
1.4935128950291061
1.4934698937186541
1.4934267519589164
1.4933834680657745
1.4933400403527277
1.4932964671289248
1.4932527466972478
1.4932088773524412
1.4931648573792768
1.493120685050758
1.4930763586263471
1.4930318763502228
1.4929872364495513
1.4929424371327744
1.4928974765879057
1.4928523529808309
1.4928070644536051
1.4927616091227476
1.492715985077521
1.4926701903781971
1.4926242230542979
1.4925780811028078
1.492531762486359
1.4924852651313674
1.4924385869261316
1.4923917257188741
1.4923446793157282
1.4922974454786562
1.4922500219232946
1.4922024063167199
1.4921545962751264
1.4921065893614027
1.4920583830826042
1.4920099748873012
1.4919613603615864
1.4919125402596685
1.4918635103566111
1.4918142677063497
1.4917648094045428
1.4917151325361995
1.491665233950211
1.4916151105618547
1.4915647611541434
1.4915141785445767
1.491463361069917
1.4914123053134356
1.4913610076634485
1.4913094643804135
1.491257671601915
1.4912056253378723
1.4911533214639126
1.4911007557140759
1.4910479236730203
1.490994820767713
1.4909414422585832
1.4908877832301148
1.4908338385808322
