16.6779577087941
16.814308818318032
16.811598756778555
16.80889333925539
16.80619259448173
16.803496555102974
16.80080521013999
16.798118509737673
16.795436377349645
16.79275871986436
16.790085434599096
16.787416414123914
16.784751548969723
16.782090730335344
16.779433850091777
16.776780803039454
16.77413148714673
16.771485804163127
16.768843660144697
16.76620496594699
16.76356963770594
16.760937597318453
16.75830877291967
16.75568309936619
16.75306051871255
16.750440980681976
16.747824443125126
16.74521087246086
16.742600244098526
16.73999254283201
16.73738776320988
16.73478590986832
16.732186997838827
16.72959105281173
16.726998111370435
16.724408221188142
16.721821441186563
16.71923784165302
16.71665750433276
16.71408052247253
16.711507000839696
16.708937055700382
16.70637081476772
16.70380841711913
16.701250013082632
16.69869576409573
16.696145842533138
16.693600431511815
16.691059724675043
16.688523925944228
16.685993249257724
16.68346791828438
16.68094816612208
16.67843423497321
16.67592637581091
16.67342484802344
16.670929919051048
16.66844186400586
16.665960965279858
16.663487512147658
16.661021800353833
16.658564131695723
16.656114813599967
16.65367415868768
16.65124248434044
16.64882011225861
16.64640736801605
16.644004580613586
16.641612082031628
16.639230206777277
16.636859291441215
16.634499674243337
16.632151694587822
16.629815692619488
16.62749200878282
16.62518098338322
16.622882956154836
16.62059826583363
16.61832724973477
16.616070243338118
16.613827579881814
16.611599589959127
16.60938660113121
16.60718893753962
16.605006919537512
16.6028408633236
16.600691080591083
16.59855787818328
16.596441557766923
16.594342415508752
16.592260741772158
16.590196820818502
16.588150930528524
16.586123342131767
16.58411431994992
16.582124121154013
16.580152995535805
16.57820118529098
16.576268924818002
16.574356440528017
16.572463950670908
16.570591665176025
16.568739785502768
16.56690850450807
16.56509800632768
16.56330846626795
16.561540050715873
16.559792917057592
16.558067213612766
16.556363079580553
16.554680645000392
16.553020030722934
16.551381348391796
16.54976470044315
16.54817018011103
16.546597871445517
16.54504784934257
16.543520179586675
16.542014918897426
16.540532114993233
16.539071806659745
16.537634023828716
16.536218787668037
16.53482611067589
16.533455996688698
16.532108441287374
16.530783431619284
16.52948094662618
16.528200957175386
16.52694342619817
16.525708308834783
16.524495552583968
16.52330509745582
16.52217184971663
16.521059731762218
16.51996869901539
16.51889869182107
16.51784963839064
16.51682145694957
16.51581405720615
16.514827341377153
16.513861204928595
16.512915537125767
16.511990221460543
16.51108513599234
16.510200153634045
16.50933514239927
16.50848996562069
16.50766448215221
16.506858546554675
16.506072009273716
16.505304716809224
16.504556511879372
16.50382723358105
16.503116717543907
16.502424796086064
16.501751298363214
16.501096050518193
16.50045887582722
16.499839594845024
16.49923802554898
16.498653983480025
16.49808728188324
16.497537731846517
16.497005142437864
16.496489320841057
16.49599007248918
16.495507201197178
16.495040509292167
16.494589797742687
16.494154866284955
16.49373551354825
16.4933315371777
16.492942733955168
16.49256889991838
16.492209830476703
16.49186532052626
16.49153516456181
16.49121915678607
16.490917091217298
16.490628761794
16.490353960484065
16.4900924834477
16.48984412498658
16.489608681449354
16.48938594603943
16.489175714271756
16.488977782241975
16.488791946710233
16.48861800518166
16.488455755984855
16.488304998347033
16.488165532466578
16.488037159582973
16.487919682043852
16.48781290336283
16.487716628300372
16.48763066290281
16.487554814564913
