0.0001
0.00024004876960960898
0.00024404100877413112
0.000248034086053429
0.00025201712401730174
0.00025598253905180247
0.00025992368390349906
0.000263834388315571
0.00026770891595635164
0.00027154200734831585
0.00027532893414320255
0.0002790655471836388
0.0002827483137822013
0.00028637434287309964
0.0002899413977514885
0.0002934478966753364
0.00029689290201632404
0.0003002760989746559
0.0003035977651245884
0.00030685873223123563
0.00031006034187564625
0.000313204396449114
0.00031629310703773977
0.000319329039625355
0.00032231506090940035
0.0003252542848627722
0.00032815002099697725
0.0003310057250987154
0.00033382495303225623
0.0003366112728605643
0.00033936837859431735
0.0003420998682967338
0.00034480930907396007
0.00034750019293724153
0.0003501759131692642
0.00035283974417523844
0.00035549482457103215
0.00035814414323945856
0.00036079052807433317
0.0003634366371300478
0.0003660849519003994
0.00036873777246244265
0.0003713972142375028
0.00037406520614084005
0.0003767434899124896
0.0003794336204436654
0.00038213696693493575
0.0003848547147436368
0.00038758786779824136
0.00039033725147628385
0.00039310351585988157
0.0003958871392986214
0.0003986884322236926
0.00040150754116954955
0.0004043444529701829
0.00040719899910627926
0.0004100708601873077
0.00041295957055892233
0.00041586452303115886
0.00041878497372680763
0.0004217200470522242
0.00042466874079469437
0.0004276299313515516
0.00043060237909649555
0.00043358473388821803
0.00043657554072545223
0.0004395732455511979
0.00044257620120698784
0.00044558267353596954
0.0004485908476311841
0.00045159883422285626
0.00045460467619594597
0.0004576063552263116
0.0004606017985217429
0.00046358888565075187
0.00046656545544035064
0.0004695293129214422
0.0004724782362985733
0.00047540998391905955
0.0004783223012151183
0.00048121292759154027
0.00048407960323068117
0.0004869200757862135
0.0004897321069369996
0.000492513478772835
0.0004952619999844647
0.0004979755118313097
0.0005006518938616886
0.0005032890693619442
0.0005058850105127916
0.0005084377432333277
0.0005109453516954935
0.0005134059824942271
0.0005158178484612187
0.0005181792321128022
0.0005204884887253115
0.0005227440512954231
0.0005249444239255827
0.0005270881969984889
0.0005291740400623264
0.0005312007051592881
0.0005331670276827615
0.0005350719268811773
0.0005369144060268555
0.0005386935522651607
0.0005404085361600277
0.0005420586109530483
0.0005436431360356891
0.0005451614930708424
0.0005466131844384506
0.0005479977815721732
0.000549314931251718
0.0005505643535488311
0.0005517458396250114
0.0005528592494011325
0.0005539045091185146
0.0005548816088104425
0.0005557905997024243
0.0005566315915586856
0.0005574047499915546
0.0005581102937494506
0.0005587484919981913
0.000559319661609343
0.0005598241644682526
0.0005602624048133831
0.0005606348266174757
0.0005609419110200436
0.0005611841738196466
0.0005613621630333853
0.0005614764565301011
0.0005615276597428005
0.0005615164034649418
0.0005614433420861135
0.0005613091498479641
0.0005611145222378502
0.0005608601709915772
0.0005605468237839335
0.0005601752223652565
0.0005597461209941029
0.0005592602849770293
0.0005587184893036825
0.0005581215173738514
0.000557470159814252
0.0005567652133826972
0.0005560074799571199
0.0005551977656066363
0.0005543368797416865
0.000553425634340106
0.0005524648432458394
0.0005514553215369332
0.0005503978849593477
0.000549293349423073
0.0005481425305570208
0.0005469462433191339
0.0005457053016581738
0.0005444205182236608
0.0005430927041204942
0.0005417226687047958
0.0005403112194176261
0.0005388591616532501
0.0005373672986587307
0.0005358364314617151
0.0005342674166919964
0.0005326609378480515
0.0005310178423851624
0.000529338923737811
0.0005276249717751356
0.0005258767739327522
0.0005240951121812511
0.0005222807760058583
0.0005204345433056207
0.0005185571930745535
0.0005166495023693372
0.0005147121889482352
0.0005127461383305878
0.0005107520690921292
0.0005087307494887289
0.000506682947368516
0.0005046094291109117
0.0005025109594689531
0.0005003883015483504
0.0004982422167984978
0.0004960734649946586
0.0004938828042074367
0.0004916709907584068
0.0004894387791613618
0.0004871869220487721
0.0004849161700831814
0.000482627271853371
0.0004803209737552079
0.00047799801985719666
0.0004756591517508435
0.000473305108386029
0.00047093662589168454
0.00046855443738212107
0.00046615927274947156
0.0004637518584427615
0.0004613329172342012
0.0004589031679733578
