3.6446632067452733
3.5572762438783254
3.4748447779939653
3.396946232265644
3.323248864803369
3.2534598359266496
3.1873136757838942
3.1245680012205885
3.065000668563023
3.008407525893514
2.9546005012691645
2.9034059533359486
2.8546632387492212
2.808223461490907
2.763948375935231
2.7217094206118815
2.6813868648467354
2.6428690462948157
2.6060516990500955
2.570837347758
2.53713476568628
2.504858487287447
2.47392836833589
2.444269188142918
2.4158102888523874
2.388485247573514
2.362231577690697
2.3369904561707644
2.312706474098098
2.289327408017381
2.2668040099637357
2.2450898143125504
2.2241409598073116
2.2039160253094914
2.184375877981731
2.165483532758613
2.1472040220842814
2.1295042750055173
2.1123530048047137
2.0957206044414236
2.0795790491454054
2.063901805569633
2.048663746969812
2.0338410739284263
2.0194112401871336
2.0053528831921317
1.991645758993525
1.9782706811722652
1.9652094634974295
1.9524448660427403
1.9399605445147796
1.927741002566485
1.915771546888622
1.9040382448891373
1.8925278847858815
1.8812279379522743
1.8701265233682614
1.8592123740405158
1.8484748052663633
1.8379036846254941
1.8274894035922573
1.8172228506692905
1.8070953859505032
1.7970988170280746
1.7872253761641954
1.7774676986538602
1.767818802310099
1.7582720680077368
1.7488212212260636
1.739460314534752
1.7301837109710068
1.720986068259291
1.7118623238280608
1.7028076805808166
1.6938175933814101
1.6848877562160038
1.6760140899963492
1.6671927309711392
1.6584200197141654
1.6496924906598074
1.6410068621580765
1.6323600270230116
1.623749043549687
1.6151711269764562
1.6066236413703414
1.5981040919146678
1.58961011757916
1.5811394841537674
1.5726900776284607
1.5642598979021762
1.5558470528049393
1.5474497524180122
1.5390663036776928
1.5306951052490951
1.5223346426569313
1.5139834836609602
1.5056402738643697
1.4973037325439333
1.4889726486913293
1.4806458772555173
1.4723223355765598
1.4640010000017343
1.4556809026752164
1.4473611284930377
1.4390408122154088
1.4307191357288749
1.4223953254511315
1.4140686498716568
1.405738417221659
1.3974039732671164
1.3890646992190134
1.380720009755124
1.372369351147983
1.36401219949393
1.35564805903835
1.3472764605924752
1.3388969600373284
1.3305091369106004
1.3221125930724498
1.313706951446423
1.3052918548318606
1.2968669647843347
1.2884319605608474
1.279986538126659
1.271530409220787
1.2630633004773615
1.2545849526001576
1.2460951195877763
1.237593568007064
1.2290800763124923
1.2205544342093426
1.2120164420586512
1.203465910321987
1.1949026590442438
1.186326517372722
1.1777373231108896
1.1691349223052967
1.1605191688642207
1.1518899242067002
1.1432470569407134
1.134590442569332
1.1259199632237735
1.1172355074223426
1.1085369698543488
1.0998242511881444
1.0910972579025153
1.0823559021407252
1.073600101586588
1.0648297793620107
1.0560448639455284
1.0472452891114126
1.0384309938890102
1.0296019225420405
1.020758024567643
1.0118992547150483
1.0030255730237974
0.9941369448815339
0.9852333411014412
0.9763147380194841
0.9673811176116912
0.9584324676317906
0.9494687817695927
0.9404900598306012
0.9314963079374173
0.9224875387535951
0.9134637717307076
0.9044250333794719
0.8953713575658966
0.8863027858335277
0.8772193677529742
0.8681211613000366
0.8590082332638802
0.8498806596868437
0.8407385263376199
0.8315819292197075
0.8224109751171956
0.8132257821048321
0.8040264800343362
0.7948132117893034
0.7855861335948104
0.7763454158275638
0.7670912438600527
0.7578238188954057
0.7485433589503945
0.7392500999126691
0.7299442968656582
0.7206262245035492
0.7112961788514488
0.7019544785510596
0.6926014662753242
0.6832375102438629
0.6738630058453783
0.6644783773746031
0.6550840798920567
0.6456806012154945
0.6362684640525574
0.6268482282847783
0.6174204934137824
0.6079859011812081
