0.09085907613229119
0.0906997640687582
0.09054349156883103
0.09039010115129878
0.09023945485156062
0.09009143218087626
0.08994592764485498
0.08980284841512046
0.08966211228297305
0.08952364595949093
0.08938738364178114
0.08925326588155227
0.08912123859390758
0.08899125234627947
0.08886326153955205
0.08873722402374376
0.08861310058880097
0.08849085458209996
0.08837045158526416
0.0882518591398277
0.08813504651333368
0.08801998449907754
0.08790664524398971
0.08779500210016582
0.08768502949636402
0.08757670282643525
0.08746999835217398
0.0873648931184971
0.08726136487920155
0.08715939203183033
0.08705895356040624
0.08696002898498208
0.0868625983171124
0.08676664202048363
0.08667214097604747
0.08657907645109508
0.08648743007178702
0.08639718379871894
0.08630831990515878
0.08622082095763946
0.08613466979863085
0.08604984953104972
0.08596634350439723
0.0858841353023385
0.08580320873156148
0.08572354781177229
0.08564513676670059
0.08556796001600359
0.08549200216796991
0.08541724801293636
0.0853436825173401
0.08527129081833738
0.0852000582189283
0.08512997018353297
0.08506101233397088
0.08499317044580078
0.08492643044498221
0.08486077840482519
0.08479620054319677
0.0847326832199579
0.08467021293460575
0.08460877632409995
0.08454836016085314
0.0844889513508685
0.08443053693200848
0.08437310407238104
0.08431664006883034
0.08426113234552127
0.08420656845260732
0.08415293606497298
0.08410022298104236
0.0840484171216471
0.08399750652894666
0.0839474793653957
0.0838983239127526
0.08385002857112515
0.08380258185804876
0.08375597240759347
0.08371018896949661
0.0836652204083179
0.08362105570261426
0.08357768394413212
0.08353509433701475
0.08349327619702314
0.0834522189507682
0.08341191213495304
0.083372345395624
0.0833335084874291
0.08329539127288277
0.08325798372163616
0.08322127590975187
0.0831852580189827
0.08314992033605352
0.08311525325194574
0.08308124726118381
0.08304789296112382
0.0830151810512429
0.0829831023324301
0.08295164770627773
0.0829208081743733
0.08289057483759195
0.08286093889538876
0.08283189164509142
0.08280342448119273
0.08277552889464304
0.08274819647214254
0.08272141889543339
0.08269518794059161
0.082669495477319
0.08264433346823477
0.08261969396816694
0.08259556912344407
0.08257195117118658
0.08254883243859834
0.08252620534225838
0.08250406238741272
0.08248239616726664
0.08246119936227718
0.08244046473944619
0.08242018515161396
0.0824003535367534
0.0823809629172652
0.08236200639927363
0.0823434771719234
0.08232536850502668
0.08230767375335007
0.08229038635089164
0.08227349981186916
0.08225700773002324
0.08224090377792222
0.08222518170626864
0.0822098353432075
0.08219485859363651
0.08218087116552665
0.08216723748117521
0.08215395030259831
0.08214100262794927
0.08212838767260067
0.08211609885547096
0.08210412978645866
0.08209247425489687
0.08208112621894521
0.08207007979584208
0.0820593292529448
0.08204886899949093
0.08203869357901908
0.0820287976623928
0.08201917604137561
0.08200982362270988
0.08200073542265618
0.08199190656195364
0.08198333226116528
0.08197500783637535
0.08196692869520901
0.0819590903331467
0.0819514883301085
0.0819441183472858
0.08193697612419952
0.08193005747596598
0.08192335829075324
0.08191687452741218
0.08191060221326787
0.08190453744205813
0.08189867637200722
0.08189301522402394
0.08188755028001361
0.08188227788129514
0.08187719442711455
0.08187229637324739
0.08186758023068279
0.08186304256438268
0.08185867999211048
0.08185448918332347
0.08185046685812399
0.08184660978626485
0.08184291478620481
0.08183937872421011
0.08183599851349845
0.08183277111342249
0.08182969352868939
0.08182676280861394
0.08182397604655171
0.0818213303787572
0.08181882298418522
0.08181645108356982
0.08181421193920205
0.0818121028539389
0.0818101211707655
0.08180826427224024
0.0818065295799566
0.08180491455402074
0.0818034166925436
0.08180203353114662
0.08180076264248025
0.08179960163575441
0.08179854815621515
0.08179759988489874
0.08179675453798663
0.08179600986645
