89.63148
368.3574573966142
356.0721857571329
344.9713894039376
335.03758063893525
326.26231151625075
318.5958980250011
311.95629177817744
306.24915383396615
301.38410756866256
297.28358352594
293.8851996908413
291.1398443398348
289.0075337464225
287.45263134128766
286.4394994384764
285.9292139093219
285.87761985734915
286.23473665272485
286.9453294617104
287.950348987149
289.1888954904473
290.6003753099931
292.12658704820166
293.7134379855469
295.3124095813876
296.881402345383
298.38520675522085
299.7955520655506
301.0908867249171
302.25580228782866
303.28067183849834
304.1598417782702
304.8924604450189
305.48062742426936
305.92896781452396
306.243998326358
306.43357506231814
306.50642578718146
306.4717641906492
306.3389801559777
306.11739802156495
305.8160939138083
305.4437631179431
305.0086288706334
304.5183847005248
303.98016334888064
303.4005262693402
302.7854686507763
302.14043578133254
301.47034736975195
300.77962712353064
300.076567591446
299.35200182366964
298.621417972074
297.883614246054
297.1410397641035
296.3958452917382
295.64991442335446
294.90489071856337
294.16220274580496
293.4230870436277
292.688609056323
291.9596821344169
291.2370847104769
290.521475771329
289.8134087545418
289.1133439962156
288.42165985734925
287.73866264963203
287.06459547037326
286.3996460614505
285.74395378200455
285.09761579217053
284.46069252947325
283.83321255308465
283.21517682461456
282.6065624874808
282.0073262005656
281.41740707592385
280.8367292655373
280.2652042365071
279.7027327701157
279.1492067176332
278.6045105402351
278.06852265736467
277.54111662655487
277.0221621752868
276.51152610117424
276.00907305456036
275.5146662210385
275.0281679125301
274.54944007939025
274.0783447517218
273.6147444198533
273.15850236056383
272.70948291567913
272.26755172707993
271.8325759377804
271.4044243584363
270.9829676062317
270.56807821913947
270.1596307477136
269.75750182910133
269.3615702429916
268.97171695451635
268.5878251435091
268.2097802233355
267.837469849828
267.47078392307384
267.1096145809334
266.7538561866482
266.403405312379
266.0581607174255
265.7180233224052
265.3828961813641
265.0526844507673
264.7272953555662
264.4066381555358
264.0906241078343
263.77916643013674
263.472180262529
263.1695826291871
262.87164879699964
262.5775832618627
262.2876676550309
262.00182670991774
261.7199862922072
261.4420739146562
261.16801869964155
260.89775134179143
260.63120407041214
260.3683106131663
260.1090061600943
259.85322732780406
259.6009121258064
259.3519999210365
259.1064314059639
258.86414856494747
258.6250946425653
258.3892141128034
258.15645264801196
257.9267570894829
257.70007541826
257.4763567269801
257.25555119224805
257.03761004736083
256.8224855564361
256.61013098853994
256.4005005927816
256.19354957431153
255.98923407055614
255.7875111281978
255.588338680502
255.39167552588978
255.19748130638644
255.00571648746825
254.81634233769697
254.629320908561
254.44461501618548
254.26218822303736
254.08200481914864
253.9040298046365
253.72822887359482
253.55456839624074
253.3830154037351
253.2135375721593
253.04610320660376
252.88068122756474
252.7172411552116
252.55575309645965
252.39618772982226
252.2385162939654
252.08271057275948
251.92874288423582
251.7765860671947
251.62621346988698
251.47759893816547
251.33071680423652
251.1855418752464
251.04204942271713
250.90021517271646
250.76001529436098
250.62142639147345
250.48442549154606
250.3489900366616
250.21509787523357
250.08272725167777
249.95185679867106
249.82246552865305
249.69453282486413
249.56803843391782
249.44296245777858
249.3192853462181
249.1969878889242
249.0760512087821
248.9564567546581
248.83818629431562
248.72122190762687
