0.6088342950259624
0.6083568311125519
0.6082515461084742
0.6082072327411028
0.6081702607553104
0.6081317548726326
0.6080909641566694
0.6080484139016069
0.6080046755249703
0.607960191353435
0.607915282361446
0.6078701777529618
0.6078250400594316
0.607779983619244
0.6077350878724277
0.6076904069403424
0.6076459765684326
0.6076018191832188
0.6075579475883562
0.6075143676706968
0.6074710803825365
0.6074280831926953
0.6073853711472602
0.6073429376433527
0.6073007749919662
0.6072588748261507
0.6072172283958616
0.607175826780162
0.6071346610391627
0.6070937223223445
0.6070530019453457
0.6070124914440757
0.6069721826126357
0.6069320675297686
0.606892138577165
0.606852388452156
0.6068128101764901
0.6067733971025021
0.6067341429175009
0.6066950416470872
0.6066560876577622
0.606617275659184
0.6065786007062608
0.6065400582012217
0.606501643895744
0.6064633538932217
0.6064251846511655
0.6063871329837697
0.6063491960646601
0.6063113714297819
0.6062736569804191
0.6062360509863605
0.6061985520891331
0.6061611593053209
0.6061238720299232
0.6060866900397193
0.6060496134966111
0.6060126429509152
0.6059757793445619
0.6059390240141701
0.6059023786939624
0.6058658455184727
0.6058294270250223
0.6057931261559251
0.6057569462603578
0.6057208910958872
0.6056849648295956
0.6056491720387625
0.605613517711074
0.6055780072442979
0.6055426464454134
0.6055074415291215
0.6054723991157257
0.6054375262283238
0.605402830289286
0.6053683191159791
0.6053340009156933
0.6052998842797633
0.6052659781768216
0.6052322919451856
0.6051988352843333
0.6051656182454553
0.6051326512210677
0.6050999449336613
0.6050675104233844
0.6050353590347513
0.6050035024023741
0.6049719524357223
0.6049407213029127
0.6049098214135519
0.6048792654006433
0.6048490661015803
0.6048192365382676
0.6047897898963849
0.6047607395038563
0.6047320988085562
0.604703881355305
0.6046761007622213
0.6046487706964819
0.6046219048495608
0.6045955169120223
0.6045696205479406
0.6045442293690276
0.6045193569085544
0.604495016595151
0.6044712217265805
0.6044479854435711
0.6044253207038083
0.604403240256178
0.6043817566153586
0.6043608820368532
0.604340628492566
0.6043210076470029
0.6043020308342006
0.604283709035467
0.6042660528580128
0.604249072514573
0.6042327778040733
0.6042171780934323
0.604202282300558
0.6041880988785974
0.6041746358015038
0.604161900550959
0.6041499001046982
0.6041386409262739
0.6041281289562781
0.6041183696050495
0.6041093677468771
0.6041011277157028
0.6040936533023202
0.6040869477530675
0.6040810137699856
0.60407585351243
0.6040714686001005
0.6040678601174575
0.604065028619472
0.6040629741386851
0.6040616961934966
0.6040611937976565
0.6040614654708693
0.604062509250474
0.6040643227041179
0.6040669029433593
0.6040702466381295
0.6040743500319751
0.6040792089580284
0.6040848188555931
0.6040911747873143
0.6040982714568317
0.6041061032268471
0.6041146641375478
0.6041239479252952
0.6041339480415308
0.6041446576718139
0.604156201016829
0.6041681786268152
0.6041809716947102
0.6041944463785106
0.6042085933516571
0.6042234044779464
0.6042388715870319
0.604254986411258
0.6042717405903527
0.604289125685531
0.6043071331953265
0.6043257545716709
0.6043449812357657
0.6043648045935843
0.6043852160509025
0.6044062070278278
0.6044277689727903
0.6044498933759708
0.6044725717821657
0.6044957958030691
0.6045195571289622
0.6045438475398162
0.604568658915798
0.6045939832471743
0.6046198126436209
0.604646139342939
0.604672955719178
0.6047002542901679
0.6047280277244759
0.6047562688477808
0.6047849706486877
0.604814126283975
0.6048437290832945
0.604873772553334
0.6049042503814417
0.6049351564387339
0.6049664847826913
0.6049982296592626
0.6050303855044661
0.6050629469455311
0.6050959088015636
0.6051292660837639
0.605163013995199
0.6051971479301457
0.60523166347302
