13418.2389024
11248.479105435194
11862.450264467643
12470.25116135659
13071.348897392447
13665.595062281223
14253.023859579438
14833.75551741787
15407.947316981747
15975.768782602334
16537.389151203373
17092.971072142853
17642.66744934083
18186.61984392323
18724.957623088147
19257.7974319581
19785.24276391015
20307.383504949576
20824.29537685059
21336.039226319135
21842.660115641585
22344.18617032667
22840.62713402886
23331.9725718567
23818.18965023994
24299.220404682237
24774.978385230446
25245.344542476883
25710.162183200016
26169.23078307086
26622.29839303375
27069.05231531405
27509.10765526695
27941.99328023772
28367.134646527156
28783.83291311316
29191.23910314444
29588.327125243504
29973.85536620307
30346.33225799292
30703.97897115029
31044.701711602767
31366.08908732793
31665.463904121145
31940.038318224902
32187.24475606375
32405.328981178547
32594.26000030123
32756.87083938783
32899.8475550212
33033.840814227944
33171.989278921705
33326.944620068265
33507.71466506385
33718.01975884854
33956.77587285009
34219.90516306402
34502.24681075758
34798.85664136318
35105.61366893239
35419.35272102109
35737.762995046
36059.21050641822
36382.56270945478
36707.044004441865
37032.12669910649
37357.45267424736
37682.778722860836
38007.939092266744
38332.8248405659
38657.34816852455
38981.45807400325
39305.11090638371
39628.287258576165
39950.961745616434
40273.11841433922
40594.74491702756
40915.831486119154
41236.37024979835
41556.354770481244
41875.779731897215
42194.640725349855
42512.93410226269
42830.65687112441
43147.806624232086
43464.38148452329
43780.38006599221
44095.801443357246
44410.64512806688
44724.91104869811
45038.599534405366
45351.71130061571
45664.24743617689
45976.20939177447
46287.59896915684
46598.41831103676
46908.66989151039
47218.35650688961
47527.481266871
47836.04758598534
48144.05917527831
48451.52003419465
48758.43444262751
49064.806953121966
49370.642383209815
49675.94580785238
49980.722551992876
50284.97818319907
50588.718504390294
50891.94954663791
51194.67756203993
51496.90901666219
51798.65058353772
52099.90913573358
52400.69173946972
52701.00564729673
53000.8582913307
53300.25727654156
53599.21037410368
53897.72551479298
54195.810782451685
54493.474407505935
54790.72476054562
55087.57034596189
55384.0197956506
55680.08186277976
55975.76541561677
56271.07943142837
56566.03299044748
56860.63526990261
57154.89553812947
57448.823148739415
57742.427534876806
58035.71820353422
58328.70472995601
58621.396752099965
58913.80396519384
59205.93611635532
59497.80299928945
59789.41444906767
60080.78033698064
60371.91056546891
60662.8150631329
60953.50377981638
61243.98668177518
61534.27374691005
61824.37496009823
62114.30030858107
62404.059777446295
62693.663345177796
62983.12097929454
63272.442632060935
63561.63823627838
63850.71770115291
64139.69090826504
64428.56770759027
64717.357913621025
65006.07130158099
65294.71760369975
65583.30650560418
65871.8476427765
66160.35059711311
66448.82489358392
66737.27999697553
67025.72530874558
67314.17016396679
67602.623828398
67891.09549563793
68179.5942844206
68468.1292360096
68756.7093117203
69045.34339057934
69334.04026710051
69622.80864921234
69911.65715633427
70200.59431757646
70489.62857013915
70778.7682578254
71068.02162977551
71357.3968393397
71646.9019431544
71936.54490040083
72226.33357228861
72516.27572170491
72806.3790131333
73096.65101274254
73387.09918876905
73677.7309120825
73968.55345705566
74259.57400266409
74550.79896905324
74842.23734201469
75133.89403211912
75425.77651652748
75717.89152366928
76010.24569925621
76302.84560945272
76595.69774443356
76888.80852224352
77182.1842930751
