125994.33437999999
414724.52151678567
411081.51799234876
407759.08891321975
405595.2394667822
405103.51481113763
406557.91755961586
410101.1550493402
415824.2345932346
423760.5954260493
433835.4641943497
445820.05785052065
459322.22002765455
473823.6230629847
488751.5080708875
503559.1531339197
517789.96459656244
531111.7736418798
543321.5559574419
554329.3832578779
564132.4393567942
572787.6574414171
580387.94182932
587043.8802031518
592870.9489135512
597981.3160848862
602479.1036288567
606458.0608872153
610000.8103824909
613179.0529507397
616054.3089326003
618678.916572292
621097.1171630819
623346.1225476764
625457.1100760383
627456.1194623421
629364.8417390366
631201.3036933707
632980.454485334
634714.6638558281
636414.1441468296
638087.3045189723
639741.049670018
641381.0285141584
643011.8433398192
644637.2240021988
646260.173830385
647883.0912865888
649507.87153914
651135.991548609
652768.5809474385
654406.4815413302
656050.2969303894
657700.4341936932
659357.1382324642
661020.5214080451
662690.5878069153
664367.2533485764
666050.3634676272
667739.7065601447
669435.0271958745
671136.0346345467
672842.4125853726
674553.8250376642
676269.922765325
677990.3478719712
679714.7376054082
681442.7280068569
683173.9559956414
684908.0623843045
686644.6925708499
688383.4989024498
690124.1413108439
691866.2879853923
693609.6164437473
695353.8140277925
697098.5775873285
698843.614407282
700588.6419004757
702333.3876757964
704077.589677152
705820.995853041
707563.3641173166
709304.4621993438
711044.0671604737
712781.9656472543
714517.9531850652
716251.8340402697
717983.4213547383
719712.5362527726
721439.007679501
723162.6726808395
724883.3754588809
726600.9677195789
728315.3075807724
730026.2603219604
731733.6976900407
733437.497056497
735137.5421867131
736833.7227894308
738525.9336739952
740214.0751804418
741898.0529802511
743577.7774260647
745253.1640377742
746924.1327004681
748590.607816369
750252.5184536353
751909.7974978363
753562.3824017636
755210.2142433528
756853.2381167117
758491.4029551711
760124.6616108675
761752.9701794004
763376.2887177024
764994.5805221023
766607.8124961067
768215.9549535289
769818.9815925076
771416.8694814903
773009.5992284701
774597.1544352957
776179.5225961802
777756.693876232
779328.662368252
780895.4253879709
782456.9840101185
784013.3422423397
785564.5083359014
787110.4937653084
788651.3139345809
790186.9881317262
791717.5392907253
793242.994958945
794763.3863843931
796278.7497959798
797789.125288318
799294.5583190462
800795.0991623428
802290.8030711212
803781.730985841
805267.9495163372
806749.5314591279
808226.5558338552
809699.1085907093
811167.282767711
812631.1790378086
814090.9060294669
815546.5813847869
804625.3527165118
808297.4898893541
811602.4844147606
814549.7848253442
817183.7761453592
819557.0068039735
821719.0074609537
823712.3343880881
825680.1982258904
827560.1954367182
829331.6900394593
831018.2468941476
832637.8111236987
834204.1499905065
835727.8943413802
837217.3086808084
838678.8650224773
840117.6729427325
841537.8044669424
842942.5410025947
844334.5610163587
845716.0844472017
847088.9844810875
848454.8747038689
849815.1779928253
851171.1815777782
852524.0816895041
853875.0207631962
855225.1199578227
856575.5066439896
857927.3402614993
859281.8368709715
860640.2929264155
862004.1103920173
863374.8222044073
864754.1208265232
866143.8896121576
867546.23817992
868963.5426479148
870398.4930961952
871854.1480885613
873333.9998238693
874842.0512065595
876382.907081772
877961.8853659403
879585.1491559449
881259.8697224613
882994.4225537163
884798.6293719122
