0.22192147491199482
0.21586020296988712
0.21232434637491937
0.2103974161693395
0.20957849301067225
0.2095512939578651
0.2101021226066228
0.21108129570456355
0.21238162957462514
0.21392524083325135
0.21565497236233114
0.2175286021499565
0.21951481583894278
0.22159034191161192
0.22373787820636434
0.2259445714788236
0.22820089188718673
0.23049979433277526
0.23283609088272336
0.2352059799983901
0.23760669301785745
0.24003622868761637
0.2424931539686841
0.2449764547730207
0.2474854243097732
0.25001957973214367
0.2525786000447797
0.2551622799490729
0.2577704956065997
0.2604031792902491
0.26306030064343433
0.2657418528369892
0.2684478423441052
0.2711782813788363
0.27393318228853036
0.27671255337436457
0.2795163957517401
0.28234470096491227
0.2851974491465394
0.28807460756940156
0.29097612947925977
0.2939019531285951
0.2968520009535036
0.2998261788524619
0.30282437553772434
0.3058464619388165
0.30889229064388674
0.3119616953692792
0.3150544904509119
0.3181704703535015
0.3213094091952819
0.32447106028716843
0.32765515568616105
0.33086140576343037
0.3340894987880007
0.3373391005272918
0.3406098538660255
0.3439013784451961
0.3472132703229713
0.35054510165946295
0.3538964204274345
0.35726675015105114
0.36065558967482947
0.3640624129650094
0.36748666894553866
0.370927781370935
0.37438514873823253
0.37785814424022685
0.3813461157622348
0.3848483859244861
0.38836425217226167
0.39189298691580254
0.39543383772193463
0.39898602755926416
0.4025487550986883
0.40612119507082894
0.40970249868186553
0.4132917940890704
0.4168881869372221
0.42049076095679566
0.4240985786247281
0.42771068188824923
0.43132609295210306
0.4349438151291744
0.4385628337543427
0.4421821171610463
0.4458006177198069
0.44941727293765193
0.4530310066170778
0.45664073007287603
0.4602453434048621
0.4638437368242216
0.4674347920308675
0.47101738363889667
0.47459038064695563
0.4781526479499753
0.48170304788848617
0.4852404418314466
0.488763691788207
0.4922716620450736
0.49576322082159907
0.49923724194160995
0.5026926065137501
0.5061282046161889
0.5095429369799798
0.5129357166654851
0.5163054707262044
0.5196511418542941
0.5229716900020768
0.5262660939738483
0.5295333529823834
0.5327724881645941
0.5359825440509799
0.5391625899836138
0.5423117214776526
0.5454290615215733
0.5485137618115616
0.5515650039158472
0.5545820003649765
0.5575639956644598
0.5605102672265366
0.5634201262181463
0.5662929183226523
0.569128024413213
0.5719248611361627
0.5746828814031046
0.5774015747909316
0.580080467849324
0.5827191243157859
0.5853171452386201
0.5878741690086382
0.5903898713009069
0.5928639649280415
0.595296199607051
0.5976863616420158
0.6000342735252195
0.6023397934596317
0.6046028148059244
0.60682326545747
0.6090011071469232
0.611136334688268
0.6132289751583073
0.6152790870217174
0.6172867592039344
0.6192521101162146
0.6211752866371897
0.6230564630553854
0.624895839977085
0.6266936432039585
0.6284501225847504
0.6301655508454128
0.6318402224017678
0.6334744521589009
0.6350685743012227
0.63662334013518
0.6381382629452957
0.6396141173009223
0.6410514353811926
0.6424505935812878
0.6438119996075593
0.6451360812795373
0.6464232802492369
0.6476740485584239
0.6488888464964339
0.6500681410521361
0.6512124046447182
0.6523221139938459
0.6533977490681809
0.6544397920858824
0.6554487265561204
0.6564250363571255
0.657369204849363
0.6582817140233826
0.6591630436824559
0.6600136706602562
0.6608340680736811
0.6616247046110075
0.6623860438553171
0.663118543643203
0.6638226554584788
0.6644988238607282
0.6651474859483005
0.6657690708553182
0.6663639992822398
0.6669326830594337
0.667475524743178
0.6679929172433852
0.668485243482448
0.668952876084438
0.669396177093972
0.6698154977238968
0.670211178131126
0.6705835472197427
0.6709329224706526
0.6712596097969218
0.6715639034240636
0.6718460857944321
0.6721064274950038
0.6723451872077062
