1.6256018508195484
1.6328796041592897
1.640069278673108
1.6471856252970698
1.6542303716081896
1.6612050070809046
1.6681110414488176
1.6749500069162877
1.6817234548470152
1.6884329521741768
1.6950800777234922
1.7016664185211035
1.7081935661422127
1.7146631131448675
1.7210766496236665
1.7274357599101207
1.733742019439743
1.739996991800358
1.7462022259715213
1.7523592537611001
1.758469587441905
1.7645347175886639
1.77055611111352
1.776535209496477
1.7824734272058715
1.788372150302822
1.7942327352227747
1.800056507726597
1.805844762013221
1.8115987599854864
1.8173197306606625
1.8230088697170033
1.8286673391677044
1.8342962671536933
1.8398967478467991
1.8454698414550434
1.8510165743219988
1.8565379391124257
1.8620348950766645
1.86750836838656
1.8729592525360144
1.8783884087995748
1.8837966667428003
1.8891848247784744
1.8945536507630638
1.899903882628154
1.9052362290419096
1.9105513700959287
1.915849958013169
1.9211326178729211
1.9263999483491023
1.9316525224584122
1.9368908883151728
1.9421155698899273
1.94732706776912
1.9525258599134145
1.9577124024124277
1.962887130233867
1.9680504579652756
1.9732027805467427
1.9783444739931477
1.9834758961046612
1.98859738716437
1.9937092706220538
1.9988118537632737
2.003905428363055
2.008990271323555
2.0140666452952476
2.0191347992812054
2.0241949692242045
2.02924737857642
2.034292238851585
2.039329750159544
2.0443601017231945
2.049383472377875
2.054400031053311
2.059409937238268
2.0644133414281147
2.069410385555528
2.074401203404608
2.079385921008708
2.084364657032288
2.089337523137155
2.094304624333435
2.0992660593156725
2.104221920784436
2.109172295753838
2.1141172658453797
2.119056907568534
2.123991292588487
2.128920487981458
2.133844556478021
2.1338455153673186
2.1338462137240155
2.1338467176664793
2.1338470768230193
2.1338473278828043
2.13384749829288
2.1338476085197065
2.133847673826212
2.1338477055963727
2.133847712321903
2.133847700337558
2.133847674369275
2.1338476379428895
2.1338475936889467
2.1338475435700586
2.1338474890504977
2.1338474312227214
2.133847370901762
2.1338473086956555
2.133847245057986
2.1338471803270926
2.133847114755321
2.133847048530854
2.1338469817939973
2.133846914649333
2.1338468471747873
2.1338467794283993
2.133846711453368
2.133846643281822
2.133846574937628
2.1338465064384895
2.1338464377975153
2.1338463690243836
2.133846300126216
2.133846231108226
2.1338461619742057
2.1338460927268876
2.1338460233682146
2.1338459538995402
2.1338458843217816
2.13384581463553
2.1338457448411354
2.1338456749387684
2.133845604928466
2.1338455348101673
2.1338454645837404
2.133845394249
2.1338453238057222
2.1338452532536554
2.133845182592528
2.133845111822056
2.1338450409419445
2.1338449699518924
2.1338448988515966
2.1338448276407496
2.1338447563190464
2.1338446848861805
2.133844613341846
2.13384454168574
2.133844469917561
2.1338443980370103
2.1338443260437905
2.1338442539376072
2.133844181718169
2.1338441093851874
2.133844036938376
2.133843964377451
2.1338438917021314
2.1338438189121396
2.1338437460071993
2.133843672987038
2.1338435998513847
2.1338435265999713
2.1338434532325334
2.133843379748807
2.133843306148531
2.1338432324314485
2.133843158597302
2.133843084645838
2.1338430105768054
2.1338429363899545
2.133842862085038
2.133842787661811
2.1338427131200297
2.133842638459454
2.1338425636798446
2.1338424887809637
2.133842413762576
2.133842338624449
2.1338422633663496
2.1338421879880496
2.13384211248932
2.133842036869935
2.13384196112967
2.133841885268302
2.13384180928561
2.1338417331813746
2.1338416569553775
2.133841580607402
2.1338415041372336
2.1338414275446587
2.133841350829465
2.133841273991442
2.1338411970303808
2.133841119946074
2.133841042738315
2.133840965406899
