-403.3529198058834
-401.2081329066813
-399.21398523062686
-397.29272957455186
-395.40439092559905
-393.5283215424812
-391.654041686701
-389.776414632118
-387.89310668884707
-386.00325132789635
-384.1067474463967
-382.20389157238566
-380.29518598283784
-378.38123957947727
-376.4627177826711
-374.5403184553893
-372.61476179894
-370.6867879248596
-368.7571588526126
-366.82666330050324
-364.89612350698474
-362.96640379956534
-361.0384209089289
-359.1131562074602
-357.1916701893482
-355.2751196342495
-353.3647780264754
-351.46205994833
-349.56855033729903
-347.686039696422
-345.8165665746567
-343.96246887931187
-342.1264458171793
-340.3116324237033
-338.52168859766545
-336.76092571854736
-335.03434457431104
-333.34788896807237
-331.70850586093025
-330.124282650728
-328.60450372170766
-327.1595631198854
-325.80059116649295
-324.5385672116909
-323.38259719426105
-322.33700442663707
-321.39709052756814
-320.5441532355973
-319.7417508018235
-318.9366308475655
-318.06722564345444
-317.0784183876819
-315.9356940898746
-314.63092231499195
-313.1780679901312
-311.6032303651139
-309.9354459508994
-308.2008666620074
-306.4204419851807
-304.6097851103966
-302.78000814417203
-300.93878760709515
-299.09132523549994
-297.2411021943289
-295.39042983796907
-293.54083541309785
-291.6933254077337
-289.8485625221057
-288.0070652960324
-286.16898499521363
-284.3345779836398
-282.50385596252795
-280.67706159411154
-278.8542155579043
-277.03535562763824
-275.22051045651153
-273.4097025905772
-271.6029505414636
-269.80027019618603
-268.00167576342585
-266.2071804011001
-264.4167966276532
-262.63053658823077
-260.8484122244061
-259.07043538054705
-257.29661786905734
-255.5269715092846
-253.76150815002188
-252.00023968202817
-250.24317804499938
-248.49033523123217
-246.74172328871495
-244.99735432365463
-243.25724050385656
-241.5213940630759
-239.78982730658032
-238.06255261801238
-236.33958246755435
-234.62092942135803
-232.90660615215302
-231.1966254509535
-229.49100023976285
-227.78974358515956
-226.0928687126684
-224.40038902180797
-222.71231810172137
-221.0286697472747
-219.34945797554522
-217.67469704260722
-216.00440146052597
-214.33858601447258
-212.6772657799184
-211.02045613977643
-209.36817280148887
-207.72043181394886
-206.07724958421403
-204.43864289395745
-202.80462891559804
-201.17522522805385
-199.55044983208762
-197.93032116517094
-196.3148581158584
-194.70408003760429
-193.09800676199083
-191.4966586113336
-189.90005641063388
-188.30822149883082
-186.7211757393337
-185.13894152979435
-183.56154181110747
-181.98900007558598
-180.42134037430884
-178.8585873236041
-177.3007661106397
-175.7479024981161
-174.20002282801542
-172.65715402440466
-171.1193235952759
-169.5865596333799
-168.0588908160647
-166.53634640409138
-165.01895623940703
-163.50675074187308
-161.9997609049212
-160.4980182901449
-159.0015550208015
-157.5104037742209
-156.02459777311572
-154.5441707757957
-153.0691570652534
-151.59959143716802
-150.13550918676896
-148.6769460946141
-147.22393841123923
-145.77652284073548
-144.3347365231937
-142.89861701609325
-141.4682022746059
-140.04353063083383
-138.62464077198203
-137.21157171754797
-135.80436279542903
-134.40305361710404
-133.00768405179653
-131.6182941997129
-130.23492436436365
-128.8576150239878
-127.48640680213654
-126.12134043740646
-124.7624567524095
-123.40979662198987
-122.06340094070522
-120.72331058968145
-119.38956640279348
-118.06220913232414
-116.74127941401723
-115.4268177317424
-114.11886438161963
-112.81745943586333
-111.52264270624313
-110.23445370727538
-108.95293161924623
-107.67811525102034
-106.41004300279813
-105.14875282881373
-103.89428220008253
-102.64666806719381
-101.4059468232953
-100.17215426726919
-98.94532589978914
-97.72549522339382
-96.51269703505906
-95.30696406207078
-94.10832859144654
-92.91682210300158
-91.73247523575621
-90.55531775507721
-89.38537852057306
-88.22268545482511
-87.06726551302329
