-0.0
-1.8142429495595231
-0.0
-0.0
-1.792508979238879
-0.0
-0.0
-1.7795145796332046
-0.0
-0.0
-1.7715881953255381
-0.0
-0.0
-1.767119116627869
-0.0
-0.0
-1.76514242421647
-0.0
-0.0
-1.7649971929734862
-0.0
-0.0
-1.766208445678053
-0.0
-0.0
-1.7684285742522194
-0.0
-0.0
-1.7714011146081536
-0.0
-0.0
-1.7749360826255172
-0.0
-0.0
-1.7788924801250234
-0.0
-0.0
-1.7831656246460057
-0.0
-0.0
-1.7876778539073432
-0.0
-0.0
-1.7923716463809953
-0.0
-0.0
-1.797204500196511
-0.0
-0.0
-1.802145106750002
-0.0
-0.0
-1.8071704863218294
-0.0
-0.0
-1.8122638424389235
-0.0
-0.0
-1.8174129555986038
-0.0
-0.0
-1.8226089821844909
-0.0
-0.0
-1.827845558317491
-0.0
-0.0
-1.8331181328056647
-0.0
-0.0
-1.838423472064797
-0.0
-0.0
-1.8437592939534948
-0.0
-0.0
-1.8491239978205383
-0.0
-0.0
-1.854516466363699
-0.0
-0.0
-1.859935920696456
-0.0
-0.0
-1.8653818149182193
-0.0
-0.0
-1.8708537597004393
-0.0
-0.0
-1.8763514672449975
-0.0
-0.0
-1.881874711872649
-0.0
-0.0
-1.887423301911238
-0.0
-0.0
-1.8929970599116153
-0.0
-0.0
-1.8985958086923447
-0.0
-0.0
-1.904219361740491
-0.0
-0.0
-1.9098675165495984
-0.0
-0.0
-1.9155400501507214
-0.0
-0.0
-1.9212367161385842
-0.0
-0.0
-1.9269572427101265
-0.0
-0.0
-1.9327013314790589
-0.0
-0.0
-1.938468656722319
-0.0
-0.0
-1.9442588649932775
-0.0
-0.0
-1.9500715749049742
-0.0
-0.0
-1.9559063771104417
-0.0
-0.0
-1.9617628343255933
-0.0
-0.0
-1.967640481410281
-0.0
-0.0
-1.9735388254743824
-0.0
-0.0
-1.979457346049393
-0.0
-0.0
-1.985395495153603
-0.0
-0.0
-1.9913526975106723
-0.0
-0.0
-1.997328350656774
-0.0
-0.0
-2.0033218250906337
-0.0
-0.0
-2.009332464435975
-0.0
-0.0
-2.0153595856083784
-0.0
-0.0
-2.0214024789740717
-0.0
-0.0
-2.0274604085572228
-0.0
-0.0
-2.033532612241593
-0.0
-0.0
-2.039618301983634
-0.0
-0.0
-2.0457166640852886
-0.0
-0.0
-2.051826859442468
-0.0
-0.0
-2.0579480238612105
-0.0
-0.0
-2.0640792684133054
-0.0
-0.0
-2.0702196797800125
-0.0
-0.0
-2.07636832067136
-0.0
-0.0
-2.0825242302870355
-0.0
-0.0
-2.0886864247678196
-0.0
-0.0
-2.094853897790396
-0.0
-0.0
-2.1010256210847253
-0.0
-0.0
-2.107200545089929
-0.0
-0.0
-2.113377599628724
-0.0
-0.0
-2.119555694613879
-0.0
-0.0
-2.1257337208521827
-0.0
-0.0
-2.131910550850391
-0.0
-0.0
-2.138085039705004
-0.0
-0.0
-2.144256026031067
-0.0
-0.0
-2.150422332944322
-0.0
-0.0
-2.156582769140283
-0.0
-0.0
-2.1627361299322336
-0.0
-0.0
-2.1688811984610097
-0.0
-0.0
-2.175016746855895
-0.0
-0.0
-2.1811415375158942
-0.0
-0.0
-2.1872543243911067
-0.0
-0.0
-2.1933538543765367
-0.0
-0.0
-2.1994388686831927
-0.0
-0.0
-2.2055081043067775
-0.0
-0.0
-2.2115602955144893
-0.0
-0.0
-2.21759417538417
-0.0
-0.0
-2.2236084773823834
-0.0
-0.0
-2.2296019369644284
-0.0
-0.0
-2.235573293236106
-0.0
-0.0
-2.241521290594767
-0.0
-0.0
-2.247444680452684
-0.0
-0.0
-2.2533422229368405
-0.0
-0.0
-2.2592126886130286
-0.0
-0.0
-2.265054860252885
-0.0
-0.0
-2.270867534573896
-0.0
-0.0
-2.2766495239536897
-0.0
-0.0
-2.282399658251554
-0.0
-0.0
-2.2881167864668845
-0.0
-0.0
-2.2937997785230353
-0.0
-0.0
-2.299447526938634
-0.0
-0.0
-2.305058948512482
-0.0
-0.0
-2.310632985989892
-0.0
-0.0
-2.3161686096504317
-0.0
-0.0
-2.321664818887222
-0.0
-0.0
-2.32712064373668
-0.0
-0.0
-2.332535146335665
-0.0
-0.0
-2.3379074223499385
-0.0
-0.0
-2.3432366022991027
-0.0
-0.0
-2.348521852869369
-0.0
-0.0
-2.353762378100946
-0.0
-0.0
-2.358957420513001
-0.0
-0.0
-2.3641062621999946
-0.0
-0.0
-2.3692082257369207
-0.0
-0.0
-2.3742626750995144
-0.0
-0.0
-2.379269016455683
-0.0
-0.0
-2.384226698825303
-0.0
-0.0
-2.3891352147251324
-0.0
-0.0
-2.3939941006296412
-0.0
-0.0
-2.3988029373814417
-0.0
-0.0
-2.403561350519594
-0.0
-0.0
-2.40826901045993
-0.0
-0.0
-2.4129256325912096
-0.0
-0.0
-2.4175309772581315
-0.0
-0.0
-2.4220848497186007
-0.0
-0.0
-2.4265870998760093
-0.0
-0.0
-2.4310376220157317
-0.0
-0.0
-2.435436354419561
-0.0
-0.0
-2.4397832788523695
-0.0
-0.0
-2.444078420002117
-0.0
-0.0
-2.4483218448233033
-0.0
-0.0
-2.4525136617602445
-0.0
-0.0
-2.456654019934125
-0.0
-0.0
-2.4607431082592064
-0.0
-0.0
-2.464781154409957
-0.0
-0.0
-2.468768423806912
-0.0
-0.0
-2.4727052185332243
-0.0
-0.0
-2.4765918760879413
-0.0
-0.0
-2.4804287682316333
-0.0
-0.0
-2.4842162996600026
-0.0
-0.0
-2.4879549067124014
-0.0
-0.0
-2.491645056010382
-0.0
-0.0
-2.49528724302802
-0.0
-0.0
-2.4988819907093367
-0.0
-0.0
-2.5024298479868574
-0.0
-0.0
-2.505931388316827
-0.0
-0.0
-2.5093872081775657
-0.0
-0.0
-2.512797925596564
-0.0
-0.0
-2.5161641786071653
-0.0
-0.0
-2.5194866237706472
-0.0
-0.0
-2.522765934638273
-0.0
-0.0
-2.52600280026463
-0.0
-0.0
-2.5291979236998055
-0.0
-0.0
-2.532365395627119
-0.0
-0.0
-2.535466382873573
-0.0
-0.0
-2.5385403527328316
-0.0
-0.0
-2.5415756808331365
-0.0
-0.0
-2.544572985434426
-0.0
-0.0
-2.5475329980414374
-0.0
-0.0
-2.5504564684630764
-0.0
-0.0
-2.5533441552611906
-0.0
-0.0
-2.5561968211557065
-0.0
-0.0
-2.55901523024754
-0.0
-0.0
-2.5618001461617697
-0.0
-0.0
-2.5645523306121256
-0.0
-0.0
-2.5672725420655484
-0.0
-0.0
-2.569961534674987
-0.0
-0.0
-2.572620057134198
-0.0
-0.0
-2.5752488517057044
-0.0
-0.0
-2.5778486531937865
-0.0
-0.0
-2.580420188055694
-0.0
-0.0
-2.582964173477048
-0.0
-0.0
-2.585481316541045
-0.0
-0.0
-2.5879723133917616
-0.0
-0.0
-2.5904378485246826
-0.0
-0.0
-2.5928785939688797
-0.0
-0.0
-2.5952952086850476
-0.0
-0.0
-2.5976883378559497
-0.0
-0.0
-2.6000586123061793
-0.0
-0.0
-2.60240664790718
-0.0
-0.0
-2.6047330450463417
-0.0
-0.0
-2.607038388122592
-0.0
-0.0
-2.609323245089542
-0.0
-0.0
-2.611588167004013
-0.0
-0.0
-2.613833687621476
-0.0
-0.0
-2.6160603230637838
-0.0
-0.0
-2.618268571424946
-0.0
-0.0
-2.6204589125038877
-0.0
-0.0
-2.6226318075135624
-0.0
-0.0
-2.6247876988141625
-0.0
-0.0
-2.62692700971226
-0.0
-0.0
-2.6290501442352627
-0.0
-0.0
-2.631157486978348
-0.0
-0.0
-2.633249402945178
-0.0
-0.0
-2.6353262374202053
-0.0
-0.0
-2.637388315851558
-0.0
-0.0
-2.6394359437959856
-0.0
-0.0
-2.641469406829145
-0.0
