-74.50394177611201
-75.44387445310406
-76.38801684604277
-77.32325027699684
-78.24230683278674
-79.14118287424165
-80.0176311105932
-80.8703558573223
-81.69858485687095
-82.5018418295978
-83.27982582195747
-84.03234731428478
-84.7592944866769
-85.4606155259968
-86.13630949864324
-86.7864218447215
-87.41104242681531
-88.01030506663155
-88.5843880380807
-89.13351527535158
-89.65795821611195
-90.15803829547693
-90.63413016949653
-91.08666579605502
-91.51613954688045
-91.92311457347805
-92.30823070684018
-92.67221423963119
-93.0158900234717
-93.34019641584685
-93.64620373260611
-93.93513700189996
-94.20840396620461
-94.46762942148536
-94.71469706837797
-94.95181474739147
-95.18151479512682
-95.40681292385078
-95.63122292225326
-95.85884604514878
-96.0944275661647
-96.34336309836837
-96.61159501279761
-96.90529860506496
-97.2302075712028
-97.59039524264595
-97.98638589084072
-98.4127540354483
-98.85599082078657
-99.2941686927999
-99.69997032628018
-100.0469936787609
-100.31656950821527
-100.5013800662378
-100.60447468709826
-100.6353075196536
-100.60558650718819
-100.52644525234659
-100.40714917834686
-100.25484015059637
-100.07478550066084
-99.87078302537714
-99.64555247305586
-99.40105343283369
-99.13872227383919
-98.85964054871121
-98.5646511482509
-98.2544370157588
-97.92973840509187
-97.59074063303866
-97.23804935935752
-96.87192720373494
-96.49308027194408
-96.10174221359608
-95.69827949728574
-95.28304910423289
-94.85640011624982
-94.41867482663602
-93.97020947367442
-93.51133472277363
-93.04237598250569
-92.56365361178952
-92.07548305642649
-91.57817494039658
-91.07203512869154
-90.55736477272795
-90.03446034558148
-89.50361367172013
-88.96511195427144
-88.41923780172262
-87.86626925536969
-87.30647981787206
-86.74013848383666
-86.16750977222341
-85.58885376081581
-85.00442612270906
-84.41447816475696
-83.81925686787191
-83.21900492906575
-82.61396080509643
-82.0043587575872
-81.39042889948166
-80.77239724269583
-80.15048574682992
-79.52491236880839
-78.89589111331802
-78.26363208391616
-77.6283415346845
-76.99022192231371
-76.34947195849885
-75.70628666253737
-75.06085741402046
-74.41337200551861
-73.76401469515821
-73.11296625899905
-72.46040404312038
-71.80650201533125
-71.15143081642428
-70.49535781089644
-69.83844713706205
-69.1808597564979
-68.52275350274851
-67.8642831292403
-67.20560035634712
-66.54685391756024
-65.8881896047162
-65.22975031224433
-64.57167608039532
-63.91410413742402
-63.257168940694335
-62.601002216686325
-61.94573299988794
-61.29148767055338
-60.63838999131975
-59.98656114267579
-59.33611975727824
-58.68718195311652
-58.03986136553279
-57.394269178098966
-56.750514152369085
-56.108702656514374
-55.46893869286174
-54.83132392435458
-54.195957699956224
-53.56293707902476
-52.93235685468284
-52.304309576213875
-51.67888557051594
-51.0561729626459
-50.436257695490724
-49.81922354860066
-49.20515215622457
-48.594123024586246
-47.98621354844043
-47.38149902695652
-46.780052678963195
-46.181945657607486
-45.587247064464954
-44.99602396314938
-44.40834139246446
-43.82426237914616
-43.24384795023585
-42.66715714513588
-42.09424702738634
-41.52517269621161
-40.95998729788127
-40.39874203692694
-39.84148618726215
-39.2882671032433
-38.739130230718914
-38.19411911810505
-37.65327542752691
-37.11663894606937
-36.58424759716899
-36.05613745219158
-35.53234274222212
-35.01289587011245
-34.49782742280639
-33.98716618398756
-33.48093914706967
-32.97917152856083
-32.481886781832436
-31.989106611310817
-31.500850987120995
-31.017138160201316
-30.537984677910877
-30.06340540014348
-29.59341351597062
-29.128020560823877
-28.667236070974948
-28.211069419038626
-27.75952619635369
-27.31261187126611
-26.87032998841916
-26.432682553829046
-25.999670056098772
-25.571291488218783
-25.147544369951753
-24.728424770801112
-24.313927333556045
