5.553194305971064
5.553454147923236
5.551528164728351
5.5501360641965904
5.5494889641058105
5.549449629107635
5.549866537715202
5.550620598792349
5.551623541026114
5.552810507836958
5.554133763434645
5.555558065450809
5.557057333231302
5.558612237779204
5.56020844329589
5.561835314550047
5.563484961610492
5.565151531414689
5.5668306813839035
5.568519187990435
5.570214655690656
5.571915300632185
5.573619790125485
5.575327123651404
5.577036544817911
5.578747476312712
5.580459471944785
5.58217218132552
5.5838853239118
5.585598669946535
5.587312026474958
5.589025227095579
5.590738124439909
5.592450584659841
5.59416248336706
5.5958737026455045
5.597584128836684
5.59929365089094
5.601002159132104
5.602709544320989
5.604415696938705
5.606120506638707
5.607823861802514
5.609525649198877
5.611225753703708
5.612924058066682
5.614620442727773
5.616314785647323
5.618006962180789
5.619696844957264
5.621384303784158
5.623069205564454
5.6247514142249475
5.626430790659627
5.628107192681765
5.629780474986571
5.631450489125203
5.633117083486202
5.634780103287182
5.636439390576884
5.638094784244027
5.639746120036598
5.641393230590991
5.643035945469446
5.644674091207674
5.646307491369118
5.6479359666130815
5.649559334771161
5.651177410930452
5.652790007530016
5.654396934466334
5.655997999209212
5.657593006927668
5.659181760625752
5.660764061289679
5.6623397080434055
5.663908498316149
5.665470228023426
5.667024691747487
5.668571682943534
5.670110994140867
5.671642417164431
5.673165743361734
5.674680763837412
5.676187269699936
5.677685052316657
5.679173903573926
5.680653616148854
5.682123983782839
5.6835848015696095
5.685035866240502
5.6864769764622185
5.687907933131956
5.689328539683679
5.69073860238999
5.692137930672421
5.693526337407306
5.69490363923537
5.696269656869769
5.6976242153979415
5.6989671445887975
5.700298279186064
5.701617459206302
5.70292453022146
5.7042193436405695
5.705501756981191
5.706771634129639
5.708028845592483
5.709273268736885
5.710504788018063
5.71172329519001
5.712928689509931
5.714120877916775
5.715299775203735
5.716465304167059
5.717617395739194
5.7187559891097095
5.719881031814933
5.720992479825239
5.72209029759881
5.723174458121559
5.724244942930406
5.725301742111926
5.7263448542851085
5.7273742865583515
5.728390054474722
5.729392181934222
5.7303807010980785
5.731355652272763
5.732317083776952
5.733265051796697
5.734199620213961
5.735120860427855
5.736028851156128
5.7369236782264155
5.737805434348576
5.738674218879757
5.739530137576018
5.7403733023327
5.7412038309168265
5.742021846689497
5.74282747832203
5.743620859505206
5.744402128654007
5.745171428603852
5.745928906311994
5.746674712546683
5.7474090015818895
5.748131930886479
5.748843660820788
5.749544354323696
5.750234176613716
5.750913294883329
5.7515818780031935
5.752237491065401
5.75288815583364
5.753526152295697
5.754154299318174
5.754772774450992
5.755381748499171
5.755981393190069
5.75657188028527
5.757153381032811
5.757726065800557
5.758290103797303
5.758845662833252
5.759392909100596
5.759932006972415
5.760463118816136
5.760986404809186
5.761502022776988
5.762010128024435
5.76251087319139
5.763004408110885
5.763490879673847
5.763970431707939
5.7644432048627365
5.764909336503939
5.765368960615375
5.765822207713661
5.766269204763676
5.766710075105127
5.767144938391712
5.767573910533148
5.767997103644549
5.7684146260008085
5.7688265820082005
5.769233072168522
5.769634193063187
5.770030037330698
5.770420693663786
5.770806246799804
5.771186777528238
5.7715623626938255
5.771933075211296
5.772298984083518
5.7726601544278395
5.773016647494944
5.77336852071145
