142850.58624
146225.24578113056
147121.51345858138
148013.94396412012
148901.00024091973
149782.58296069235
150658.8986213386
151530.21951358934
152396.83203811073
153259.02389860206
154117.07974826824
154971.27901965607
155821.89457038813
156669.19178734653
157513.428012113
158354.8522081008
159193.70481211357
160030.21772607576
160864.6144141796
161697.11007809208
162527.91188871337
163357.21925765727
164185.22413534703
165012.1113255486
165838.05880850588
166663.23806672636
167487.81440887874
168311.94728845608
169135.79061475617
169959.49305443658
170783.19832246294
171607.04546169608
172431.16911070605
173255.6997596498
174080.76399423496
174906.48472795854
175732.9814228926
176560.37029938403
177388.76453507243
178218.27445367395
179049.0077040001
179881.06942967858
180714.56243005162
181549.58731272843
182386.24263824025
183224.6250572406
184064.82944069395
184906.94900344723
185751.07542157747
186597.29894390216
187445.70849799286
188296.3917910277
189149.43540580824
190004.9282970558
190862.94832971445
191723.58258311602
192586.914015361
193453.02487760672
194321.9967866491
195193.9107944706
196068.84745489358
196946.8868875236
197828.1088391421
198712.59274271637
199600.41777416077
200491.6629070071
201386.4069650983
202284.7286734398
203186.70670730836
204092.4197397477
205001.94648753418
205915.3657556997
206832.75648072895
207754.1977724811
208679.7689549359
209609.5496058204
210543.61959519493
211482.05912305418
212424.94875600588
213372.36946307952
214324.4026507146
215281.13019698136
216242.6344850768
217208.99843612083
218180.3055413279
219156.63989354263
220138.08621820595
221124.7299037693
222116.6570315786
223113.95440526624
224116.70957965683
225125.0108892178
226138.94747607008
227158.60931757517
228184.0872535031
229215.47301280414
230252.85923998803
231296.3395211167
232346.00840942032
233401.96145052582
234464.29520732065
235533.1072844292
236608.49635231745
237690.56217100125
238779.40561336486
239875.12868808137
240977.83456210612
242087.62758275552
243204.60489674518
244328.89849792162
245460.58263204686
246599.79198779337
247746.62867195945
248901.20455113042
250063.63281307754
251234.0279846208
252412.50594882428
253599.18396148694
254794.18066688976
255997.6161127479
257209.6117643279
258430.29051766862
259659.7767118521
260898.19614026288
262145.6760607786
263402.3452048162
264668.33378516225
265943.77350251185
267228.7975506361
268523.5406200927
269828.13890037953
271142.7300804472
272467.45334745466
273802.4493836756
275147.8603614273
276503.82993590645
277870.5032358148
279248.02685162117
280636.5488213365
282036.2186136525
283447.1871082724
284869.6065732958
286303.6306394561
287749.41427105817
289207.1137334097
290676.8865565438
292158.8914950462
293653.28848374094
295160.2385890217
296679.90395559237
298212.4477483496
299758.03408915387
301316.82798821735
302888.9952698175
304474.7024920287
306074.1168601774
307687.4061336646
309314.7385258443
310956.28259658447
312612.2071371402
314282.681046959
315967.8732020102
317667.95231421874
319383.0867815877
321113.44452851795
322859.1928358975
324620.49816045037
326397.52594284277
328190.440404027
329999.40432928817
331824.5788394165
333666.12314843555
335524.1943073091
337398.94693295535
339290.5329220098
341199.1011486002
343124.7971455323
345067.76276814094
347028.1358401345
349006.0497806789
351001.6332119895
353015.0095466676
355046.2965540032
357095.6059044467
359163.0426914579
361248.7049298887
363352.6830300946
365475.0592469182
367615.9071027036
369775.2907834747
371953.26450744004
374149.8718649363
376365.145128973
378599.1045354997
380851.7575325617
383123.09799749404
385413.1054213274
387721.74405958207
390048.9620486889
