4.731224661083433
5.5369974444657455
6.35889259274178
7.181326938129227
8.000713951426992
8.816295326204807
9.627963494929357
10.435754312954959
11.239729880894794
12.039951083333284
12.83647093519005
13.62933306627808
14.41857169282628
15.204212130501434
15.986271535920004
16.76475973385845
17.53968004965921
18.311030098862613
19.078802506953505
19.84298554630036
20.603563686919106
21.360518063847962
22.113826867595677
22.863465666037545
23.609407666833757
24.35162392935585
25.09008353453395
25.82475372020434
26.55559998859111
27.282586191601116
28.005674598705024
28.724825951356188
29.439999507177536
30.151153076527898
30.85824305353912
31.561224443285212
32.26005088639451
32.95467468213264
33.64504681075952
34.33111695578574
35.012833526614344
35.69014368194617
36.36299335424361
37.03132727548319
37.695089004378666
38.35422095521924
39.00866442843824
39.65835964300649
40.30324577072683
40.943260972493846
41.578342436571255
42.20842641893129
42.83344828569243
43.45334255768516
44.06804295716945
44.67748245672114
45.28159333029919
45.880307206499296
46.4735551239936
47.06126758914968
47.64337463581591
48.21980588725296
48.79049062018467
49.35535783093368
49.914336303600024
50.46735468023251
51.01434153293489
51.555225437840065
52.089935050877415
52.61839918524874
53.140546890520206
53.65630753322773
54.16561087888481
54.668387175271945
55.16456723687821
55.65408253035568
56.13686526083912
56.61284845897416
57.08196606848861
57.54415303413304
57.999345389809704
58.447480346699976
58.88849638119499
59.322333322426495
59.74893243918974
60.168236526045135
60.58018998838068
60.984738926213886
61.381831216509184
61.771416593785
62.15344672878413
62.527875304980995
62.894658092701015
63.25375302062954
63.60512024449174
63.94872221268896
64.28452372868378
64.61249200993227
64.93259674317076
65.2448101358738
65.5491069637098
65.84546461383351
66.13386312386626
66.41428521642901
66.68671632910744
66.95114463974424
67.20756108696922
67.45595938589548
67.6963360389266
67.9286903416384
68.15302438371673
68.36934304495101
68.57765398630296
68.77796763608731
68.97029717132096
69.15465849431503
69.33107020460191
69.49955356630817
69.66013247109922
69.81283339684033
69.95768536213204
70.09471987689358
70.22397088918187
70.34547472844548
70.45927004542494
70.56539774892077
70.66390093965997
70.7548248414992
70.83821673020952
70.91412586009238
70.9826033886808
71.04370229978217
71.09747732511957
71.14398486482925
71.18328290707029
71.21543094699979
71.24048990536294
71.25852204694364
71.26959089911402
71.27376117071574
71.27109867149737
71.26167023232422
71.24554362636778
71.22278749147179
71.19347125388197
71.15766505351532
71.11543967093418
71.0668664561781
71.01201725959521
70.95096436480287
70.8837804238958
70.81053839500701
70.7313114823162
70.64617307858755
70.555196710308
70.45845314965172
70.35602377699453
70.24797580921563
70.13438393227148
70.0153218749517
69.89086304110147
69.76108061329558
69.62604755113878
69.48583657095816
69.34052012229759
69.19017036494752
69.03485914774389
68.8746579896026
68.70963806295846
68.53987017964747
68.36542477921235
68.1863719195844
68.00278127007874
67.81472210663276
67.62226330921267
67.42547336130797
67.22442035143227
67.01917197654572
66.80979554731249
66.59635799510514
66.37892588066667
66.15756540433955
65.9323424177703
65.70332243699825
65.47057065683572
65.23415196644724
64.99413096603517
64.7505719845395
64.50353909825948
64.25309615030513
63.999306770787285
63.742234397655764
63.48194229809483
63.21849359038729
62.95195126615818
62.68237821291067
62.40983723676729
62.13439108533113
61.8561024705817
