0.0002914466865158437
0.00029185078638441426
0.00029208437535146374
0.0002923099401467269
0.00029253283588026087
0.00029275376620492056
0.0002929732139062256
0.00029319155788924906
0.0002934090962122459
0.0002936260629907537
0.0002938426418062784
0.0002940589763483483
0.00029427517884942397
0.00029449133676197277
0.0002947075180379296
0.00029492377529864906
0.0002951401491252749
0.000295356670652665
0.00029557336361253096
0.000295790245941438
0.0002960073310453847
0.00029622462879359064
0.00029644214629895717
0.0002966598885306022
0.00029687785879431314
0.0002970960591091904
0.00029731449050274527
0.00029753315324198973
0.00029775204701431375
0.0002979711710689786
0.00029819052432774717
0.00029841010547132464
0.00029862991300685763
0.0002988499453205855
0.00029907020071887736
0.0002992906774601578
0.00029951137377970003
0.0002997322879088296
0.00029995341808974614
0.0003001747625868977
0.00030039631969566325
0.00030061808774890336
0.00030084006512183834
0.00030106225023561516
0.00030128464155983057
0.00030150723761422513
0.00030173003696974015
0.0003019530382490473
0.0003021762401266712
0.0003023996413287903
0.00030262324063277463
0.00030284703686652076
0.0003030710289076256
0.0003032952156824307
0.0003035195961649635
0.00030374416937580873
0.0003039689343809119
0.0003041938902903424
0.0003044190362570279
0.0003046443714754624
0.0003048698951804056
0.00030509560664557407
0.00030532150518233536
0.00030554759013841083
0.0003057738608965837
0.00030600031687342606
0.0003062269575180407
0.00030645378231082814
0.00030668079076226837
0.0003069079824117295
0.0003071353568263202
0.00030736291359974066
0.00030759065235117324
0.0003078185727242198
0.00030804667438584255
0.0003082749570253588
0.00030850342035344797
0.00030873206410120187
0.00030896088801920304
0.00030918989187663084
0.00030941907546040253
0.0003096484385743469
0.00030987798103840434
0.0003101077026878553
0.00031033760337258605
0.0003105676829563763
0.00031079794131621635
0.0003110283783416588
0.00031125899393418855
0.0003114897880066245
0.0003117207604825466
0.00031195191129574685
0.0003121599007941314
0.00031237428535614635
0.0003125938144835926
0.0003128164412866607
0.0003130421528914927
0.00031326998126014326
0.00031349943005384666
0.00031373012908271936
0.00031396180221561314
0.00031419424347479356
0.0003144272992180004
0.0003146608548524971
0.00031489482492545094
0.00031512914573099496
0.00031536376979389777
0.00031559866175298633
0.00031583379528885014
0.00031606915083076204
0.00031630471384509144
0.0003165404735577145
0.0003167764220003369
0.0003170125532986015
0.00031724886314067515
0.00031748534838054907
0.0003177220067419086
0.00031795883659708227
0.00031819583680202254
0.000318433006573129
0.00031867034539530276
0.0003189078529533168
0.00031914552908058534
0.0003193833737209374
0.00031962138690008117
0.00031985956870431273
0.0003200979192646333
0.00032033643874489654
0.0003205751273329716
0.000320813985234156
0.0003210530126662669
0.00032129220985597964
0.0003215315770361093
0.00032177111444359
0.0003220108223179663
0.0003222507009002844
0.00032249075043226877
0.00032273097115571343
0.00032297136331203825
0.0003232119271419638
0.00032345266288527397
0.0003236935707806522
0.0003239346510655584
0.00032417590397615186
0.0003244173297472352
0.00032465892861222094
0.00032490070080311306
0.0003251426465505026
0.000325384766083565
0.0003256270596300727
0.0003258695274164007
0.0003261121696675476
0.0003263549866071455
0.0003265979784574874
0.00032684114543954135
0.00032708448777297094
0.0003273280056761596
0.0003275716993662315
0.00032781556905906535
0.0003280596149693287
0.0003283038373104884
0.0003285482362948367
0.0003287928121335095
0.00032903756503651027
0.0003292824952127252
0.000329527602869948
0.0003297728882148973
0.00033001835145323474
0.0003302639927895882
0.0003305098124275667
0.00033075581056977906
0.0003310019874178555
0.00033124834317245966
0.00033149487803331266
0.0003317415921992067
0.00033198848586802113
0.00033223555923674064
0.000332482812501474
0.0003327302458574659
0.00033297785949911433
0.0003332256536199884
0.0003334736284128399
0.0003337217840696213
0.00033397012078150036
0.00033421863873887175
0.00033446733813137676
0.0003347162191479116
0.00033496528197664576
0.0003352145268050311
0.00033546395381982064
0.00033571356320707805
0.0003359633551521916
0.0003362133298398882
0.0003364634874542415
0.00033671382817869006
0.00033696435219604634
0.00033721505968850883
0.00033746595083767315
0.0003377170258245469
