51.22627244293973
49.973776613634776
48.768352465651766
47.606666034576904
46.48613817237988
45.404935635056184
44.36193803944421
43.35668097934958
42.38927926444271
41.460332616494426
40.57081403796126
39.72194010800907
38.91502327234134
38.151309287582194
37.43180820915373
36.75713353161916
36.127369056016526
35.54198396355309
34.999811391692
34.499094841666
34.03759320210452
33.612723895478446
33.221718585200314
32.86176802526095
32.53013994101847
32.2242628068161
31.94177602912159
31.68055187020464
31.438696428226635
31.214536905373983
31.006601194660046
30.813594248251444
30.63437420698653
30.467930072827837
30.31336183490288
30.169863377853087
30.036708143529587
29.913237318897945
29.798850230864144
29.692996602752917
29.59517033960261
29.5049045419463
29.42176748875942
29.345359372832924
29.275309612085312
29.21127459630167
29.15293575971624
29.099997901223457
29.05218766027703
29.009252164237793
28.970957748947903
28.93708876448084
28.907446443337317
28.881847821272416
28.860124704834643
28.842122682363808
28.827700176930538
28.816727540749483
28.809086191152563
28.804667788419593
28.8033734557449
28.80511304145845
28.809804423379934
28.817372854910275
28.827750352188172
28.840875121379085
28.856691024933568
28.875147085456987
28.896197025676383
28.919798842871227
28.945914416052243
28.974509144121246
29.005551613223137
29.03901329150304
29.07486824950425
29.113092904481935
29.153665786959873
29.196567327919986
29.241779665084838
29.289286466827832
29.33907277232472
29.391124846639503
29.44543004951807
29.50197671674212
29.560754052973472
29.621752035093895
29.684961325118046
29.75037319182628
29.817979440329708
29.887772348842148
29.9597446119921
30.03388929006295
30.110199763600825
30.188669692877504
30.269292981740378
30.35206374542248
30.436976281924174
30.52402504661293
30.61320462972042
30.70450973644582
30.797935169401732
30.89347581316408
30.99112662071062
31.09088260155325
31.192738811388946
31.296690343111123
31.402732319039384
31.510859884239956
31.621068200822023
31.733352443107282
31.84770779358042
31.96412943953826
32.08261257036363
32.203152375358336
32.32574404213223
32.45038275515899
32.57706369529433
32.705782039098835
32.83653295875269
32.96931162220977
33.10411319361189
33.24093283393721
33.37976570185997
33.52060695480078
33.66345175014938
33.80829524664374
33.95513260589081
34.103958994016345
34.254769583432044
34.40755955470997
34.56232409855488
34.719058417866435
34.877757729883285
35.03841726840309
35.20103228607152
35.33402327593186
35.461683994911745
35.579283299767006
35.68479851716108
35.77750656570289
35.85729856454306
35.92435209048238
35.97897537750368
36.02153316369942
36.052411414780934
36.07200058610562
36.080687781442386
36.078853205772276
36.066868697998004
36.04509726937005
36.01389312218683
35.973601890060586
35.92456097199175
35.86709989739022
35.80154069159591
35.72819822772536
35.6473805588475
35.55938922857604
35.46451956018146
35.36306092528191
35.255296993614735
35.1415059655864
35.02196078936478
34.89692936433801
34.76667473280382
34.63145526184087
34.49152481743265
34.347132933097534
34.19852497552975
34.045942310093956
33.88962246946223
33.729799329265
33.566703295384315
33.40056150850157
33.23159807280074
33.06003432479244
32.886089012388894
32.70997913717217
32.5319196233619
32.35212441387194
32.170806978576955
31.988181141446955
31.80446213048073
31.61986792033798
31.434620966800527
31.248950470827218
31.06309536622225
30.87730830804248
30.69186106357325
30.507051897980386
30.323215842347743
30.140739200020146
29.960080404438187
29.781800594382673
29.606609396107007
29.43543509797048
29.269535023542197
29.110674143211835
28.96142335563045
