15.71436
15.745011562790557
15.761092515419984
15.78215245420276
15.805701047491477
15.830410084114847
15.85555831652625
15.880744172394335
15.905733896984033
15.930381197032371
15.954584620642873
15.978264836516919
16.001352389997482
16.023780955524597
16.045483449304133
16.06638960235886
16.086424245393903
16.1055058989132
16.12354544030516
16.140444710888563
16.156094970538188
16.170375126646253
16.1831496687804
16.194266235981303
16.203552732876762
16.210813894572045
16.215827178863623
16.218337837194788
16.21805298240016
16.2146344310628
16.20769005112387
16.196763292329308
16.181320521768452
16.160735737762806
16.134272210807733
16.101060635775063
16.060071373398674
16.01009361991248
15.94969164180027
15.877181153472057
15.79060235826205
15.687713099336241
15.566021853876212
15.422897422471538
15.255813015033558
15.062803679758078
14.843218536917936
14.598788596868346
14.334839869748157
14.061133910268854
13.791491827572253
13.541539083346956
13.324978045587988
13.150132320693118
13.018630618934106
12.926593855205962
12.867144919731327
12.83273353920637
12.816582192647168
12.813260069567793
12.8187112219497
12.83004015696807
12.845239582688988
12.862944472360782
12.882238347585114
12.902511224754463
12.923359668852024
12.944518216595522
12.965813052876312
12.987138319225842
13.008407686770626
13.02958060824091
13.050619551504237
13.071520521385866
13.092267926545258
13.11285629928657
13.133283496841822
13.153549543753407
13.17365587224007
13.19360482269741
13.213399314732039
13.233042630147478
13.252538269521608
13.271889857224616
13.291101078362297
13.310175636792371
13.329117227071986
13.347929515631801
13.36661612807646
13.385180640563963
13.403626573913469
13.421957389553507
13.440176486697979
13.458287200390162
13.476292800128602
13.494196488913683
13.512001402596
13.52971060945117
13.54732710992806
13.564853836535596
13.582293653844873
13.599649358588673
13.616923679848286
13.634119279318115
13.651238751641763
13.668284624816067
13.685259360658062
13.702165355332042
13.719004939934036
13.735780381132134
13.752493881858864
13.769147582054407
13.78574355946028
13.802283830457739
13.81877035095349
13.835205017308343
13.851589667307614
13.86792608117186
13.884215982606921
13.90046103989028
13.916662866993814
13.932823024740001
13.94894302199162
13.965024316872361
13.981068318017483
13.997076385853013
14.013049833902791
14.028989930121126
14.044897898250891
14.060774919204725
14.076622132469865
14.092440637533668
14.108231495329981
14.123995729705346
14.139734328903003
14.155448247065337
14.171138405752146
14.186805695475167
14.202450977247848
14.218075084148467
14.233678822897026
14.24926297544486
14.264828300575498
14.280375535517473
14.295905397566488
14.31141858571829
14.326915782310147
14.342397654670718
14.357864856777848
14.373318030924077
14.388757809387617
14.404184816110952
14.4195996683835
14.435002978530537
14.450395355604828
14.46577740708494
14.481149740573649
14.49651296550167
14.511867694833176
14.527214546773044
14.542554146474362
14.557887127750526
14.573214134782924
14.588535823833496
14.603852864953607
14.619165943693703
14.634475762811777
14.649783043979648
14.66508852948934
14.680392983954214
14.695697196010618
14.711001980016011
14.726308177742228
14.741616660069406
14.756928328672059
14.772244117707192
14.787564995492009
14.802891966187357
14.818226071466784
14.833568392192653
14.848920050082791
14.864282209374885
14.87965607849223
14.895042911701987
14.910444010775697
14.92586072664699
14.941294461070939
14.956746668280031
14.972218856645595
14.987712590340093
15.003229484122157
15.018771238129721
15.03433957619307
15.049936307606254
15.065563300674768
15.081222489602586
15.096915876212412
15.112645531684166
15.128413598310127
15.144222291271545
