5180772.602112
16650036.626519384
16170725.579645881
15757632.863580117
15402624.451926313
15102183.754342755
14852551.147243148
14649108.214813523
14486920.010213483
14361313.247831991
14268206.448362308
14204196.374950746
14166479.664094144
14152690.281632533
14160714.804365326
14188526.67041065
14234062.671011774
14295150.943637738
14369489.376274867
14454666.364088506
14548211.988058932
14647666.501235513
14750653.920854311
14854951.428984478
14958543.96694768
15059669.333351124
15156840.262352237
15248853.321695209
15334783.012679238
15413967.013059394
15485979.13486006
15550611.738579541
15607803.713788603
15657670.47737644
15700431.907055525
15736395.44326746
15765931.60978666
15789452.950293977
15807396.400344046
15820208.93077488
15828336.181783786
15832213.74288749
15832260.70989298
15828875.153996198
15822431.1603019
15813277.126078881
15801735.047109466
15788100.559836606
15772643.54494862
15755609.132536702
15737218.98033318
15717672.723154834
15697314.290212292
15675820.958620062
15653805.363092026
15631243.280418953
15608247.420066344
15584917.40817045
15561341.14227603
15537595.974580372
15513749.800530152
15489862.054734519
15465984.617705226
15442162.63803984
15418435.275350215
15394836.369483689
15371395.041801251
15348136.23412434
15325081.190910218
15302247.889946397
15279651.426246678
15257304.354147248
15235216.991413403
15213397.689534996
15191853.073687853
15170588.255576393
15149607.02207712
15128912.002326287
15108504.815626195
15088386.202284029
15068556.139301725
15049013.942596965
15029758.357260626
15010787.637252424
14992099.615709744
14973691.766904177
14955561.260826908
14937705.011286957
14920119.71823016
14902801.904864892
14885747.950363016
14868954.118499523
14852416.58277644
14836131.44837727
14820094.771384507
14804302.575547894
14788750.866899354
14773435.646369316
14758352.920849007
14743498.712660206
14728869.067736885
14714460.062656194
14700267.81060757
14686288.466515087
14672518.231293622
14658953.355467645
14645590.142124852
14632424.949349225
14619454.192154463
14606674.344048074
14594081.93817403
14581673.568137478
14569445.888598619
14557395.61558392
14545519.526565894
14533814.4604067
14522277.317119908
14510905.057455735
14499694.702460956
14488643.332829237
14477748.088237463
14467006.166590014
14456414.823222104
14445985.334027885
14435687.006139763
14425531.335802713
14415515.82088094
14405637.990272691
14395895.424600352
14386285.755208662
14376806.663155101
14367455.878169015
14358231.17764806
14349130.385648947
14340151.37186361
14331292.05067539
14322550.38010967
14313924.360930046
14305412.035636295
14297011.487531453
14288720.839812692
14280538.25463426
14272461.932226872
14264490.110012358
14256621.061750052
14248853.096693845
14241184.558749922
14233613.825685494
14226139.308324225
14218759.449772824
14211472.724676808
14204277.638476385
14197172.726684408
14190156.554169625
14183227.714485375
14176384.829183243
14169626.547180805
14162951.544112189
14156358.521676427
14149846.207062034
14143413.352365833
14137058.733981337
14130781.152035749
14124579.429884901
14118452.413520489
14112398.971092224
14106417.992385779
14100508.388297517
14094669.09041005
14088899.050463552
14083197.23995074
14077562.649602652
14071994.289040463
14066491.186260462
14061052.387293309
14055676.955750544
14050363.972461104
14045112.535079528
14039921.75771753
14034790.770563269
14029718.719534064
14024704.765961057
14019748.08619236
14014847.871337416
14010003.326884555
14005213.672403542
14000478.141283313
13995795.980372246
13991166.449731484
13986588.822353503
13982062.383854868
13977586.43223584
13973160.27761115
13968783.241959898
13964454.658856263
13960173.873251421
13955940.241231177
13951753.12977676
13947611.916536557
