8718301.08
19776120.41619418
19835197.539576095
19894047.98399565
19952777.909102753
20011402.01597657
20069930.77704998
20128372.71881605
20186734.855885588
20245023.00803864
20303242.05137281
20361396.11722851
20419488.749391742
20477523.02803606
20535501.667208035
20593427.09130547
20651301.494921826
20709126.88953255
20766905.13980374
20824637.99173023
20882327.094357405
20939974.01647649
20997580.259393115
21055147.266641185
21112676.431327377
21170169.10164452
21227626.584981848
21285050.15096287
21342441.03367411
21399800.433283143
21457129.51720961
21514429.420969844
21571701.24878553
21628946.07403542
21686164.939601455
21743358.858147558
21800528.812372163
21857675.755244598
21914800.610252246
21971904.27166273
22028987.60481307
22086051.44643054
22143096.604980458
22200123.861057483
22257133.96779772
22314127.65133399
22371105.611275263
22428068.521214522
22485017.02926372
22541951.758606665
22598873.308079615
22655782.25275775
22712679.144567493
22769564.51289924
22826438.86523629
22883302.687785428
22940156.446116075
22997000.585795853
23053835.533030055
23110661.695296563
23167479.461979765
23224289.204995673
23281091.279412903
23337886.024066653
23394673.76215724
23451454.80185118
23508229.43685386
23564997.94698678
23621760.598740768
23678517.645837482
23735269.329725828
23792015.88013124
23848757.51556017
23905494.443764314
23962226.86224183
24018954.95867519
24075678.911395654
24132398.889801275
24189115.054778907
24245827.55910412
24302536.547831252
24359242.158662044
24415944.522302456
24472643.76281913
24529339.997957513
24586033.339466415
24642723.893404
24699411.76042615
24756097.036068026
24812779.81101498
24869460.171352055
24926138.1988146
24976968.666485444
25028164.148655366
25079517.82027648
25131007.645920854
25182608.39871407
25234306.387754217
25286090.02597352
25337950.50922739
25389881.111828253
25441876.661428303
25493933.147335254
25546047.428229906
25598217.013978984
25650439.90271933
25702714.459175013
25755039.32375935
25807413.344654467
25859835.527054965
25912304.995224375
25964820.96412746
26017382.71820783
26069989.595517553
26122640.97582611
26175336.27171886
26228074.921921086
26280856.38628737
26333680.1420348
26386545.680906065
26439452.507031687
26492400.13530235
26545388.09014182
26598415.904561084
26651483.119436797
26704589.28294703
26757733.9501351
26810916.682556823
26864137.048006464
26917394.62028491
26970688.97901351
27024019.70947476
27077386.40247169
27130788.65421152
27184226.066197515
27237698.245128673
27291204.802813604
27344745.35608539
27398319.52672117
27451926.94136903
27505567.231475193
27559240.033213288
27612944.98741935
27666681.739523605
27720449.939488053
27774249.241743296
27828079.305130016
27881939.79283298
27935830.37232865
27989750.715323046
28043700.49769515
28097679.3994455
28151687.104632657
28205723.30132913
28259787.681557942
28313879.94124871
28367999.780180268
28422146.901931364
28476321.013832584
28530521.82691314
28584749.055854682
28639002.41894237
28693281.638019804
28747586.43843643
28801916.549009483
28856271.70197345
28910651.632937416
28965056.08084024
29019484.78790681
29073937.499608044
29128413.96461494
29182913.93476125
29237437.164998043
29291983.413356647
29346552.440909088
29401144.011725333
29455757.892840035
29510393.854207404
29565051.668672305
29619731.111923665
29674431.962467656
29729154.001583412
29783897.013292972
29838660.78432267
29893445.10407078
29948249.76457231
30003074.560467377
30057919.28896409
30112783.749810304
30167667.74525957
30222571.080035023
30277493.56130873
30332434.998658746
30387395.20404431
30442373.99178094
30497371.178496674
30552386.58311592
30607420.026827585
30662471.33305001
