0.004006040916560848
0.0039963477181583044
0.00400225869655796
0.0040237053085455925
0.004059359101413226
0.004107086080198172
0.004164299209487141
0.004228219483662352
0.004296063232813656
0.004365172563288621
0.0044331055560576215
0.004497701345544462
0.004557131846355719
0.004609946984751122
0.004655114433727759
0.004692049088094531
0.004720623405188412
0.004741149014252255
0.004754323699118714
0.004761145311135231
0.004762802721161205
0.004760560012120653
0.004755651207899828
0.004749198813842962
0.004742162446963872
0.004735316787683063
0.004729253151377685
0.004724396871362934
0.0047210329297415424
0.004719333876753348
0.00471938610579346
0.004721212386467593
0.004724789928187137
0.004730064116533048
0.004736958520428542
0.004745381933450041
0.004755233201225726
0.0047664044852684965
0.0047787834791451515
0.004792254959198177
0.004806701935878979
0.004822006579210132
0.0048380510229789385
0.004854718104003287
0.004871892061143126
0.004889459199569253
0.004907308515542581
0.004925332364517093
0.0049434266143329525
0.004961491638220749
0.004979432342753918
0.0049971585593660255
0.005014585277621948
0.005031632807245814
0.005048226873235823
0.005064298649686324
0.0050797847387582026
0.005094627101655922
0.005108772948558915
0.005122174594291396
0.005134789286167122
0.005146579009972842
0.0051575102795055295
0.00516755391449294
0.005176684811133507
0.005184881708912828
0.005192126956804368
0.005198406281452085
0.005203708559467144
0.005208025595553641
0.005211351907808059
0.005213684521214005
0.005215022770073766
0.005215368109879452
0.0052147239389243
0.005213095429786213
0.005210489370676396
0.005206914016533389
0.005202378949652321
0.005196894949569153
0.005190473871865706
0.005183128535522673
0.005174872618420108
0.0051657205605684705
0.005155687474644439
0.005144789063404015
0.005133041543549482
0.0051204615756346656
0.0051070661996050455
0.005092872775583254
0.0050778989295269346
0.00506216250340349
0.005045681509544744
0.005028474088863429
0.005010558472632631
0.004991952947548163
0.004972675823812472
0.004952745405996989
0.004932179966457092
0.004910997721090811
0.004889216807248354
0.004866855263614664
0.004843931011901575
0.004820461840199413
0.004796465387850782
0.004771959131720504
0.004746960373747071
0.004721486229670615
0.004695553618841945
0.004669179255025609
0.004642379638118011
0.004615171046708455
0.00458756953141783
0.0045595909089556005
0.004531250756985527
0.0045025644088408385
0.004473546950446019
0.004444213216004359
0.0044145777851446475
0.00438465498031028
0.004354458864578038
0.004324003239878493
0.0042933016455918484
0.004262367357495923
0.004231213387044239
0.004199852480954542
0.004168297121089002
0.004136559524609121
0.00410465164438944
0.004072585169675071
0.004040371526969156
0.004008021881137249
0.003975547136716348
0.0039429579394167835
0.003910264677805719
0.0038880723698598947
0.003860706176741722
0.003832501427426027
0.0038051286518389453
0.0037791423485212445
0.0037546536000949843
0.0037316104231784426
0.003709909566125006
0.003689438447956626
0.0036700892435034306
0.0036517625196032183
0.0036343673063826383
0.003617820190606944
0.003602044312270156
0.0035869685072393446
0.0035725266222347346
0.003558656969340796
0.0035453018813180687
0.0035324073373884214
0.0035199226388397216
0.0035078001212613197
0.0034959948952112702
0.0034844646102031324
0.0034731692387203403
0.003462070878003312
0.003451133567924124
0.0034403231235875724
0.00342960698145964
0.0034189540579245546
0.0034083346192277115
0.003397720161795395
0.0033870833019444754
0.003376397674007907
0.003365637835902679
0.003354779181156583
0.0033437978563820563
0.0033326706831382897
0.0033213750830330914
0.003309889004813692
0.003298190852035974
0.003286259386423125
0.0032740735589169363
0.0032616130703506147
0.0032488571254601193
0.0032357852049887787
0.0032223766942404476
0.003208610741749951
0.003194466081502444
0.0031799208098125743
0.003164952099714841
0.0031495358292490377
0.0031336460900402716
0.0031172545277120545
0.003100329443175617
0.0030828345491985738
0.003064727222344119
0.003045956003549962
0.0030264569589093914
0.003006148275682125
0.0029849220640775385
0.00296263162535186
0.002939071164745768
0.0029139425407401997
0.0028867990785855103
