-9637.5041604
-10207.664980932588
-10643.000954859986
-11096.35713686431
-11562.631460776125
-12038.852086679179
-12523.218022233072
-13014.569367189168
-13512.093896287155
-14015.164683758176
-14523.250485819202
-15035.866526502276
-15552.547708821046
-16072.83426176631
-16596.2642740137
-17122.370031882372
-17650.676447722206
-18180.700623055043
-18711.952009803255
-19243.932863628994
-19776.138809506476
-20308.0594075446
-20839.1786423003
-21368.975275491943
-21896.92300757773
-22422.49039226753
-22945.140441441436
-23464.329847070487
-23979.507731565947
-24490.113818250185
-24995.575888907475
-25495.30636531128
-25988.697816670472
-26475.117157030607
-26953.898261599872
-27424.332709824317
-27885.660398047276
-28337.04736644817
-28777.58320229389
-29206.25470609822
-29621.931950706377
-30023.35775430789
-30409.15262303364
-30777.853094581544
-31128.014077297277
-31458.421891788686
-31768.47636129277
-32058.78371381381
-32331.911354489628
-32593.04752834125
-32850.044003216746
-33112.290053588855
-33388.438514844194
-33683.97986342884
-34000.0319723883
-34333.868555590176
-34680.54148450009
-35034.52191255205
-35390.78186778535
-35745.252378184676
-36094.87068303689
-36437.436451151916
-36771.417199859236
-37095.76911803334
-37409.794672392985
-37713.03768483851
-38005.20935492351
-38286.13732843097
-38555.73115082021
-38814.119135836896
-39061.017580634005
-39296.604235073864
-39520.78026293728
-39733.935948181264
-39936.04695285369
-40127.23101564942
-40307.61883950391
-40477.35216497347
-40636.5823465247
-40785.469207016766
-40924.180070392445
-41052.88891218949
-41171.77559122551
-41281.025140158396
-41380.82710132683
-41471.37489961594
-41552.86524733997
-41625.497578115224
-41689.47350792236
-41744.99632225343
-41792.27048866165
-41831.501194451266
-41862.89390866255
-41886.65396881056
-41902.98619151257
-41912.09450693897
-41914.18161668776
-41909.44867469204
-41898.09499071051
-41880.317755915436
-41856.31179002837
-41826.269309434
-41790.379715653515
-41748.829403529184
-41701.801588447204
-41649.47615189855
-41592.02950467
-41529.63446693302
-41462.460164490854
-41390.67194045164
-41314.431281572266
-41233.89575853963
-41149.21897944454
-41060.550555728696
-40968.03607987251
-40871.817114123165
-40772.03118956924
-40668.81181487992
-40562.28849405514
-40452.586752534386
-40339.828171052795
-40224.13042663668
-40105.607340158516
-39984.36892989806
-39860.521470563384
-39734.16755726979
-39605.40617397688
-39474.33276591889
-39341.03931558129
-39205.614421796825
-39068.14338156934
-38928.708274224955
-38787.38804755721
-38644.25860560469
-38499.39289775348
-38352.86100886463
-38204.73025014545
-38055.065250500425
-37903.928048123715
-37751.378182093555
-37597.47278377196
-37442.26666780423
-37285.81242253847
-37128.16049970232
-36969.359303177276
-36809.455276733184
-36648.49299059969
-36486.515226741554
-36323.56306274903
-36159.675954237
-35994.891815664305
-35829.2470995074
-35662.7768736988
-35495.5148972891
-35327.49369426602
-35158.74462549082
-34989.297958693605
-34819.18293652397
-34648.42784259506
-34477.06006552108
-34305.10616090101
-34132.59191127812
-33959.54238400687
-33785.98198707786
-33611.93452284968
-33437.423239712756
-33262.47088169055
-33087.0997359601
-32911.33167833603
-32735.188216683877
-32558.690532319008
-32381.859519383244
-32204.715822204613
-32027.279870699047
-31849.571913784388
-31671.61205087716
-31493.420261444848
-31315.016432703866
-31136.420385405934
-30957.65189783158
-30778.730727948107
-30599.676633786214
-30420.509392101376
-30241.24881527697
-30061.91476658514
-29882.52717377419
-29703.106041077135
-29523.671459605466
-29344.243616247808
-29164.842801052644
-28985.48855618107
-28806.20396622657
-28627.00708789998
-28447.919527122536
-28268.96215100977
-28090.15594504317
-27911.522011140147
-27733.081564594646
-27554.855929891735
-27376.866535482768
