12.664497657682304
12.599439991600642
12.531815473661721
12.462541738348854
12.392061793631939
12.320571838867027
12.248136170621127
12.174747039200518
12.100355584405435
12.024887552077223
11.948250966637941
11.870339506436236
11.791033528670189
11.710199744277597
11.62769004339036
11.543339705073423
11.456965078902792
11.368360741371
11.277296075744857
11.183511182828795
11.086711992471807
10.986564405561696
10.882687249361664
10.774643771428439
10.661931325082369
10.543968807887346
10.420081298286183
10.289481188568429
10.15124492723936
10.004284254550717
9.847310537180862
9.67879048570078
9.496891193552669
9.299412130251689
9.083701597248487
8.846555516985891
8.584097889652636
8.291646017150567
7.963571913226204
7.593188221827489
7.172719118843512
6.693473563023043
6.146428791558626
5.52354974517109
4.820253259888429
4.0392838883859215
3.1955435756773705
2.319852378788086
1.457955383558421
0.6618081607327834
-0.02479507945408148
-0.5783990656319854
-0.9987319169975705
-1.3024348234660486
-1.5135789171105791
-1.6561836234089848
-1.7504169425946523
-1.8116000859287968
-1.8506777058461035
-1.875170279571673
-1.890119269839843
-1.8988514899172173
-1.9035403975608822
-1.9055969785556326
-1.9059335985962047
-1.9051387618011082
-1.903591511078346
-1.9015357731623688
-1.8991284549018044
-1.8964710495974697
-1.8936271896683685
-1.89063873653182
-1.887533878006323
-1.8843292772940592
-1.881036063387967
-1.8776613537228009
-1.8742100263071666
-1.8706850318974335
-1.8670884013392026
-1.8634214915123593
-1.859685229421501
-1.8558802685006421
-1.8520070886545765
-1.8480660602099621
-1.8440574847062108
-1.8399816208241164
-1.8358387007762376
-1.831628940589948
-1.827352546474938
-1.8230097186994523
-1.8186006538764605
-1.8141255462518049
-1.80958458836539
-1.8049779713325134
-1.8003058848895659
-1.795568517316423
-1.790766055286008
-1.785898683687667
-1.7809665854458836
-1.775969941349803
-1.770908929903125
-1.7657837271983488
-1.7605945068174331
-1.75534143976081
-1.7500246944038536
-1.744644436479508
-1.7392008290867298
-1.733694032723557
-1.728124205342385
-1.722491502426219
-1.7167960770859245
-1.711038080175061
-1.7052176604219267
-1.699334964577929
-1.693390137579939
-1.6873833227269288
-1.6813146618680503
-1.6751842956030243
-1.66899236349241
-1.6627390042775319
-1.6564243561089604
-1.6500485567831131
-1.6436117439855427
-1.6371140555412838
-1.6305556296699781
-1.6239366052469715
-1.617257122068196
-1.6105173211191501
-1.6037173448474482
-1.5968573374377137
-1.5899374450888737
-1.5829578162934435
-1.5759186021177614
-1.568819956483298
-1.5616620364481222
-1.5544450024884497
-1.5471690187794183
-1.5398342534752498
-1.532440878987386
-1.5249890722612605
-1.517479015050667
-1.5099108941889006
-1.502284901857389
-1.4946012358496759
-1.4868600998320527
-1.4790617035990588
-1.4712062633237406
-1.4632940018024565
-1.4553251486931489
-1.44729994074712
-1.4392186220333667
-1.4310814441543072
-1.4228886664546416
-1.414640556219291
-1.4063373888626243
-1.3979794481069794
-1.3895670261502262
-1.3811004238212472
-1.3725799507237773
-1.3640059253659784
-1.3553786752770958
-1.3466985371090168
-1.3379658567222954
-1.3291809892563649
-1.3203442991824377
-1.3114561603387658
-1.3025169559470728
-1.2935270786097202
-1.284486930286228
-1.2753969222489707
-1.2662574750162199
-1.2570690182628546
-1.24783199070645
-1.2385468399693313
-1.2292140224142027
-1.407027482935803
-1.4239895104476947
-1.4404814850835173
-1.4563584764955002
-1.4715622403781035
-1.4860771389754428
-1.4999089885714585
-1.5130740858167917
-1.5255935325621204
-1.5374903180996633
-1.5487878342562404
-1.5595091338645357
-1.56967657402144
-1.5793116577508166
-1.5884349772632806
-1.5970662085810066
-1.6052241315086204
-1.612926661511045
-1.6201908865961372
-1.6270331056887308
-1.6334688667418331
-1.639513003736281
-1.6451796721891134
-1.6504823830267303
-1.6554340347999248
-1.660046944274542
-1.6643328754589983
-1.6683030671398378
-1.6719682589996392
-1.6753387163898699
-1.6784242538280791
-1.6812342572858132
-1.6837777053295304
-1.6860631891719802
-1.6880989316907027
-1.6898928054637476
-1.6914523498730967
-1.6927847873209156
-1.6938970386034522
-1.6947957374838665
-1.6954872445038456
-1.6959776600718721
-1.6962728368649367
-1.69637839157705
-1.6962997160493596
-1.6960419878122257
-1.6956101790623779
-1.6950090700415326
-1.6942432523449393
-1.693317140942741
-1.692234981423469
-1.691000857609183
-1.6896186987646045
-1.6880922864315067
-1.686425260908603
-1.6846211273973
-1.6826832618306624
-1.680614916406772
-1.678419224840991
-1.6760992073559784
-1.6736577754189423
-1.6710977362738364
-1.6684217972042164
-1.6656325696246728
-1.6627325729991123
-1.6597242385355901
-1.6566099127356329
-1.6533915245129969
-1.6500719914455189
-1.6466530091938099
-1.6431369637557345
-1.6395251016768668
-1.6358197459984238
-1.632022728869521
-1.6281358252010836
-1.6241607531182283
-1.6200991752598024
-1.6159527004876832
-1.6117228857714656
-1.6074112381269803
-1.6030192165500265
-1.598548060062974
-1.5939995072888153
-1.5893746838896885
-1.5846748769439594
-1.5799013337035948
-1.5750552636080144
-1.5701378400616026
-1.5651502020659576
-1.5600934557538584
-1.5549686758555892
-1.5497769070999659
-1.5445191655753763
-1.5391964400324254
-1.533809693158232
-1.5283598628014423
-1.522847863154476
-1.5172745859138062
-1.511640901390016
-1.505947659588722
-1.5001956912553613
-1.4943858088883997
-1.4885188077199645
-1.4825954666647785
-1.4766165492386116
-1.4705828044470546
-1.464494967644032
-1.45835376136529
-1.4521598961305946
-1.4459140712216745
-1.4396169754323036
-1.4332692877940294
-1.4268716782770825
-1.4204248084659103
-1.4139293322122448
-1.4073858962647596
-1.4007951408763777
-1.3941577003899976
-1.3874742038018486
-1.3807452753064702
-1.373971534818531
-1.3671535984775651
-1.3602920791323916
-1.3533875868065475
-1.3464407291465053
-1.339452111851777
-1.3324223390874925
-1.3253520138805386
-1.3182417384990364
-1.3110921148162589
-1.303903744658506
-1.2966772301379277
-1.2894131739705337
-1.2821121797797426
-1.2747748523856997
-1.267401798080562
-1.2599936248905301
-1.2525509428246466
-1.24507436411008
-1.2375645034156229
-1.2300219780616082
-1.2224474082186882
-1.2148414170935924
-1.207204631104074
-1.1995376800413777
-1.191841197221927
-1.184115819627639
-1.1763621880349442
-1.1685809471332393
-1.1607727456324524
-1.1529382363600347
-1.1450780763477184
-1.1371929269074275
-1.1292834536976482
-1.1213503267791896
-1.1133942206614154
-1.1054158143381518
-1.0974157913145295
-1.0893948396232456
-1.0813536518323055
-1.0732929250425147
-1.0652133608759768
-1.0571156654554148
-1.0490005493741297
-1.040868727656898
-1.032720919712098
-1.0245578492748442
-1.01638024434113
-1.0081888370939307
-0.9999843638198124
-0.9917675648180875
-0.9835391843007697
-0.9752999702847664
-0.9670506744758653
-0.958792052144645
12.664497657682304
12.599439991600642
12.531815473661721
12.462541738348854
12.392061793631939
12.320571838867027
12.248136170621127
12.174747039200518
12.100355584405435
12.024887552077223
11.948250966637941
11.870339506436236
11.791033528670189
11.710199744277597
11.62769004339036
11.543339705073423
11.456965078902792
11.368360741371
11.277296075744857
11.183511182828795
11.086711992471807
10.986564405561696
10.882687249361664
10.774643771428439
10.661931325082369
10.543968807887346
10.420081298286183
10.289481188568429
10.15124492723936
10.004284254550717
9.847310537180862
9.67879048570078
9.496891193552669
9.299412130251689
9.083701597248487
8.846555516985891
8.584097889652636
8.291646017150567
7.963571913226204
7.593188221827489
7.172719118843512
6.693473563023043
6.146428791558626
5.52354974517109
4.820253259888429
4.0392838883859215
3.1955435756773705
2.319852378788086
1.457955383558421
0.6618081607327834
-0.02479507945408148
-0.5783990656319854
-0.9987319169975705
-1.3024348234660486
-1.5135789171105791
-1.6561836234089848
-1.7504169425946523
-1.8116000859287968
-1.8506777058461035
-1.875170279571673
-1.890119269839843
-1.8988514899172173
-1.9035403975608822
-1.9055969785556326
-1.9059335985962047
-1.9051387618011082
-1.903591511078346
-1.9015357731623688
-1.8991284549018044
-1.8964710495974697
-1.8936271896683685
-1.89063873653182
-1.887533878006323
-1.8843292772940592
-1.881036063387967
-1.8776613537228009
-1.8742100263071666
-1.8706850318974335
-1.8670884013392026
-1.8634214915123593
-1.859685229421501
-1.8558802685006421
-1.8520070886545765
-1.8480660602099621
-1.8440574847062108
-1.8399816208241164
-1.8358387007762376
-1.831628940589948
-1.827352546474938
-1.8230097186994523
-1.8186006538764605
-1.8141255462518049
-1.80958458836539
-1.8049779713325134
-1.8003058848895659
-1.795568517316423
-1.790766055286008
-1.785898683687667
-1.7809665854458836
-1.775969941349803
-1.770908929903125
-1.7657837271983488
-1.7605945068174331
-1.75534143976081
-1.7500246944038536
-1.744644436479508
-1.7392008290867298
-1.733694032723557
-1.728124205342385
-1.722491502426219
-1.7167960770859245
-1.711038080175061
-1.7052176604219267
-1.699334964577929
-1.693390137579939
-1.6873833227269288
-1.6813146618680503
-1.6751842956030243
-1.66899236349241
-1.6627390042775319
-1.6564243561089604
-1.6500485567831131
-1.6436117439855427
-1.6371140555412838
-1.6305556296699781
-1.6239366052469715
-1.617257122068196
-1.6105173211191501
-1.6037173448474482
-1.5968573374377137
-1.5899374450888737
-1.5829578162934435
-1.5759186021177614
-1.568819956483298
-1.5616620364481222
-1.5544450024884497
-1.5471690187794183
-1.5398342534752498
-1.532440878987386
-1.5249890722612605
-1.517479015050667
-1.5099108941889006
-1.502284901857389
-1.4946012358496759
-1.4868600998320527
-1.4790617035990588
-1.4712062633237406
-1.4632940018024565
-1.4553251486931489
-1.44729994074712
-1.4392186220333667
-1.4310814441543072
-1.4228886664546416
-1.414640556219291
-1.4063373888626243
-1.3979794481069794
-1.3895670261502262
-1.3811004238212472
-1.3725799507237773
-1.3640059253659784
-1.3553786752770958
-1.3466985371090168
-1.3379658567222954
-1.3291809892563649
-1.3203442991824377
-1.3114561603387658
-1.3025169559470728
-1.2935270786097202
-1.284486930286228
-1.2753969222489707
-1.2662574750162199
-1.2570690182628546
-1.24783199070645
-1.2385468399693313
-1.2292140224142027
13.469897272670783
13.404506648858105
13.336267202498712
13.266174841491226
13.194706861202027
13.122072982351256
13.048340360029796
12.97349829935413
12.897491465078838
12.820236592649394
12.741630514761448
12.661553558596665
12.57987040541496
12.496429476682396
12.411061370170083
12.323576580848592
12.233762582315585
12.141380250523508
12.046159548551573
11.947794340426421
11.845936152682238
11.740186647375046
11.630088503981643
11.515114324640544
11.394653071539302
11.267993409780704
11.134303155198088
10.992603804141046
10.841738839938602
10.680334158161443
10.506748524213767
10.319011482011783
10.114745616882935
9.891069664532024
9.644478943114889
9.37070059711787
9.064524471437025
8.719618629951531
8.328356399412296
7.881717832014848
7.369395916800676
6.780352438589857
6.104232452974375
5.33419805016981
4.471647002067705
3.5324345166166706
2.552131690987357
1.585365987072558
0.694920971111286
-0.06681703758936826
-0.673281709725252
-1.1265055747399477
-1.4482730978361087
-1.6679806869150078
-1.8137733377492116
-1.9085110452961813
-1.9690710736091037
-2.0072093066021925
-2.0308225049339255
-2.0450956978708628
-2.053385032592886
-2.0578434908598915
-2.0598445461516293
-2.060261404566686
-2.0596480929406367
-2.058355732224819
-2.056606738648761
-2.0545419981623825
-2.052250789538958
-2.049790409777354
-2.047195331079851
-2.0444886032393166
-2.0416863915732595
-2.038797308826424
-2.0358274099386757
-2.0327806841768954
-2.0296598063776012
-2.0264666149473776
-2.0232024156119253
-2.0198680796307853
-2.016464551740163
-2.012992327797544
-2.00945193372606
-2.0058438284215976
-2.0021684269163176
-1.9984261142884432
-1.9946172539298943
-1.9907421925199829
-1.98680126297289
-1.9827947861791577
-1.9787230720140911
-1.9745864199132113
-1.9703851191867898
-1.966119449193202
-1.9617896794308916
-1.9573960695924035
-1.9529388696089958
-1.948418319691442
-1.943834650387428
-1.9391880826510892
-1.9344788279318836
-1.9297070882804241
-1.9248730564744114
-1.9199769161618445
-1.915018842021795
-1.9099989999400253
-1.9049175472014874
-1.8997746326946159
-1.8945703971295045
-1.8893049732672529
-1.8839784861598006
-1.878591053399548
-1.8731427853771745
-1.8676337855479146
-1.862064150704249
-1.8564339712553275
-1.8507433315119983
-1.844992309976582
-1.8391809796377563
-1.833309408268833
-1.8273776587300983
-1.821385789274396
-1.815333853854984
-1.8092219024365779
-1.8030499813084595
-1.7968181333994673
-1.7905263985948632
-1.7841748140549465
-1.7777634145350532
-1.7712922327067173
-1.7647612994805393
-1.7581706443292735
-1.7515202956128684
-1.7448102809037613
-1.7380406273132776
-1.7312113618187128
-1.7243225115912393
-1.717374104324168
-1.7103661685621008
-1.7032347690228498
-1.696162664269143
-1.6889777612072612
-1.6817331518005045
-1.6744289645048436
-1.6670652991764014
-1.6596422387872964
-1.6521598571459484
-1.6446182237915068
-1.6370174071686923
-1.629357476747866
-1.6216385044904973
-1.6138605659056742
-1.606023740848837
-1.598128114156052
-1.590173776172965
-1.582160823214734
-1.5740893579803277
-1.565959489936183
-1.557771335677572
-1.5495250192744936
-1.5412206726049409
-1.5328584356780897
-1.5244384569481084
-1.5159608936202411
-1.507425911948046
-1.4988336875228143
-1.4901844055542208
-1.4814782611425767
-1.4727154595410457
-1.463896216408691
-1.455020758052361
-1.4460893216577353
-1.4371021555084902
-1.4280595191923433
-1.4189616837940766
-1.4098089320740874
-1.4006015586314444
-1.3913398700514041
-1.3820241850352333
-1.3726548345124567
-1.3632321617339018
-1.3537565223443293
-1.3442282844353253
-1.3346478285735546
-1.3250155478081687
-1.3153318476523186
-1.3055971460392872
-1.295811873252105
-1.2859764718250988
-1.2760913964161311
-1.2661571136483207
-1.2561741019206012
-1.2461428511846935
-1.2360638626886051
-1.2259376486842386
-1.2157647320987741
-1.205545646167646
-1.1952809340290842
-1.18497114827754
13.46989758045747
13.404506682186934
13.336267222355115
13.266174854285234
13.194706836724865
13.122072959862688
13.048340339093981
12.973498279815391
12.897491446956787
12.82023657605762
12.741630499866844
12.661553545600315
12.579870394543942
12.496429468189012
12.411061364333374
12.323576577979011
12.233762582760946
12.141380254675981
12.046159556857635
11.947794353396842
11.845936170905308
11.740186671532063
11.630088534864832
11.515114363177716
11.39465311881998
11.26799346709552
11.134303224090917
10.99260388647034
10.841738937984536
10.680334274751626
10.50674866287746
10.319011487302214
10.114745619926294
9.891069666132081
9.644478942439674
9.370700591788504
9.06452445727798
8.719618600031604
8.328356342099877
7.881717727504264
7.369395731217202
6.780352115132616
6.10423190280958
5.334197156212643
4.471645667383963
3.5324327895851537
2.5521299081914317
1.5853647080232502
0.694920587340506
-0.06681662148020626
-0.6732809098383945
-1.126504814846598
-1.4482740045390103
-1.6679802935840702
-1.8137728281344296
-1.9085106646499312
-1.96907082033461
-2.0072091441791615
-2.030822402955737
-2.045095635174853
-2.0533849950884506
-2.05784346936593
-2.0598445347580885
-2.0602613995284993
-2.059648091854415
-2.0583557335588054
-2.056606741468634
-2.0545420018661686
-2.0522507937491037
-2.0497904141428123
-2.047195335702337
-2.0444886079916653
-2.0416863961768286
-2.038797313376672
-2.0358274144152047
-2.0327806885685478
-2.0296598106799197
-2.026466619158073
-2.0232024197325673
-2.0198680836599916
-2.0164645556850984
-2.0129923316641225
-2.0094519375133224
-2.005843832136262
-2.002168430565725
-1.9984261178753069
-1.9946172574586916
-1.9907421959951734
-1.9868012663983272
-1.9827947895598035
-1.9787230753549472
-1.9745864232179462
-1.9703851224596514
-1.9661194524385002
-1.9617896826526633
-1.9573960727948951
-1.952938872795652
-1.9484183228660303
-1.943834653553539
-1.939188085812098
-1.9344788310910024
-1.9297070914407326
-1.9248730596388648
-1.9199769193332406
-1.9150188452025065
-1.9099990031326084
-1.9049175504079316
-1.8997746359170584
-1.8945704003698205
-1.8893049765270125
-1.8839784894406748
-1.8785910567029036
-1.8731427887044032
-1.8676337889001897
-1.862064154082821
-1.8564339746615457
-1.8507433349472011
-1.8449923134423951
-1.8391809831359867
-1.8333094118016737
-1.8273776623003213
-1.821385792885115
-1.8153338575100857
-1.8092219061408497
-1.8030499850673751
-1.7968181372195848
-1.7905264024837957
-1.784174818021516
-1.7777634185891515
-1.7712922368594848
-1.7647613037442544
-1.758170648717451
-1.7515203001399358
-1.7448102855851788
-1.7380406321652544
-1.731211366857995
-1.7243225168350156
-1.7173741097897341
-1.7103661742666434
-1.703234267263063
-1.6961627796615775
-1.6889778351477553
-1.6817331993388351
-1.67442899536242
-1.6670653196241465
-1.6596422528640788
-1.6521598674469093
-1.6446182319777236
-1.6370174142974387
-1.6293574834860804
-1.621638511253125
-1.6138605729452467
-1.6060237483134456
-1.5981281221270265
-1.5901737846890098
-1.5821608322877951
-1.5740893676056558
-1.5659595000988544
-1.5577713463566714
-1.5495250304458952
-1.5412206842429386
-1.5328584477564453
-1.5244384694408273
-1.5159609065018405
-1.507425925193811
-1.4988337011089263
-1.4901844194579035
-1.481478275341912
-1.4727154740151789
-1.4638962311376562
-1.4550207730170504
-1.4460893368399368
-1.4371021708906815
-1.4280595347577887
-1.4189616995267829
-1.4098089479586273
-1.4006015746530807
-1.391339886195904
-1.382024201288867
-1.3726548508620033
-1.363232178166482
-1.353756538847852
-1.3442283009977152
-1.3346478451831505
-1.3250155644537651
-1.3153318643229375
-1.305597162724163
-1.295811889940901
-1.2859764885076135
-1.2760914130824255
-1.2661571302886367
-1.2561741185254027
-1.2461428677445994
-1.2360638791945076
-1.2259376651270861
-1.2157647484697054
-1.2055456624580374
-1.1952809502302801
-1.184971164381179
13.469897272670783
13.404506648858105
13.336267202498712
13.266174841491226
13.194706861202027
13.122072982351256
13.048340360029796
12.97349829935413
12.897491465078838
12.820236592649394
12.741630514761448
12.661553558596665
12.57987040541496
12.496429476682396
12.411061370170083
12.323576580848592
12.233762582315585
12.141380250523508
12.046159548551573
11.947794340426421
11.845936152682238
11.740186647375046
11.630088503981643
11.515114324640544
11.394653071539302
11.267993409780704
11.134303155198088
10.992603804141046
10.841738839938602
10.680334158161443
10.506748524213767
10.319011482011783
10.114745616882935
9.891069664532024
9.644478943114889
9.37070059711787
9.064524471437025
8.719618629951531
8.328356399412296
7.881717832014848
7.369395916800676
6.780352438589857
6.104232452974375
5.33419805016981
4.471647002067705
3.5324345166166706
2.552131690987357
1.585365987072558
0.694920971111286
-0.06681703758936826
-0.673281709725252
-1.1265055747399477
-1.4482730978361087
-1.6679806869150078
-1.8137733377492116
-1.9085110452961813
-1.9690710736091037
-2.0072093066021925
-2.0308225049339255
-2.0450956978708628
-2.053385032592886
-2.0578434908598915
-2.0598445461516293
-2.060261404566686
-2.0596480929406367
-2.058355732224819
-2.056606738648761
-2.0545419981623825
-2.052250789538958
-2.049790409777354
-2.047195331079851
-2.0444886032393166
-2.0416863915732595
-2.038797308826424
-2.0358274099386757
-2.0327806841768954
-2.0296598063776012
-2.0264666149473776
-2.0232024156119253
-2.0198680796307853
-2.016464551740163
-2.012992327797544
-2.00945193372606
-2.0058438284215976
-2.0021684269163176
-1.9984261142884432
-1.9946172539298943
-1.9907421925199829
-1.98680126297289
-1.9827947861791577
-1.9787230720140911
-1.9745864199132113
-1.9703851191867898
-1.966119449193202
-1.9617896794308916
-1.9573960695924035
-1.9529388696089958
-1.948418319691442
-1.943834650387428
-1.9391880826510892
-1.9344788279318836
-1.9297070882804241
-1.9248730564744114
-1.9199769161618445
-1.915018842021795
-1.9099989999400253
-1.9049175472014874
-1.8997746326946159
-1.8945703971295045
-1.8893049732672529
-1.8839784861598006
-1.878591053399548
-1.8731427853771745
-1.8676337855479146
-1.862064150704249
-1.8564339712553275
-1.8507433315119983
-1.844992309976582
-1.8391809796377563
-1.833309408268833
-1.8273776587300983
-1.821385789274396
-1.815333853854984
-1.8092219024365779
-1.8030499813084595
-1.7968181333994673
-1.7905263985948632
-1.7841748140549465
-1.7777634145350532
-1.7712922327067173
-1.7647612994805393
-1.7581706443292735
-1.7515202956128684
-1.7448102809037613
-1.7380406273132776
-1.7312113618187128
-1.7243225115912393
-1.717374104324168
-1.7103661685621008
-1.7032347690228498
-1.696162664269143
-1.6889777612072612
-1.6817331518005045
-1.6744289645048436
-1.6670652991764014
-1.6596422387872964
-1.6521598571459484
-1.6446182237915068
-1.6370174071686923
-1.629357476747866
-1.6216385044904973
-1.6138605659056742
-1.606023740848837
-1.598128114156052
-1.590173776172965
-1.582160823214734
-1.5740893579803277
-1.565959489936183
-1.557771335677572
-1.5495250192744936
-1.5412206726049409
-1.5328584356780897
-1.5244384569481084
-1.5159608936202411
-1.507425911948046
-1.4988336875228143
-1.4901844055542208
-1.4814782611425767
-1.4727154595410457
-1.463896216408691
-1.455020758052361
-1.4460893216577353
-1.4371021555084902
-1.4280595191923433
-1.4189616837940766
-1.4098089320740874
-1.4006015586314444
-1.3913398700514041
-1.3820241850352333
-1.3726548345124567
-1.3632321617339018
-1.3537565223443293
-1.3442282844353253
-1.3346478285735546
-1.3250155478081687
-1.3153318476523186
-1.3055971460392872
-1.295811873252105
-1.2859764718250988
-1.2760913964161311
-1.2661571136483207
-1.2561741019206012
-1.2461428511846935
-1.2360638626886051
-1.2259376486842386
-1.2157647320987741
-1.205545646167646
-1.1952809340290842
-1.18497114827754
-1.1746168504762071
13.46989758045747
13.404506682186934
13.336267222355115
13.266174854285234
13.194706836724865
13.122072959862688
13.048340339093981
12.973498279815391
12.897491446956787
12.82023657605762
12.741630499866844
12.661553545600315
12.579870394543942
12.496429468189012
12.411061364333374
12.323576577979011
12.233762582760946
12.141380254675981
12.046159556857635
11.947794353396842
11.845936170905308
11.740186671532063
11.630088534864832
11.515114363177716
11.39465311881998
11.26799346709552
11.134303224090917
10.99260388647034
10.841738937984536
10.680334274751626
10.50674866287746
10.319011487302214
10.114745619926294
9.891069666132081
9.644478942439674
9.370700591788504
9.06452445727798
8.719618600031604
8.328356342099877
7.881717727504264
7.369395731217202
6.780352115132616
6.10423190280958
5.334197156212643
4.471645667383963
3.5324327895851537
2.5521299081914317
1.5853647080232502
0.694920587340506
-0.06681662148020626
-0.6732809098383945
-1.126504814846598
-1.4482740045390103
-1.6679802935840702
-1.8137728281344296
-1.9085106646499312
-1.96907082033461
-2.0072091441791615
-2.030822402955737
-2.045095635174853
-2.0533849950884506
-2.05784346936593
-2.0598445347580885
-2.0602613995284993
-2.059648091854415
-2.0583557335588054
-2.056606741468634
-2.0545420018661686
-2.0522507937491037
-2.0497904141428123
-2.047195335702337
-2.0444886079916653
-2.0416863961768286
-2.038797313376672
-2.0358274144152047
-2.0327806885685478
-2.0296598106799197
-2.026466619158073
-2.0232024197325673
-2.0198680836599916
-2.0164645556850984
-2.0129923316641225
-2.0094519375133224
-2.005843832136262
-2.002168430565725
-1.9984261178753069
-1.9946172574586916
-1.9907421959951734
-1.9868012663983272
-1.9827947895598035
-1.9787230753549472
-1.9745864232179462
-1.9703851224596514
-1.9661194524385002
-1.9617896826526633
-1.9573960727948951
-1.952938872795652
-1.9484183228660303
-1.943834653553539
-1.939188085812098
-1.9344788310910024
-1.9297070914407326
-1.9248730596388648
-1.9199769193332406
-1.9150188452025065
-1.9099990031326084
-1.9049175504079316
-1.8997746359170584
-1.8945704003698205
-1.8893049765270125
-1.8839784894406748
-1.8785910567029036
-1.8731427887044032
-1.8676337889001897
-1.862064154082821
-1.8564339746615457
-1.8507433349472011
-1.8449923134423951
-1.8391809831359867
-1.8333094118016737
-1.8273776623003213
-1.821385792885115
-1.8153338575100857
-1.8092219061408497
-1.8030499850673751
-1.7968181372195848
-1.7905264024837957
-1.784174818021516
-1.7777634185891515
-1.7712922368594848
-1.7647613037442544
-1.758170648717451
-1.7515203001399358
-1.7448102855851788
-1.7380406321652544
-1.731211366857995
-1.7243225168350156
-1.7173741097897341
-1.7103661742666434
-1.703234267263063
-1.6961627796615775
-1.6889778351477553
-1.6817331993388351
-1.67442899536242
-1.6670653196241465
-1.6596422528640788
-1.6521598674469093
-1.6446182319777236
-1.6370174142974387
-1.6293574834860804
-1.621638511253125
-1.6138605729452467
-1.6060237483134456
-1.5981281221270265
-1.5901737846890098
-1.5821608322877951
-1.5740893676056558
-1.5659595000988544
-1.5577713463566714
-1.5495250304458952
-1.5412206842429386
-1.5328584477564453
-1.5244384694408273
-1.5159609065018405
-1.507425925193811
-1.4988337011089263
-1.4901844194579035
-1.481478275341912
-1.4727154740151789
-1.4638962311376562
-1.4550207730170504
-1.4460893368399368
-1.4371021708906815
-1.4280595347577887
-1.4189616995267829
-1.4098089479586273
-1.4006015746530807
-1.391339886195904
-1.382024201288867
-1.3726548508620033
-1.363232178166482
-1.353756538847852
-1.3442283009977152
-1.3346478451831505
-1.3250155644537651
-1.3153318643229375
-1.305597162724163
-1.295811889940901
-1.2859764885076135
-1.2760914130824255
-1.2661571302886367
-1.2561741185254027
-1.2461428677445994
-1.2360638791945076
-1.2259376651270861
-1.2157647484697054
-1.2055456624580374
-1.1952809502302801
-1.184971164381179
-1.1746168664739989
11.806648041867758
11.742517675873302
11.676136733795602
11.608335676515926
11.539518497910915
11.469865612502288
11.399437508460803
11.328229155172597
11.25619836606847
11.183280370742656
11.109395059400066
11.034450300329622
10.958343112803135
10.880959621835839
10.802174267013902
10.721848494591585
10.639829029637266
10.555945749882188
10.470009136728418
10.381807246314667
10.291102116125135
10.197625495301866
10.101073756292577
10.001101808964096
9.897315793515734
9.78926427255261
9.676427572670951
9.558204838279018
9.43389825136803
9.30269373682549
9.163637310950957
9.015606041649955
8.857272380395127
8.687060422588166
8.503092510798275
8.303124463394777
8.084469327367092
7.843907502239716
7.57758963805086
7.280939684772397
6.948580807336399
6.574328112715712
6.151330164490108
5.67249961809459
5.131447694339857
4.5241919368455354
3.8518354954020046
3.124015642099862
2.3620017339239587
1.5991604921265652
0.8763730614718559
0.23245139063189818
-0.3062356249298277
-0.7311462613096967
-1.0496997288624428
-1.278868767234987
-1.4385244707035811
-1.5470307594588781
-1.6193223549884186
-1.666635949912569
-1.697018371240519
-1.7160514211428037
-1.7275278787736854
-1.7339906503000928
-1.7371299798375017
-1.7380631327076645
-1.737526017514497
-1.7360022676046563
-1.733809764584001
-1.7311555367400429
-1.728176402973406
-1.7249614136762037
-1.721569988045092
-1.7180398520309972
-1.714395969508412
-1.7106546578773907
-1.7068265686770825
-1.7029186439374948
-1.6989353999755288
-1.6948797697041298
-1.690753655146096
-1.68655828971262
-1.682294475598819
-1.6779627391836136
-1.6735634325986894
-1.6690967999556512
-1.6645630203767017
-1.6599622358068897
-1.6552945688511225
-1.6505601340820935
-1.6457590450843234
-1.6408914187196204
-1.6359573775981986
-1.6309570513916707
-1.625890577414236
-1.6207581007447807
-1.6155597740735652
-1.6102957573886925
-1.6049662175794328
-1.5995713280055415
-1.5941112680628942
-1.5885862227650367
-1.5829963823518507
-1.577341941931512
-1.571623101160121
-1.565840063958407
-1.5599930382661913
-1.554082235833753
-1.5481078720476433
-1.5420701657900397
-1.5359693393277154
-1.5298056182331194
-1.523579231327559
-1.5172904106532306
-1.510939391466361
-1.5045264122512894
-1.4980517147531858
-1.491515544029489
-1.4849181485150853
-1.4782597801031252
-1.4715406942370262
-1.4647611500145854
-1.4579214103007048
-1.4510217418493212
-1.4440624154316692
-1.4370437059705936
-1.429965892679496
-1.4228292592049412
-1.4156340937709697
-1.408380689325669
-1.4010693436874828
-1.3937003596907764
-1.3862740453301616
-1.3787907139021303
-1.3712506841427672
-1.363654280361775
-1.3560018325706127
-1.3482936766048201
-1.3405301542394694
-1.3327116132962813
-1.3248384077427269
-1.3169108977810497
-1.3089294499275275
-1.3008944370802025
-1.2928062385750054
-1.2846652402290282
-1.276471834370319
-1.268226419853513
-1.2599294020601723
-1.2515811928834464
-1.2431822106959955
-1.2347328803007336
-1.2262336328630725
-1.2176849058242833
-1.2090871427953256
-1.2004407934301033
-1.1917463132772588
-1.183004163610316
-1.1742148112347421
-1.1653787282719932
-1.156496391918812
-1.1475682841820993
-1.1385948915875648
-1.1295767048627856
-1.1205142185926316
-1.111407930847202
-1.102258342781579
-1.093065958206325
-1.0838312831284742
-1.0745548252625428
-1.0652370935101265
-1.0558785974089704
-1.0464798465493579
-1.03704134995865
-1.027563615452444
-1.0180471489528722
-1.008492453772639
-0.9989000298648725
-0.9892703730387785
-0.9796039741395911
-0.969901318194076
-0.9601628835195678
-0.9503891407979111
-0.940580552112601
-0.9307375699503887
-0.9208606361652338
-0.9109501809069875
-0.9010066215121495
-0.8910303613582744
-0.8810217845173167
-0.8709812770374162
-0.8609091769193903
-0.8508058258549088
-0.8406715389214774
-0.8305066095930284
-0.8203113083338156
-0.8100858811549856
-0.7998305481358533
-0.7895455019078369
-0.7792309061020651
