690.7396989428819
689.0169500948062
690.398561167496
692.3577508621371
694.3660188763648
696.3006683121137
698.1304719345173
699.8546712802054
701.4873149574034
703.0483701303975
704.5574254997866
706.0304258325383
707.4789191311668
708.9106571891692
710.3306073934232
711.7418883308846
713.1464702694143
714.545641297489
715.9402934868228
717.3310880664333
718.7185462885708
720.1030978227972
721.4851063574968
722.8648836596109
724.2426980931481
725.6187805809035
726.9933293816086
728.3665142537056
729.7384802092507
731.1093509136504
732.479231738989
733.8482124722187
735.2163696882734
736.5837688063423
737.9504658552236
739.3165089776379
740.6819397039112
742.0467940253358
743.4111032950145
744.7748949812905
746.1381932965483
747.5010197204281
748.8633934349068
750.225331684891
751.5868500771684
752.947962827631
754.3086829656579
755.669022502792
757.0289925718206
758.3886035414135
759.747865110442
761.1067863856078
762.4653759452312
763.823641891687
765.1815918943457
766.5392332250246
767.8965727870127
769.2536171388599
770.6103725141335
771.9668448374215
773.3230397379523
774.6789625603775
776.0346183742416
777.3900119814748
778.7451479229727
780.1000304840218
781.4546636988998
782.8090513549209
784.1631969957422
785.5171039244794
786.870775206088
788.2242136697661
789.5774219108471
790.9304022924433
792.283156946985
793.6356877774828
794.9879964584313
796.3400844367484
797.6919529323281
799.0436029384412
800.395035221951
801.7462503232388
803.0972485559378
804.448030006422
805.7985945329804
807.1489417648463
808.4990711008046
809.8489817075704
811.1986725179244
812.5481422283548
813.897389296443
815.2464119379891
816.5952081235693
817.943775574872
819.2921117604125
820.6402138910729
821.9880789150022
823.3357035119634
824.6830840874251
826.0302167659786
827.3770973840984
828.7237214824934
830.0700842977784
831.4161807534125
832.762005450099
834.1075526553003
835.4528162920914
836.7977899272241
838.1424667581945
839.4868395995986
840.8309008683268
842.1746425678808
843.5180562715576
844.8611331045073
846.20386372446
847.5462383013148
848.8882464951789
850.2298774330282
851.5711196837326
852.9119612313923
854.2523894468619
855.5923910573566
856.9319521138829
858.2710579565986
859.6096931775413
860.9478415810279
862.2854861410993
863.622608956082
864.9591911997853
866.2952130694426
867.6306537296838
868.9654912525923
870.2997025533267
871.6332633209574
872.9661479442807
874.298329431875
875.6297793262879
876.960467611424
878.2903626129887
879.6194308909727
880.9476371236578
882.2749439823996
883.6013119962156
884.9266994053208
886.2510620024848
887.5743529611381
888.8965226488483
890.217518424787
891.5372844195556
892.855761295664
894.8161666195058
896.3448183365794
897.6752099115754
898.9219131224852
900.1398490453519
901.3541638281098
902.5753077612117
903.8066538792069
905.0510667968433
906.3065710681136
907.5700400206579
908.8391002882631
910.1119113992473
911.3870196667733
912.663256884161
913.9396673510379
915.2154537819902
916.4899363608033
917.7625212367553
919.0326759386759
920.2999099107942
921.563758851579
922.8237718642537
924.0795006601754
925.330490224605
926.576270477214
927.8163485489865
929.0502013610561
930.2772682350499
931.4969432924432
932.7085674153788
933.9114195446066
935.1047070829364
936.2875551551914
937.4589944475584
938.6179473099228
939.7632117522841
940.893442898679
942.0071313759
943.1025780055389
944.1778640308146
945.2308159372659
946.2589637089986
947.259491087711
948.2291760541999
949.1643193104715
950.0606579781488
950.9132610095588
951.716401885684
