0.0985325
0.12248405907165201
0.1461450689201807
0.16953147813372857
0.19265533258830975
0.2155275501468062
0.2381581562000376
0.2605564179226796
0.28273093040898417
0.30468967685609205
0.32644007420784654
0.3479890101935522
0.3693428748839027
0.39050758843480526
0.4114886259343039
0.4322910398689507
0.4529194805101076
0.47337821439853217
0.4936711410310739
0.5138018078023102
0.5337734232135756
0.5535888683249189
0.5732507063875616
0.592761190552278
0.6121222694999452
0.6313355907813798
0.6504025015811977
0.6693240465305771
0.688100962081462
0.7067336668134853
0.7252222468669888
0.7435664354717095
0.7617655852608886
0.7798186317147516
0.797724045659485
0.8154797722623972
0.8330831542743746
0.8505308315628912
0.8678186227008176
0.8849413743960401
0.9018927840573923
0.918665196794838
0.9352493912455452
0.9516343892575266
0.9678073619396327
0.9837537647524008
0.9994579149386987
1.0149042949552372
1.0300798352791272
1.0449771432796897
1.0595980001025065
1.0739556967134563
1.0880746755675883
1.1019870777546306
1.1157275245386884
1.1293282785209797
1.142816226583895
1.1562118842808295
1.1695297942520815
1.182779574166453
1.1959670907492832
1.2090954990013798
1.222166062984019
1.2351787634791336
1.2481327305402274
1.2610265438830317
1.2738584382002405
1.286626442022779
1.2993284709563355
1.3119623943091656
1.3245260633983535
1.3370173520729869
1.349434165874596
1.3617744670255965
1.374036268780024
1.386217644723447
1.3983167317363372
1.4103317317217046
1.4222609125187564
1.4341026082746524
1.4458552194556489
1.457517212618455
1.469087120022155
1.4805635391342136
1.4919451320659995
1.5032306249614105
1.514418807354139
1.5255085315038537
1.5364987117180369
1.5473883236638895
1.5581764036731405
1.5688620480416293
1.5794444123248006
1.5899227106298586
1.6002962149049977
1.6105642542260001
1.6207262140803258
1.630781535648782
1.640729715084799
1.6505703027913292
1.6603029026953664
1.6699271715200885
1.679442818054599
1.6888496024212902
1.6981473353408219
1.707335877394707
1.7164151382855324
1.7253850760948206
1.7342456965385604
1.7429970522203972
1.7516392418825397
1.7601724096543712
1.7685967442988442
1.7769124784566017
1.7851198878879284
1.7932192907125195
1.8012110466471
1.8090955562409132
1.8168732601091384
1.8245446381642059
1.832110208845099
1.8395705283446278
1.846926189834732
1.8541778226898076
1.8613260917081231
1.8683716963313495
1.8753153698622071
1.8821578786803101
1.8889000214562317
1.8955426283637946
1.9020865602907069
1.908532708047502
1.9148819915749298
1.9211353591497693
1.927293786589207
1.9333582764537403
1.9393298572488116
1.9452095826251605
1.9509985305779929
1.9566978026450899
1.9623085231039283
1.9678318381679387
1.9732689151820078
1.9786209418173404
1.9838891252658506
1.9890746914341417
1.9941788841373511
1.9992029642928866
2.0041482091143257
2.00901591130558
2.0138073782555916
2.018523931233694
2.0231669045858753
2.02773764493213
2.0322375103652512
2.0366678696511227
2.0410301014308674
2.0453255934251713
2.0495557416408907
2.0537219495804053
2.0578256274538824
2.061868191394801
2.065851062679095
2.0697756669481673
2.0736434334361675
2.07745579420182
2.0812141833652653
2.0849200363501175
2.088574789131291
2.0921798774888414
2.0957367362682593
2.0992467986476555
2.102711495412158
2.106132254235997
2.1095104989727345
2.1128476489538843
2.1161451182966298
2.1194043152207436
2.122626641375484
2.1258134911766393
2.128966251154298
2.1320862993116982
2.1351750044957796
2.138233725779572
2.1412638118572223
2.144266600451717
2.147243417736139
2.1501955777684567
2.153124381940655
2.1560311184423764
2.1589170618527005
2.1617834721659532
2.1646315950299426
2.1674626607655956
2.170277884043386
2.173078463441585
2.1758655810226593
2.1786404019273
2.1814040739860765
2.184157727349435
