11.62143
22.507945693889425
22.460697269510288
22.393565085298427
22.322675377505465
22.251094896481305
22.179436158075518
22.107833667547638
22.036327031237835
21.964935233642315
21.89367109356564
21.822544294508187
21.751562271924467
21.680730686817803
21.610053789302917
21.539534720648803
21.46917576282978
21.39897854118832
21.328944186563458
21.259073463468578
21.189366870499356
21.119824718394064
21.050447190334204
20.981234388260525
20.912186368265886
20.843303167511607
20.774584824602893
20.706031394946613
20.637642962276583
20.569419647268102
20.501361613948706
20.43346907444987
20.365742292513307
20.29818158606544
20.23078732909559
20.16355995301678
20.096499947638023
20.029607861846753
19.96288430407095
19.89632994257293
19.82994550560956
19.763731781485443
19.697689618514683
19.631819924903333
19.56612366855738
19.50060187682075
19.435255636143054
19.3700860916763
19.30509444679916
19.240281962563607
19.175649957062564
19.111199804713113
19.046932935450624
18.98285083383062
18.918955038032372
18.855247138760515
18.791728778039975
18.728401647899812
18.665267488941833
18.602328088789882
18.53958528041601
18.477040940340125
18.414696986699802
18.352555377187283
18.29061810685098
18.228887205759797
18.16736473652807
18.106052791699703
18.044953490991322
17.984068978393367
17.923401419130013
17.862952996478235
17.80272590844775
17.7427223643237
17.682944581075
17.62339477963145
17.564075181034028
17.504988002462984
17.446135453149093
17.387519730175296
17.329143014174292
17.27100746493158
17.213115216901244
17.15546837464452
17.098069008201325
17.040919148405052
16.9840207821527
16.92737584764244
16.870986229591228
16.814853754446546
16.75898018560545
16.70336721865639
16.64801647665798
16.592929505470742
16.53810776915689
16.48355264546452
16.42926542141178
16.37524728898762
16.321499340984552
16.268022566979813
16.214817849480436
16.16188596024736
16.10922755681395
16.056843179212738
16.004733246924797
15.952898056064166
15.901337776809937
15.850052451097252
15.799041990577392
15.748306174856396
15.697844650020143
15.647656927453106
15.59774238295596
15.548100256166991
15.498729650289725
15.449629532128904
15.400798732434799
15.352235946554684
15.303939735389406
15.255908526650447
15.208140616413116
15.160634170958778
15.113387228898581
15.066397703569882
15.019663385695148
14.973181946292494
14.926950939825616
14.880967807580255
14.835229881253738
14.78973438674314
14.744478448117125
14.699459091756134
14.654673250645418
14.610117768804745
14.565789405838789
14.521684841592077
14.477800680892592
14.434133458367862
14.39067964331826
14.34743564463196
14.30439781572689
14.261562459505312
14.218925833307152
14.176484153849133
14.134233602137062
14.092170328339805
14.0502904566136
14.008590089867129
13.967065314457445
13.925712204808653
13.884526827945477
13.84350524793512
13.80264353023115
13.761937745914558
13.721383975827534
13.680982668056977
13.640716884216658
13.600595768524457
13.560611197606589
13.520759328141065
13.481036379757454
13.441438608056744
13.40196230721565
13.362603813123924
13.323359506406343
13.28422581531286
13.245199218489917
13.206276247642231
13.167453490091047
13.12872759123393
13.090095256910272
13.051553255676385
13.013098420994691
12.97472765334061
12.93643792223152
12.898226268181935
12.860089804588688
12.822025719550362
12.784031277624853
12.746103821528761
12.708240773782348
12.67043963830378
12.63269800195576
12.595013536047798
12.557383997797245
12.51980723175173
12.48228117117568
12.444803839403004
12.407373351158352
12.369987913848483
12.33264582882561
12.295345492623676
12.258085398168994
12.220864135965794
12.18368039525743
12.146532965163177
12.109420735791042
12.072342699325917
12.035297951093
