174.08626498343
175.01910936992826
175.941920168863
176.85489175759716
177.7582218494686
178.6521114282962
179.53676447701332
180.41238763288237
181.2791897920653
182.13738168039515
182.98717540401222
183.82878399090976
184.66242093224906
185.48829973048757
186.30663345985167
187.11763434343314
187.92151335014793
188.71847981393745
189.5087410768807
190.29250215730238
191.06996544348004
191.84133041316156
192.60679337878366
193.3665472580243
194.12078136911478
194.86968125017424
195.61342850170067
196.35220065125827
197.08617103932713
197.81550872523385
198.5403784120499
199.2609403893265
199.97735049253419
200.68976007807953
201.39831601278732
202.10316067676015
202.80443197855476
203.50226338164677
204.19678394119384
204.88811835014306
205.5763869937738
206.26170601180604
206.9441873672496
207.6239389212131
208.30106451293483
208.9756640443415
209.6478335684835
210.31766538123787
210.98524811570957
211.65066683880352
212.3140031494767
212.97533527821759
213.63473818733542
214.29228367167596
214.948040459413
215.60207431259641
216.25444812716543
216.90522203216625
217.55445348793535
218.2021973830406
218.84850612978926
219.4934297581384
220.13701600786183
220.77931041884685
221.4203564194122
222.06019541255588
222.6988668600548
223.33640836435544
223.97285574820418
224.60824313198208
225.242603008716
225.875966316751
226.50836251007726
227.13981962631175
227.77036435234524
228.4000220876698
229.0288170054088
229.65677211107734
230.2839092991055
230.91024940716065
231.5358122683105
232.16061676106946
232.78468085737558
233.40802166854695
234.03065548926872
234.6525978396629
235.2738635054948
235.8944665765721
236.51442048339052
237.13373803208285
237.7524314377281
238.3705123560753
238.44574483624015
238.52779278075616
238.61656035468994
238.71195311442045
238.8138780285629
238.92224340191513
239.0369588548415
239.157935296045
239.28508489797505
239.41832107425958
239.55755845870527
239.70271288552593
239.8537013705436
240.0104420931718
240.17285437903803
240.34085868313818
240.5143765734417
240.69333071488632
240.87764485371662
241.06724380213015
241.26205342320463
241.46200061608585
241.66701330141834
241.87702040700813
242.09195185370532
242.31173854149938
242.53631233581973
242.76560605403597
242.9995534521531
243.2380892116964
243.48114892678367
243.7286690913796
243.98058708673034
244.23684116897456
244.49737045692865
244.76211492004276
245.0310153665257
245.30401343163572
245.58105156613502
245.86207302490564
246.14702185572395
246.4358428881924
246.72848172282522
247.02488472028668
247.3249989907795
247.62877238358126
247.93615347672684
248.2470915668347
248.56153665907516
248.87943945727855
249.20075135418156
249.52542442180933
249.85341140199205
250.1846656970134
250.51914136038994
250.85679308777878
251.19757620801232
251.54144667425783
251.88836105530055
252.23827652694828
252.59115086355607
252.9469424296687
253.30561017178033
253.66711361020873
254.03141283108314
254.39846847844368
254.76824174645088
255.1406943717045
255.5157886256687
255.89348730720374
256.2737537352013
256.6565517413226
257.0418456628381
257.4296003355671
257.8197810869156
258.2123537290115
258.60728455193555
259.00454031704675
259.404088250401
259.80589603626134
260.209931810699
260.61616415528374
261.024562090862
261.435095071422
261.84773297804486
262.26244611293936
262.67920519356056
263.09798134681023
263.5187461033185
263.94147139180495
264.3661295335185
264.7926932367552
265.221135591452
265.6514300638568
266.08355049127186
266.51747107687146
266.9531663845913
267.39061133408967
267.8297811957786
268.27065158592467
268.71319846181797
269.1573981170087
269.6032271766101
270.05066259266687
270.4996816395887
270.9502619096468
271.40238130853413
