266.58981
366.33124685358234
361.35455820430064
356.8575071594669
352.7438998626109
348.9520970012903
345.4363983507829
342.1604996491843
339.09438967666176
336.212747369775
333.49403611184385
330.9199241813771
328.47485892827564
326.14571619336806
323.9214907275482
321.79301376124954
319.75269289468974
317.79427315573827
315.9126193126757
314.1035197081107
312.36351164290767
310.689727972615
309.0797642095039
307.5315651017851
306.04332940336644
304.61343135709114
303.24035728844365
301.9226556413728
300.65889877636613
299.4476548864695
298.2874684625698
297.17684784588903
296.11425853474145
295.0981210560963
294.12681236192833
293.1986698589817
292.3119973228826
291.46507207878216
290.6561529491471
289.8834885721171
289.1453257822489
288.43991781885273
287.76553218766344
287.1204580500779
286.5030130528202
285.91154954144343
285.3444601245915
284.80018257432636
284.2772040619897
283.7740647400637
283.2893606887485
282.82174625255135
282.3699357972432
281.9327049210055
281.50889115662875
281.0973942034257
280.6971757287493
280.3072587797358
279.9267268458356
279.5547226125633
279.19044644578565
278.8331546450746
278.4821575029217
278.1368172049578
277.79654560450086
277.4608019024116
277.1290902611069
276.80095737925234
276.4759900511782
276.1538127326643
275.83408513230313
275.5164998454457
275.2007800451315
274.8866772425131
274.57396912704576
274.2624574946589
273.9519662705071
273.642339631048
273.3334402285272
273.0251475199577
272.7173562010637
272.4099747446462
272.1029240419653
271.79613614487687
271.48955310573626
271.18312591150476
270.8768135081614
270.57058191104716
270.26440339657864
269.9582557705831
269.65212170841295
269.3459881620457
269.0398458291961
268.73368867994316
268.4275135359831
268.12131969821166
267.8151086183771
267.5088836105626
267.2026495988163
266.8964128972593
266.5901810192062
266.28396251217794
265.9777668159978
265.67160414107207
265.3654853646113
265.0594219423667
264.75342583395536
264.4475094399355
264.1416855489036
263.8359672931754
263.5303681118287
263.2249017196859
262.91958208157257
262.61442339062194
262.3094400500633
262.00464665769493
261.7000579925182
261.3956890030403
261.09155479671773
260.7876706304349
260.4840519014709
260.1807141387985
259.87767299459085
259.57494423574957
259.2725437352428
258.97048746334167
258.6687914785085
258.3674719180692
258.06654498852174
257.7660269554905
257.4659341334091
257.1662828749316
256.86708955996477
256.5683705844582
256.2701423491141
255.97242124772603
255.6752236555166
255.37856591730574
255.0824643356311
254.78693515883825
254.49199456919624
254.19765867102146
253.90394347900923
253.61086490649507
253.31843875404383
253.0266806980634
252.73560627984628
252.44523089454887
252.15556978060997
251.8666380094403
251.57845047531657
251.2910218855445
251.00436675107858
250.71849937728945
250.43343385514964
250.14918405275924
249.86576360716003
249.58318591643308
249.30146413228357
249.02061115280708
248.74063961559438
248.4615618912967
248.18339007730384
247.90613599195683
247.62981116890228
247.35442685170156
247.07999398892673
246.80652322935777
246.53402491755907
246.2625090896043
245.99198546914874
245.72246346362306
245.45395216088784
245.18646032578954
244.9199963971159
244.65456848477385
244.390184366982
244.12685148782091
243.86457695489864
243.6033675370971
243.3432296625822
243.08416941683598
242.82619254097293
242.56930443012803
242.3135101318028
242.0588143446782
241.8052214172444
241.55273534668584
241.3013597778533
241.05109800230355
240.8019529575221
240.55392722617952
240.3070230355871
240.06124225713765
239.8165864059319
239.57305664067022
239.3306537632731
239.08937821900798
238.84923009656347
