5240602.8626112
1122645.2374602442
1114276.3670302448
1105917.7806142964
1097672.2033557596
1089550.2215304084
1081540.4506470507
1073630.7624987385
1065811.6197305343
1058075.9193872246
1050418.4075757011
1042835.1848609543
1035323.3436799714
1027880.7076743272
1020505.6429866563
1013196.9201192799
1005953.6118278222
998775.0171192492
991660.6044242961
984609.9690018421
977622.8009825813
970698.8614024317
963837.9642497295
957039.9630417865
950304.7408105773
943632.2026496019
937022.2701801809
930474.8774511178
923989.9679047595
917567.4921323749
911207.4062108125
904909.6704643065
898674.2485348501
892501.1066744456
886390.213194953
880341.538028076
874355.0523607216
868430.7283202294
862568.5386910338
856768.4566493097
851030.4555061284
845354.5084521677
839740.5882992382
834188.6672152495
828698.7164502722
823270.7060521638
817904.60457077
812600.3787500012
807357.9932075397
802177.4101019277
797058.5887870969
792001.4854543976
787006.0527623423
782072.2394542776
777199.9899643029
772389.2440117773
767639.9361848107
762951.9955131796
758325.3450311527
753759.9013307801
749255.5741062152
744812.2656897511
740429.8705802497
736108.2749647717
731847.3562342501
727646.9824941106
723507.0120708636
719427.2930157486
715407.6626065732
711447.9468490514
707547.9599789343
703707.503966419
699926.3680243358
696204.3281217702
692541.146504818
688936.5712263167
685390.3356864431
681902.1581861752
678471.7414957262
675098.7724400884
671782.9215039366
668523.8424582016
665321.1720106653
662174.5294830067
659083.5165167316
656047.7168104659
653066.6958910902
650140.0009212142
647267.1605453988
644447.6847776118
641681.064932187
638966.7736006406
636304.2646764694
633692.9734300071
631132.3166352289
628621.692750266
626160.4821531534
623748.0474341636
621383.7337458122
619066.8692113855
616796.7653925453
614572.7178162615
612394.0065610427
610259.8969020458
608169.6400143568
606122.4737333277
604117.62337052
602154.3025834175
600231.7142967023
598349.0516725138
596505.4991267379
594700.2333880259
592932.42459588
591201.2374338442
589505.832293469
587845.3664645401
586218.9953466647
584625.8736772314
583065.1567704587
581536.0017621482
580037.5688546561
578569.0225564769
577129.5329108702
575718.2767079223
574334.4386745392
572977.2126369624
571645.8026505462
570339.4240917108
569057.3047072918
567798.6856166917
566562.8222626114
565348.9853064596
564156.4614649176
562984.554284536
561832.584851643
560699.8924352952
559585.8350614705
558489.7900170707
557411.1542828844
556349.3448949954
555303.7992346429
554273.9752469436
553259.3515893178
552259.4277108565
551273.723864236
550301.7810521787
549343.1609107191
548397.4455318953
547464.2372287137
546543.1582454599
545633.8504166532
544735.9747780852
543849.2111335042
542973.2575806305
542107.8300002178
541253.2727129204
540407.509480789
539572.1196001153
538746.2905464964
537929.8136797015
537122.4991614581
536324.1707428206
535534.6649818575
534753.8305614686
533981.5276099351
533217.6270210815
532462.0097767261
531714.5662741082
530975.1956607166
530243.805178603
529520.3095200633
528804.6301963029
528096.6949205388
527396.4370067801
526703.7947853596
526018.7110361332
525341.1324400784
524671.0090498772
524008.29377994663
523352.9419162371
522704.91064597655
522064.1586074707
521430.6454599229
520804.3314731798
520185.1771372088
519573.1427910713
518968.1882710428
518370.2725775311
517779.3535603994
517195.3876222074
516618.3294389497
516048.1316977661
515484.74485115806
514928.1168871857
514378.1931151762
513834.91596641316
513298.2248093746
512768.0557790267
512244.3416197547
