10.3121
14.343571628154104
14.361765347223795
14.379604670426929
14.397212407631082
14.414707022025215
14.432198754539685
14.44978593807193
14.467552644864746
14.485567155511395
14.503880960164036
14.522528014903568
14.54152416828106
14.56086689153311
14.580535642955331
14.60049329509087
14.620688974317988
14.641062371586713
14.661549143450118
14.682086605694476
14.702618734999641
14.723099651143258
14.7434951885068
14.76378267598731
14.783949417299048
14.803990498093237
14.823906472407861
14.843701299265703
14.863380708427702
14.882951028589517
14.902418425934343
14.92178846551844
14.941065904432124
14.960254638125528
14.979357739065788
14.998377544218167
15.017315762271014
15.036173582487011
15.054951774874343
15.073650776648389
15.092270763335929
15.110811704907094
15.129273408432084
15.147655549266261
15.16595769289316
15.184179309455548
15.20231978278514
15.220378416065163
15.238354431616685
15.256246975742044
15.274055115336301
15.291777838020197
15.309414051393947
15.326962582525246
15.344422177824274
15.361791503382118
15.379069145794167
15.39625361345212
15.413343338263799
15.430336677745794
15.44723191742722
15.464027273501484
15.480720895665355
15.497310870089288
15.513795222468792
15.530171921113451
15.54643888003684
15.562593962016912
15.57863498160277
15.594559708048902
15.610365868162816
15.626051149056416
15.641613200794522
15.657049638937373
15.672358046976031
15.687535978661641
15.702580960231108
15.7174904925328
15.732262053056775
15.746893097874723
15.761381063495085
15.775723368639138
15.78991741594383
15.803960593597278
15.817850276912464
15.831583829844792
15.845158606458709
15.858571952348443
15.871821206017563
15.884903700221852
15.89781676327957
15.910557720352879
15.923123894704098
15.935512608929702
15.947721186175349
15.959746951334134
15.971587232230833
15.983239360793926
15.994700674217409
16.00596851611401
16.01704023766111
16.027913198740748
16.03858476907454
16.049052329354467
16.05931327237018
16.069365004133317
16.079204944999205
16.088830530786225
16.098239213892917
16.107428464412866
16.11639577124729
16.12513864321502
16.1336546101598
16.141941224054342
16.149996060105774
16.15781671782639
16.165400822178707
16.17274602460666
16.179850004144882
16.186710468486744
16.193325155050882
16.19969183203971
16.20580829948881
16.211672390306678
16.21728197130379
16.22263494420992
16.22772924667943
16.23256285328295
16.23713377648493
16.24144006760602
16.245479817769535
16.24925115883065
16.252752264288283
16.255981350177432
16.258936675942774
16.26088253763619
16.26363627006651
16.265964246495837
16.267933459402297
16.269576500178704
16.270908455210606
16.27193570515495
16.27266035246328
16.273082414151276
16.273200916622034
16.273014442140937
16.272521403222918
16.271720180635107
16.270609192498394
16.26918692835433
16.267451965355132
16.265402975341633
16.263038727314303
16.26035808761929
16.25736001904425
16.254043579432217
16.250407920116572
16.24645228432241
16.24217600559581
16.237578506283377
16.2326592960659
16.227417970530272
16.22185420977755
16.215967777047545
16.209758517350682
16.203226356094234
16.196371297692988
16.189193424153967
16.181692893626245
16.17386993890699
16.165724865895623
16.157258051998816
16.148469944408607
16.13936105843824
16.12993197563638
16.12018334194076
16.110114961599848
16.09973036262335
16.089027561884055
16.07800839693279
16.06667380297474
16.05502476760931
16.043062327941094
16.03078756891781
16.01820162230565
16.005305666763007
15.992100929748272
15.978588692439658
15.964770299563662
15.950647177213451
15.936220863719864
15.921493062005911
15.906465727687507
15.891141217485485
15.875522541121457
15.859613794305147
15.843420915867663
15.826953040184742
15.810224975169353
