0.0009425806505317781
0.000780516732931778
0.0005809990955061634
0.00042616326959276913
0.000311259691650082
0.00023049255225131358
0.00017543018538858146
0.00013784360930967483
0.00011163248304133172
9.282953430382982e-05
7.895654389343164e-05
6.845728497326085e-05
6.033066659299085e-05
5.391352273802117e-05
4.875397340978366e-05
4.4536467357005853e-05
4.1036117929084004e-05
3.808992899534293e-05
3.5578056715801276e-05
3.341125390155765e-05
3.152226327326963e-05
2.9859813695153398e-05
2.838437548165053e-05
2.7065126745956628e-05
2.587776502870917e-05
2.4802915165001036e-05
2.3824961393141648e-05
2.2931183684317557e-05
2.2111113830440942e-05
2.1356051432082656e-05
2.065869707464655e-05
2.001287201035363e-05
1.9413302172617696e-05
1.885545037851851e-05
1.8335384894068565e-05
1.784967564256452e-05
1.7395311577885097e-05
1.6969634384352303e-05
1.6570284860686775e-05
1.6195159227895846e-05
1.584237326004382e-05
1.5510232621210535e-05
1.519720816524224e-05
1.4901915225573176e-05
1.4623096139754525e-05
1.4359605410428279e-05
1.4110397030867466e-05
1.3874513597851537e-05
1.365107690969831e-05
1.3439279806223114e-05
1.3238379052426509e-05
1.3047689104997363e-05
1.286657662889578e-05
1.2694455654965901e-05
1.2530783287124146e-05
1.2375055884769349e-05
1.2226805656084614e-05
1.208559760859948e-05
1.1951026812850822e-05
1.1822715938914698e-05
1.1700313035380076e-05
1.1583489519441503e-05
1.1471938357014172e-05
1.1365372409089618e-05
1.1263522928020993e-05
1.116613818681675e-05
1.1072982227641195e-05
1.0983833717818044e-05
1.0898484901712514e-05
1.0816740640260763e-05
1.0738417528124953e-05
1.0663343082740456e-05
1.0591354997425752e-05
1.05223004529078e-05
1.0456035482446413e-05
1.0392424385496366e-05
1.0331339185193785e-05
1.0272659126837395e-05
1.0216270213101225e-05
1.0162064773202193e-05
1.0109941063305459e-05
1.0059802895335947e-05
1.001155929212482e-05
9.965124166732238e-06
9.92041602386026e-06
9.877357682067569e-06
9.835876014650302e-06
9.79590170807728e-06
9.757369036799662e-06
9.720215652679335e-06
9.6843823883289e-06
9.649813073549786e-06
9.616454363323063e-06
9.584255577130589e-06
9.553168548134134e-06
9.52314748232982e-06
9.494148826340074e-06
9.466131143188425e-06
9.43905499616148e-06
9.41288283969961e-06
9.387578916692077e-06
9.363109162222744e-06
9.339441113099622e-06
9.316543822604697e-06
9.294387780536202e-06
9.272944837729613e-06
9.252188135099226e-06
9.23209203689522e-06
9.2126320675851e-06
9.193784852624233e-06
9.175528062352266e-06
9.157840359213185e-06
9.140701347922417e-06
9.12409152846469e-06
9.107992251541656e-06
9.092385676692472e-06
9.077254732540366e-06
9.062583079316655e-06
9.048355073379423e-06
9.03455573364739e-06
9.021170709838306e-06
9.008186252439863e-06
8.995589184154879e-06
8.983366873044982e-06
8.971507206819104e-06
8.959998568722285e-06
8.948829814520422e-06
8.93799025076978e-06
8.92746961402961e-06
8.917258051371144e-06
8.907346101670426e-06
8.897724677956326e-06
8.888385050617671e-06
8.879318831387082e-06
8.870517958259284e-06
8.861974680980774e-06
8.853681547427605e-06
8.845631390449493e-06
8.837817315546953e-06
8.830232689030408e-06
8.822871126736648e-06
8.815726483346773e-06
8.808792842168782e-06
8.802064505427028e-06
8.795535984969913e-06
8.789201993449851e-06
8.783057435881216e-06
8.777097401598084e-06
8.771317156561523e-06
8.765712136070853e-06
8.760361932943427e-06
8.755289112943298e-06
8.750461997724729e-06
8.745855182604624e-06
8.741448138664637e-06
8.7372243136549e-06
8.733170320515245e-06
8.729275206620294e-06
8.72555158806371e-06
8.721993734641765e-06
8.718588816463142e-06
8.715326579000981e-06
8.712198646643132e-06
8.709198042500263e-06
8.706318846137326e-06
8.703555945466257e-06
8.700904854714122e-06
8.698361579492752e-06
8.695922515882004e-06
8.693584374312406e-06
8.691344121613929e-06
8.6891989365174e-06
8.687146175174068e-06
8.685183344173696e-06
8.683308079216248e-06
8.681518128061745e-06
8.679811336726033e-06
8.67818563815946e-06
8.676639042853807e-06
8.67516963088315e-06
8.673775545067804e-06
8.672454984994861e-06
8.671206201669192e-06
8.670027492651932e-06
8.668917197515621e-06
8.667873693526942e-06
8.666895391445993e-06
8.665980731349688e-06
8.665128178388738e-06
8.664336218413483e-06
8.663603353365397e-06
8.662928096364876e-06
8.662308966396864e-06
8.661744482479636e-06
8.661233157225625e-06
8.66077348963266e-06
8.66036395698533e-06
8.660003005647961e-06
8.65968904054555e-06
