0.9446890760365874
0.9382727132607901
0.9388725022488899
0.9394483987839071
0.9400160812476728
0.9405776156439773
0.9411344198846162
0.9416876065348039
0.9422380506042393
0.9427864392974765
0.943333311456735
0.9438790888510723
0.9444241009647713
0.9449686046111624
0.9455127994343958
0.9460568401483834
0.9466008461902339
0.9471449093274245
0.947689099647338
0.9482334702693521
0.948778061049128
0.9493229014885657
0.9498680130202317
0.9504134107995745
0.9509591051101532
0.9515051024648198
0.9520514064681758
0.9525980184917023
0.9531449382020091
0.9536921639739087
0.9542396932133053
0.9547875226093889
0.9553356483315254
0.9558840661827991
0.9564327717196767
0.9569817603450826
0.95753102738071
0.9580805681230283
0.958630377886531
0.9591804520369652
0.9597307860167175
0.9602813753640086
0.9608322157272358
0.9613833028754928
0.9619346327060686
0.9624862012495564
0.9630380046730903
0.9635900392820712
0.9641423015207138
0.9646947879716546
0.9652474953548106
0.9658004205256374
0.966353560472935
0.9669069123162651
0.9674604733030894
0.9680142408056798
0.968568212317854
0.969122385451583
0.9696767579335164
0.9702313276014235
0.9707860924006224
0.9713410503803712
0.9718961996902685
0.9724515385766782
0.9730070653791645
0.9735627785269862
0.9741186765356197
0.9746747580033601
0.9752310216079599
0.9757874661033697
0.9763440903165038
0.9769008931441382
0.977457873549849
0.9780150305610414
0.9785723632660758
0.9791298708114605
0.9796875523991487
0.980245407283911
0.9808034347708
0.9813616342126974
0.9819200050079537
0.9824785465981137
0.9830372584657158
0.9835961401321962
0.9841551911558476
0.9847144111298886
0.9852737996805928
0.9858333564654965
0.986393081171699
0.9869529735142207
0.9875130332344229
0.9880732600985448
0.9885665820048702
0.9890777507454807
0.9896029428162948
0.9901371505030333
0.990679496227507
0.9912275212045056
0.9917798161732493
0.992335330306497
0.992893279951754
0.9934530806652155
0.9940142965668671
0.9945766025883971
0.995139756323885
0.9957035770363437
0.9962679299985314
0.9968327148113024
0.9973978566884187
0.9979632999540846
0.9985290031911689
0.9990949356209776
0.9996610744018491
1.0002274026133913
1.0007939077522663
1.0013605806097343
1.0019274144340415
1.0024944043053965
1.003061546669541
1.0036288389897159
1.0041962794869541
1.0047638669462857
1.0053316005721422
1.005899479880472
1.0064675046182403
1.0070356747033842
1.0076039901800133
1.0081724511850025
1.008741057923072
1.0093098106482181
1.0098787096498691
1.0104477552425615
1.011016947758272
1.0115862875406998
1.0121557749410104
1.0127254103146968
1.0132951940192327
1.0138651264123475
1.0144352078507521
1.0150054386892093
1.0155758192798399
1.0161463499716417
1.0167170311101275
1.0172878630370803
1.017858846090381
1.018429980603893
1.019001266907391
1.0195727053265289
1.020144296182815
1.0207160397936255
1.0212879364722054
1.0218599865277094
1.0224321902652127
1.0230045479857686
1.0235770599864336
1.0241497265603143
1.024722547996608
1.0252955245806552
1.025868656593966
1.0264419443142931
1.02701538801565
1.0275889879683768
1.0281627444391697
1.0287366576911399
1.0293107279838418
1.0298849555733318
1.030459340712203
1.0310338836496273
1.031608584631404
1.0321834438999975
1.0327584616945722
1.0333336382510445
1.033908973802115
1.0344844685773096
1.0350601228030216
1.0356359367025418
1.0362119104961038
1.0367880444009188
1.0373643386312112
1.037940793398256
1.0385174089104152
1.039094185373169
1.0396711229891544
1.040248221958198
1.04082548247735
1.041402904740915
1.0419804889404893
1.0425582352649916
1.0431361439006857
1.0437142150312297
1.0442924488376901
1.0448708454985811
1.045449405189898
1.0460281280851307
1.0466070143553114
1.0471860641690347
1.0477652776924857
1.0483446550894688
1.04892419652144
