8.931523450225002
8.421483752032717
7.994533810681544
7.638812556385683
7.34299625361659
7.096626175916424
6.890325937750473
6.715896635267218
6.566314306490163
6.435662823541382
6.319033799111813
6.212418575854618
6.112608773982824
6.017113194403924
5.92409110876726
5.83229580570764
5.741018549350521
5.6500227809946395
5.55946188250203
5.4697802743002235
5.381604745834954
5.295637831086855
5.212565795171419
5.1329904306659015
5.057388205450947
4.986094760957187
4.919309051480291
4.857110053821174
4.799479506801814
4.746325708034033
4.697505219556978
4.652840920306213
4.612135987932199
4.575184089317852
4.541776398827702
4.511706160846464
4.484771469893903
4.460776831898486
4.439533941655421
4.420861990589604
4.404587717779969
4.390545339078767
4.378576432651366
4.3685298208501555
4.360261463952925
4.353634367136799
4.348518494930295
4.344790695004293
4.342334568348316
4.341040396954197
4.340804997379386
4.341531566076867
4.343129502040112
4.34551420739907
4.348606868265959
4.3523342188895064
4.3566282925975335
4.361426163154431
4.366669680097064
4.372305201399845
4.378283326508498
4.384558632413809
4.391089415044354
4.397837437864332
4.404767689186365
4.411848149360561
4.419049568686612
4.426345256618545
4.433710882592255
4.441124288603308
4.448565313493975
4.456015628771538
4.463458585670889
4.470879073090104
4.478263385964644
4.4855991036011
4.492874977461596
4.500080827873301
4.507207449130796
4.514246522460903
4.521190536327922
4.528032713570846
4.534766944881325
4.541387728151522
4.547890113242965
4.554269651750979
4.560522351363199
4.566644634434941
4.572633300428231
4.5784854918848135
4.584198663626431
4.58977055489774
4.59519916418831
4.600482726490348
4.605619692767786
4.610608711430319
4.615448611622972
4.6201383881574145
4.6246771879261255
4.629064297654147
4.633299132856039
4.6373812278772535
4.641310226910314
4.645085875886047
4.6487080151495395
4.652176572838907
4.655491558892915
4.658653059620528
4.661661232772144
4.664516303058169
4.667218558066151
4.669768344532617
4.672166064930216
4.674412174335095
4.676507177667786
4.67845162649245
4.680246117427065
4.681891289199468
4.6833878206934685
4.684736428942616
4.6859378672450624
4.68699292338558
4.687902417952458
4.688667202738685
4.689288159217891
4.6897661970871045
4.690102252868963
4.69029728856734
4.6903522903709565
4.690268267400326
4.690046250493975
4.689687291030558
4.689192459783944
4.688562845808658
4.687799555353363
4.698145630805348
4.702725280307395
4.706131224534323
4.71019780195281
4.715588473553236
4.722492691441894
4.730920021450408
4.7408193264881575
4.7521243702009714
4.76476974545563
4.778695433074972
4.793847373987395
4.810176875975083
4.8276398416876765
4.846196105031872
4.865808919161843
4.886444568901041
4.908072070360086
4.9306629277422775
4.954190926907666
4.978631952937415
5.003963824143776
5.030166138196454
5.057220127915789
5.085108525314903
5.113815432996754
5.143326202265827
5.173627317387048
5.20470628543417
5.236551531126579
5.269152295988524
5.302498541083764
5.336580852483996
5.371390348515426
5.406918587690564
5.443157476060148
5.480099172504671
5.517735990190605
5.556060292059788
5.5950643777645785
5.634740356710649
5.675079772528466
5.716074459687718
5.75771470718625
5.7999902251596795
5.842889536651094
5.886399640046628
5.930505584498291
5.975189930180743
6.020432053105405
6.066207237758167
6.112485476730395
6.159229860611434
6.206394387027359
6.25392093390153
6.301735010472119
6.349739689054136
6.397806776329122
6.4457637072659155
6.493373657954729
6.540304636377058
6.586080162147229
6.6299982598497165
6.67099409717739
