-26.27091694406443
-2.877635657725648
-26.695352805196343
-2.929097917596678
-27.110732956509626
-2.9783474381231256
-27.497658601764595
-3.024194054104044
-27.83330830126784
-3.064275096073297
-28.101132641504954
-3.0967739930910114
-28.297094029173913
-3.121232404247794
-28.429362706559633
-3.138539684386536
-28.512788284162987
-3.1503251350903096
-28.56281784137877
-3.158284630547169
-28.59193879926379
-3.1637858286460725
-28.608754699735513
-3.167765766616052
-28.618524174473585
-3.170792040072573
-28.62414612747913
-3.173174351920294
-28.627068502090356
-3.175067334411025
-28.62794990860397
-3.176544828409271
-28.627074519582585
-3.177645483064773
-28.624580683698856
-3.178396754616468
-28.62056998292561
-3.17882526224763
-28.61514913164347
-3.178959768843285
-28.60843906279132
-3.1788308484405237
-28.60057082391994
-3.1784694911244395
-28.591678095458906
-3.1779056994450885
-28.581890485348346
-3.1771674575538955
-28.571328867652106
-3.1762801281201978
-28.560102760512123
-3.1752662036535746
-28.54830930158133
-3.1741453085324327
-28.536033312053714
-3.172934357418024
-28.523348023164083
-3.171647798458956
-28.510316150662465
-3.1702978917634734
-28.49699110419476
-3.1688949914416673
-28.483418202829448
-3.1674478132672355
-28.46963581911396
-3.1659636781394993
-28.455676414732785
-3.1644487276496496
-28.441567454495004
-3.1629081114773907
-28.427332197100093
-3.16134614794077
-28.412990371913338
-3.1597664604076865
-28.39855875237578
-3.158172092313838
-28.384051638059407
-3.156565603567719
-28.369481259463747
-3.1549491512582866
-28.354858115000994
-3.1533245567902344
-28.340191253294236
-3.1516933619615433
-28.325488506536146
-3.150056875357922
-28.310756685750935
-3.148416211060669
-28.296001742515166
-3.146772320702394
-28.281228903866314
-3.1451260201457707
-28.266442784348104
-3.1434780116139467
-28.25164747922963
-3.1418289020683825
-28.23684664246628
-3.1401792185237363
-28.222043551487836
-3.138529420750269
-28.207241161603182
-3.1368799118854986
-28.19244215136229
-3.135231047251719
-28.177648960750915
-3.133583141732249
-28.16286382268963
-3.131936475848501
-28.148088790436077
-3.1302913009624365
-28.133325760125956
-3.128647843548786
-28.11857648958837
-3.1270063087406195
-28.103842615152892
-3.1253668834220427
-28.089125664514334
-3.1237297386289717
-28.07442706972162
-3.1220950318485694
-28.059748175664694
-3.1204629085938547
-28.045090250060227
-3.118833504106972
-28.0304544896847
-3.11720694447222
-28.015842027432406
-3.115583347790196
-28.001253937580405
-3.113962825056011
-27.986691240405317
-3.112345480911091
-27.972154906750223
-3.110731414357281
-27.957645861112848
-3.1091207192406447
-27.94316498570777
-3.107513484850296
-27.928713122293452
-3.1059097961902746
-27.91429107566891
-3.104309734470821
-27.89989961552495
-3.1027133773592963
-27.88553947832091
-3.101120799227617
-27.871211369578234
-3.099532071450621
-27.856915965630588
-3.097947262623086
-27.84265391455737
-3.09636643866062
-27.82842583833576
-3.0947896630668916
-27.81423233379008
-3.0932169970312335
-27.800073973877264
-3.091648499572364
-27.785951309050862
-3.0900842276917966
-27.771864868125935
-3.0885242364578365
-27.75781515942851
-3.0869685791293393
-27.743802671809128
-3.08541730726075
-27.72982787530198
-3.0838704707590083
-27.715891222487073
-3.082328118038366
-27.701993148902247
-3.080790296044438
-27.688134073957443
-3.079257050349436
-27.674314402108237
-3.0777284252836803
-27.66053452301413
-3.076204463928099
-27.646794812354262
-3.0746852081997096
-27.63309563305219
-3.0731706989940375
-27.61943733530688
-3.0716609761639075
-27.605820257825123
-3.070156078665842
-27.592244727664518
-3.068656044515949
-27.578711061776495
-3.067160910981931
-27.565219567193143
-3.06567071458831
-27.551770541030542
-3.06418549109898
-27.538364271965403
-3.0627052757040305
-27.52500104057876
-3.0612301030505265
-27.511681119303084
-3.0597600072209357
-27.498404773499658
-3.0582950218687834
-27.485172261979002
-3.0568351802780223
-27.471983837041382
-3.0553805153580798
-27.458839745575816
-3.0539310597859046
-27.445740228934152
-3.0524868459804075
-27.432685523665945
-3.0510479061971782
-27.419675862235913
-3.0496142726214384
-27.406711472822128
-3.0481859773361126
-27.3937925805205
-3.0467630524847045
-27.380919407042438
-3.045345530227981
-27.368092171561297
-3.0439334428604234
-27.355311091058
-3.042526822858695
-27.34257638086978
-3.041125702959406
-27.329888254561183
-3.0397301161454835
-27.31724692500717
-3.038340095800428
-27.30465260420562
-3.0369556756893417
-27.29210550402358
-3.0355768900700024
-27.27960583644762
-3.0342037737372047
-27.267153813965216
-3.032836362086879
-27.254749649957567
-3.0314746911835107
-27.242393559227345
-3.0301187978477317
-27.230085757916715
-3.028768719662452
-27.21782646464663
-3.0274244951481877
-27.20561589983309
-3.0260861636908896
-27.193454287127526
-3.024753765762951
-27.181341853164486
-3.0234273429144465
-27.169278828373763
-3.0221069379127603
-27.15726544660649
-3.0207925947228302
-27.145301946599407
-3.019484358741407
-27.13338857144236
-3.018182276761184
-27.121525569506623
-3.016886397138155
-27.109713194745964
-3.015596769876395
-27.09795170681255
-3.0143134466915686
-27.086241372216673
-3.013036481220618
-27.07458246388186
-3.0117659290168506
-27.06297526255528
-3.010501847802712
-27.05142005620444
-3.0092442974529803
-27.039917141607063
-3.007993340282313
-27.028466824246728
-3.0067490411073488
-27.01706941878075
-3.0055114673935512
-27.005725249994704
-3.004280689474844
-26.994434653149302
-3.0030567806978317
-26.983197974774367
-3.001839817634945
-26.972015573094502
-3.0006298802561737
-26.96088781900006
-2.999427052184458
-26.94981509659092
-2.9982314209032626
-26.93879780405416
-2.9970430780208717
-26.927836354380435
-2.9958621195250763
-26.91693117669585
-2.9946886461347546
-26.93387689465958
-2.9914734810702046
-26.929449891190597
-2.9918881459551665
-26.923288308926708
-2.9920361678104035
-26.915795140850353
-2.991918008786371
-26.90731633477072
-2.9915691087650162
-26.89813002245554
-2.991033438460643
-26.888451977368504
-2.9903526422338937
-26.878446059771488
-2.989562273018757
-26.868132792669563
-2.988659642491796
-26.857693866321373
-2.987691017352085
-26.847232461615985
-2.986687191520034
-26.83678988194701
-2.9856610522975373
-26.82639711213042
-2.984622201367742
-26.816077113064345
-2.983577820438296
-26.805846721704782
-2.98253330196505
-26.795718159234152
-2.981492711815177
-26.78570020143691
-2.9804591306536574
-26.77579907503681
-2.979434907157929
-26.766019139243067
-2.978421846814797
-26.75636340135892
-2.9774213533411538
-26.746833904612444
-2.9764345349862498
-26.737432019879435
-2.975462284928379
-26.7281586647156
-2.9745053424196253
-26.719014467621463
-2.9735643396069693
-26.709999891495666
-2.9726398377402306
-26.701115326565915
-2.9717323555029163
-26.692361160607607
-2.9708423915269027
-26.683737832744836
-2.969970442702632
-26.6752458759508
-2.969117019561808
-26.666885950255615
-2.968282659465444
-26.658658871074977
-2.967467938562202
-26.650565634355463
-2.9666734830526638
-26.64260744002704
-2.965899980224783
-26.634785716424574
-2.9651481898539114
-26.627102145754872
-2.9644189561997454
-26.619558693611154
-2.963713221218352
-26.612157643182258
-2.963032039296286
-26.604901636066145
-2.9623765939944735
-26.597793721509472
-2.9617482172970373
-26.590837417254715
-2.9611484120681033
-26.584036783593714
-2.960578878243497
-26.57739651554855
-2.960041543768676
-26.570922056892787
-2.95953860118435
-26.56461974127311
-2.9590725510274676
-26.55849696941462
-2.9586462537767653
-26.55256242907017
-2.9582629918442738
-26.546826373070825
-2.957926544349253
-26.541300967096507
-2.95764127700997
-26.53600073039806
-2.9574122511076966
-26.530943095489658
-2.9572453559073915
