-23.167851566120575
-22.828581707755234
-22.527758045856388
-22.28451161854931
-22.12085447411137
-22.04996632586488
-22.069735506308223
-22.164248950187364
-22.310859346044644
-22.48731560252131
-22.67565044653635
-22.863027465053694
-23.041072704124165
-23.20483414660131
-23.35184295153083
-23.481369497135113
-23.59384772300205
-23.690433191942493
-23.772672854565812
-23.842270238488325
-23.900929402332324
-23.9502599540182
-23.99172623425952
-24.026626331249947
-24.056089872190277
-24.081086694534736
-24.102441104809614
-24.1208483626914
-24.13689138408988
-24.1510565466507
-24.163748044111138
-24.175300588545156
-24.185990447087207
-24.196044913679135
-24.205650366763134
-24.21495907716155
-24.224094935611003
-24.23315825349518
-24.242229775505425
-24.251374030306756
-24.260642120819266
-24.27007405066841
-24.279700656697607
-24.289545218842083
-24.299624797401673
-24.309951345553234
-24.320532633571375
-24.33137301691915
-24.34247407486099
-24.353835140603024
-24.365453742028134
-24.377325967315436
-24.38944676862513
-24.4018102127594
-24.414409690640692
-24.427238089377422
-24.440287933966623
-24.45355150578695
-24.467020937262724
-24.480688293348436
-24.494545632885423
-24.50858506380243
-24.522798782881242
-24.53717911096291
-24.551718518957397
-24.566409648311208
-24.581245327598314
-24.596218583042155
-24.61132264861277
-24.62655096937441
-24.641897206721328
-24.657355238655953
-24.672919159219386
-24.688583277805417
-24.704342116559047
-24.720190405700652
-24.736123080883086
-24.75213527771554
-24.76822232686841
-24.784379749046916
-24.800603249026178
-24.816888710111296
-24.833232188382734
-24.849629906340137
-24.866078247943324
-24.882573751853297
-24.899113105930088
-24.91569314222959
-24.93231083015417
-24.94896327118564
-24.965647694495928
-24.98236145035676
-24.999102006119976
-25.015866939600738
-25.032653936116077
-25.049460782782965
-25.066285362766187
-25.08312565272142
-25.099979717912518
-25.116845706762437
-25.13372184802716
-25.150606446676885
-25.167497879226172
-25.184394591144514
-25.201295092047108
-25.21819795273902
-25.235101802302758
-25.252005323392456
-25.268907250692994
-25.285806366122358
-25.302701496755134
-25.319591511629334
-25.336475319135126
-25.35335186301741
-25.370220121076073
-25.387079101136532
-25.403927839169945
-25.420765396324907
-25.437590856342347
-25.454403322958647
-25.471201917727708
-25.48798577642787
-25.504754048256668
-25.52150589099012
-25.53824047077801
-25.55495695824101
-25.571654526831292
-25.588332348700106
-25.604989594394723
-25.62162542820582
-25.638239006676425
-25.654829475575518
-25.67139596653913
-25.687937595696624
-25.704453458830148
-25.72094263038658
-25.737404157991353
-25.75383706157466
-25.770240328533188
-25.78661291013136
-25.802953718555305
-25.819261622466044
-25.835535443297548
-25.851773950317817
-25.86797585668968
-25.88413981414089
-25.90026440797667
-25.916348151247718
-25.932389479815956
-25.95503352190298
-25.94370981794807
-25.937648062969664
-25.936300062365248
-25.93884483400003
-25.94446684364043
-25.95245660985605
-25.962234220328124
-25.97180827925597
-25.982158365074714
-25.99359502698178
-26.005801158026248
-26.018543425525607
-26.03164847041698
-26.044986441595153
-26.05845935439093
-26.071992723496653
-26.085529473655367
-26.099025465320494
-26.112446179792776
-26.12576424336583
-26.138957566511746
-26.152007934838725
-26.164899933624326
-26.1776201196428
-26.190156375967746
-26.20249740214045
-26.214632304136863
-26.226550258202334
-26.238240224346036
-26.249690696771154
-26.2608894766687
-26.271823456329983
-26.28247840739542
-26.292838762332668
-26.30288738467684
-26.312605318814946
-26.321971512016162
-26.330962499861887
-26.339552047468107
-26.34771073270399
-26.355405460880544
-26.362598893484094
-26.369248770391664
-26.37530710418553
-26.38071921110122
-26.385422545558722
-26.38934528192927
-26.392404585360186
-26.394504489305017
