0.23974678377079012
0.23909745014588624
0.23857796193074968
0.238085570172459
0.23759704040432156
0.23710507462774705
0.23660584650198327
0.23609646423096764
0.23557444164424773
0.23503757583993687
0.23448390693401738
0.23391169455847352
0.2333193982100989
0.2327056590769234
0.23206928300906002
0.23140922464379163
0.23072457271411778
0.2300145365393171
0.22927843366684672
0.22851567861445285
0.22772577264862157
0.226908294528783
0.22606289214401917
0.22518927496933042
0.2242872072706379
0.2233565019911478
0.22239701525578565
0.22140864143487496
0.22039130871284662
0.219344975112303
0.2182696249281296
0.21716526553051704
0.21603192449963385
0.2148696470583072
0.2136784937723672
0.2124585384913387
0.21120986650492843
0.20993257289324704
0.20862676105096345
0.20729254136759634
0.20593003004804555
0.2045393480590266
0.20312062018860733
0.2016739742073459
0.20019954012071917
0.19869744950359494
0.19716783490843923
0.19561082933984558
0.1940265657886448
0.19241517681967443
0.19077679420773724
0.1891115486169749
0.18741956276218358
0.18570097732076704
0.1839559115930121
0.18218448930996656
0.1803868320088009
0.17856305888916166
0.17671328669512654
0.1748376296165502
0.17293619920734385
0.17100910431885377
0.1690564510468068
0.16707834269044225
0.16507487972257676
0.16304615976949904
0.16099227759969717
0.1589133251204783
0.15680939138169211
0.15468056258579424
0.1525269221036175
0.15034855049519227
0.14814552553514543
0.14591792224211483
0.1436658129118056
0.14138926715323485
0.13908835192785238
0.13676313159118203
0.13441366793671314
0.13204002024177722
0.12964224531517554
0.1272203975463485
0.12477452895590377
0.12230468924732231
0.11981092585971449
0.11729328402147633
0.1147518068047299
0.11218653518045413
0.10959750807419529
0.10698476242229889
0.10434833322857627
0.10168825362133659
0.09900455491076383
0.0962972666465545
0.0935664166758033
0.09081203120109418
0.08803413483877864
0.08523275067740209
0.08240790033629224
0.07955960402426193
0.07668788059845712
0.07379274762330823
0.07087422142961369
0.06793231717375109
0.0649670488970046
0.06197842958504387
0.05896647122754375
0.0559311955537753
0.052872580756980404
0.04979067899411758
0.046685466711893275
0.04355696249494565
0.040405173618724956
0.03723010678614206
0.03403176818843586
0.030810163566932308
0.027565298275172182
0.024297177341413408
0.021005805531567508
0.017691187412572366
0.014353327416242028
0.010992229903631584
0.00760789922995112
0.004200339810044023
0.0007695561844938177
-0.002684446913618631
-0.006161664491284135
-0.00966209122738169
-0.01318572140374759
-0.01673254883543707
-0.02030256680012605
-0.023895767966627634
-0.027512144322491137
-0.031151687100587744
-0.03481438670471218
-0.03850023263408746
-0.04220921340676498
-0.045941316481859756
-0.0496965281805594
-0.05347483360587862
-0.05727621656108752
-0.06110065946676087
-0.06494814327641538
-0.0688186473906355
-0.07271214956967602
-0.07662862584444
-0.08056805042580065
-0.08453039561217726
-0.08851563169531135
-0.09252372686418175
-0.09655464710695372
-0.10060835611093297
-0.10468481516040068
-0.10878398303228708
-0.11290581588956991
-0.1170502671723256
-0.12121728748633656
-0.1254068244891579
-0.1296188227735386
-0.13385322374810094
-0.1381099655151488
-0.14238898274550527
-0.14669020655024906
-0.15101356434921537
-0.15535897973611906
-0.15972637234017006
-0.16411565768400363
-0.1685267470377868
-0.17295954726929966
-0.17741396068981383
-0.1818898848955848
-0.1863872126047273
-0.19090583148924822
-0.19544562400201698
-0.20000646719837997
-0.2045882325521778
-0.20919078576584782
-0.21381398657428521
-0.21845768854214906
-0.2231217388542187
-0.22780597809841227
-0.2325102400410556
-0.23723435139390414
-0.2419781315724713
-0.24674139244508725
-0.2515239380721228
-0.25632556443477855
-0.26114605915270844
-0.2659852011898031
-0.27084276054731593
-0.27571849794347575
-0.28061216447865106
-0.28552350128507753
-0.290452239160055
-0.2953980981813975
-0.3003607873039027
-0.3053400039353924
-0.3103354334908467
-0.3153467489229554
