5.59e-05
6.714407026894674e-05
6.949161540479822e-05
7.163235508829207e-05
7.357727252447525e-05
7.534789075772768e-05
7.697258412958333e-05
7.848320981008623e-05
7.991242125640642e-05
8.129162573178258e-05
8.26495542176966e-05
8.401127231354062e-05
8.539747077856935e-05
8.682393010807177e-05
8.830113435994314e-05
8.983408695031993e-05
9.142242698372766e-05
9.306093587121431e-05
9.474045522762151e-05
9.644913137976758e-05
9.817380585856947e-05
9.990133102054002e-05
0.00010161962282043524
0.00010331834829225412
0.00010498924196611474
0.0001066261173638617
0.0001082246724315662
0.00010978218668035074
0.00011129718729920105
0.00011276913514522779
0.0001141981577973604
0.0001155848392607282
0.00011693006470695531
0.0001182349126460291
0.00011950058459800948
0.00012072836229105572
0.00012191958360010719
0.00012307563015295428
0.00012419792131601346
0.0001252879108932102
0.00012634708421269166
0.00012737695430954624
0.00012837905665759474
0.0001293549424015832
0.0001303061703410405
0.00013123429807068837
0.00013214087273050778
0.0001330274223380998
0.00013389544466569167
0.00013474640298034082
0.00013558171607739545
0.00013640275296966555
0.00013721082789826312
0.00013800719646272098
0.00013879305282942062
0.00013956952794584777
0.00014033768866583552
0.0001410985376800328
0.00014185301413979768
0.00014260199486408468
0.00014334629602324642
0.00014408667520129177
0.00014482383374719447
0.00014555841933558313
0.0001462910286679868
0.0001470222102548463
0.0001477524672286849
0.00014848226014718382
0.00014921200975266023
0.00014994209966149932
0.00015067287896346966
0.00015140466471513735
0.00015213774431736116
0.00015287237776922315
0.00015360879979500682
0.00015434722184240013
0.00015508783395261894
0.0001558308065047723
0.00015657629183780838
0.0001573244257542059
0.0001580753289107441
0.00015882910810154132
0.00015958585743938792
0.0001603456594408567
0.00016110858602162798
0.00016187469940770504
0.00016264405296803505
0.00016341669197455705
0.00016419265429493005
0.00016497197102282126
0.00016575466705083408
0.0001665407615911829
0.00016733026864723574
0.00016812319744160815
0.00016891955280301394
0.00016971933551703053
0.0001705225426424376
0.00017132916779778065
0.0001721392014198495
0.00017295263099698088
0.00017376944128027878
0.00017458961447369182
0.0001754131304061729
0.0001762399666871688
0.00017707009884728882
0.00017790350046554808
0.00017874014328498767
0.00017957999731760895
0.0001804230309399017
0.00018126921097992864
0.0001821185027973901
0.00018297087035685673
0.0001838262762952849
0.0001846846819847996
0.00018554604759717197
0.0001864103321254178
0.00018727749350470354
0.0001881474885861553
0.00018902027322308435
0.00018989580230602862
0.0001907740298050424
0.00019165490881044398
0.00019253839157236147
0.00019342442953946778
0.00019431297339636046
0.00019520397310182004
0.00019609737792462598
0.00019699313648041813
0.00019789119676809708
0.00019879150620604567
0.00019969401166771314
0.00020059865951845332
0.0002015053956509349
0.00020241416552247994
0.00020332491418887375
0.00020439524612235458
0.000206154696970882
0.00020794026107021492
0.00020972721497946757
0.0002115073991832739
0.00021327879754972896
0.00021504140936690647
0.00021679573470264352
0.00021854227074655932
0.00022028139789337045
0.00022201338651053898
0.00022373843135866707
0.00022545668303733092
0.00022716826967989493
0.00022887330981016967
0.00023057191896696069
0.0002322642124667404
0.0002339503060051245
0.00023563031518811337
0.0002373043546387088
0.00023897253703358966
0.00024063497225288206
0.00024229176671726477
0.0002439430229376957
0.0002455888392732825
0.00024722930986367255
0.00024886452474544155
0.0002504945700978582
0.00025211952861960683
0.0002537394800177236
0.00025535450159975593
0.000256964668964551
0.0002585700567938962
0.0002601707397495341
0.00026176679348822036
0.00026335829581215916
0.00026494532758109766
0.00026652797604093836
0.00026810633344850784
0.0002696805013274399
0.00027125059236535415
0.0002728502790827285
0.0002743790397508038
0.00027593777457229657
0.000277493025464468
0.00027904505757159507
0.0002805941394474594
0.00028214059198612826
0.00028368480192620326
0.0002852272394395716
0.0002867684813022626
0.0002883092417904002
0.00028985041441051954
0.00029139312904274354
0.0002929388313491525
0.00029448939488488287
0.00029604728211490833
0.0002976157800125255
0.00029919935184397436
0.00030080417420587466
0.00030243897703279764
0.0003041163930623069
0.0003058551905334753
0.0003076840907155325
