185301.03792
628527.5640856867
617334.5579445722
606975.8187071497
597178.0133070191
587790.704783714
578726.7581132511
569935.0974577041
561385.4350758664
553059.5172393296
544946.0925995853
537038.0185303222
529330.5937447012
521820.5918776459
514505.69434255216
507384.1501836859
500454.56522356824
493715.765496858
487166.70419546723
480806.39497686824
474633.8620704494
468648.10179206054
462848.0523524808
457232.5700747195
451800.4107982981
446550.2156098169
441480.50024338404
436589.64761852985
431875.9030672311
427337.37186644477
422972.0187462251
418777.6690907308
414752.01159142103
410892.602148266
407196.8688459695
403662.1178580922
400285.5401520308
397064.2188838533
393995.13738260284
391075.18763193773
388301.1791615453
385669.84826413146
383177.8674554705
380821.8550962722
378598.385096126
376503.9966211087
374535.20372906205
372688.5048594837
370960.39210897725
369347.36022784724
367845.9152789859
366452.58290666854
365163.91616931173
363976.5028976305
362886.97254715004
361892.0025209335
360988.3239464551
360172.72689671296
359442.0650532237
358793.259813884
358223.30385490006
357729.264160645
357308.28453958064
356957.58764824976
356674.47654808144
356456.33582210756
356300.6322805317
356204.91528504196
356166.81672245316
356184.050658416
356254.412701628
356375.7791084703
356546.1056568309
356763.42631721526
357025.8517473312
357331.56763536634
357678.8329153872
358065.977876633
358491.4021869423
358953.57284897764
359451.0221059438
359982.3453123496
360546.1987835277
361141.29763632745
361766.41363191616
362420.373030403
363102.0544657738
363810.3868484356
364544.34730171604
365302.95913766423
366085.289876631
366890.4493143662
367717.5876395281
368565.893604128
369434.59274843463
370322.9456818768
371230.2464205779
372155.82078198873
373099.02483678696
374059.2434177036
375035.8886848639
376028.39874695067
377036.2363373132
378058.8875439074
379095.86059204815
380146.68467853015
381210.90885592677
382288.100965541
383377.8466175817
384479.7482170922
385593.4240341049
386718.50731644715
387854.6454438276
389001.4991214815
390158.74161209597
391326.05800438166
392503.14451695763
393689.7078360766
394885.46448582935
396090.1402295445
397303.4695009591
398525.1948640361
399755.06650013797
400992.84172140015
402238.2845091354
403491.165076277
404751.2594526635
406018.34909231623
407292.2205016004
408572.6648874444
409859.4778246863
411152.4589416965
412451.41162345017
413756.14273131866
415066.4623388157
416382.1834825127
417703.1219276014
419029.0959472892
420359.9261155315
421695.4351124464
423035.4475418761
424379.7897605435
425728.28971832566
427080.7768090763
428437.08173166745
429797.0363606485
431160.4736262631
432527.2274032305
433897.1324081405
435270.0241048891
436645.7386179061
438024.11265284
439404.9834243879
440788.1885908942
442173.56619555573
443560.95461384614
444950.19250695285
446341.118780966
447733.5725516089
449127.39311419526
450522.4199187086
451918.49254973576
453315.450711011
454713.13421451504
456111.3829737687
457510.03700130206
458908.936410074
460307.921418618
461706.832359876
463105.5096934633
464503.79402131255
465901.52610647376
467298.54689502454
468694.69754082925
470089.8194332019
471483.75422719173
472876.3438764257
474267.43066844816
475656.85726233985
477044.4667285729
478430.10259100166
479813.608870816
481194.83013243705
482573.6115311605
483949.7988624983
485323.2386131616
486693.7780134219
488061.2650909444
489425.5487258547
490786.47870699025
492143.9057892407
493497.6817518446
494847.6594575769
496193.692912682
497535.63732750795
498873.349177698
500206.6862657881
501535.50778327737
502859.6743728482
