2.6302
2.639737960352226
2.6453990270544523
2.6517034555021683
2.6583667125780446
2.6652346377377
2.6722253097832342
2.679295135647664
2.686420873205047
2.6935901210904056
2.700796293867567
2.7080359717970195
2.715307508061592
2.722610302706231
2.729944431127743
2.7373104623385602
2.7447093802345948
2.7521425624323794
2.7596117932061652
2.7671192988034856
2.774667799792835
2.7822605786689034
2.7899015630776605
2.7975954264640888
2.8053477090892667
2.813164963452749
2.8210549293254688
2.829026744960165
2.8370912026747597
2.8452610589681493
2.8535514116737097
2.8619801593845904
2.8705685614089007
2.8793419195502
2.888330405407558
2.8975700572633065
2.9071039813937136
2.9169836751368883
2.9272706578362104
2.938038033509955
2.9493719521349058
2.9613724054650983
2.974152445289819
2.9878341872389536
3.002538929481356
3.0183675292727186
3.0353666322769532
3.0534784876545533
3.0724803822894136
3.091936508060521
3.1112035056570444
3.129527623619539
3.1462229676764113
3.1608499920069395
3.1732962169486023
3.183729425641421
3.1924777896685903
3.199911646318149
3.2063678361095316
3.2121181107640244
3.217366093891159
3.2222573143534965
3.22689263236745
3.231340553197954
3.235646985465897
3.239842413676595
3.2439469469392717
3.247973780756625
3.251931532359527
3.2558258017657966
3.2596603539211535
3.263437333336858
3.2671581468707456
3.2708235927337057
3.274434452948323
3.277991018681794
3.281493444730224
3.2849417989559493
3.2883360952895067
3.2916763155872957
3.2949624239990714
3.298194376323019
3.301372126018248
3.3044956279950073
3.3075648409319798
3.310579728620238
3.313540260666964
3.31644641278005
3.31929816678102
3.322095510443954
3.3248384372254827
3.3275269459291943
3.3301610403324458
3.332740728796099
3.335266023868653
3.337736941893705
3.3401535026263987
3.3425157288622747
3.344823646081136
3.3470772821073203
3.3492766667872544
3.3514218316848985
3.3535128097951175
3.3555496352751266
3.357532343193801
3.35946096929853
3.3613355497994024
3.363156121170276
3.3649227199662803
3.366635382657308
3.3682941454770328
3.3698990442869747
3.3714501144549174
3.37294739074754
3.3743909072363327
3.3757806972165145
3.3771167931384483
3.3783992265509584
3.379628028056066
3.3808032272747726
3.381924852823234
3.3829929322990817
3.3840074922772434
3.3849685583149585
3.3858761549655623
3.386730305800603
3.3875310334399256
3.388278359589366
3.388972305085688
3.3896128899484745
3.390200133438561
3.390734054122787
3.3912146699448
3.3916419983014903
3.3920160561249815
3.3923368599697326
3.392604426104718
3.3928187706102633
3.3929799094793975
3.393087858723543
3.3931426344822873
3.393144253137023
3.393092731428343
3.3929880865768713
3.3928303364075156
3.392619499476751
3.392355595202996
3.392038643999663
3.391668667410887
3.391245688249634
3.3907697307381137
3.3902408206502
3.3896589854557853
3.389024254466765
3.388336658984648
3.387596232449329
3.386803010589068
3.3859570315714
3.3850583361546507
3.384106967840033
3.383102973023983
3.382046401150487
3.380937304863337
3.3797757401578483
3.3785617665320067
3.37729544713661
3.375976848924376
3.374606042797474
3.373183103753495
3.37170811102942
3.3701811482433386
3.3686023035337005
3.366971669695778
3.3652893443150034
3.3635554298970747
3.3617700339942025
3.3599332693276946
3.358045253905952
3.356106111138348
3.3541159699438756
3.352074964854961
3.3499832361157105
3.347840929774507
3.3456481977705494
3.3434051980141835
3.341112094460517
3.338769057176328
3.336376262399683
3.3339338925922384
3.331442136483809
3.3289011864534057
3.3263112519490283
3.3236725324821905
3.320985244926365
3.3182496097324963
3.3154658537114976
3.3126342100179
3.309754918123969
3.306828223783883
3.303854378988083
