43744.23974999999
121500.11696749777
120842.41818239819
120592.57739119246
120601.77920395615
120788.55071388747
121105.08808932819
121522.4726461948
122022.77188196317
122594.59689272978
123230.53962487944
123925.66889104492
124676.63415800047
125481.12191897153
126337.51796818379
127244.69069515205
128201.84621100452
129208.42684754655
130264.03659762631
131368.38401899493
132521.2371138517
133722.38696622313
134971.61819692576
136268.685003939
137613.29194462666
139005.07882608724
140443.6091845666
141928.36189965252
143458.72552985323
145033.99498877738
146653.37020989662
148315.95647758135
150020.76613319374
151766.7213967204
153552.6580761308
155377.3299679441
157239.41378085862
159137.51444228183
161070.17067027575
163035.86071580683
165033.0081975374
167059.98796755195
169115.13195895526
171196.73497672557
173303.0604022634
175432.34578801482
177582.8083239886
179752.65016136132
181940.0635811643
184143.2359972799
186360.3547839005
188589.61191862627
190829.20843161028
193077.3586517358
195332.29424133553
197592.2680096994
199855.55749824957
202120.46832843314
204385.33730698327
206648.5352820354
208908.46974690637
211163.58718913063
213412.37518405158
215653.36423485508
217885.1293621814
220106.29144833176
222315.51834334637
224511.52574120733
226693.07783611768
228858.98777002998
231008.11788342873
233139.37978251523
235251.7342355256
237344.19091289892
239415.80798413602
241465.6915857612
243492.99517383694
245496.91877400014
247476.70814182214
249431.65384606825
251361.09028553645
253264.39465092908
255140.98584148393
256990.3233457966
258811.90609519894
260605.27129755382
262369.99325854867
264105.682196608
265811.98305718653
267488.5743313562
269135.1668830098
270751.50278860686
272337.35419238644
273892.52218043845
275416.8356750677
276910.150352342
278372.3475837148
279803.3334031196
281203.0375007881
282571.41224406695
283908.4317259116
285214.09084133763
286488.40439197165
287731.40621832805
288943.1483602023
290123.7002442409
291273.1478988982
292391.593195917
293479.1531179741
294535.9590519484
295562.15610719915
296557.9024580003
297523.36871001124
298458.7372893555
299364.2018543685
300239.9667287758
301086.2463559619
301903.2647734795
302691.2551071407
303450.45908423554
304181.126564814
304883.5150908014
305557.88945218694
306204.52126956225
306823.68859267194
307415.6755141291
307980.7717979506
308519.2725223808
309031.4777363004
309517.6921289076
309978.2247121756
310413.3885155292
310823.5002922723
311208.8802375489
311569.8517172579
311906.7410073668
312219.8770436764
312509.5911811769
312776.21696298325
313020.08989832655
313241.5472493355
313440.9278262346
313618.5717907566
313774.82046719705
313910.0161612606
314024.50198589795
314118.6216943705
314192.7195196839
314247.1400208433
314282.2279350495
314298.32803587604
314295.784997205
314274.94326268043
314236.14692024916
314179.7395819227
314106.06426823343
314015.4632973193
313908.2781784262
313784.8495096814
313645.51687974687
313490.6187733872
313320.49248075864
313135.4740099617
312935.89800313715
312722.0976554446
312494.40463717125
312253.14901866775
311998.6591977788
311731.2618299344
311451.2817604784
311159.0419593321
310854.8634576424
310539.0652865021
310211.9644172935
309873.87570400327
309525.1118269645
309165.9832380938
308796.7981076157
308417.86227195075
308029.47918283346
307631.9498575747
307225.5728302704
306810.6441040426
306387.4571040463
305956.30263131816
305517.4688174891
305071.2410799492
304617.9020778663
304157.73166869156
303691.0068652593
303218.0017934332
302738.98765022017
302254.23266241234
301764.00204564445
301268.55796399404
300768.15948999743
300263.0625650373
299753.51996043243
299239.78123878426
