5.430770907806238
5.779121203114902
6.122802218010115
6.461356041476668
6.794539033096829
7.122212854964701
7.444293355343104
7.760724755986386
8.071466717992067
8.37648792290241
8.675762928977344
8.969270662324778
9.256993716180697
9.538918043267817
9.815032833540881
10.08533047368556
10.34980653672893
10.608459775934675
10.861292109867481
11.108308591655142
11.349517358312687
11.58492955716642
11.814559246674511
12.038423268721056
12.256541088856784
12.468934600090932
12.675627884661726
12.876646926708606
13.072019266888912
13.261773587656121
13.445939215149897
13.624545520419272
13.797621199266022
13.965193406802133
14.127286721076725
14.283921931205311
14.435114542020397
14.580873204860636
14.721197943419519
14.856078501077924
14.985493216744072
15.109409312260867
15.227786199220748
15.340584515000732
15.447784943876012
15.549421689492725
15.645633544705483
15.736726852156393
15.823226077293459
15.90586607730436
15.985482213050958
16.062809356490753
16.138283516212695
16.211960590759
16.283585159005824
16.352740783667308
16.4189925111985
16.481973440024866
16.541416606860246
16.59715270814668
16.64909316311536
16.697210334463865
16.74152014246866
16.78206855130015
16.818921735243443
16.852159178316942
16.881868936988173
16.908144424036564
16.93098568495826
16.95068838683648
16.967250289184236
16.980867958621136
16.991441748359595
16.99917047777148
17.004150921813775
17.006478593654457
17.006247612049204
17.003550593520227
16.99847856336237
16.99112088105235
16.981565176969227
16.969897298271594
16.95620126242487
16.940559217304646
16.923051407107465
16.903756143491314
16.88274978151018
16.86010669998562
16.835899286026624
16.810197923442523
16.783070984825073
16.754584827090202
16.724803790284557
16.693790199474464
16.661604369536217
16.628304612679585
16.59394724853778
16.55858661666306
16.522275091272125
16.48506309809158
16.44699913315809
16.40812978342893
16.36849974907064
16.32815186729372
16.287127137607403
16.24546474837312
16.20320210454131
16.16037485646604
16.117016929681466
16.0731605555546
16.0288363027032
15.984073109113034
15.93889831483245
15.89333769520599
15.84741549454473
15.801154460168622
15.75457587676111
15.707699600967509
15.660544096183521
15.613126467481912
15.565462496623187
15.51756667711137
15.469452249247261
15.421131235148302
15.372614473692332
15.32391165536016
15.275031356945583
15.22598107610842
15.17676726574718
15.127395368170431
15.077869849053654
15.028194231157148
14.978371127800994
14.928402276081147
14.87828856981536
14.82803009221479
14.777626148272482
14.727075296861285
14.676375382545556
14.625523567092845
14.574516360690797
14.523349652867532
14.472018743111525
14.420518371196486
14.368842747207548
14.316985581269632
14.264940112985975
14.212699140578613
14.16025504973976
14.10759984219299
14.054725163962765
14.001622333361986
13.94828236868722
13.894696015631952
13.840853774407478
13.786745926588212
13.732362561656984
13.67769360326887
13.622728835220112
13.567457927129194
13.511870459806222
13.455955950336163
13.399703876838052
13.343103702921756
13.286144901818496
13.228816980179495
13.171109501543771
13.113012109445812
13.054514550179833
12.995606695181324
12.936278563029422
12.876520341061335
12.81632240656313
12.755675347551026
12.694569983097322
12.632997383219887
12.570948888271728
12.508416127872668
12.445391039302967
12.381865885386471
12.317833271830906
12.253286163985113
12.188217903036996
12.122622221586502
12.056493258610285
11.98982557376718
11.922614161064528
11.854854461819984
11.786542376933483
11.717674279410117
11.648247020413883
11.578257948653883
11.507704910540134
11.436586263147513
11.364900881033247
11.292648163120251
11.219828038737337
11.146440972830161
11.072487970309021
10.997970579534542
