9.18309
69.12562919930178
68.42516506830442
67.83882568822399
67.27417637734129
66.71514793863373
66.15892438411382
65.6051007371021
65.05367449143576
64.5046862606847
63.95816604718041
63.41413179954834
62.872594283506224
62.33356098818326
61.797038558422955
61.26303417394197
60.73155626626924
60.20261483695056
59.676221543173504
59.152389653739874
58.63113393833975
58.11247052808351
57.59641676943114
57.08299108380805
56.57221283906032
56.064102235160725
55.55868020443159
55.05596832530874
54.55598874813439
54.05876413121105
53.56431758540848
53.07267262571633
52.58385312833447
52.09788329210265
51.614787603270585
51.134590802782235
50.65731785542696
50.18299392033021
49.711644322381346
49.2432945242755
48.77797009894067
48.31569670215406
47.856500045220436
47.400405867610715
46.947439909485155
46.497627884050104
46.05099544971806
45.60756818204027
45.16737154540492
44.73043086449333
44.29677129549246
43.86641779706771
43.43939510110918
43.01572768325326
42.59543973320184
42.17855512484961
41.765097386239255
41.35508966936341
40.94855471983551
40.5455148464533
40.14599189067878
39.75000719606369
39.357581577645604
38.96873529134971
38.583488003425565
38.201858759952465
37.823865956451534
37.44952730764097
37.07885981737315
36.71187974879743
36.34860259478834
35.98904304868731
35.63321497540251
35.28113138291607
34.932804394247604
34.58824521992782
34.247464131032395
33.91047043283268
33.57727243911859
33.24787744725004
32.9222917139956
32.6005204322173
32.28256770846067
31.96843654151152
31.658128801978947
31.351645212966087
31.048985331889202
30.750147533505785
30.455128994211726
30.163925677666168
29.87653232180298
29.59294242728489
29.313148247455484
29.037140779842456
28.764909759261982
28.49644365257361
28.231729655129026
27.97075368895836
27.7135004027308
27.45995317352461
27.210094110436327
26.96390406005447
26.72136261381865
26.48244811727942
26.24713768126942
26.015407194989677
25.787231341010752
25.56258361218096
25.341436330428625
25.123760667438862
24.90952666717925
24.698703270242284
24.491258339966016
24.287158690288752
24.08637011528633
23.888857420335828
23.69458445484254
23.50351414646173
23.3156085367419
23.13082881810998
22.94913537211536
22.770487808844216
22.594845007412182
22.422165157439377
22.252405801409115
22.085523877808665
21.921475764947953
21.760217325350883
21.601703950612624
21.445890606615414
21.29273187899514
21.142182018751665
20.99419498789665
20.84872450503339
20.70572409076609
20.565147112836865
20.426946830892962
20.291076440788668
20.157489118329842
20.026138062374276
19.89697653720287
19.769957914083257
19.64503571195056
19.522163637135943
19.401295622077626
19.282385862954794
19.165388856190415
19.050259433772762
18.93695279735283
18.82542455107836
18.715630733131224
18.607527845940496
18.5010728850474
18.396223366604673
18.292937353496445
18.19117344818298
18.090891186486886
17.99204960352074
17.894609915327884
17.798533129643648
17.703781020708405
17.610316078561162
17.518101507720424
17.42710123587384
17.33727992440745
17.24860297880966
17.161036558310123
17.074547584514935
16.989103748953983
16.90467351952141
16.821226145821726
16.738731663445204
16.657160897204157
16.576485463363902
16.496677770903897
16.417711021845268
16.33955921068122
16.26219712294665
16.185600332963254
16.109745200796585
16.03460886846006
15.96016925540138
15.88640505330559
15.813295720248842
15.74082147423548
15.668963286151191
15.597702872162891
15.527022685596465
15.456905908321401
15.387336441671138
15.318298896926498
15.249778585389102
15.18176150807021
15.11423434501936
15.047184444316988
14.980599810753422
14.91446909421567
14.848781577803363
14.783527165693275
