5.020628031205896e-05
6.955303700895196e-05
7.01409584378919e-05
7.029604037028957e-05
7.045164316714237e-05
7.060529188531009e-05
7.075615911237785e-05
7.090397783634359e-05
7.104874211446172e-05
7.119058408303258e-05
7.132970970908997e-05
7.146636245739488e-05
7.160080259848894e-05
7.173329571701343e-05
7.1864106666953e-05
7.19934967202811e-05
7.212172254515292e-05
7.224903618500403e-05
7.237568553171547e-05
7.250191498316209e-05
7.262796608323212e-05
7.275407802984732e-05
7.28804745335914e-05
7.300741384395573e-05
