3.0040883412729027
2.8362146472120022
2.680125500859184
2.5371082673339744
2.408062455616291
2.293227654031123
2.1922068118576035
2.1041136594508525
2.0277620061327672
1.961839309426424
1.905034978441016
1.8561194000596912
1.813983434719111
1.7776513812723536
1.746278427769165
1.7191402735100265
1.6956196596304127
1.6751924365749944
1.6574144625318503
1.641909859551818
1.6283607516390826
1.6164984198977423
1.6060957349876976
1.5969607084709883
1.5889310107136272
1.5818693181980692
1.5756593702744954
1.5702026316719127
1.5654154715715092
1.5612267826171795
1.5575759740721116
1.5544112826621586
1.5516883527113063
1.5493690441420562
1.54742043294537
1.5458139739427597
1.5445248001648897
1.5435311370536038
1.5428138130282292
1.5423558508125337
1.5421421263620707
1.5421590843080966
1.5423945006049873
1.5428372845610254
1.5434773137021014
1.5443052959840489
1.5453126547700815
1.5464914327452581
1.5478342115744856
1.5493340446429735
1.5509844006625206
1.5527791162997795
1.5547123562929466
1.5567785797829712
1.558972511800409
1.5612891190310119
1.5637235891314503
1.5662713129910915
1.5689278694409452
1.571689011994199
1.5745506572781405
1.577508874871436
1.580559878315371
1.5837000171035038
1.5869257694915493
1.5902337359951846
1.593620633467036
1.597083289663895
1.6006186382295262
1.6042237140335842
1.6078956488150244
1.6116316670903514
1.615429082291948
1.6192852931084682
1.623197780004832
1.6271641019027174
1.6311818930051134
1.6352488597528883
1.6393627779019135
1.6435214897118635
1.6477229012392876
1.651964979728266
1.6562457510933628
1.6605632974901945
1.6649157549693032
1.669301311210263
1.6737182033323517
1.6781647157791546
1.6826391782748122
1.6871399638489508
1.6916654869283159
1.696214201493419
1.700784599297617
1.705375208147298
1.709984590240691
1.7146113405643648
1.719254085345226
1.7239114805560742
1.728582210473826
1.7332649862884981
1.7379585447610768
1.7426616469292422
1.747373076859335
1.7520916404428784
1.7568161642366513
1.761545494344494
1.7662784953397472
1.771014049227088
1.7757510544421025
1.7804884248878232
1.7852250890065318
1.7899599888859634
1.794692079398647
1.7994203273733282
1.804143710797153
1.8088612180478978
1.8135718471549214
1.8182746050880458
1.8229685070733221
1.8276525759347841
1.8323258414612806
1.836987339797603
1.8416361128588874
1.8462712077678045
1.8508916763133518
1.855496574430952
1.8600849617028326
1.8646559008782004
1.8692084574122958
1.8737416990240718
1.8782546952715231
1.8827465171443223
1.8872162366731187
1.8916629265549063
1.8960856597941302
1.900483509358784
1.9048555478512896
1.9092008471934114
1.9135184783250596
1.917807510916358
1.922067013092593
1.9262960511717377
1.9304936894140854
1.9346589897836708
1.9387910117210672
1.942888811927272
1.9469514441582896
1.9509779590300942
1.954967403833633
1.9589188223595968
1.9977271952814761
2.027836971932471
2.0517353360714914
2.0711476505197317
2.0872863964295774
2.1010134184950506
2.112947513366261
2.1235370360051564
2.1331335627630503
2.141972967395468
2.1502224274779858
2.1580090488752255
2.1654295181079815
2.172557469913044
2.179449061744273
2.1861471735485978
2.1926845668654567
2.199086261428313
2.2053713252373095
2.2115542253476432
2.2176458493994677
2.22365427988975
2.2295853822530454
2.235443252249128
2.241230556596681
2.24694879221096
2.2525984830246286
2.258179328618727
2.2636903153387946
2.2691297979044043
2.274495557508412
2.2797848408721557
2.2849943835485793
2.29012041985223
2.295158681071689
2.3001043830331307
2.3049522035906573
2.309696250187157
2.3143300172308345
2.3188463326435196
2.323237292534542
2.327494182516585
2.3316073836830102
2.335566260682595
2.3393590286249095
2.342972594686878
2.346392369217885
2.3496020397903923
2.352583299929935
