42.75253
25.123226043010266
24.366829653770754
23.64547314497159
22.988556947114272
22.431175974771648
21.996131952134764
21.686479263918777
21.48803858815337
21.378009914096975
21.333216891299568
21.33452520255981
21.367817757090624
21.423251230040602
21.494098956495403
21.5757594157751
21.665056727853752
21.759782288997563
21.858396045987934
21.95982572123216
22.063327082302578
22.16838480911126
22.274642065331722
22.381850929305493
22.489837959940562
22.59848056389499
22.707690919444655
22.817405098989806
22.927575717465366
23.03816695446214
23.14915116637341
23.26050656072983
23.372215586908926
23.484263807355166
23.596639096210687
23.70933106376046
23.822330635703512
23.935629743348187
24.049221092114063
24.16309798584971
24.277254194471773
24.391683850902435
24.506381374145356
24.621341407587938
24.73655877347253
24.852028437056855
24.967745480069755
25.083705080457623
25.199902497325155
25.316333060472957
25.432992162695037
25.549875255081556
25.66697784392975
25.784295489432765
25.901823804389814
26.019558455466775
26.137495163790845
26.25562970551676
26.37395791429086
26.492475680978522
26.611178957469345
26.73006375504002
26.849126148277538
26.96836227379847
27.087768332441257
27.207340589311006
27.327075373791068
27.446969080443388
27.567018167704553
27.68721915931743
27.807568641634884
27.928063264967285
28.04869974177627
28.16947484530916
28.29038540940874
28.411428327357456
28.5326005491622
28.653899081736377
28.775320986520246
28.89686337804182
29.018523422758822
29.140298336904277
29.262185385087676
29.384181878692065
29.506285173549696
29.62849266937651
29.75080180701626
29.873210067024843
29.995714968952505
30.11831406821626
30.24100495472114
30.36378525257462
30.486652616871748
30.609604733635713
30.732639316265242
30.855754106500285
30.97894687188384
31.102215402847204
31.22555751381504
31.34897104131331
31.47245384109315
31.596003788457995
31.719618777072938
31.843296716574724
31.96703553317591
32.090833166917264
32.21468757143029
32.33859671371912
32.46255857134457
32.58657113381289
32.71063239955133
32.83474037639905
32.95889308063764
33.08308853671661
33.20732477496655
33.33159983310073
33.45591175383809
33.580258585506456
33.704638381138324
33.82904919804737
33.9534890974838
34.07795614480372
34.202448407691136
34.32696395844544
34.451500870324224
34.57605722095196
34.700631090174205
34.8252205615128
34.949823719700724
35.0744386544842
35.19906345768078
35.32369622531315
35.448335057621975
35.57297805851739
35.69762333872317
35.82226901334843
35.9469132061068
36.07155404640669
36.19618967440878
36.320818240019605
36.44543790407092
36.57004684134056
36.69464324144311
36.81922531148924
36.94379127743503
37.068339387635824
37.19286791488215
37.31737515984096
37.441859454003854
37.56631916519475
37.474136721166936
37.61542559515902
37.75404359695308
37.89033182681243
38.02463985180349
38.15727958170249
38.288513270517875
38.41855572589248
38.54901308648311
38.678893659134545
38.807732675665875
38.93568080590076
39.06285668865075
39.18935440579838
39.31524897846251
39.44060053833814
39.56545752030968
39.68985911855583
39.81383718858637
39.937417728955474
40.06062203903005
40.183467633310826
40.30596896911307
40.42813803103382
40.54998480675605
40.67151767945527
40.79274375647764
40.913669151122576
41.03429923241366
41.154638845929064
41.27469252145966
41.39446467216131
41.513959790038854
41.633182648567946
41.75213851188766
41.87083336390234
41.98927415995714
42.10746910970651
42.22542799934621
42.343162567941015
42.460686944645296
42.57801816931267
42.69517681278762
42.8121877198106
42.92908091484508
43.045892698406426
43.1626670024505
43.279457052134916
43.39632743474045
