267.66187197190214
268.0020169792881
267.901823176481
267.7074886586077
267.4283533512563
267.0708512937475
266.64032107134426
266.1414422319812
265.5784178960305
264.9550917378909
264.2750353605122
263.54161604135425
262.75804946240584
261.92744034668215
261.0528130890334
260.13713395301596
259.1833260700236
258.19427825692844
257.172848527988
256.1218630910389
255.04411156374425
253.94234655511434
252.81924530588824
251.67743667721425
36.29590937693904
19.325035541627177
11.9200274942509
8.99946704307985
7.909555472470012
7.529954177180342
7.421753590685306
7.417991110291787
7.455887137727737
7.511900052864302
7.577145370581335
7.648187969741221
7.723613004730982
7.802753991918087
7.885222452614082
7.970734344596014
8.05904611733981
8.149931250130651
8.243171813023459
8.338555691029136
8.435876020618949
8.534931545670563
8.635527384273297
8.737475981993223
267.66187197190214
268.0020169792881
267.901823176481
267.7074886586077
267.4283533512563
267.0708512937475
266.64032107134426
266.1414422319812
265.5784178960305
264.9550917378909
264.2750353605122
263.54161604135425
262.75804946240584
261.92744034668215
261.0528130890334
260.13713395301596
259.1833260700236
258.19427825692844
257.172848527988
256.1218630910389
255.04411156374425
253.94234655511434
252.81924530588824
251.67743667721425
