426.41787261425924
427.74946717286196
429.0810620892102
430.41265736310135
431.744252994333
433.07584898270284
434.40744532800835
435.7390420300472
437.07063908861716
438.40223650351595
439.7338342745411
441.06543240149045
442.3970308841622
443.7286297223535
445.06022891586264
446.39182846448745
447.7234283680255
449.0550286262752
450.38662923903405
451.7182302061003
453.049831527272
454.3814332023468
455.71303523112323
457.0446376133992
458.3762403489725
459.70784343764154
461.0394468792046
462.37105067345954
463.70265482020466
465.0342593192383
466.36586417035875
467.697469373364
469.0290749280525
470.36068083422253
471.6922870916726
473.0238937002009
474.35550065960575
475.68710796968554
477.0187156302391
478.3503236410643
479.6819320019599
481.01354071272436
482.3451497731563
483.67675918305406
485.00836894221635
486.33997905044157
487.67158950752844
489.00320031327544
490.33481146748153
491.6664229699449
492.99803482046457
494.3296470188391
495.6612595648672
496.99287245834756
498.3244856990791
499.6560992868604
500.9877132214901
502.3193275027674
503.6509421304909
504.98255710445943
506.31417242447196
507.645788090327
508.97740410182394
510.30902045876144
511.6406371609383
512.9722542081537
514.3038716002064
515.6354893368955
516.9671074180199
518.2987258433787
519.6303446127706
520.9619637259952
522.2935831828511
523.6252029831373
524.9568231266534
526.2884436131977
527.6200644425703
528.9516856145694
530.2833071289948
531.6149289856452
532.9465511843198
534.2781737248179
535.6097966069387
536.9414198304815
538.273043395245
539.6046673010294
540.936291547633
542.2679161348552
543.5995410624956
544.9311663303534
546.2627919382278
547.5944178859181
548.9260441732233
550.2576707999431
551.5892977658768
552.920925070824
554.2525527145832
555.5841806969547
556.9158090177373
558.2474376767301
559.5790666737336
560.9106960085461
562.2423256809674
563.573955690797
564.9055860378344
566.2372167218787
567.5688477427294
568.9004791001862
570.2321107940486
571.5637428241158
572.8953751901873
574.2270078920625
575.5586409295413
576.8902743024228
578.2219080105065
579.5535420535921
580.8851764314793
582.2168111439669
583.5484461908552
584.8800815719435
586.2117172870309
587.5433533359176
588.8749897184028
590.2066264342861
591.5382634833671
592.8699008654454
594.2015385803205
595.5331766277918
596.8648150076592
598.196453719722
599.5280927637803
600.8597321396328
602.1913718470801
603.523011885921
604.8546522559554
606.1862929569832
607.5179339888034
608.8495753512162
610.181217044021
611.5128590670172
612.8445014200043
614.1761441027825
615.5077871151511
616.8394304569099
618.1710741278583
619.5027181277961
620.8343624565225
622.1660071138376
623.4976520995408
624.829297413432
626.1609430553104
627.4925890249762
628.8242353222281
630.1558819468667
631.4875288986912
632.8191761775014
634.1508237830968
635.4824717152768
636.8141199738415
638.1457685585899
639.4774174693225
640.8090667058382
642.1407162679367
643.4723661554178
644.8040163680813
646.1356669057266
647.4673177681532
648.7989689551608
650.1306204665491
651.4622723021175
652.7939244616657
654.1255769449933
655.4572297519001
656.7888828821855
658.120536335649
659.4521901120901
660.783844211309
662.1154986331045
663.4471533772764
664.7788084436245
666.1104638319484
667.4421195420474
668.773775573721
670.1054319267689
671.4370886009904
672.7687455961855
674.1004029121534
675.4320605486938
676.763718505606
678.0953767826896
679.4270353797446
680.7586942965692
682.0903535329642
683.4220130887285
684.7536729636618
686.085333157563
687.4169936702324
688.7486545014686
690.0803156510719
