5.0
4.173760738797003
4.345979566267282
4.48456084607883
4.5938481689160735
4.678803556970385
4.744384946326188
4.795024911057328
4.8343931940058855
4.865371719430768
4.890140656283677
4.910304359065137
4.927018573301266
4.941102054824131
4.95312764229275
4.96349336149085
4.972476230041759
4.980271889495633
4.987022995656836
4.992838905463729
4.997808788941544
5.002009918628856
5.005512551097224
5.00838251212604
5.010682327562128
5.012471511674619
5.013806430656396
5.014740011963451
5.0153214560523045
5.015596031649245
5.0156049832383
5.015385551296048
5.014971089746119
5.014391255775019
5.013672251820053
5.012837098648819
5.011905921449122
5.010896236568193
5.009823229414117
5.008700017219516
5.007537892806723
5.006346547381846
5.005134271805326
5.003908136704355
5.002674152434657
5.001437410290683
5.000202206507248
4.9989721507929445
4.997750260918507
4.996539045013862
4.99534057299307
4.994156538431542
4.993011227477486
4.9918368975722744
4.990703327999069
4.989588182390176
4.988491940469618
4.987414937066175
4.986357383475937
4.985319386153967
4.984300962931709
4.983302057048292
4.982322549260426
4.98136226829031
4.980420999808381
4.979498494173197
4.9785944730631195
4.977708635178848
4.976840661154521
4.975990217697468
4.975156961216306
4.974340540830118
4.973540600978129
4.972756783620386
4.971988730101173
4.9712360827144755
4.970498486016789
4.969775587926624
4.969067040627451
4.968372501315862
4.96769163280347
4.967024103996245
4.966369590278271
4.9657277738067185
4.9650983437178615
4.964480996277149
4.963875434981299
4.963281370606179
4.962698521198714
4.96212661207068
4.9615653757332785
4.961014551826604
4.960473887014105
4.959943134877588
4.959422055791816
4.9589104167918014
4.958407991412753
4.957914559566741
4.957429907370963
4.956953826996042
4.956486116510561
4.956026579715437
4.9555750259955955
4.95513127015016
4.954695132247225
4.954266437460809
4.953845015923355
4.953430702571677
4.9530233370105385
4.952622763358398
4.952228830108714
4.951841390003477
4.951460299891971
4.951085420599521
4.950716616810365
4.95035375694137
4.949996713017727
4.949645360574508
4.949299578525677
4.948959249070315
4.948624257585597
4.9482944925279435
4.947969845325313
4.947650225314572
4.947335499860811
4.947025583075338
4.94672037756189
4.946419788406537
4.946123723116776
4.945832091560395
4.945544805894872
4.945261780507104
4.944982931945432
4.944708178853189
4.944437441916405
4.944170643784361
4.9439077090328185
4.943648564086557
4.943393137175369
4.943141358279981
4.942893159073331
4.942648472877513
4.942407234611462
4.9421693807468365
4.941934849260676
4.941703579589509
4.941475512592496
4.941250590505178
4.941028756903045
4.940809956665101
4.94059413593316
4.940381242077171
4.940171223659438
4.939964030405877
4.939759613168767
4.93955792390143
4.939358915620519
4.939162542377287
4.938968759239045
4.938777522255427
4.93858878842571
4.938402515681369
4.938218662864699
4.93803718969035
4.937858056738169
4.937681225419674
4.937506657956909
4.937334317372671
4.937164167452711
4.936996172742017
4.936830298509421
4.936666510749875
4.936504776140557
4.936345062048066
4.936187336492294
4.936031568143059
4.935877726296694
4.935725780862697
4.935575702345951
4.935427461837539
4.935281031000113
4.935136382043801
4.934993487730663
4.934852321340884
4.934712856675738
4.934575068044601
4.934438930239474
4.934304418540279
4.934171508693957
4.9340401769013615
4.9339103998154945
4.933782154524704
4.933655418544229
4.9335301698043486
4.933406386646899
4.933284047810274
4.933163132420577
4.933043619984818
4.93292549038422
