4.801313385157443
4.81253713326465
4.795082727529214
4.752922527749867
4.69024947669216
4.611175082722801
4.519496062855315
4.4185484355007905
4.311140733852521
4.199548390910367
4.085549438356349
3.970484374780055
3.8553275130642954
3.7407614200993518
3.6272493027098807
3.515102160347922
3.4045384275528034
3.2957341020666426
3.188861506898959
3.0841152957984925
2.9817252797207296
2.88195701532053
2.785102494662627
2.6914642852262856
2.601336812023987
2.514988122928501
2.432644628767688
2.3544802556428475
2.280610456038295
2.211090765880189
2.1459191245023903
2.085040969239424
2.028356109879399
1.9757265053155453
1.9269842409356344
1.8819391943297539
1.8403860506304577
1.8021104734339595
1.766894348766161
1.734520099698169
1.7047741225527064
1.6774494276694427
1.652347583744761
1.6292800694706415
1.6080691333357793
1.5885482549228302
1.5705622909774386
1.5539673738242339
1.5386306484851788
1.5244298435288564
1.5112527787094858
1.4989968072336075
1.4875682265822678
1.4768816775200824
1.4668595460870864
1.4574313793751321
1.4485333227027481
1.4401075832963606
1.4321019236460781
1.424469186227323
1.4171668501755657
1.4101566196938233
1.40340404339764
1.396878163407626
1.390551192742929
1.3843982194163669
1.3783969355565902
1.3725273898637238
1.3667717617262056
1.3611141553757555
1.355540412525143
1.3500379420127397
1.3445955650636294
1.3392033748654923
1.3338526092460288
1.3285355353254211
1.3232453451010289
1.3179760610014242
1.3127224505224655
1.3074799491292135
1.3022445906740225
1.2970129446431369
1.2917820596017464
1.2865494122608447
1.2813128616386509
1.2760706078349673
1.2708211549789232
1.2655632779493136
1.2602959925024046
1.255018528474851
1.2497303057594846
1.2444309127793554
1.239120087210729
1.23379769872894
1.228463733572243
1.2231182807381955
1.217761519644862
1.2123937091052994
1.2070151774785487
1.2016263138738
1.196227560296649
1.1908194046374543
1.1854023744119446
1.1799770311733653
1.1745439655237713
1.1691037926595806
1.1636571483933165
1.1582046855995938
1.1527470710389545
1.1472849825181344
1.1418191063498526
1.136350135079244
1.130878765447674
1.1254056965679429
1.1199316282987695
1.114457259736515
1.1089832879453478
1.1035104067501516
1.098039305670395
1.092570668961189
1.08710517474974
1.081643494257471
1.0761862910991782
1.07073422065161
1.0652879294847026
1.059848054849536
1.0544152242177254
1.0489900548676219
1.0435731535132047
1.038165115972034
1.0327665268690496
1.027377959373367
1.0219999749655388
1.016633123233032
1.0112779416918758
1.006478906801525
1.001399932419969
0.9960711071292878
0.990690878952255
0.9854464809332838
0.980470204061617
0.9758416648194213
0.971601484872583
0.9677646409298608
0.9643304969901597
0.9612895477327008
0.9586276690469063
0.9563286799881832
0.9543758295975556
0.9527526256749523
0.9514432719863453
0.9504328777052486
0.9497075371797901
0.9492543376748067
0.9490613284858782
0.9491174705386486
0.9494125772818425
0.9499372528971933
0.950682831110131
0.9516413163233408
0.9528053279072499
0.9541680479791145
0.9557231727168015
0.9574648670937539
0.9593877228318841
0.9614867193195752
0.9637571872142254
0.9661947744326232
0.9687954142210147
0.9715552949858797
0.9744708315526602
0.9775386375005461
0.9807554981921666
0.9841183440780541
0.9876242238006309
0.9912702748979395
0.9950536760274609
0.9989716988414233
1.003021559347258
1.0072004367890115
1.0115054236653842
1.015933471177267
1.0204813238703445
1.0251454393006172
1.0299218872165359
1.0348062207080504
1.039793308741121
1.044877114985684
1.050050401058541
1.0553043219367908
1.060627865188886
1.0660070601571363
1.0714238419720215
1.0768543870590652
1.0822666212012328
1.087616400072759
1.092841501868625
1.0978519054730111
1.1025135525343737
