2.39094
4.564319378387536
4.5486063134658155
4.544580767391991
4.547273197022829
4.554046704489707
4.563429135578219
4.574605361440549
4.587139073187371
4.600812331471435
4.615531284041109
4.631270406588386
4.648039554258273
4.665864614442796
4.6847762825075305
4.704803684105287
4.725970883909469
4.748295110144319
4.771785996979077
4.7964454289266625
4.822267738873683
4.849240110548364
4.877343094915275
4.906551184725933
4.93683341227112
4.968153948004661
5.00047268561409
5.0337458042124
5.067926301751883
5.102964496207787
5.138808492791813
5.175404616707667
5.212697811851938
5.250632006449883
5.289150446973328
5.32819600188566
5.367711436786987
5.407639662554645
5.4479239579554655
5.488508168181977
5.529336880665253
5.570355579505251
5.611510779829889
5.652750143401949
5.694022576837826
5.735278313803148
5.776468982590986
5.81754766048664
5.858468916321932
5.899188842572708
5.939665078300661
5.9798568241779
6.019724850703865
6.0592315006391955
6.09834068657356
6.137017884381024
6.175230123273397
6.2129459729684235
6.250135528478228
6.286770392851775
6.322823658194656
6.358269885188497
6.39308508128266
6.4272466777101345
6.460733505423895
6.493525770033717
6.525605025820306
6.556954148872794
6.587557309400828
6.61739994326936
6.646468722800071
6.674751526891849
6.7022374104947495
6.728916573516277
6.754780329185845
6.779821071957487
6.804032245005516
6.8274083073711
6.849944700832543
6.871637816572139
6.892484961687885
6.9124843256390305
6.931634946683648
6.949936678380088
6.967390156215658
6.983996764432675
6.999758603114923
7.014678455592914
7.028759756231137
7.042006558652003
7.054423504449776
7.0660157924460885
7.076789148528698
7.086749796125987
7.095904427338864
7.1042601747865834
7.11182458417784
7.1186055876425245
7.124611477850054
7.129850882922274
7.134332742163342
7.1380662826167445
7.141060996454048
7.143326619197187
7.144873108782626
7.1457106254533365
7.145849512484633
7.145300277725312
7.144073575949674
7.142180192006959
7.13963102475077
7.136437071733854
7.132609414653788
7.128159205520546
7.123097653538693
7.117436012672592
7.111185569879869
7.1043576339867895
7.096963525186796
7.089014565137168
7.080522067628755
7.071497329813431
7.0619516239619475
7.051896189727114
7.041342226901913
7.030300888634413
7.018783275095029
7.006800427566061
6.994363322935215
6.981482868576984
6.968169897601109
6.954435164447831
6.940289340816388
6.92574301191172
6.91080667298542
6.895490726161993
6.879805477535493
6.863761134517596
6.847367803428668
6.83063548731568
6.813574083985388
6.796193384241164
6.77850307031009
6.760512714451909
6.742231777739149
6.723669608996001
6.704835443887393
6.685738404150503
6.666387496962102
6.646791614424781
6.626959533173042
6.606899914090146
6.5866213021236675
6.566132126197192
6.545440699211788
6.524555218126623
6.503483764117299
6.482234302806105
6.460814684554245
6.439232644814819
6.417495804542274
6.395611670649231
6.37358763651033
6.351430982506196
6.329148876603629
6.306748374973602
6.284236422633561
6.261619854117289
6.238905394167504
6.216099658448256
6.193209154273563
6.1702402813505834
6.14719933252999
6.124092494568894
6.1009258489000215
6.077705372400727
6.054436938168548
6.031126316294114
6.007779174631263
5.984401079566466
5.960997496781561
5.937573792011648
5.914135231793811
5.890686984206581
5.867234119605013
5.843781611338848
5.820334336462701
5.796897076435132
5.773474517803893
5.750071252880554
5.726691780400676
5.703340506172297
5.680021743709988
5.6567397148581975
5.6334985504014075
5.6103022906574775
5.58715488606658
5.5640601977635615
5.5410219981391995
