-0.15881214604658894
-0.1704860345162249
-0.18219589115344506
-0.19392662000792163
-0.20566910595817003
-0.21741761664937015
-0.2291683308628934
-0.240918478418578
-0.25266584075361237
-0.2644084608065713
-0.2761444725471158
-0.28787199775649586
-0.29958907968430326
-0.31129363600398363
-0.32298342081529796
-0.3346559895632132
-0.3463086629999753
-0.35793848748849705
-0.3695421894742388
-0.3811161220857527
-0.3926562016909711
-0.4041578318982032
-0.4156158119646524
-0.4270242258501566
-0.4383763071947681
-0.449664274251695
-0.4608791271992693
-0.47201039818933727
-0.4830458418575844
-0.49397105069786446
-0.5047689755823824
-0.515419326753884
-0.5258978249775906
-0.5361752668142176
-0.5462163636983964
-0.5559783151491442
-0.5654090893033147
-0.5744454236718612
-0.5830106536363471
-0.5910126770367882
-0.5983427573319914
-0.6048765841104491
-0.6104801832105181
-0.6150248667071125
-0.6184167364225135
-0.6206449896800061
-0.6218448660873552
-0.6223517455628831
-0.6227007658140481
-0.6235314975475965
-0.6254160157770184
-0.6287020596458299
-0.6334620132989616
-0.639553967442168
-0.6467291881588523
-0.6547229729405588
-0.663304463159922
-0.6722933150275536
-0.6815576410618106
-0.691004867820809
-0.7005716690268847
-0.7102154161683739
-0.7199076929469066
-0.7296296620588903
-0.7393688683322673
-0.7491170787836151
-0.7588688420639625
-0.7686205353664759
-0.7783697370432621
-0.7881151746240292
-0.7978550857962794
-0.8075885997638679
-0.8173158494216377
-0.8270361799646869
-0.8367492972836973
-0.8464550186056569
-0.8561531100267636
-0.8658434607343637
-0.8755259655864229
-0.8852005384220228
-0.8948671081568648
-0.9045256160899862
-0.9141760140135159
-0.9238182628561301
-0.9334523316808337
-0.9430781969181822
-0.9526958417562598
-0.9623052556356839
-0.9719064338154294
-0.9814993769871082
-0.9910840909231237
-1.000660586148999
-1.0102288776338457
-1.0197889844940444
-1.029340929709752
-1.0388847398495562
-1.0484204448044792
-1.057948077529795
-1.0674676737943867
-1.0769792719373785
-1.0864829126319988
-1.0959786386565342
-1.1054664946723571
-1.1149465270090935
-1.124418783456867
-1.133883313065673
-1.1433401659518863
-1.1527893931119544
-1.162231046243224
-1.171665177571916
-1.1810918396883465
-1.190511085389215
-1.1999229675270922
-1.2093275388669924
-1.21872485195006
-1.2281149589642972
-1.2374979116223008
-1.2468737610459801
-1.2562425576581848
-1.265604351081175
-1.2749591900419122
-1.28430712228408
-1.2936481944867484
-1.3029824521896547
-1.312309939724966
-1.321630700155553
-1.3309447752195147
-1.3402522052811006
-1.3495530292877211
-1.3588472847331616
-1.3681350076267496
-1.3774162324685304
-1.3866909922302129
-1.3959593183419925
-1.4052212406849907
-1.4144767875892788
-1.4237259858374582
-1.4329688606736735
-1.4422054358179288
-1.4514357334856922
-1.4606597744126955
-1.4698775778848037
-1.4790891617729338
-1.488294542572883
-1.497493735450071
-1.5066867542890643
-1.5158736117477554
-1.5250543193162882
-1.534228887380491
-1.5433973252898598
-1.552559641429932
-1.5617158432990665
-1.570865937589541
-1.5800099302728645
-1.5891478266892312
-1.5982796316412218
-1.6074053494913514
-1.6165249842637885
-1.6256385397499056
-1.6347460196176964
-1.6438474275250012
-1.6529427672365031
-1.6620320427443265
-1.671115258392301
-1.6801924190037776
-1.6892635300128538
-1.6983285975990634
-1.707387628825463
-1.7164406317798386
-1.7254876157193215
-1.7345285912179702
-1.743563570317502
-1.7525925666809836
-1.7616155957494681
-1.7706326749014378
-0.12203791006595564
-0.1311517937992643
-0.1403312124102516
-0.14955919670513718
-0.15882578618430832
-0.1681250137100547
-0.177453202980922
-0.1868079775353532
-0.1961876905135177
-0.20559109969656536
-0.2150171839164467
-0.22446504022893682
-0.23393382689822265
-0.2434227322160169
-0.2529309578185499
-0.262457710105274
-0.27200219616695737
-0.2815636222123951
-0.29114119337046457
-0.3007341142402008
-0.31034158983782345
-0.31996282674324367
-0.32959703433388565
-0.3392434260412484
-0.34890122059222733
-0.35856964321234774
-0.3682479267768224
-0.37793531290058097
-0.38763105296172085
-0.3973344090549856
-0.40704465487347125
-0.41676107651784683
-0.4264829732333323
-0.4362096580753693
-0.44594045850550695
-0.45567471691951067
-0.46541179111007386
-0.4751510546668078
-0.48489189731640986
-0.4946337252060628
-0.5043759611332318
-0.5141180447250285
-0.5238594325703845
-0.53359959830815
-0.5433380326742561
-0.5530742435109207
-0.5628077584612601
-0.5725381139044415
-0.5822648716122479
-0.5919876072612773
-0.6017059132175429
-0.611419398370038
-0.6211276879447067
-0.6308304233010202
-0.6405272617122203
-0.6502178761305099
-0.6599019549385767
-0.6695792016886124
-0.6792493348301524
-0.6889120874278247
-0.6985672068652048
-0.708214454565075
-0.7178536056583371
-0.7274844486713484
-0.7371067852325902
-0.7467204297293868
-0.756325208985934
-0.7659212679277295
-0.7755078979676614
-0.7850851953768456
-0.7946527267182018
-0.8042109575397793
-0.8137595435878084
-0.8232983812952556
-0.8328273806484504
-0.8423464630613668
-0.8518555600744201
-0.8613546125122964
-0.8708435698838656
-0.8803223899102907
-0.8897910381218119
-0.8992495220897285
-0.9086977612870325
-0.9181357647117384
-0.9275635274829158
-0.9369810499767227
-0.9463883379300508
-0.9557854023553577
-0.9651722593561144
-0.9745489298928939
-0.9839154395264866
-0.9932718181516644
-1.0026180997292191
-1.011954322019818
-1.021280526322179
-1.0305967572164616
-1.039903062313549
-1.0491994920109726
-1.0584860992553164
-1.0677629393114834
-1.077030069538998
-1.0862875491753352
-1.095535439126415
-1.104773801764386
-1.114002700732206
-1.1232222007563477
-1.1324323674658952
-1.14163326721939
-1.1508249669387776
-1.1600075339506148
-1.169181035834422
-1.1783455402782022
-1.187501114940996
-1.1966478273224297
-1.2057857446391793
-1.2149149337082432
-1.2240354608369477
-1.233147391719545
-1.2422507913402951
-1.2513457238829588
-1.260432252646464
-1.2695104399667505
-1.2785803471445183
-1.2876420343788262
-1.2966955607063597
-1.3057409839462055
-1.314778360649987
-1.3238077460571884
-1.3328291940555552
-1.3418427571463232
-1.3508484864141856
-1.3598464315017922
-1.3688366405886363
-1.3778191603741388
-1.3867940360647857
-1.395761311365141
-1.4047210284725784
-1.413673228075545
-1.4226179493552447
-1.4315552299905105
-1.4404851061657744
-1.4494076125819266
-1.4583227824699607
-1.4672306476071784
-1.4761312383359095
-1.4850245835845093
-1.4939107108905032
-1.5027896464258368
-1.5116614150239311
-1.520526040208559
-1.5293835442243162
-1.5382339480686589
-1.5470772715252272
-1.555913533198522
-1.5647427505496794
-1.5735649399333254
-1.5823801166352984
-1.5911882949112721
-1.5999894880260386
-1.6087837082934682
-1.6175709671169416
-1.626351275030315
-1.6351246417391478
-1.6438910761622554
-1.6526505864734582
-1.6614031801433926
-1.6701488639814392
-1.678887644177554
-1.687619526344036
-1.6963445155571182
-1.705062616398348
-1.7137738329956775
-1.7224781690641897
-1.7311756279464547
-1.7398662126524764
-0.15881214604658894
-0.1704860345162249
-0.18219589115344506
-0.19392662000792163
-0.20566910595817003
-0.21741761664937015
-0.2291683308628934
-0.240918478418578
-0.25266584075361237
-0.2644084608065713
-0.2761444725471158
-0.28787199775649586
-0.29958907968430326
-0.31129363600398363
-0.32298342081529796
-0.3346559895632132
-0.3463086629999753
-0.35793848748849705
-0.3695421894742388
-0.3811161220857527
-0.3926562016909711
-0.4041578318982032
-0.4156158119646524
-0.4270242258501566
-0.4383763071947681
-0.449664274251695
-0.4608791271992693
-0.47201039818933727
-0.4830458418575844
-0.49397105069786446
-0.5047689755823824
-0.515419326753884
-0.5258978249775906
-0.5361752668142176
-0.5462163636983964
-0.5559783151491442
-0.5654090893033147
-0.5744454236718612
-0.5830106536363471
-0.5910126770367882
-0.5983427573319914
-0.6048765841104491
-0.6104801832105181
-0.6150248667071125
-0.6184167364225135
-0.6206449896800061
-0.6218448660873552
-0.6223517455628831
-0.6227007658140481
-0.6235314975475965
-0.6254160157770184
-0.6287020596458299
-0.6334620132989616
-0.639553967442168
-0.6467291881588523
-0.6547229729405588
-0.663304463159922
-0.6722933150275536
-0.6815576410618106
-0.691004867820809
-0.7005716690268847
-0.7102154161683739
-0.7199076929469066
-0.7296296620588903
-0.7393688683322673
-0.7491170787836151
-0.7588688420639625
-0.7686205353664759
-0.7783697370432621
-0.7881151746240292
-0.7978550857962794
-0.8075885997638679
-0.8173158494216377
-0.8270361799646869
-0.8367492972836973
-0.8464550186056569
-0.8561531100267636
-0.8658434607343637
-0.8755259655864229
-0.8852005384220228
-0.8948671081568648
-0.9045256160899862
-0.9141760140135159
-0.9238182628561301
-0.9334523316808337
-0.9430781969181822
-0.9526958417562598
-0.9623052556356839
-0.9719064338154294
-0.9814993769871082
-0.9910840909231237
-1.000660586148999
-1.0102288776338457
-1.0197889844940444
-1.029340929709752
-1.0388847398495562
-1.0484204448044792
-1.057948077529795
-1.0674676737943867
-1.0769792719373785
-1.0864829126319988
-1.0959786386565342
-1.1054664946723571
-1.1149465270090935
-1.124418783456867
-1.133883313065673
-1.1433401659518863
-1.1527893931119544
-1.162231046243224
-1.171665177571916
-1.1810918396883465
-1.190511085389215
-1.1999229675270922
-1.2093275388669924
-1.21872485195006
-1.2281149589642972
-1.2374979116223008
-1.2468737610459801
-1.2562425576581848
-1.265604351081175
-1.2749591900419122
-1.28430712228408
-1.2936481944867484
-1.3029824521896547
-1.312309939724966
-1.321630700155553
-1.3309447752195147
-1.3402522052811006
-1.3495530292877211
-1.3588472847331616
-1.3681350076267496
-1.3774162324685304
-1.3866909922302129
-1.3959593183419925
-1.4052212406849907
-1.4144767875892788
-1.4237259858374582
-1.4329688606736735
-1.4422054358179288
-1.4514357334856922
-1.4606597744126955
-1.4698775778848037
-1.4790891617729338
-1.488294542572883
-1.497493735450071
-1.5066867542890643
-1.5158736117477554
-1.5250543193162882
-1.534228887380491
-1.5433973252898598
-1.552559641429932
-1.5617158432990665
-1.570865937589541
-1.5800099302728645
-1.5891478266892312
-1.5982796316412218
-1.6074053494913514
-1.6165249842637885
-1.6256385397499056
-1.6347460196176964
-1.6438474275250012
-1.6529427672365031
-1.6620320427443265
-1.671115258392301
-1.6801924190037776
-1.6892635300128538
-1.6983285975990634
-1.707387628825463
-1.7164406317798386
-1.7254876157193215
-1.7345285912179702
-1.743563570317502
-1.7525925666809836
-1.7616155957494681
-1.7706326749014378
-0.15811049688325476
-0.1697358185551302
-0.1813987282613596
-0.19308370224833696
-0.2047814488674425
-0.21648616393659795
-0.22819399806472512
-0.23990216629508626
-0.2516084339876329
-0.2633108195771144
-0.2750074204319721
-0.2866963073504082
-0.29837545629400797
-0.3100426992661736
-0.32169568380021285
-0.3333318347327026
-0.3449483142103612
-0.3565419770245889
-0.3681093188443069
-0.3796464149745915
-0.3911488470336651
-0.40261161446770644
-0.4140290271190794
-0.42539457410213616
-0.4367007629678386
-0.44793892147353176
-0.45909895210904017
-0.47016902672870375
-0.4811352050402984
-0.49198095613361315
-0.5026865565587578
-0.5132283316812872
-0.5235776995082847
-0.5336999690860678
-0.5435528419077824
-0.5530845712673489
-0.5622317653677396
-0.5709169038220181
-0.5790458288127571
-0.5865058701614568
-0.593166026137419
-0.5988819462964813
-0.6035104170693485
-0.6069400074358153
-0.6091439250176133
-0.6102522308391257
-0.6106174595034225
-0.6108186388411515
-0.6115522204121531
-0.6134316247568485
-0.6168095506894858
-0.6217310595682579
-0.6280154368167283
-0.6353818028894713
-0.6435466276188632
-0.6522718771643929
-0.661377294770055
-0.6707345218178428
-0.6802555484474583
-0.6898814225851982
-0.6995732130327681
-0.7093054214091589
-0.7190614170895576
-0.7288303659945692
-0.738605200821804
-0.7483812940522374
-0.7581555962585035
-0.7679260788908032
-0.7776913748011239
-0.7874509134281864
-0.7972033733558443
-0.8069481829855383
-0.816685683833152
-0.8264153361968855
-0.8361369249916536
-0.8458502796328534
-0.8555552616221113
-0.8652517565845009
-0.8749396691127209
-0.8846189590951725
-0.894289491220599
-0.9039512352112065
-0.9136041487803229
-0.9232481984034269
-0.9328833590618619
-0.942509613910202
-0.9521269539111505
-0.9617353774639943
-0.9713348900355883
-0.9809255037980903
-0.9905072372741778
-1.000080114989915
-1.0096441671347618
-1.019199429228495
-1.0287459417947062
-1.0382837500409228
-1.047812903544256
-1.05733345594516
-1.0668454646458985
-1.076348990516457
-1.0858440976069277
-1.095330852866623
-1.1048093258701337
-1.11427958855033
-1.1237417149385176
-1.1331957809117372
-1.1426418639474039
-1.152080042885267
-1.1615103976968253
-1.1709330092622063
-1.1803479591545456
-1.189755329431953
-1.1991552024369942
-1.2085476606037846
-1.2179327862725986
-1.2273106615120726
-1.2366813679489153
-1.2460449866050838
-1.2554015977424482
-1.2647512807148276
-1.2740941138273436
-1.2834301742030951
-1.2927595376569678
-1.302082278576626
-1.3113984698104773
-1.3207081825626275
-1.3300114862946595
-1.3393084486341726
-1.3485991352899767
-1.357883609973834
-1.367161934328655
-1.3764341678629926
-1.385700367891825
-1.3949605894834054
-1.4042148854121528
-1.4134633061174455
-1.4227058996681945
-1.431942711733121
-1.4411737855566058
-1.4503973119903726
-1.4596195867073347
-1.4688336157702966
-1.478042060591217
-1.48724495174316
-1.496442317196665
-1.5056341824571962
-1.5148205706605045
-1.524001502613163
-1.5331769968140112
-1.5423470694729167
-1.5515117345334064
-1.560671003701831
-1.5698248864832256
-1.5789733902238656
-1.5881165201598977
-1.5972542794715858
-1.606386669342791
-1.615513689025325
-1.6246353359079575
-1.6337516055898988
-1.6428624919586352
-1.6519679872719402
-1.661068082244113
-1.6701627661363105
-1.679252026850938
-1.6883358510301107
-1.6974142241581014
-1.7064871306677865
-1.7155545540511112
-1.7246164769734853
-1.7336728813921216
-1.742723748678337
-1.7517690597438496
-1.7608087951708056
-1.7698429353459484
-1.7788714605984912
-1.7878943513419483
-1.7969115882198596
-1.8059231522552361
-1.8149290250039793
-1.8239291887119538
-1.8329236264758795
-1.8419123224080711
-1.8508952618046288
-1.8598724313175248
-1.8688438191302401
-1.8778094151368863
-1.8867692111249992
-1.8957232009616816
-1.904671380783213
-1.9136137491880008
-1.9225503074327783
-1.9314810596320668
-1.9404060129606364
-1.9493251778591418
-1.9582385682426449
-1.9671462017119954
-1.976048099768014
-1.9849442880282628
-0.15811049191100307
-0.16973581810943147
-0.18139872798992368
-0.19308370206942083
-0.20478145098763936
-0.21648616620796998
-0.22819400051456054
-0.23990216894563746
-0.25160843685879714
-0.26331082268861905
-0.2750074238048133
-0.2866963110079039
-0.29837546026267564
-0.31004270357655783
-0.32169568848777547
-0.33333183983881737
-0.3449483197834828
-0.35654198312165813
-0.36810932553243497
-0.3796464223331458
-0.39114885515683157
-0.4026116234676983
-0.4140290371301713
-0.4253945852857534
-0.43670077551906056
-0.44793893562936365
-0.459098968159029
-0.4701690450287323
-0.48113522603030034
-0.49198098036097343
-0.5026865847092983
-0.5132283309619693
-0.5235776988137313
-0.5336999683181932
-0.5435528409931809
-0.5530845701362698
-0.5622317639380342
-0.570916901986222
-0.5790458264238232
-0.5865058670123603
-0.5931660219286956
-0.5988819405873006
-0.6035104092264296
-0.6069399966636275
-0.6091439106988683
-0.6102522134791319
-0.6106174419603683
-0.6108186260648915
-0.6115522162672288
-0.6134316288172277
-0.6168095591637596
-0.6217311021915933
-0.6280154245038106
-0.6353818087153613
-0.6435466351614914
-0.6522718826811965
-0.6613772984494624
-0.6707345244096341
-0.6802555504564781
-0.689881424294659
-0.6995732145996394
-0.7093054229218471
-0.7190614185927982
-0.7288303675332092
-0.7386052024100062
-0.7483812956869008
-0.7581555979554944
-0.7679260806539948
-0.7776913766328962
-0.787450915260468
-0.797203375323566
-0.806948185105262
-0.8166856859497819
-0.8264153383852642
-0.836136927251907
-0.8458502819650255
-0.8555552640262243
-0.8652517590605241
-0.8749396716606422
-0.8846189617033512
-0.8942894939117947
-0.9039512379742468
-0.9136041516151031
-0.9232482013099719
-0.9328833620402223
-0.9425096169603634
-0.9521269570331373
-0.9617353806578413
-0.971334893301341
-0.9809255071358232
-0.9905072406839898
-1.0000801184718897
-1.0096441706890151
-1.0191994328551597
-1.0287459454939147
-1.0382837538125336
-1.0478129073887439
-1.0573334598627024
-1.0668454686366822
-1.0763489945806728
-1.0858441017447695
-1.095330857078286
-1.1048093301558077
-1.1142795929102007
-1.1237417193727526
-1.1331957854204966
-1.1426418685308137
-1.152080047543444
-1.1615104024298484
-1.1709330140701142
-1.1803479640373467
-1.189755334389599
-1.1991552074693954
-1.2085476657107839
-1.2179327914539833
-1.2273106667675657
-1.2366813732781596
-1.2460449920076508
-1.2554016032178346
-1.2647512862624275
-1.2740941194464748
-1.283430179892969
-1.2927595434167052
-1.3020822844052369
-1.3113984757068577
-1.3207081885255574
-1.3300114923227977
-1.3393084547260476
-1.348599141443984
-1.3578836161882322
-1.3671619406015534
-1.3764341741923647
-1.3857003742754959
-1.3949605959190683
-1.404214891897366
-1.4134633126496405
-1.4227059062447078
-1.4319427183511895
-1.4411737922134156
-1.4503972971635433
-1.4596195906001017
-1.4688336209915045
-1.4780420667016978
-1.487244958412214
-1.4964423242091147
-1.5056341896732846
-1.514820577989751
-1.5240015099973219
-1.5331770042159536
-1.5423470768693335
-1.5515117419101163
-1.5606710110505932
-1.5698248937997672
-1.5789733975065308
-1.5881165274087732
-1.5972542866879162
-1.6063866765286234
-1.6155136961832335
-1.6246353430408993
-1.633751612701084
-1.6428624990514502
-1.6519679943499066
-1.6610680893108312
-1.6701627731954471
-1.6792520339062067
-1.6883358580852423
-1.6974142312168239
-1.7064871377338533
-1.7155545611282392
-1.7246164840653817
-1.7336728885024617
-1.7427237558107849
-1.7517690669020025
-1.7608088023582595
-1.7698429425662319
-1.7788714678550748
-1.7878943586382874
-1.7969115955593238
-1.8059231596411758
-1.8149290324396878
-1.8239291962006488
-1.83292363402078
-1.8419123300122788
-1.8508952694712377
-1.8598724390495784
-1.8688438269307077
-1.8778094230087201
-1.886769219071088
-1.8957232089848766
-1.9046713888863331
-1.9136137573738154
-1.9225503157040496
-1.931481067991473
-1.940406021410833
-1.9493251864027836
-1.9582385768823307
-1.9671462104503363
-1.9760481086075308
-1.9849442969715088
-0.15811049688325476
-0.1697358185551302
-0.1813987282613596
-0.19308370224833696
-0.2047814488674425
-0.21648616393659795
-0.22819399806472512
-0.23990216629508626
-0.2516084339876329
-0.2633108195771144
-0.2750074204319721
-0.2866963073504082
-0.29837545629400797
-0.3100426992661736
-0.32169568380021285
-0.3333318347327026
-0.3449483142103612
-0.3565419770245889
-0.3681093188443069
-0.3796464149745915
-0.3911488470336651
-0.40261161446770644
-0.4140290271190794
-0.42539457410213616
-0.4367007629678386
-0.44793892147353176
-0.45909895210904017
-0.47016902672870375
-0.4811352050402984
-0.49198095613361315
-0.5026865565587578
-0.5132283316812872
-0.5235776995082847
-0.5336999690860678
-0.5435528419077824
-0.5530845712673489
-0.5622317653677396
-0.5709169038220181
-0.5790458288127571
-0.5865058701614568
-0.593166026137419
-0.5988819462964813
-0.6035104170693485
-0.6069400074358153
-0.6091439250176133
-0.6102522308391257
-0.6106174595034225
-0.6108186388411515
-0.6115522204121531
-0.6134316247568485
-0.6168095506894858
-0.6217310595682579
-0.6280154368167283
-0.6353818028894713
-0.6435466276188632
-0.6522718771643929
-0.661377294770055
-0.6707345218178428
-0.6802555484474583
-0.6898814225851982
-0.6995732130327681
-0.7093054214091589
-0.7190614170895576
-0.7288303659945692
-0.738605200821804
-0.7483812940522374
-0.7581555962585035
-0.7679260788908032
-0.7776913748011239
-0.7874509134281864
-0.7972033733558443
-0.8069481829855383
-0.816685683833152
-0.8264153361968855
-0.8361369249916536
-0.8458502796328534
-0.8555552616221113
-0.8652517565845009
-0.8749396691127209
-0.8846189590951725
-0.894289491220599
-0.9039512352112065
-0.9136041487803229
-0.9232481984034269
-0.9328833590618619
-0.942509613910202
-0.9521269539111505
-0.9617353774639943
-0.9713348900355883
-0.9809255037980903
-0.9905072372741778
-1.000080114989915
-1.0096441671347618
-1.019199429228495
-1.0287459417947062
-1.0382837500409228
-1.047812903544256
-1.05733345594516
-1.0668454646458985
-1.076348990516457
-1.0858440976069277
-1.095330852866623
-1.1048093258701337
-1.11427958855033
-1.1237417149385176
-1.1331957809117372
-1.1426418639474039
-1.152080042885267
-1.1615103976968253
-1.1709330092622063
-1.1803479591545456
-1.189755329431953
-1.1991552024369942
-1.2085476606037846
-1.2179327862725986
-1.2273106615120726
-1.2366813679489153
-1.2460449866050838
-1.2554015977424482
-1.2647512807148276
-1.2740941138273436
-1.2834301742030951
-1.2927595376569678
-1.302082278576626
-1.3113984698104773
-1.3207081825626275
-1.3300114862946595
-1.3393084486341726
-1.3485991352899767
-1.357883609973834
-1.367161934328655
-1.3764341678629926
-1.385700367891825
-1.3949605894834054
-1.4042148854121528
-1.4134633061174455
-1.4227058996681945
-1.431942711733121
-1.4411737855566058
-1.4503973119903726
-1.4596195867073347
-1.4688336157702966
-1.478042060591217
-1.48724495174316
-1.496442317196665
-1.5056341824571962
-1.5148205706605045
-1.524001502613163
-1.5331769968140112
-1.5423470694729167
-1.5515117345334064
-1.560671003701831
-1.5698248864832256
-1.5789733902238656
-1.5881165201598977
-1.5972542794715858
-1.606386669342791
-1.615513689025325
-1.6246353359079575
-1.6337516055898988
-1.6428624919586352
-1.6519679872719402
-1.661068082244113
-1.6701627661363105
-1.679252026850938
-1.6883358510301107
-1.6974142241581014
-1.7064871306677865
-1.7155545540511112
-1.7246164769734853
-1.7336728813921216
-1.742723748678337
-1.7517690597438496
-1.7608087951708056
-1.7698429353459484
-1.7788714605984912
-1.7878943513419483
-1.7969115882198596
-1.8059231522552361
-1.8149290250039793
-1.8239291887119538
-1.8329236264758795
-1.8419123224080711
-1.8508952618046288
-1.8598724313175248
-1.8688438191302401
-1.8778094151368863
-1.8867692111249992
-1.8957232009616816
-1.904671380783213
-1.9136137491880008
-1.9225503074327783
-1.9314810596320668
-1.9404060129606364
-1.9493251778591418
-1.9582385682426449
-1.9671462017119954
-1.976048099768014
-1.9849442880282628
-1.993834796446495
-0.15811049191100307
-0.16973581810943147
-0.18139872798992368
-0.19308370206942083
-0.20478145098763936
-0.21648616620796998
-0.22819400051456054
-0.23990216894563746
-0.25160843685879714
-0.26331082268861905
-0.2750074238048133
-0.2866963110079039
-0.29837546026267564
-0.31004270357655783
-0.32169568848777547
-0.33333183983881737
-0.3449483197834828
-0.35654198312165813
-0.36810932553243497
-0.3796464223331458
-0.39114885515683157
-0.4026116234676983
-0.4140290371301713
-0.4253945852857534
-0.43670077551906056
-0.44793893562936365
-0.459098968159029
-0.4701690450287323
-0.48113522603030034
-0.49198098036097343
-0.5026865847092983
-0.5132283309619693
-0.5235776988137313
-0.5336999683181932
-0.5435528409931809
-0.5530845701362698
-0.5622317639380342
-0.570916901986222
-0.5790458264238232
-0.5865058670123603
-0.5931660219286956
-0.5988819405873006
-0.6035104092264296
-0.6069399966636275
-0.6091439106988683
-0.6102522134791319
-0.6106174419603683
-0.6108186260648915
-0.6115522162672288
-0.6134316288172277
-0.6168095591637596
-0.6217311021915933
-0.6280154245038106
-0.6353818087153613
-0.6435466351614914
-0.6522718826811965
-0.6613772984494624
-0.6707345244096341
-0.6802555504564781
-0.689881424294659
-0.6995732145996394
-0.7093054229218471
-0.7190614185927982
-0.7288303675332092
-0.7386052024100062
-0.7483812956869008
-0.7581555979554944
-0.7679260806539948
-0.7776913766328962
-0.787450915260468
-0.797203375323566
-0.806948185105262
-0.8166856859497819
-0.8264153383852642
-0.836136927251907
-0.8458502819650255
-0.8555552640262243
-0.8652517590605241
-0.8749396716606422
-0.8846189617033512
-0.8942894939117947
-0.9039512379742468
-0.9136041516151031
-0.9232482013099719
-0.9328833620402223
-0.9425096169603634
-0.9521269570331373
-0.9617353806578413
-0.971334893301341
-0.9809255071358232
-0.9905072406839898
-1.0000801184718897
-1.0096441706890151
-1.0191994328551597
-1.0287459454939147
-1.0382837538125336
-1.0478129073887439
-1.0573334598627024
-1.0668454686366822
-1.0763489945806728
-1.0858441017447695
-1.095330857078286
-1.1048093301558077
-1.1142795929102007
-1.1237417193727526
-1.1331957854204966
-1.1426418685308137
-1.152080047543444
-1.1615104024298484
-1.1709330140701142
-1.1803479640373467
-1.189755334389599
-1.1991552074693954
-1.2085476657107839
-1.2179327914539833
-1.2273106667675657
-1.2366813732781596
-1.2460449920076508
-1.2554016032178346
-1.2647512862624275
-1.2740941194464748
-1.283430179892969
-1.2927595434167052
-1.3020822844052369
-1.3113984757068577
-1.3207081885255574
-1.3300114923227977
-1.3393084547260476
-1.348599141443984
-1.3578836161882322
-1.3671619406015534
-1.3764341741923647
-1.3857003742754959
-1.3949605959190683
-1.404214891897366
-1.4134633126496405
-1.4227059062447078
-1.4319427183511895
-1.4411737922134156
-1.4503972971635433
-1.4596195906001017
-1.4688336209915045
-1.4780420667016978
-1.487244958412214
-1.4964423242091147
-1.5056341896732846
-1.514820577989751
-1.5240015099973219
-1.5331770042159536
-1.5423470768693335
-1.5515117419101163
-1.5606710110505932
-1.5698248937997672
-1.5789733975065308
-1.5881165274087732
-1.5972542866879162
-1.6063866765286234
-1.6155136961832335
-1.6246353430408993
-1.633751612701084
-1.6428624990514502
-1.6519679943499066
-1.6610680893108312
-1.6701627731954471
-1.6792520339062067
-1.6883358580852423
-1.6974142312168239
-1.7064871377338533
-1.7155545611282392
-1.7246164840653817
-1.7336728885024617
-1.7427237558107849
-1.7517690669020025
-1.7608088023582595
-1.7698429425662319
-1.7788714678550748
-1.7878943586382874
-1.7969115955593238
-1.8059231596411758
-1.8149290324396878
-1.8239291962006488
-1.83292363402078
-1.8419123300122788
-1.8508952694712377
-1.8598724390495784
-1.8688438269307077
-1.8778094230087201
-1.886769219071088
-1.8957232089848766
-1.9046713888863331
-1.9136137573738154
-1.9225503157040496
-1.931481067991473
-1.940406021410833
-1.9493251864027836
-1.9582385768823307
-1.9671462104503363
-1.9760481086075308
-1.9849442969715088
-1.9938348054959976
-0.15957030574618264
-0.17129590608789308
-0.18305546248192248
-0.19483443731199507
-0.2066239694933044
-0.2184184463335817
-0.23021410838194561
-0.24200822782136622
-0.25379862804176634
-0.2655834028762605
-0.27736075098003526
-0.2891288755756794
-0.30088592050557744
-0.3126299256806758
-0.3243587920366955
-0.33607025010494235
-0.3477618285296032
-0.3594308200528507
-0.37107424306778625
-0.38268879704706954
-0.3942708101229957
-0.4058161768888825
-0.41732028413841576
-0.42877792176106455
-0.44018317534965046
-0.4515292962207605
-0.46280854345319516
-0.4740119911568782
-0.48512929242378233
-0.49614838920477605
-0.5070551546257039
-0.5178329509534021
-0.5284620825794627
-0.538919119228734
-0.5491760607467788
-0.5591992647290518
-0.5689483881632026
-0.5783746504936278
-0.5874193200414306
-0.5960118822361112
-0.6040684053579218
-0.6114906332016284
-0.6181669129109281
-0.6239769243929842
-0.6288033335643924
-0.6325545055988095
-0.6352018491913392
-0.6368302983972637
-0.6376878220283573
-0.6382025763762535
-0.6389314781583466
-0.640434816747981
-0.6431295579126058
-0.6472016906970056
-0.6526155070315293
-0.6591909928209445
-0.6666914331549191
-0.6748859988462633
-0.6835802687054598
-0.692623931229478
-0.7019068065076031
-0.7113508233021165
-0.7209018485053027
-0.7305228605508801
-0.7401887555345243
-0.7498825952375536
-0.7595929789613081
-0.7693122371942207
-0.7790355528147765
-0.7887588124623522
-0.7984799395111556
-0.8081969121260789
-0.8179092924928506
-0.8276160534117755
-0.8373166434522865
-0.847010669308156
-0.8566978450628133
-0.8663779584937813
-0.876050848623041
-0.8857163907123475
-0.8953744861938655
-0.905025055876719
-0.9146680353308373
-0.9243033717198043
-0.933931021599557
-0.9435509493620289
-0.9531631261103675
-0.9627675288239358
-0.9723641397185805
-0.9819529457393745
-0.9915339381442305
-1.0011071121493436
-1.0106724666196074
-1.0202300037901848
-1.0297797290116073
-1.0393216505127263
-1.0488557791779074
-1.0583821283360062
-1.0679007135594858
-1.0774115524726484
-1.0869146645681862
-1.0964100710316678
-1.105897794573567
-1.1153778592686387
-1.1248502904025357
-1.134315114325517
-1.1437723583131911
-1.1532220504342143
-1.16266421942497
-1.1720988945710755
-1.1815261055957238
-1.1909458825549095
-1.200358255739273
-1.2097632555827562
-1.2191609125778713
-1.228551257197571
-1.2379343198236525
-1.2473101306816934
-1.2566787197823481
-1.266040116869056
-1.2753943513719919
-1.2847414523682783
-1.2940814485483192
-1.3034143681882102
-1.3127402391281258
-1.3220590887566526
-1.331370944000927
-1.3406758313225406
-1.3499737767190791
-1.3592648057313008
-1.3685489434557496
-1.3778262145628024
-1.387096643320048
-1.3963602536208597
-1.4056170690181553
-1.4148671127631551
-1.4241104078491331
-1.4333469770600495
-1.4425768430239148
-1.451800028270869
-1.4610165552958558
-1.4702264466257626
-1.4794297248910329
-1.4886264129014954
-1.4978165337265072
-1.5070001107791735
-1.516177167904595
-1.525347729472065
-1.534511820471141
-1.5436694666113784
-1.5528206944258374
-1.561965531378029
-1.5711040059724257
-1.5802361478682219
-1.5893619879965568
-1.5984815586806764
-1.6075948937593634
-1.6167020287132923
-1.6258030007942892
-1.634897849157257
-1.643986614995122
-1.6530693416759734
-1.6621460748831096
-1.671216862757227
-1.680281756041066
-1.6893408082262966
-1.6983940757024787
-1.707441617908263
-1.716483497484305
-1.7255197804283184
-1.7345505362518767
-1.7435758381388007
-1.7525957631055045
-1.7616103921625765
-1.7706198104783266
-1.7796241075432102
-1.7886233773364495
-1.7976177184930748
-1.8066072344731487
-1.815592033731735
-1.8245722298901481
-1.8335479419087586
-1.8425192942605322
-1.8514864171061056
-1.860449446469881
-1.869408524417534
-1.8783637992343707
-1.8873154256053468
-1.8962635647962303
-1.9052083842169205
-1.9141500605913926
-1.9230887744189038
-1.9320247156036294
-1.940958081085353
-1.9498890755033231
-1.9588179113890667
-1.9677448093616572
-1.9766699983251759
-1.98559371566886
-1.9945162074702627
