-0.05996760525154387
-0.06860810322319745
-0.07626834112374305
-0.08343974138034982
-0.09020449724806477
-0.09657087718666983
-0.10253575159849303
-0.10809628401270721
-0.11325156738899361
-0.11800240838930333
-0.12235088330626306
-0.1262999534377402
-0.12985316806176936
-0.13301444008185767
-0.13578787709563173
-0.13817765434770854
-0.14018791954655332
-0.14182272211966507
-0.14308596132428975
-0.14398134895511522
-0.14451238335920788
-0.1446823321960794
-0.14449422193540615
-0.1439508325154587
-0.14305469592336764
-0.1418080977243795
-0.14021308077989725
-0.13827145056131726
-0.13598478160154853
-0.13335442473108552
-0.13038151483005958
-0.1270669788935779
-0.1234115442591981
-0.11941574688586139
-0.11507993960496257
-0.11040430028792377
-0.10538883989327624
-0.10003341036982394
-0.09433771240328158
-0.08830130300073202
-0.08192360291371245
-0.07520390390407325
-0.06814137585962947
-0.060735073768851136
-0.052983944564652635
-0.044886833847852324
-0.036442492501755325
-0.02764958320847966
-0.018506686878048302
-0.009012309000538291
0.0008351140686694537
0.011037208881514118
0.021595658718673055
0.03251219745208477
0.04378860344111261
0.055426693455822254
0.06742831662150488
0.07979534837944416
0.09252968445962363
0.105633234861851
0.1191079178426616
0.1329556539059781
0.14717835979661975
0.16177794249633184
0.17675629322276293
0.19211528143302778
0.20785674883394437
0.22398250340191028
0.24049431341662897
0.25739390151302044
0.2746829387571443
0.2923630387523657
0.3104357517829357
0.3289025590028612
0.3477648666789137
0.36702400049693107
0.38668119994172884
0.40673761276126846
0.4271942895265486
0.4480521782989804
0.4693121194179615
0.490974840421267
0.5130409511117956
0.5355109387841043
0.5583851636246107
0.5816638542995033
0.6053471037443617
0.6294348651695859
0.6539269482954737
0.678823015830719
0.7041225802076952
0.7298250005874424
0.7559294801469668
0.7824350636603145
0.8093406353849748
0.836644917263379
0.8643464674491126
0.8924436791659608
0.9209347799070138
0.9498178309797201
0.9790907274014778
1.0087511981492483
1.038796806764777
1.0692249523160984
1.1000328707140299
1.1312176363809792
1.1627761642680157
1.1947052122141213
1.2270013836405613
1.2596611305711547
1.292680756968312
1.3260564223726397
1.3597841458330875
1.393859810112671
1.428279166154154
1.4630378377883153
1.498131326666658
1.53355501739971
1.5693041828803271
1.6053739897719168
1.6417595041397608
1.678455697203877
1.7154574511912015
1.7527595652647896
1.7903567615077354
1.8282436909392852
1.8664149395411591
1.9048650342723228
1.9435884490508666
1.982579610682174
2.021832904713195
2.0613426811938003
2.10110326032648
2.1411089379869677
2.1813539910992876
2.22183268284986
2.262539267726256
2.3034679963674956
2.344613120214088
2.3859688959467733
2.427529589704813
2.4692894810752546
2.511242866846224
2.5533840645182893
2.5957074155693283
2.638207288468915
2.680878081440308
2.7237142249680444
2.7667101840510897
2.809860460201738
2.8531595931920517
2.896602162549606
2.940182788806001
2.9838961345016037
3.027734707985511
3.0716992481462713
3.115779271577401
3.1599710388724835
3.2042694683944357
3.2486694934385456
3.293166083404613
3.3377542472806683
3.3824290340734517
3.4271855322408173
3.4720188686437425
3.5169242072042564
3.561896747350597
3.6069317222897155
3.652024397129433
3.697170066865076
3.742364054241091
3.787601707497724
3.832878398010758
3.8781895178330443
3.923530477145944
3.9688967016284096
4.014283629751781
4.059686710008048
4.10510139807924
4.150523153955528
4.195947439009818
4.241369713036118
4.286785431258969
4.332190041321606
4.377578980259991
4.422947671470088
4.468291521675177
4.513605917901136
4.558886224466023
4.604127779991933
4.649325894445345
4.69447584621403
4.739572879226804
4.784612200123948
4.829588975484962
4.874498329121058
4.919335339439379
4.964095036886725
5.008772401478981
