169.20015091200003
152.2440801287109
150.56239810909346
149.22199689027832
148.14147012112397
147.25963032751255
146.5294660372681
145.9152833885324
145.39037865980544
144.93514061929952
144.53551682735647
144.1817685380035
143.86743701638295
143.58845204144646
143.34233505997668
143.12748366311152
142.9425622451851
142.78604985788905
142.65599359823204
142.54997942601332
142.46527771993502
142.39907783372328
142.34871797617112
142.31184470230474
142.28648026634377
142.27101251841924
142.26413885137632
142.2647947335536
142.2720873181704
142.28524357098016
142.30357445096007
142.32645260388864
142.35329978078613
142.38358047132434
142.41679908211805
142.4524988633389
142.49026148498058
142.52970665048107
142.5704914456144
142.61230930566055
142.65488858812188
142.69799079327737
142.74140850095083
142.7849631012311
142.82850239664114
142.87189814748498
142.9150436233133
142.95785016752305
143.00024919586448
143.04218343896258
143.08360946212508
143.12449466575382
143.16481562356805
143.20455659435243
143.2437082028227
143.28226628166638
143.32023086441728
143.35760531730566
143.39439559745023
143.43060962454976
143.46625675346465
143.5013473356226
143.5358923579395
143.56990314883706
143.60339114188497
143.63636768857086
143.66884391264443
143.70083059938747
143.73233811400763
143.76337634412585
143.79395466202317
143.8240819029537
143.85376635636356
143.8830157673657
143.91183734622746
143.94023778400555
143.96822327277945
143.99579952919893
144.02297182029983
144.0497449907351
144.07612349073372
144.10211140423905
144.12771247679447
144.1529301428465
144.17776755220387
144.20222759547022
144.2263129283181
144.25002599451162
144.2733690476262
144.29634417144652
144.31895329903492
144.34119823048871
144.3630806494256
144.38460213822262
144.4057641920778
144.4265682319266
144.4470156162946
144.46710765212444
144.48684560465426
144.50623070640057
144.52526416530128
144.54394717209033
144.56228090694404
144.58026654546305
144.59790526403845
144.61519824465026
144.632146679143
144.64875177302417
144.66501474882264
144.68093684904747
144.69651933877944
144.7117635079288
144.7266706731913
144.7412421797238
144.7554793977488
144.76938374783487
144.78295665380568
144.79619959155113
144.8091140657004
144.82170161489452
144.83396381212918
144.84590226498133
144.85751861571288
144.86881454128442
144.8797917532751
144.89045199770143
144.90079705479735
144.91082873869638
144.9205488970691
144.92995941069734
144.93906219301425
144.9478591895739
144.9563523775239
144.96454376498352
144.9724353904626
144.6929650418811
144.3750805237361
144.06971173369487
143.77944204729764
143.50502745453997
143.2462990782978
143.00270593013883
142.77351265206494
142.5579529500271
142.35527328897285
142.1647556127574
141.9857258957503
141.8175560607572
141.65966283180313
141.51150523695358
141.37258159604897
141.2424264011326
141.12060728573067
141.0067221723449
140.90039663309975
140.801281470906
140.70905051454147
140.62339861477096
140.54403982600613
140.47070575720647
140.403144076983
140.3411171574591
140.2844008442296
140.23278333997467
140.18606419069727
140.14405336499678
140.10657041758918
140.07344372935646
140.04450981719305
140.01961270765636
139.99860336926778
139.98133920078655
139.96768354716176
139.95750535128454
139.95067870253982
139.947082608037
139.94654185346585
139.9491219886826
139.954533587886
139.96273675678114
139.97362958357556
139.98711578069484
140.00310296084263
140.02150276304073
140.04223109374715
140.06520851682947
140.09036084412233
140.1176200031013
140.14692529652797
140.17822522917757
140.21148017352695
140.24666630549652
140.28378151001723
140.32285442302708
140.363958614477
140.40723547846397
140.45293243460367
140.50146926071054
140.55355901277582
