0.12100162157999998
0.1204054035462487
0.11976620888339781
0.11921040985293425
0.11869617827480552
0.11820126309850108
0.11771408315274555
0.11722866254689504
0.11674196828064679
0.11625251080112473
0.11575960827608957
0.11526299981921989
0.11476264223324456
0.11425860328822429
0.11375100578837138
0.11323999836310188
0.11272574032181357
0.11220839391110927
0.11168812046994528
0.11116507863969832
0.11063942366098692
0.11011130725000776
0.10958087779029224
0.10904828070440309
0.10851365893852202
0.10797715352981141
0.10743890424696319
0.10689905030653021
0.10635773117573302
0.10581508747880009
0.10527126202983429
0.10472640102148247
0.10418065540578106
0.10363418251168058
0.10308714795304941
0.10253972789031093
0.10199211154631573
0.10144450516771883
0.10089713447043788
0.10035025005966379
0.09980413208147147
0.0992590956126299
0.09871549596709832
0.09817373288375252
0.09763425164017181
0.09709753778159398
0.09656410055152541
0.09603443916499009
0.09550898793746375
0.09498804405056484
0.09447169616231123
0.09395978552579459
0.0934519275478483
0.09294759308222272
0.09244621495506684
0.09194727570481162
0.09145035577814126
0.09095514221933215
0.09046141583865241
0.08996903021823892
0.08947789133821589
0.08898794119101562
0.08849914583003901
0.08801148713212578
0.08752495730684344
0.08703955530504622
0.08655528449390457
0.08607215115743623
0.0855901635289026
0.08510935875565058
0.08462970692991621
0.08415122981054272
0.08367390776392505
0.08319779561799402
0.08272290117111099
0.08224923440409222
0.08177680657239342
0.08130562965514596
0.08083571605275969
0.08036707841874095
0.07989972956414244
0.07943368240151848
0.07896894991053346
0.0785055451155763
0.07804348107014902
0.07758277084517876
0.07712342751968462
0.07666546417293102
0.07620889387757415
0.07575372969351579
0.07529998466230724
0.07484767180196382
0.07439680410215604
0.07394739451970454
0.07349945597434632
0.0730530013447413
0.07260804346469396
0.07216459511956702
0.0717226690428689
0.07128227791299659
0.07084343435011799
0.07040615091318018
0.06997044009702955
0.06953631432963163
0.06910378596938085
0.06867286730248823
0.06824357054043859
0.067815907817509
0.06738989118833945
0.06696553262554927
0.06654284401739217
0.06612183716544395
0.06570252378231653
0.06528491548939401
0.06486902381458502
0.0644548601900873
0.06404243595016008
0.0636317623289012
0.06322285045802424
0.06281571136463389
0.06241035596899552
0.062006795082296666
0.06160503940439841
0.06120509952157362
0.060806985904230657
0.06041070890462071
0.0600162787545269
0.059623705562933976
0.05923299931367709
0.05884416986306923
0.05845722693750533
0.05807218013104386
0.057689038902963584
0.05730781257529661
0.056928510330336655
0.0565511412081226
0.05617571410389752
0.055802237765543224
0.055430720790990866
0.055061171625608
0.05469359855956269
0.05432800972516557
0.05396441309419098
0.053602816475177624
0.05324322751071093
0.052885653674687554
0.05253010226956427
0.05217658042359228
0.05182509508803943
0.05147565303440162
0.05112826085160591
0.050782924943207054
0.050439651524580936
0.0500984466201156
0.04975931606040421
0.04942226547944155
0.0490873003118275
0.048754425789980384
0.04842364694136297
0.04809496858572488
0.04776839533236457
0.04744393157741388
0.04712158150114961
0.046801349065334896
0.04648323801059487
0.04616725185383007
0.04585339388567152
0.045541667167981977
0.04523207453140667
0.04492461857297871
0.04461930165378233
0.04431612589667918
0.04401509318410155
0.04371620515591687
0.04341946320736833
0.04312486848709522
0.04283242189523894
0.04254212408163673
0.04225397544411062
0.041967976126853275
0.04168412601891669
0.04140242475280797
0.041122871703195785
0.04084546598573255
0.040570206455996294
0.04029709170855597
0.04002612007616456
0.0397572896290842
0.03949059817454643
0.03922604325635149
0.038963622154564094
0.038703331885439216
0.03844516920173413
0.03818913059232401
0.037935212282950645
0.03768341023663165
0.03743372015432293
0.03718613747574412
0.03694065738036895
0.03669727478858191
