0.00438507
0.004379298340994936
0.004372153466015526
0.004368240995418326
0.0043660490257709135
0.004364765903778968
0.004363963347862725
0.0043634153606483565
0.00436300270113743
0.0043626624885453845
0.004362361604284691
0.004362082649333418
0.004361816528147777
0.004361558531088703
0.004361306264431745
0.004361058556357173
0.004360814878634191
0.004360575040863298
0.004360339028813764
0.004360106918965411
0.0043598788333676815
0.004359654915842804
0.004359435319501338
0.004359220200266903
0.004359009713608557
0.004358804013003803
0.004358603249357277
0.004358407570973472
0.004358217123881167
0.004358032052415135
0.004357852500020081
0.004357678610275864
0.004357510528163063
0.004357348401598576
0.004357192383280043
0.004357042632857266
0.004356899312039079
0.0043567626204655
0.004356632742114612
0.0043565098920746925
0.004356394304228686
0.004356286230289209
0.004356185933173926
0.004356093670072942
0.004356009657735686
0.004355934009585516
0.004355866633467454
0.004355807085751189
0.004355754401240169
0.004355706964339359
0.004355662536404667
0.0043556185459943785
0.0043555726216729625
0.004355523156103797
0.004355469628494638
0.004355412525981953
0.004355353063599987
0.00435529276075137
0.00435523313985097
0.004355175541557508
0.004355121049807885
0.004355070487693158
0.0043550244490019995
0.004354983342054162
0.004354947433014197
0.004354916882973972
0.004354891777352886
0.0043548721480731085
0.004354857989736459
0.004354850676864683
0.004354848113823569
0.004354850776558257
0.004354856978623913
0.004354868854070432
0.004354886102104762
0.004354908519107579
0.004354935956391886
0.004354968294700303
0.004355005430592141
0.00435504726920896
0.0043550937204544365
0.004355144696999351
0.004355200113260049
0.004355259884894294
0.004355323928570353
0.004355392161878902
0.004355464503318014
0.004355540872314214
0.004355621189259841
0.004355705375556235
0.004355793353658117
0.004355885047114517
0.004355980380606997
0.004356079279983293
0.004356181672286442
0.00435628748577938
0.004356396649965084
0.004356509095602392
0.004356624754717728
0.004356743560612874
0.004356865447869021
0.004356990352347322
0.004357118211186133
0.004357248962795148
0.004357382546846691
0.004357518904264301
0.004357657977208855
0.004357799709062438
0.0043579440444101135
0.004358090929019828
0.004358240309820611
0.004358392134879254
0.0043585463533756495
0.00435870291557695
0.004358861772810709
0.004359022877437162
0.0043591861828207925
0.004359351643301337
0.0043595192141643304
0.00435968885161138
0.00435986051273023
0.004360034155464755
0.0043602097385850355
0.004360387221657534
0.004360566565015549
0.0043607477297300055
0.004360930677580668
0.004361115371027877
0.004361301773184855
0.004361489847790707
0.00436167955918411
0.004361870872277855
0.004362063752534185
0.004362258165941079
0.0043624540789895
0.004362651458651633
0.004362850272360198
0.004363050487988856
0.004363252073833733
0.004363454998596145
0.004363659231366489
0.004363864741609391
0.004364071499150102
0.004364279474162159
0.004364488637156366
0.004364698958971081
0.004364910410763837
0.004365122964004297
0.004365336590468588
0.0043655512622349695
0.004365766951680895
0.004365983631481385
0.004366201274608877
0.004366419854334322
0.004366639344229715
0.0043668597181719445
0.0043670809503480006
0.004367303015261499
0.0043675258877405145
0.004367749542946706
0.004367973956385737
0.0043681991039188905
0.004368424961775954
0.004368651506569246
0.004368878715308828
0.004369106565418829
0.004369335034754822
0.004369564101622284
0.004369793744795991
0.004370023943540412
0.004370254677630951
0.00437048592737605
0.0043707176736400835
0.004370949897866951
0.004371182582104378
0.00437141570902875
0.004371649261970585
0.004371883224940327
0.004372117582654698
0.004372352320563254
0.004372587424875235
0.00437282288258662
0.00437305868150723
0.0043732948102878895
0.004373531258447538
0.0043737680164001895
0.004374005075481665
0.004374242427976095
0.0043744800671420055
0.004374717987237954
0.004374956183569917
0.004375194652412811
0.004375433391221825
0.004375672398489616
0.004375911673838508
0.004376151218031395
0.0043763910329921475
0.004376631121825041
0.00437687148883317
0.004377112139535733
