7.4187
7.283252065076954
7.269570670338751
7.255425371922827
7.240994468927923
7.226364841627585
7.211575524218731
7.19663995345164
7.181557639024606
7.166320245481911
7.150914719014662
7.135324846854098
7.119531978833794
7.103515293319707
7.087251806226198
7.0707162246482405
7.053880694792398
7.036714465774118
7.019183475047808
7.001249851685452
6.982871327167428
6.964000538007328
6.944584199358229
6.924562123088135
6.9038660471447475
6.882418234950487
6.860129793589417
6.8368986472306075
6.812607087048787
6.787118800372953
6.760275259558978
6.731891325156965
6.7017498892224046
6.669595355801454
6.635125733009477
6.597983107896226
6.557742283296023
6.513897726171886
6.465848620023348
6.412883594843009
6.354166942909482
6.288731174769539
6.2154847832539915
6.13325097542545
6.040863101223425
5.937353956803521
5.822281409495645
5.696211999940591
5.561303541626978
5.421764866914875
5.283792922219272
5.154622886175298
5.0408018573511075
4.946476941976704
4.872642095619943
4.817613485924628
4.778196554438418
4.750819942661183
4.732253315571437
4.719901007246432
4.71182423536845
4.7066409033127465
4.703395068624432
4.701438379789087
4.700336659093176
4.699801532106851
4.69964247288639
4.699734025793614
4.699993757773382
4.700367493496371
4.700819952407958
4.701327819611603
4.7018759209068
4.702454131620522
4.703056024063545
4.703677345440809
4.7043153165500415
4.70496812385382
4.705634586087549
4.706313935473278
4.707005674166178
4.7077094800858985
4.7084251451677295
4.709152534897169
4.709891561819405
4.710642168223912
4.711404314853132
4.712177973565265
4.7129631225913755
4.713759743493093
4.714567819233494
4.715387332974998
4.716218267351077
4.717060604043973
4.71791432355994
4.718779405129325
4.71965582668498
4.720543564887678
4.721442595178885
4.722352891847747
4.723274428103891
4.724207176150889
4.725151107257015
4.726106191821394
4.727072399434486
4.728049698932151
4.729038058443392
4.730037445431669
4.731047826729903
4.732069168569621
4.733101436604352
4.734144595927988
4.735198611087638
4.73626344609271
4.7373390644190625
4.738425429009528
4.73952250227086
4.740630246067475
4.741748621711988
4.742877589953375
4.744017110962455
4.745167144315434
4.746327648975364
4.747498583272106
4.748679904880698
4.7498715707986126
4.751073537321967
4.7522857600209045
4.753508193714329
4.754740792444324
4.755983509450157
4.757236297142301
4.758499107076558
4.759771889928371
4.761054595467564
4.762347172533732
4.763649569012236
4.764961731811173
4.76628360683933
4.767615138985279
4.768956272097881
4.770306948968141
4.771667111312768
4.773036699759387
4.77441565383371
4.77580391194868
4.777201411395798
4.778608088338755
4.780023877809476
4.781448713706777
4.782882528797713
4.78432525472178
4.785776821998073
4.787237160035621
4.788706197146958
4.790183860565061
4.791670076463833
4.793164769982282
4.7946678652524355
4.796179285431244
4.797698952736468
4.7992267884868385
4.80076271314646
4.8023066463737525
4.803858507074841
4.805418213461742
4.806985683115335
4.808560833053236
4.810143579802772
4.8117338394791
4.813331527868561
4.814936560517525
4.816548852826574
4.8181683201504075
4.819794877903335
4.821428441670618
4.823068927325593
4.824716251152808
4.826370329977183
4.828031081299194
4.829698423436353
4.831372275670772
4.833052558403173
4.834739193313106
4.836432103525691
4.838131213784664
4.8398364506321006
4.841547742594422
4.843265020375146
4.8449882170541185
4.846717269012778
4.848452112258977
4.8501926910717055
4.851938949064263
4.8536908344226095
4.855448299042384
4.857211298774811
4.858979793679327
4.860753748282592
4.862533131844239
