-15.50248259267442
-16.732614375661075
-17.949440669679
-19.149609177391277
-20.331580266717012
-21.49468600756457
-22.63871003351038
-23.763669250701856
-24.869700617177767
-25.95700267672852
-27.02580561760717
-28.076356200637576
-29.108910455129735
-30.123730454750536
-31.12108326388922
-32.10124107249288
-33.064482022339305
-34.01109148289631
-34.94136367120987
-35.85560358548385
-36.754129266402
-37.63727443000774
-38.505391539531864
-39.35885540620239
-40.1980674335075
-41.023460648095316
-41.83550569518809
-42.63471801881489
-43.421666499013035
-44.19698388068267
-44.96137940272363
-45.715654119748685
-46.4607194968594
-47.19761993604615
-47.92755993205709
-48.651936057281766
-49.37237665100982
-50.090782721784606
-50.80937607224782
-51.530743809993
-52.25787067343276
-52.994137692911096
-53.74324909900024
-54.5090241927839
-55.29496063006093
-56.10345759112559
-56.93462873403378
-57.784819133844714
-58.64533121964786
-59.50231901053652
-60.338788190062076
-61.138563331591584
-61.89043768937417
-62.590239024642955
-63.240039307506116
-63.8456598505893
-64.41412520734805
-64.9519977749172
-65.46465097197694
-65.95615838572176
-66.42946985697363
-66.8866675394041
-67.32920495472096
-67.75809723893562
-68.1740608591718
-68.57761163171344
-68.9691316196095
-69.348914016194
-69.71712768492662
-70.07409938860343
-70.41992004887167
-70.75482543764988
-71.07881064996577
-71.3920712856556
-71.6947290422348
-71.98690056372584
-72.26869842127587
-72.54023175884785
-72.80160671988942
-73.05292673110827
-73.29429269335296
-73.52580311243624
-73.74755419133129
-73.9596398978599
-74.16215201701604
-74.35518019385813
-74.53881197094651
-74.71313282272094
-74.87822618850777
-75.03417350511019
-75.1810542396858
-75.31894592323445
-75.44792418493054
-75.5680627874424
-75.67943366325393
-75.78210695200929
-75.87615103884656
-75.96163259368903
-76.03861661142977
-76.10716645297474
-76.16734388706224
-76.21920913281929
-76.26282090298906
-76.29823644777443
-76.32551159925286
-76.34470081628929
-76.35585722993261
-76.35903268922031
-76.35427780736646
-76.3416420082755
-76.3211735733968
-76.29291968875027
-76.25692649231988
-76.21323912153537
-76.16190176097207
-76.10295769020232
-76.03644933176642
-75.96241829923082
-75.88090544533934
-75.79195091021923
-75.69559416962413
-75.59187408320344
-75.4808289427679
-75.36249652055932
-75.23691411748243
-75.10411861129552
-74.96414650475164
-74.8170339736649
-74.66281691489351
-74.5015309942186
-74.33321169412042
-74.15789436141057
-73.97561425472783
-73.78640659187619
-73.59030659697964
-73.38734954744402
-73.17757082070607
-72.96100594074372
-72.73769062434805
-72.50766082710904
-72.27095278909974
-72.0276030802551
-71.7776486453852
-71.52112684883251
-71.25807551871634
-70.98853299073717
-70.71253815154287
-70.43013048157309
-70.14135009738503
-69.84623779341405
-69.54483508311169
-69.23718423946902
-68.9233283348274
-68.60331127998255
-68.27717786248094
-67.94497378416116
-67.60674569776356
-67.26254124266404
-66.91240907963218
-66.55639892460978
-66.19456158134751
-65.82694897302171
-65.45361417258312
-65.07461143194858
-64.6899962098866
-64.29982519854472
-63.90415634863059
-63.50304889306747
-63.096563369236705
-62.68476163957697
-62.26770691058726
-61.845463750201915
-61.4180981033476
-60.985677305813766
-60.54827009618829
-60.10594662602896
-59.658778467931896
-59.20683862182065
-58.7502015190131
-58.288943024325434
-57.82314043607493
-57.35287248381654
-56.878219324048715
-56.39926253356749
-55.91608510066576
-55.428771413960575
-54.937407249071825
-54.442079752849885
-53.94287742534832
-53.439890128904764
-52.933208924295585
-52.42292631570836
-51.9091359658902
-51.39193278884802
-50.871412894683246
-50.34767355538087
-49.82081316827627
-49.29093121738367
-48.7581282324937
-48.22250574613327
