62.64318
62.526314738379796
62.514508592758034
62.49865044918963
62.48128174721161
62.46374110574398
62.446740214869216
62.43066209995457
62.415718700159104
62.40203417613469
62.38968905869814
62.37874378199298
62.36925138948301
62.36126458190887
62.354839841690065
62.35004008638493
62.34693663021441
62.34561088025401
62.346156011498294
62.34867877307971
62.3533015347621
62.36016466670965
62.36942934537662
62.38128088870196
62.395932742441495
62.41363126573962
62.4346614986991
62.45935413888484
62.4880940093266
62.521330369748014
62.55958950750449
62.603490146370675
62.65376232888132
62.71127055531159
62.77704208264963
62.85230136210874
62.93851338776458
63.037425774375116
63.15113555757932
63.28214410316844
63.4334187923908
63.60843726795526
63.81118728532758
64.04606970296771
64.31761587057571
64.62988551814468
64.98538058467201
65.38336123839281
65.81770700935265
66.27503576188583
66.73449241875619
67.17065900249705
67.55949106281963
67.884660232954
68.14079296647917
68.3323000173324
68.46943685893096
68.56426053065522
68.62794045889947
68.66958061050829
68.69604628091447
68.71226531040553
68.72166395470578
68.7265755852973
68.72856788566389
68.72868469647166
68.72761682312924
68.72581941148493
68.72359124784545
68.72112111584075
68.71854800041187
68.71594895300129
68.71338482661108
68.71087665655303
68.70844939544993
68.7061155324839
68.70388195518969
68.70175188448715
68.69972614358178
68.6978039914341
68.6959836708888
68.69426276961775
68.69263845813751
68.69110764701584
68.68966709089948
68.68831345750564
68.68704337350033
68.68585345511352
68.68474032864968
68.68370064430377
68.68273108552401
68.68182837539781
68.6809892810689
68.68021061678989
68.67948924607606
68.67882208323199
68.67820609444188
68.67763829855284
68.67711576763536
68.6766356273769
68.6761950573517
68.67579129118903
68.67542161666223
68.67508337570965
68.67477396439688
68.67449083282978
68.67423148501962
68.67399347870803
68.67377442515281
68.67357198887908
68.67338388739508
68.67320789088171
68.67304182184107
68.67288355473332
68.67273101557271
68.67258218150388
68.67243508035443
68.6722877901623
68.67213843868119
68.67198520286502
68.67182630833074
68.67166002880154
68.67148468553064
68.67129864670544
68.67110032683428
68.67088818611442
68.67066072978271
68.67041650744888
68.67015411241202
68.66987218096027
68.66956939165345
68.66924446459048
68.66889616065858
68.66852328076797
68.66812466506907
68.66769919215467
68.66724577824435
68.66676337635315
68.66625097544382
68.6657075995625
68.66513230695712
68.66452418917883
68.66388237016635
68.66320600531276
68.66249428051441
68.6617464112024
68.66096164135402
68.66013924248787
68.65927851263841
68.65837877531139
68.65743937842025
68.65645969320134
68.65543911311052
68.6543770526981
68.65327294646133
68.65212624767754
68.65093642721546
68.64970297232163
68.64842538538738
68.64710318269003
68.64573589311433
68.64432305684554
68.64286422404291
68.64135895348466
68.63980681119119
68.63820736902252
68.63656020324775
68.63486489309287
68.63312101925716
68.63132816240817
68.62948590164636
68.62759381294205
68.62565146754896
68.62365843038398
68.62161425838318
68.6195184988262
68.61737068763443
68.6151703476358
68.61291698680446
68.61061009646572
68.60824914947317
68.60583359835611
68.60336287342902
68.60083638087858
68.59825350080914
68.59561358526298
68.59291595619828
68.59015990344376
68.58734468260855
68.58446951296186
68.58153365895826
68.57853601132278
68.57547591444909
68.57235233883618
68.5691642889084
68.56591071923653
68.56259053214336
68.55920257526178
68.55574563905465
68.55221845428261
