0.006212266163736001
0.006191053669928408
0.006169991164160698
0.006149208765778773
0.006128812208333999
0.006108887735493721
0.006089504996766285
0.006070719713891024
0.006052575918942448
0.006035107829632557
0.006018341424039908
0.006002295765742733
0.005986984121033463
0.0059724149024257015
0.005958592466644499
0.005945517790412244
0.005933189157460073
0.005921602292305602
0.005910751132962638
0.0059006280624818675
0.005891224204596237
0.005882529676943049
0.00587453380619301
0.0058672253107156245
0.005860592455544421
0.005854623183679185
0.005849305227153084
0.005844626208677376
0.005840573694574724
0.005837135291155249
0.005834298686108895
0.005832051696181266
0.005830382305165854
0.0058292786949484
0.005828729270648889
0.005828722680707399
0.005829247832640847
0.005830293905097122
0.005831850356747295
0.005833906932482742
0.0058364536673205245
0.005839480888365895
0.005842979215133135
0.005846939558485978
0.005851353118422778
0.005856211380901857
0.005861506113875541
0.005867229362678574
0.005873373444896875
0.005879930944824972
0.005886894707605614
0.005894257833131877
0.005902013669780647
0.005910155808036374
0.005918678074055454
0.005927574523213887
0.005936839433674339
0.005946467300003053
0.005956452826861904
0.00596679092279676
0.005977476694139323
0.005988505439036435
0.005999872641618095
0.006011573966312713
0.006023605252316262
0.006035961847570265
0.00604864056036942
0.006061637722121848
0.006074949818148087
0.006088573483435649
0.006102505498072382
0.00611674278283327
0.0061312823949278145
0.006146121523905184
0.006161257487713463
0.006176687728909259
0.006192409811013597
0.006208421415009948
0.006224720335980116
0.0062413044798737384
0.0062581718604070025
0.006275320596086275
0.006292748907352297
0.006310455113840776
0.006328437631755062
0.006346694971346914
0.006365225734501251
0.0063840286124210045
0.006403102383408221
0.006422445910737758
0.0064420581406199
0.006461938100248547
0.006482084895931501
0.006502497711299635
0.006523175805591954
0.006544118512013344
0.006565325236162365
0.006586795454526132
0.006608528713039737
0.00663052462570766
0.006652782873284731
0.006675303202014326
0.0066980854224215226
0.006721129408159211
0.006744435094904957
0.006768002479306844
0.006791831617976345
0.006815922626526434
0.006840275678653335
0.006864891005260239
0.0068897688936215016
0.006914909686585706
0.006940313781816469
0.006965981631069327
0.006991913739503743
0.0070181106650288
0.007044573017681474
0.007071301459036503
0.007098296701646673
0.007125559508512517
0.007153090692580581
0.007180891116269233
0.007208961691021259
0.007237361165135961
0.0072659280220685254
0.0072948691071824225
0.007323983154764909
0.0073534291511423416
0.007383145153210763
0.007413138807868621
0.007443457097144306
0.0074740145556237494
0.007504852488278055
0.0075359736578255775
0.0075673221344156145
0.007599007140789921
0.007630981767427684
0.00766324596464686
0.007695801328457318
0.007728649551428853
0.0077617923732701466
0.0077952315790701795
0.007828968999090784
0.007863006508644889
0.00789734602800934
0.007931989522366959
0.007966939001774512
0.008002196521154118
0.008037764180306018
0.00807364412394118
0.008109838541732273
0.008146349668382114
0.008183179783708456
0.008220331212744635
0.008257806325855313
0.008295607538866805
0.00833373731321168
0.008372198156087035
0.00841099262062641
0.008450123306084802
0.008489592858036698
0.008529403968586959
0.008569559376594102
0.00861006186790627
0.008650914275609226
0.00869211948028679
0.008733680410293133
0.008775600042037146
0.008817881400278754
0.008860527558436948
0.008903541638909704
0.008946926813405611
0.008990686303287133
0.009034823379925635
0.00907934136506802
0.009124243631214963
0.009169533602010865
0.009215214752645383
0.009261287560491969
0.009307756035598188
0.009354627669858085
0.009401905781342793
0.00944959400568682
0.009497705926279314
0.009546233420715233
0.009595178571653517
0.009644548025172988
0.00969434589226897
0.009744576326122389
0.009795243522037086
0.009846351720978917
0.009897905212512154
0.009949908326483015
0.010002365470090946
0.010055281090927036
0.010108659693901558
0.010162505841923722
0.010216824168059472
0.010271619341238646
