66.0131018043
67.1220158260586
68.26142534675786
69.15071111405918
69.729506316082
70.00643197256409
70.02202414669593
69.83002736240131
69.48345252891387
69.02654584805802
68.49254240974723
67.90495547689066
67.28010038963714
66.6294969813898
65.9616552772087
65.28322295016184
64.59964825720986
63.91553277733282
63.234810367307695
62.56084083184401
61.89646799455549
61.244066243520884
60.60558506206892
59.98259389485035
59.37632679199443
58.78772550260309
58.21747982320686
57.66606441877652
57.133771750966794
56.620741070504366
56.12698364617296
55.65240452845572
55.19682120283001
54.75997950313765
54.34156714230416
53.94122518973187
53.55855779110346
53.1931403895338
52.8445266725424
52.512254437543234
52.19585053920232
51.89483505803517
51.608724806864544
51.33703627495588
51.0792880927712
50.83500308817123
50.60370999344537
50.38494485370653
50.1782521794531
49.98318587955246
49.7993100057805
49.62619933531514
49.46343981400431
49.31062887989685
49.16737568414679
49.03330122348892
48.90803839720384
48.791231999650996
48.682538657589944
48.58162672122502
48.488176115449534
48.40187815873665
48.32243535416262
48.24956115841322
48.182979732377596
48.12242567743262
48.06764376066783
48.018388631719766
47.97442453405346
47.93552501237055
47.90147261867327
47.872058617927806
47.8470826952014
47.82635266537774
47.809684186268036
47.79690047610781
47.787832036369345
47.782316380054205
47.780197766300624
47.78132694155461
47.78556088756055
47.79276257652641
47.80280073351966
47.81554960622203
47.83088874218229
47.84870277336322
47.86888120821649
47.89131823106859
47.91591250865593
47.94256700396848
47.97118879708014
48.00168891270995
48.03398215466466
48.067986946674765
48.10362517979583
48.14082206575629
48.17950599640538
48.219608409102605
48.261063657494546
48.303808887763346
48.347783920239245
48.39293113591656
48.439195367817376
48.486523797117556
48.53486585361733
48.5841731206427
48.634399244012386
48.68549984490554
48.73743243665307
48.79015634499776
48.843632631973506
48.89782402301589
48.952694837257305
49.008210920823956
49.064339583122134
49.12104953575193
49.17831083415447
49.236094821695616
49.29437407615528
49.35312235848154
49.412314563694885
49.4719266738114
49.53193571277993
49.592319703132354
49.65305762454025
49.7141293738471
49.77551572674848
49.83719830086826
49.89915952031667
49.96138258137942
50.023851419541295
50.08655067755514
50.14946567456532
50.21258237622852
50.27588736561915
50.33936781504844
50.4030114584851
50.466806564749234
50.530741911134726
50.59480675758636
50.65899082127968
50.72328425146791
50.78767760457981
50.85216181943083
50.916728192495434
50.98136835308696
51.04607423838731
51.110838068184755
51.17565231921972
51.240509698957645
51.18236697871797
51.13885589235317
51.11202097038276
51.100574718866035
51.10216435552573
51.11433497486509
51.13489583201913
51.162022285394464
51.19434566293613
51.230694638080834
51.27012137917683
51.311903997760325
51.35548954358443
51.400452055828985
51.44646147267659
51.49326045463861
51.54064702103366
51.588461481691006
51.63657655671238
51.68488987125339
51.73331822518388
51.781793192600134
51.830257719886845
51.878663474675385
51.92696875972993
51.97513685139549
52.02313465598184
52.07093160241064
52.11849870787783
52.16580776690563
52.21283062397938
52.25953849706105
52.30590132416925
52.351887108330324
52.397461237955305
52.44258576011057
52.48721858348962
52.53131258607246
52.57481459946967
52.61766423763118
52.65979253181268
52.70112032602758
52.741556377351294
52.78099509276389
52.819313817949286
52.856369572723096
52.891995101085506
52.92599406976731
52.95813520513248
