247.11407255197815
246.78064509935822
246.44456520879322
246.10589234882974
245.76468344523718
245.4209909835537
245.0748630512767
244.72634372486664
244.37547347956445
244.0222895647583
243.66682633841455
243.3091155634183
242.94918667001886
242.58706698841345
242.22278195508656
241.85635529609226
241.48780919007726
241.11716441348995
240.74444047011514
240.36965570680277
239.99282741702183
239.61397193366665
239.23310471236172
238.85024040635528
238.4653929339574
238.07857553935898
237.6898008475665
237.29908091409712
236.90642727000238
236.51185096272044
236.11536259319698
235.71697234966524
235.31669003842933
234.91452511195556
234.51048669454318
234.10458360581455
233.69682438223865
233.28721729687877
232.87577037753417
232.46249142342748
232.04738802057406
231.63046755595485
231.21173723060198
230.79120407169492
230.36887494375608
229.9447565590247
229.51885548708094
229.091178163785
228.66173089958963
228.23051988727906
227.79755120918216
227.36283084390388
226.9263646726142
226.48815847847834
226.04821797152348
225.60654877444225
225.16315643389734
224.7180464250787
224.271224155992
223.8226949714989
223.3724641571293
222.92053694268185
222.46691850562996
222.01161397434763
221.5546284311687
221.0959669152926
220.63563442554744
220.17363592302235
219.70997633357788
219.24466055024413
218.7776934355153
218.30907982354825
217.83882452227277
217.36693231541992
216.893407964475
216.4182562105616
215.9414817762612
215.46308936737444
214.98308367462832
214.50146937533432
214.01825113500092
213.5334336089054
213.04702144362795
212.55901927855226
212.06943174733493
211.578263479348
211.0855191010968
210.59120323761562
210.0953205138453
209.59787555599323
209.09887299287982
208.5983174572729
208.0962135872124
207.59256602732762
207.08737943014813
206.58065845741166
206.07240778136972
205.56263208609286
205.05133606877777
204.53852444105695
204.02420193031352
203.50837328100226
202.99104325597764
202.47221663783174
201.951898230242
201.43009285933138
200.90680537504107
200.38204065251833
199.8558036029305
199.32809913721616
198.79893223357942
198.26830787275236
197.73623107731763
197.20270690376114
196.66774044399503
196.1313368269046
195.5935012199202
195.05423883061582
194.51355490833458
193.97145474584318
193.4279436810158
192.88302709854864
192.33671043170636
191.78899916410154
191.23989883150807
190.68941502370984
190.13755338638526
189.58431962302961
189.02971949691567
188.47375883309365
187.91644352043224
187.35777951370122
186.79777283569703
186.23642957941246
185.67375591025151
185.1097580682907
184.54444237058797
183.97781521354025
183.40988307529068
182.84065251818737
182.27013019129407
181.6983228329547
181.1252372734124
180.55088043748464
179.97525934729535
179.39838112506615
178.82025299596674
178.24088229102676
177.66027645011002
177.07844302495235
176.49538968226486
175.9111242069033
175.32565450510563
174.73898860779875
174.1511346739759
173.56210099414628
172.97189599385857
172.38052823729913
171.78800643096744
171.19433942742938
170.59953622915086
170.00360599241233
169.40655803130718
168.80840182182442
168.20914700601816
167.60880339626559
167.00738097961516
166.40488992222683
165.80134057390643
165.1967434727358
164.59110934980166
163.98444913402395
163.3767739570873
162.76809515847688
162.1584242906214
161.54777312414603
160.93615365323672
160.32357810112023
159.71005892566157
159.09560882508168
158.48024074379936
157.86396787840008
157.24680368373504
156.62876187915444
156.00985645487864
155.39010167851146
154.7695121016995
154.14810256694255
153.52588821456
152.90288448981784
152.27910715022247
151.65457227298745
151.02929626267857
150.4032958590453
149.77658814504517
149.14919055506925
148.52112088337745
147.89239729275263
147.26303832338326
