-0.8051390302513072
-0.8042421808105953
-0.8041728153668307
-0.8045955924154437
-0.8053331230357352
-0.8062836332112135
-0.807385869955486
-0.8086012793964278
-0.8099044682791329
-0.8112779525481864
-0.8127092063696605
-0.8141889706600494
-0.8157102587171262
-0.8172677499802988
-0.8188574010906957
-0.8204761797268894
-0.8221218692384522
-0.8237929156321588
-0.8254883015612521
-0.8272074390589835
-0.82895007658053
-0.8307162179535726
-0.8325060518106692
-0.8343198905735211
-0.8361581182428717
-0.8380211463282687
-0.839909377250251
-0.841823174515562
-0.8437628389868219
-0.8457285905542647
-0.8477205545324336
-0.8497387521484723
-0.8517830945291761
-0.8538533796413644
-0.8559492917161006
-0.858070402711445
-0.8602161754749097
-0.8623859682622034
-0.8645790403635052
-0.8667945585922557
-0.8690316044509698
-0.8712891818022889
-0.8735662248875944
-0.8758616065804555
-0.878174146747365
-0.8805026206188996
-0.8828457670741862
-0.8852022967636994
-0.88757089999133
-0.8899502542831542
-0.8923390316059414
-0.8947359051693109
-0.8971395557724752
-0.8995486776880525
-0.9019619840195707
-0.9043782115682061
-0.906796125148997
-0.9092145214089339
-0.9116322321106317
-0.9140481269202667
-0.9164611157144821
-0.918870150414479
-0.9212742263909959
-0.9236723834617505
-0.9260637065040279
-0.9284473257288991
-0.9308224166407061
-0.9331881997158221
-0.9355439398353543
-0.9378889454990209
-0.9402225678646668
-0.9425441996127577
-0.9448532737045539
-0.9471492620209522
-0.9494316739271038
-0.9517000547835834
-0.9539539844132942
-0.9561930755423017
-0.9584169722511812
-0.9606253484166725
-0.9628179061810428
-0.9649943744465982
-0.9671545074100752
-0.9692980831371741
-0.9714249021853867
-0.9735347862833268
-0.9756275770616364
-0.9777031348430558
-0.9797613374909836
-0.981802079315272
-0.9838252700416145
-0.9858308338279773
-0.9878187083554815
-0.9897888439523798
-0.9917412027889763
-0.9936757581167455
-0.9955924935510204
-0.9974914024105749
-0.9993724870944624
-1.0012357585002831
-1.003081235482567
-1.0049089443527466
-1.0067189184018965
-1.008511197470226
-1.010285827532219
-1.0120428603203555
-1.0137823529704308
-1.0155043676892583
-1.0172089714470487
-1.0188962356929983
-1.0205662360786174
-1.0222190522171106
-1.0238547674393834
-1.0254734685805134
-1.0270752457696477
-1.0286601922390102
-1.0302284041420926
-1.0317799803796304
-1.0333150224461423
-1.0348336342727555
-1.0363359220857942
-1.037821994273204
-1.0392919612579374
-1.0407459353733566
-1.0421840307552381
-1.0436063632268764
-1.0450130502020094
-1.046404210583563
-1.0477799646707118
-1.049140434071604
-1.0504857416201934
-1.0518160112917074
-1.0531313681265506
-1.0544319381617464
-1.0557178483520604
-1.0569892265099694
-1.0582462012363458
-1.0594889018603084
-1.0607174583786667
-1.0619320013992646
-1.0631326620840706
-1.0643195721007535
-1.0654928635640781
-1.0666526689942712
-1.0677991212623035
-1.068932353553646
-1.0700524993119345
-1.0711596922049744
-1.072254066081593
-1.0733357549296767
-1.0744048928365408
-1.0754616139564668
-1.0765060524676933
-1.0775383425415919
-1.0785586183076115
-1.0795670138191733
-1.0805636630195365
-1.0815486997156323
-1.0825222575422029
-1.0834844699324926
-1.0844354700943075
-1.0853753909738644
-1.0863043652370223
-1.087222525235846
-1.0881300029821996
-1.089026930127965
-1.0899134379340558
-1.0907896572503462
-1.0916557184877311
-1.0925117515982337
-1.093357886047984
-1.0941942508026679
-1.0950209742949726
-1.0958381844101175
-1.0966460084643719
-1.097444573179397
-1.0982340046675885
-1.0990144284099017
-1.0997859692340919
-1.1005487512988543
-1.1013028980704853
-1.102048532308982
-1.102785776047374
-1.1035147505687566
-1.1042355763985716
-1.104948373277471
-1.1056532601488833
-1.1063503551405376
-1.1070397755463006
-1.1077216378117463
-1.1083960575152454
-1.1090631493544891
-1.1097230271266973
-1.110375803714866
-1.1110215910764896
-1.1116605002171303
-1.1122926411863188
-1.1129181230569525
-1.113537053911863
