4.7534e-05
4.787625633497442e-05
4.8202899270629056e-05
4.8563045193346484e-05
4.894111246955672e-05
4.932863201765258e-05
4.972106689512477e-05
5.011597087855722e-05
5.051200888928996e-05
5.090843599315831e-05
5.130482025593712e-05
5.1700895326293074e-05
5.209648205407842e-05
5.2491446857481095e-05
5.2885679659422295e-05
5.327908225042353e-05
5.367156221190462e-05
5.406302981027271e-05
5.445339648421827e-05
5.4842574193240814e-05
5.523047523960363e-05
5.561701235965868e-05
5.600209897891375e-05
5.638564957833023e-05
5.676758014848825e-05
5.714780872482475e-05
5.7526256007293175e-05
5.790284607480914e-05
5.827750721061244e-05
5.865017286023939e-05
5.9020782749863116e-05
5.9389284199742004e-05
5.9755633675764665e-05
6.0119798631717105e-05
6.0481759705914245e-05
6.084151334726344e-05
6.119907533953455e-05
6.155448303705214e-05
6.190780202156194e-05
6.225912987266743e-05
6.2608602389803e-05
6.29563999901459e-05
6.330275402553408e-05
6.364795179877786e-05
6.399233798852314e-05
6.433630862339655e-05
6.468029191518697e-05
6.502470922460832e-05
6.536991166112885e-05
6.571609674167461e-05
6.606322585017856e-05
6.641097824885769e-05
6.675877314758072e-05
6.710585963199943e-05
6.745143637914399e-05
6.779475505187636e-05
6.813517625265908e-05
6.847218582274873e-05
6.880538309512437e-05
6.913445875951419e-05
6.945917203241385e-05
6.977933148661674e-05
7.009478052976479e-05
7.040538703329972e-05
7.071103618186361e-05
7.101162564552463e-05
7.130706236148487e-05
7.159726040373682e-05
7.188213957763522e-05
7.216164784976307e-05
7.243568074703342e-05
7.270417941960854e-05
7.296705274442673e-05
7.322427632522109e-05
7.347578937469404e-05
7.372153575513816e-05
7.396146325354245e-05
7.419552312824492e-05
7.442366984953543e-05
7.464586094565415e-05
7.486205690584512e-05
7.507222111414548e-05
7.52763197995719e-05
7.547432199489345e-05
7.566619949976265e-05
7.585192684591342e-05
7.603148126322978e-05
7.62048426460549e-05
7.637199351944962e-05
7.653291900528137e-05
7.66876067881246e-05
7.683604708097529e-05
7.69782325908595e-05
7.711415848438037e-05
7.724382235326485e-05
7.736722417997778e-05
7.748436630344932e-05
7.759525338497546e-05
7.769989237432202e-05
7.779829247607507e-05
7.789046511626504e-05
7.797642390927766e-05
7.805618462507524e-05
7.81297651567311e-05
7.819718548827705e-05
7.825846766286539e-05
7.831363575123205e-05
7.836271582044896e-05
7.840573590294953e-05
7.844272596580232e-05
7.84737178802131e-05
7.84987453912234e-05
7.851784408757925e-05
7.853105137173713e-05
7.85384064299741e-05
7.853995020256806e-05
7.853572535401305e-05
7.852577624323561e-05
7.851014889377443e-05
7.848889096388906e-05
7.846205171656324e-05
7.842968198937099e-05
7.839183416416731e-05
7.834856213657614e-05
7.82999212852443e-05
7.824596844083326e-05
7.818676185471901e-05
7.812236116737848e-05
7.805282737643745e-05
7.797822280436147e-05
7.789861106576425e-05
7.781405703432838e-05
7.772462680931126e-05
7.76303876816351e-05
7.753140809954296e-05
7.742775763382046e-05
7.731950694257118e-05
7.720672773555032e-05
7.708949273804852e-05
7.6967875654334e-05
7.684195113065234e-05
7.67117947177925e-05
7.657748283322565e-05
7.643909272282848e-05
7.629670242219986e-05
7.615039071758762e-05
7.600023710644151e-05
7.584632175760491e-05
7.568872547116929e-05
7.55275296380098e-05
7.536281619902367e-05
7.519466760409322e-05
7.502316677080397e-05
7.484839704293389e-05
7.467044214874954e-05
7.448938615913314e-05
7.430531344556815e-05
7.411830863801622e-05
7.392845658271492e-05
7.373584229992471e-05
7.354055094166344e-05
7.334266774945278e-05
7.314227801211866e-05
7.293946702367008e-05
7.273432004129721e-05
7.252692224352003e-05
7.231735868852225e-05
7.210571427270388e-05
7.189207368949119e-05
7.167652138843344e-05
7.14591415346262e-05
7.124001796849239e-05
7.101923416595759e-05
7.07968731990546e-05
7.057301769698852e-05
7.034774980770003e-05
7.012115115995898e-05
6.989330282602049e-05
6.96642852848779e-05
6.943417838614358e-05
6.920306131459256e-05
6.897101255539515e-05
6.873810986007216e-05
6.85044302132046e-05
6.827004979992197e-05
6.803504397419947e-05
6.779948722799702e-05
6.756345316125509e-05
6.732701445278543e-05
6.7090242832072e-05
6.68532090537852e-05
6.66159828659383e-05
6.63786329888604e-05
6.614122709354929e-05
6.590383177346613e-05
6.566651252399966e-05
6.542933372126503e-05
6.519235860197251e-05
6.495564924438149e-05
6.47192665503526e-05
