45752.02183747079
101865.143037194
101884.77831725162
101903.12451020995
101920.74874125168
101937.73370113321
101954.13910133122
101970.01386187943
101985.39851341215
102000.32695409068
102014.82783739368
102028.92566828092
102042.64166722105
102055.99444983159
102069.00056037595
102081.67488963384
102094.03100153335
102106.0813878657
102117.83766647198
102129.31073507681
102140.51089040746
102151.44792020675
102162.13117413656
102172.56961830873
102182.77187715015
102192.74626550473
102202.50081326604
102212.04328431054
102221.38119112833
102230.52180620647
102239.47217102314
102248.23910328702
102256.82920289425
102265.2488570104
102273.50424454351
102281.60134020493
102289.54591836379
102297.34355674937
102304.99964013368
102312.51936401607
102319.90773836798
102327.16959146068
102334.30957375196
102341.33216191118
102348.24166287384
102355.0422180305
102361.73780746042
102368.33225422901
102374.82922874347
102381.2322531223
102387.54470562571
102393.76982504525
102399.91071514456
102405.97034903646
102411.95157356779
102417.85711364742
102423.68957654935
102429.45145613699
102435.14513704398
102440.77289877391
102446.33691973741
102451.83928119224
102457.28197110888
102462.66688795069
102467.9958443328
102473.27057064051
102478.49271847287
102483.6638640582
102488.78551151708
102493.85909611676
102498.8859871975
102503.86749128893
102508.80485498816
102513.69926762754
102518.55186406347
102523.36372715616
102528.1358903298
102532.86933990032
102537.56501738838
102542.22382170764
102546.84661128238
102551.43420604608
102555.98738936415
102560.50690992888
102564.99348346921
102569.4477944647
102573.87049776025
102578.26222008384
102582.62356151972
102586.95509691545
102591.2573771823
102595.53093058632
102575.88610922136
102557.84286499102
102540.53328146669
102523.86025195148
102507.71535404195
102492.03822365987
102476.7779171732
102461.89542613082
102447.36064431925
102433.15011193209
102419.24533661363
102405.63154327928
102392.2967428291
102379.23103819891
102366.42610706828
102353.8748161613
102341.57093354799
102329.50891398522
102317.68373866027
102306.09079550374
102294.72578970803
102283.58467682143
102272.66361259425
102261.95891538252
102251.46703788359
102241.1845458401
102231.10810194054
102221.23445359885
102211.56042364474
102202.08290313923
102192.79884585284
102183.70526391511
102174.79922439589
102166.0778465423
102157.53829954936
102149.17780068172
102140.99361372428
102132.98304761485
102125.14345526995
102117.47223252812
102109.966817179
102102.62468809595
102095.44336441132
102088.42040473183
102081.5534064167
102074.84000486894
102068.27787285266
102061.86471984639
102055.59829140503
102049.4763685374
102043.49676711293
102037.65733726292
102031.95596281083
102026.3905607065
102020.95908048416
102015.65950369921
102010.48984342242
102005.44814370309
102000.5324790598
101995.74095399576
101991.07170247547
101986.52288747863
101982.09270048869
101977.77936105838
101973.5811163307
101969.49624059645
101965.52303485887
101961.65982638726
101957.90496829888
101954.25683913757
101950.71384246951
101947.27440645795
101943.93698349387
101940.70004978681
101937.56210498804
101934.52167181071
101931.57729565789
101928.72754426785
101925.9710073431
101923.30629621295
101920.73204347208
101918.24690265242
101915.84954788983
101913.5386735833
101911.31299409148
101909.1712433905
101907.11217479287
101905.13456060743
101903.23719187193
101901.4188780282
101899.67844664957
101898.01474314241
101896.42663047218
101894.91298888242
101893.47271562985
101892.10472470257
101890.80794657246
101889.5813279304
101888.42383141645
101887.33443540703
101886.31213372723
101885.35593542868
101884.46486456918
101883.63795993086
101882.87427483474
101882.17287690408
101881.5328478198
