36.367809415302865
36.642634024776925
36.68360866250816
36.72162944270339
36.76087902863518
36.80101158762807
36.84168484280414
36.88263243196284
36.923649257684716
36.96457843740052
37.00530096172009
37.045727527663324
37.08579209452005
37.12544680277088
37.164657970805834
37.20340294327492
37.241667611882846
37.27944446676298
37.31673106620004
37.35352883598495
37.38984212832612
37.42567748501036
37.46104306119466
37.49594817545553
37.53040295902657
37.56441808292244
37.59800454619654
37.631173512165546
37.663936182257714
37.696303699364
37.728287074318686
37.75989713050859
37.791144462688905
37.8220394069288
37.852592019274105
37.882812061234056
37.91270899060699
37.94229195647838
37.97156979747546
38.000551042557525
38.029243913774664
38.05765633054779
38.0857959151163
38.11366999887413
38.141285629372305
38.16864957781164
38.19576834688518
38.22264817885799
38.249295063794314
38.27571474785954
38.30191274163906
38.32789432842658
38.353664572444096
38.37922832696251
38.40459024229826
38.42975477366565
38.45472618886895
38.47950857582127
38.50410584988018
38.52852176099213
38.552759900639764
38.576823708587995
38.600716479425614
38.62444136890109
38.648001400051506
38.671399469125234
38.694638351299034
38.717720706191244
38.740649083173466
38.763425926483336
38.78605358014142
38.808534292675915
38.830870221659026
38.85306343805888
38.87511593041147
38.897029608817064
38.918806308765774
38.94044779479699
38.9619557639976
38.98333184934381
39.00457762289154
39.02569459882052
39.04668423633674
39.0675479424385
39.08828707455088
39.108902943033186
39.129396813564874
39.14976990941381
39.17002341359233
39.19015847090499
39.210176189893005
39.23007764467932
39.24476136004257
39.25546238346856
39.263187990188094
39.26869583417034
39.27254687736406
39.27516125261351
39.276852501450364
39.27785459070354
39.27834210327884
39.278445307971744
39.27826140601483
39.27786292388665
39.277303976254544
39.276624939420934
39.27585593860353
39.27501945007078
39.274132242779366
39.273206827156194
39.27225253612241
39.271276331708634
39.270283406915546
39.26927763479553
39.26826190353625
39.26723836648542
39.266208628707226
39.26517388618221
39.26413502967191
39.26309272221776
39.26204745696714
39.26099960032051
39.25994942412561
39.25889712969922
39.257842865750895
39.256786741756535
39.2557288379372
39.25466921270401
39.25360790821363
39.25254495451264
39.25148037263014
39.250414176884284
39.249346376603725
39.24827697741139
39.247205982182095
39.24613339175687
39.2450592054756
39.24398342157412
39.242906037480275
39.24182705003452
39.24074645565412
39.23966425045558
39.23858043034553
39.23749499108838
39.2364079283565
39.23531923776731
39.23422891491085
39.23313695537
39.23204335473527
39.230948108615685
39.2298512126467
39.228752662495594
39.22765245386564
39.22655058249881
39.22544704417754
39.22434183472572
39.22323495000956
39.22212638593778
39.221016138461536
39.219904203574245
39.21879057731127
39.217675255749384
39.216558235006346
39.215439511240234
39.21431908064883
39.21319693946912
39.21207308397642
39.21094751048392
39.20982021534194
39.20869119493724
39.20756044569256
39.206427964065696
39.20529374654914
39.204157789669274
39.203020089985834
39.20188064409133
39.200739448610406
39.199596500199355
39.1984517955453
39.19730533136607
39.19615710440925
39.19500711145184
39.193855349299774
39.19270181478715
39.191546504776085
39.19038941615605
39.18923054584325
39.18806989078035
39.186907447936
39.18574321430429
39.184577186904356
39.18340936277988
39.18223973899885
39.18106831265291
39.17989508085709
39.17872004074935
39.17754318949018
39.176364524262354
39.17518404227034
