12.547669732070153
11.950481194940929
11.340938199234772
10.723705466634131
10.103432219589475
9.48472918963964
8.87215989932814
8.270240198934898
7.6834344023880385
7.116135610699277
6.57261888558265
6.056958583552499
5.572905999360988
5.123730945759525
4.712040805291629
4.339601302966409
4.007191405791212
3.7145260494146664
3.4602716998068095
3.24216168281023
3.0571960750590295
2.901892748369927
2.7725483883172264
2.6654725312497822
2.5771703160972876
2.504464766109993
2.4445619398130414
2.395069816538818
2.3539844139985804
2.3196558369851363
2.290744423548261
2.266174186370022
2.245088088162681
2.2268076377229358
2.210797870976419
2.196637885203977
2.1839965865235627
2.17261306409426
2.1622809208762197
2.152835900621753
2.1441462085406298
2.1361050007827767
2.1286245994246844
2.1216320665474173
2.1150658393781647
2.108873187099107
2.103008298986132
2.097430853489667
2.09210495355452
2.0869983306728033
2.082081756298231
2.0773286014751826
2.0727145058487646
2.0682171257358353
2.0638159387531076
2.059492088487889
2.0552282572465237
2.051008558338645
2.046818441903352
2.0426446101574025
2.03847493930479
2.0342984063170513
2.0301050194721677
2.0258857520029716
2.0216324785118784
2.017337914001678
2.0129955554857815
2.008599626200237
2.0041450224625477
1.999627263221943
1.9950424423317807
1.9903871835535094
1.9856585982779118
1.9808542459256073
1.9759720969671266
1.971010498484041
1.9659681421772137
1.9608440347161484
1.955637470314722
1.9503480054127478
1.944975435339722
1.9395197728361362
1.9339812283087683
1.9283601916987718
1.9226572158450974
1.9168730012303001
1.9110083820010126
1.9050643131610112
1.8990418588407534
1.892942181553226
1.8867665323521052
1.8805162418140975
1.8741927117731632
1.8677974077399757
1.8613318519452156
1.8547976169505076
1.8481963197754672
1.8415296164939328
1.8347991972565711
1.8280067817009897
1.8211541147140955
1.8142429625147365
1.8072751090277954
1.80025235252365
1.7931765024995205
1.7860493767815782
1.7788727988287834
1.7716485952214167
1.764378593318965
1.7570646190736605
1.7497084949873563
1.7423120382007486
1.7348770587050943
1.7274053576675903
1.719898725802297
1.7123589421720007
1.704787772341724
1.697186967457
1.689558262919435
1.6819033772557244
1.674224011059028
1.6665218459992113
1.658798543898736
1.6510557458711923
1.6432950715197205
1.6355181181927914
1.6277264602949684
1.6199216486504706
1.6121052099175366
1.604278646051658
1.596443433815894
1.5886010243365827
1.5807528427028663
1.5729002876084508
1.5650447310340987
1.5272247996667554
1.5092562022053484
1.500872610797543
1.497244044193362
1.4961055535936567
1.496389406075449
1.497585455164935
1.499444109298714
1.5018384648805165
1.50470012745127
1.5079891577249636
1.5116798795943893
1.5157541037122912
1.5201978444792517
1.5249996984098866
1.5301500217774542
1.535640498305971
1.5414639007485331
1.5476139513403246
1.5540852346237906
1.5608731396722721
1.5679738202929867
1.5753841675487112
1.5831017918622416
1.5911250134906987
1.5994528609972105
1.6080850778413798
1.6170221375522726
1.6262652682260592
1.6358164873533716
1.6456786482734742
1.6558554998856128
1.6663517616524364
1.677173216427264
1.6883268242546285
1.6998208610693932
1.711665087201353
1.72387095184294
1.7364518412464005
1.7494233804825805
1.762803807047086
1.7766143632457765
1.7908800253323365
1.8056299487295038
1.8208984636363992
1.8367261053371793
1.8531609484183966
1.8702603030105582
1.8880928864447601
1.9067416293420947
1.9263073380494882
1.9469135270767672
1.9687128710078066
1.991895929627681
2.0167031124519332
2.043441335487978
2.072507595958498
2.1044229443544964
2.1398824133102625
2.179830000148289
2.2255739776415426
2.278968912536321
2.3427113716222854
2.4208358585542578
