1182.6584206308921
1175.2744370200849
1168.16482352712
1161.3656368204838
1154.8731914951645
1148.675881262672
1142.7607222470717
1137.114744808912
1131.7253287385838
1126.580307338274
1121.6680101606814
1116.977282017138
1112.4974886488174
1108.2185133864587
1104.1307474141026
1100.2250755166324
1096.4928587326133
1092.9259149968652
1089.516498597339
1086.2572790681054
1083.1413199822357
1080.1620579854457
1077.313282316043
1074.5891149832937
1071.9839917198406
1069.4926437807976
1067.1100806295083
1064.8315735255696
1062.6526400125945
1060.5690292900072
1058.5767084438226
1056.6718495048635
1054.8508172987124
1053.110158049114
1051.4465886953944
1049.8569868841168
1048.3383815956863
1046.8879443675
1045.502981076565
1044.1809242460326
1042.919325841742
1041.7158505266823
1040.5682693430222
1039.4744537931615
1038.43237029304
1037.4400749725687
1036.495708799765
1035.5974930066645
1034.7437247966031
1033.9327733138427
1033.1630758578328
1032.433134325639
1031.7415020404464
1031.0868198674546
1030.4677544138688
1029.8830344434825
1029.3314384506316
1028.8117921864098
1028.3229663250477
1027.8638742620333
1027.4334700356167
1027.0307463638014
1026.654732789451
1026.3044939266463
1025.979127801903
1025.6777642843022
1025.3995635989904
1025.1437149188878
1024.9094350297942
1024.6959670644078
1024.5025793010636
1024.3285640232968
1024.1732364365798
1024.035933638825
1023.9160136414778
1023.812854438213
1023.7258531184732
1023.654425023218
1023.5980029404694
1023.5560363383652
1023.5279906335677
1023.513346493047
1023.5115991673371
1023.5222578535113
1023.5448450862189
1023.5788961552228
1023.6239585479814
1023.6795914159034
1023.7453650629709
1023.820860455525
1023.9056687520706
1023.9993908520061
1024.1016369622912
1024.2120261810544
1024.330186097277
1024.455752405672
1024.5883685359727
1024.7276852958535
1024.8733605267748
1025.025058772071
1025.182450956644
1025.3452140776353
1025.5130309055337
1025.685589695131
1025.8625839058554
1026.0437119309508
1026.2286768350712
1026.4172107062068
1026.6089513873644
1026.8037136602393
1027.001141948104
1027.2009838732733
1027.4029654359865
1027.606815671892
1027.8122664426087
1028.019052231488
1028.2269099442312
1028.4355787140976
1028.644799711431
1028.854315957276
1029.0638721408495
1029.2732144406386
1029.482090348913
1029.6902484994582
1029.8974384983176
1030.103410757383
1030.3079163306234
1030.5107067528077
1030.7115338805493
1030.91014973551
1031.1063063496222
1031.2997556121745
1031.4902491186383
1031.6775380210793
1031.8613728800553
1032.041503517846
1032.2176788729228
1032.389646855526
1032.5571542042592
1032.7199463435645
1032.877767242022
1033.0303592713242
1033.1774630658742
1033.3188173828853
1033.4541589629123
1033.583222390719
1033.7057399564007
1033.82144151668
1033.9300543563031
1034.0313030494485
1034.1249093210868
1034.210591908201
1034.288066420817
1034.357045202758
1034.4172371920572
1034.4683477809626
1034.510078675461
1034.5421277542587
1034.564188927155
1034.5759519927224
1034.577102495243
1034.5673215808283
1034.546285852643
1034.5136672251695
1034.4691327774347
1034.412344605119
1034.3429596714795
1034.2606296569838
1034.1650008075899
1034.0557137815595
1033.9324034947194
1033.7946989640686
1033.642223149601
1033.4745927942545
1033.291418261836
1033.092303372793
1032.876845237682
1032.6446340881826
1032.3952531054633
1032.1282782457338
1031.8432780627581
1031.5398135271196
1031.2174378419836
1030.8756962551024
1030.5141258667572
1030.1322554333378
1029.729605166197
1029.3056865254107
1028.8600020080266
1028.392044930346
1027.9012992037374
1027.3872391034633
1026.8493290298877
1026.2870232614414
1025.6997656986346
1025.0869895983221
1024.4481172973756
1023.782559924846
1023.0897171015714
