678150.8967167999
590438.738483576
575492.1252063762
561914.0836010805
549268.7046118992
537205.3833191618
525444.7473008931
513769.91799031995
502020.77864831773
490090.6739483682
477925.01715316036
465520.9358396864
452926.6806830664
440239.163545363
427597.92276207113
415174.2848607825
403155.62512565235
391726.2370857889
381047.83797877457
371243.4244585614
362387.58006432187
354504.5946376442
347573.65416783
341538.7897230842
336320.73194070003
331828.2249498976
327967.2669994373
324647.69245263946
321787.20510614984
319313.3438140981
317163.97006039834
315286.81773485796
313638.5284052048
312183.46869826765
310892.51823225495
309741.93556936865
308712.3544430285
307787.9277518799
306955.6166857061
306204.611934583
305525.86956464313
304911.74329891097
304355.69598515634
303852.0749580128
303395.9382217546
302982.9205703789
302609.130762577
302271.0680666139
301965.5802570475
301689.7880974053
301441.06852978404
301217.0209287275
301015.4441263491
300834.3176633974
300671.7861452071
300526.145879109
300395.83319622494
300279.4140307473
300175.57445613714
300083.11197010777
300000.92738690967
299928.01724251156
299863.4666508524
299806.4425712043
299756.1874608527
299712.0132959868
299673.29594860354
299639.4699095915
299610.0233489088
299584.49350353313
299562.46238309547
299543.55278213625
299527.4245869129
299513.7713638113
299502.31721567264
299492.81389185134
299485.0381375126
299478.78926755494
299473.886950651
299470.16918910766
299467.4904806234
299465.72014848306
299464.7408272788
299464.4470918655
299464.7442178789
299465.54706284124
299466.7790575499
299468.3712981063
299470.2617296335
299472.3944133631
299474.71886940155
299477.1894880786
299479.76500336785
299482.4080223735
299485.0846054263
299487.76389174594
299490.4177661444
299493.02056256554
299495.54880071635
299497.98095234204
299500.29723403195
299502.47942376544
299504.51069863245
299506.37549145095
299508.0593642145
299509.5488965083
299510.83158722054
299511.89576806093
299512.7305275277
299513.32564413064
299513.6715277895
299513.759168443
299513.580091022
299513.1263160031
299512.39031035826
299511.3650283616
299510.0437472856
299508.4201764089
299506.48837470106
299504.2427441588
299501.6780142302
299498.7892281184
299495.57173067104
299492.02115769533
299488.1334264603
299483.90472719044
299479.33151551115
299474.4105055676
299469.1386638152
299463.5132033121
299457.53157848795
299451.1914802157
299444.4908312942
299437.4277820217
299430.00070612197
299488.9497469586
294585.1971827976
290681.50337214087
287330.51156457845
284318.4441772028
281541.15843707713
278945.71611103736
276503.09553748864
274195.72934100166
272011.6698643665
269941.87599546806
267978.9284266084
266116.40722395893
264348.5792220858
262670.23218340083
261076.579724535
259563.2012540643
258125.9999032731
256761.17023126394
255465.17165903476
254234.7055891085
253066.6951372092
251958.26688073756
250906.73426836077
249909.5824537598
248964.45438572738
248069.13801598674
247221.55450998142
246419.74735857584
245661.87229306667
244946.18791562435
244271.04695774664
243634.88808229045
243036.22814483102
242473.6548277445
241945.8195563109
241451.43060243898
240989.24622144026
240558.06789601242
240156.73312186066
239784.10801621788
239438.92228191387
239120.54611316987
238827.40372655966
238558.54777635296
238312.83973735027
238089.1014999059
237886.09034207446
237702.47057905147
237536.77659068664
237387.3637643087
237252.3423224186
237129.4866097432
237016.108705554
236908.8793842888
236803.57007143533
236694.67409890058
236574.83992385544
236434.00515624127
236258.04354392498
236026.59937515718
235709.52984895007
235260.89433907354
234608.48493683463
