116.26868582539657
116.2765236375279
116.28436144965922
116.29219926179053
116.30003707392184
116.30787488605317
116.31571269818448
116.3235505103158
116.33138832244713
116.33922613457844
116.34706394670975
116.35490175884107
116.3627395709724
116.37057738310371
116.37841519523502
116.38625300736634
116.39409081949766
116.40192863162898
116.40976644376029
116.41760425589162
116.42544206802293
116.43327988015425
116.44111769228556
116.44895550441689
116.4567933165482
116.46463112867951
116.47246894081083
116.48030675294216
116.48814456507347
116.49598237720478
116.50382018933611
116.51165800146742
116.51949581359874
116.52733362573005
116.53517143786138
116.54300924999269
116.550847062124
116.55868487425533
116.56652268638665
116.57436049851796
116.58219831064928
116.5900361227806
116.59787393491192
116.60571174704323
116.61354955917454
116.62138737130587
116.62922518343719
116.6370629955685
116.64490080769983
116.65273861983114
116.66057643196245
116.66841424409377
116.6762520562251
116.68408986835641
116.69192768048772
116.69976549261904
116.70760330475036
116.71544111688168
116.72327892901299
116.73111674114432
116.73895455327563
116.74679236540695
116.75463017753826
116.76246798966959
116.7703058018009
116.77814361393222
116.78598142606353
116.79381923819486
116.80165705032617
116.80949486245748
116.81733267458881
116.82517048672013
116.83300829885144
116.84084611098275
116.84868392311408
116.8565217352454
116.86435954737671
116.87219735950802
116.88003517163935
116.88787298377066
116.89571079590198
116.9035486080333
116.91138642016462
116.91922423229593
116.92706204442725
116.93489985655857
116.94273766868989
116.9505754808212
116.95841329295251
116.96625110508384
116.97408891721516
116.98192672934647
116.9897645414778
116.99760235360911
117.00544016574042
117.01327797787174
117.02111579000307
117.02895360213438
117.03679141426569
117.044629226397
117.05246703852833
117.06030485065965
117.06814266279096
117.07598047492229
117.0838182870536
117.09165609918492
117.09949391131623
117.10733172344756
117.11516953557887
117.12300734771019
117.1308451598415
117.13868297197283
117.14652078410414
117.15435859623545
117.16219640836678
117.1700342204981
117.17787203262941
117.18570984476072
117.19354765689205
117.20138546902336
117.20922328115468
117.21706109328599
117.22489890541732
117.23273671754863
117.24057452967995
117.24841234181127
117.25625015394259
117.2640879660739
117.27192577820522
117.27976359033654
117.28760140246786
117.29543921459917
117.30327702673048
117.31111483886181
117.31895265099313
117.32679046312444
117.33462827525577
117.34246608738708
117.3503038995184
117.35814171164971
117.36597952378104
117.37381733591235
117.38165514804366
117.38949296017498
117.3973307723063
117.40516858443762
117.41300639656893
117.42084420870026
117.42868202083157
117.43651983296289
117.4443576450942
117.45219545722553
117.46003326935684
117.46787108148816
117.47570889361947
117.4835467057508
117.49138451788211
117.49922233001342
117.50706014214475
117.51489795427607
117.52273576640738
117.5305735785387
117.53841139067002
117.54624920280133
117.55408701493265
117.56192482706396
117.56976263919529
117.5776004513266
117.58543826345792
117.59327607558924
117.60111388772056
117.60895169985187
117.61678951198319
117.62462732411451
117.63246513624583
117.64030294837714
117.64814076050845
117.65597857263978
117.6638163847711
117.67165419690241
117.67949200903374
117.68732982116505
117.69516763329636
117.70300544542768
117.710843257559
117.71868106969032
117.72651888182163
117.73435669395295
117.74219450608427
117.75003231821559
117.7578701303469
117.76570794247823
117.77354575460954
117.78138356674086
117.78922137887217
117.7970591910035
117.80489700313481
117.81273481526613
117.82057262739744
117.82841043952877
