1.4977
1.4965952641649447
1.497055288158361
1.4974676210291475
1.497813178694227
1.4980973440376275
1.4983268852391505
1.4985090012163418
1.4986507744178938
1.4987588129384086
1.4988390741518363
1.4988968295112353
1.498936720532926
1.4989628567311155
1.4989789126260313
1.4989881909216933
1.4989936330583071
1.498997776822536
1.499002680642736
1.4990098489446166
1.4990201952319118
1.499034066919017
1.4990513337866562
1.499071520841114
1.499093955403586
1.4991178999109671
1.499142652188313
1.4991676074054436
1.4991922856115123
1.4992163337760023
1.4992395122151205
1.4992616737467674
1.4992827414367966
1.4993026883889526
1.4993215211604407
1.4993392671500951
1.4993559656125577
1.4993716616453836
1.4993864024305725
1.4994002350760052
1.49941320552113
1.4994253581008405
1.4994367354789655
1.499447378758857
1.4994573276516108
1.499466620634703
1.4994752950690846
1.4994833873136106
1.4994909325296066
1.4994979650144982
1.4995045178891107
1.4995106231110837
1.4995163114077767
1.499521612211812
1.4995265536054598
1.4995311622775715
1.4995354634950435
1.4995394810894511
1.4995432374584619
1.4995467535809575
1.4995500490443292
1.4995531420821886
1.4995560496206464
1.4995587873313418
1.4995613696895167
1.4995638100355748
1.4995661206387545
1.499568312761729
1.4995703967251306
1.4995723819711846
1.4995742771257887
1.4995760900585287
1.499577827940245
1.4995794972978778
1.499581104066408
1.4995826536377939
1.4995841509068617
1.4995856003141645
1.4995870058858616
1.4995883712706992
1.4995896997742044
1.4995909943902115
1.4995922578298555
1.4995934925481782
1.4995947007684876
1.4995958845046151
1.4995970455812198
1.499598185652271
1.4995993062178516
1.4996004086394064
1.4996014941535607
1.4996025638846264
1.4996036188559032
1.499604659999877
1.4996056881674138
1.4996067041360381
1.499607708617375
1.4996087022638342
1.4996096856746106
1.4996106594010576
1.4996116239515007
1.4996125797955424
1.4996135273679068
1.499614467071874
1.4996153992823416
1.4996163243485525
1.499617242596525
1.499618154331214
1.4996190598384327
1.4996199593865602
1.4996208532280588
1.4996217416008204
1.499622624729362
1.4996235028258869
1.49962437609154
1.4996252447155582
1.499626108879669
1.499626968754747
1.4996278245036287
1.499628676281129
1.4996295242345097
1.4996303685038987
1.4996312092226682
1.4996320465177728
1.4996328805100552
1.4996337113145228
1.4996345390406023
1.4996353637923685
1.4996361856687583
1.4996370047637657
1.4996378211666264
1.4996386349619863
1.4996394462300642
1.499640255046802
1.4996410614840106
1.499675872289018
1.4996617900493008
1.4996609438790733
1.4996654145425024
1.4996717674264426
1.4996786231155026
1.4996854638233756
1.4996921178895273
1.4996985446013529
1.4997047481863754
1.4997107452438552
1.4997165535298582
1.4997221888010888
1.4997276644236424
1.4997329917542164
1.4997381806132486
1.499743239662174
1.4997481766645404
1.4997529986564841
1.4997577120564944
1.4997623227376449
1.4997668360777354
1.4997712569968193
1.4997755899875767
1.4997798391415242
1.4997840081725977
1.4997881004388072
1.4997921189622478
1.4997960664475
1.4997999452983444
1.4998037576326588
1.4998075052953297
1.4998111898689765
1.4998148126822601
1.4998183748154847
1.4998218771031404
1.4998253201329128
1.4998287042406684
1.4998320295003078
1.4998352957080165
1.4998385023531604
1.4998416498356002
1.4998447334014857
1.4998477547396065
1.4998507106727483
1.499853598406508
1.4998564143985451
1.4998591541688915
1.499861812052044
1.4998643808622505
1.4998668514366709
1.4998692120047854
1.4998714473072403
1.4998735373479286
1.499875455600458
1.4998771663886654
1.4998786209930475
1.4998797517514642
1.4998804629320859
1.4998806162865745
1.4998800076054142
1.4998783276189487
1.4998750948118313
1.4998695361134304
