3.717836557979725
3.762665366069759
3.7834532165661225
3.803803141174396
3.8241492023689165
3.844459867199541
3.86470340463407
3.8848555261555062
3.904898007431527
3.9248174366777167
3.9446042142749755
3.9642517558996726
3.9837558579890024
4.003114192576069
4.022325905166861
4.041391294647644
4.060311558466636
4.079088589737504
4.097724815632915
4.116223068609192
4.134586483736765
4.152818416793343
4.17092237887726
4.188901984174371
4.206760908207896
4.224502854453505
4.242131527640469
4.259650612407445
4.277063756256838
4.294374555969617
4.311586546814922
4.328703194024981
4.345727886113656
4.362663929701888
4.37951454558057
4.39628286579442
4.412971931572397
4.429584691963347
4.446124003061873
4.46259262773022
4.4789932357385505
4.4953284042591815
4.511600618660865
4.527812273557748
4.5439656740744185
4.560063037294029
4.576106493861034
4.592098089713836
4.608039787925696
4.623933470634917
4.6397809410475315
4.655583925497556
4.671344075551554
4.687062970145658
4.702742117744449
4.718382958512198
4.733986866487996
4.749555151757125
4.7650890626119375
4.7805897876961145
4.7960584581269625
4.8114961495909645
4.826903884408356
4.842282633563058
4.857633318694727
4.872956814050185
4.88825394839181
4.903525506860935
4.918772232794558
4.933994829494085
4.949193961944958
4.964370258486481
4.979524312431241
4.994656683633806
5.009767900008577
5.0248584589968575
5.039928828983351
5.054979450662455
5.070010738354862
5.085023081275056
5.100016844750454
5.114992371393003
5.129949982224094
5.144889977753807
5.159812639015464
5.17471822855658
5.18960699138734
5.20447915588772
5.219334934674464
5.234174525429075
5.248998111688061
5.263805863596627
5.265776092351423
5.267211932228327
5.2682485372108205
5.268987567648438
5.269504292186372
5.269855083329137
5.270082011392468
5.27021646953284
5.270281882902031
5.2702957306816
5.270271055119958
5.27021758766109
5.270142589292492
5.270051477617957
5.269948294773191
5.269836056574649
5.269717013044196
5.269592842803504
5.269464798123482
5.269333813154147
5.269200584680951
5.269065632381577
5.268929343786716
5.268792007827851
5.268653839868971
5.268515000384129
5.268375608893756
5.268235754363299
5.26809550296219
5.267954903853243
5.267813993512393
5.267672798951882
5.267531340125232
5.267389631721682
5.267247684505115
5.267105506313009
5.266963102801855
5.266820478003233
5.266677634738783
5.2665345749296835
5.266391299827633
5.266247810187106
5.2661041063938345
5.265960188560669
5.265816056599036
5.265671710272224
5.265527149235106
5.265382373063742
5.265237381277408
5.2650921733550256
5.264946748747354
5.2648011068860745
5.264655247190511
5.26450916907262
5.264362871940684
5.264216355202023
5.26406961826498
5.263922660540385
5.263775481442612
5.263628080390307
5.263480456806943
5.263332610121189
5.263184539767141
5.263036245184456
5.262887725818474
5.262738981120233
5.26259001054647
5.262440813559589
5.2622913896276255
5.2621417382241695
5.261991858828308
5.261841750924543
5.261691414002699
5.261540847557865
5.261390051090269
5.261239024105225
5.261087766113026
5.260936276628855
5.260784555172722
5.2606326012693465
5.260480414448093
5.260327994242882
5.260175340192107
5.260022451838557
5.2598693287293345
5.259715970415788
5.259562376453403
5.259408546401786
5.259254479824534
5.259100176289191
5.258945635367188
5.258790856633727
5.258635839667775
5.258480584051969
5.258325089372532
5.258169355219237
5.258013381185343
5.257857166867526
5.257700711865818
5.257544015783548
5.257387078227305
5.257229898806852
5.257072477135089
5.256914812827995
5.256756905504571
5.256598754786808
5.256440360299605
