0.0005706254180682724
0.0005318907138253192
0.0005069084059906034
0.0004912566269779546
0.0004821349535145484
0.0004776885361066257
0.00047664690220806336
0.0004781176997035476
0.00048146230355933554
0.00048621737949113594
0.0004920435054088094
0.0004986904064631715
0.0005059727889942401
0.000513753173386854
0.0005219294904367809
0.0005304260041244772
0.000539186606734777
0.0005481698343719543
0.0005573451460408974
0.0005666901394110223
0.0005761884654024234
0.0005858282662697835
0.000595601006733416
0.0006055006004650743
0.0006155227584666887
0.0006256645039784089
0.0006359238121583486
0.0006462993430498173
0.0006567902441234013
0.000667396004567089
0.000678116347951622
0.0006889511532649737
0.0006999003968506404
0.0007109641096962082
0.0007221423459546559
0.0007334351596549722
0.000744842587360983
0.0007563646351336094
0.0007680012685938534
0.000779752405210912
0.0007916179081799916
0.0008035975814311701
0.000815691165440072
0.000827898333604387
0.0008402186890194474
0.0008526517615352509
0.0008651970050128166
0.0008778537947241488
0.0008906214248575288
0.0009034991061044429
0.0009164859633126521
0.0009295810331977192
0.0009427832621097362
0.0009560915038555238
0.0009695045175794559
0.0009830209657076389
0.0009966394119617517
0.0010103583194498828
0.0010241760488425514
0.001038090856642617
0.0010521008935584883
0.0010662042029903611
0.0010803987196392312
0.0010946822682495624
0.0011090525624954887
0.0011235072040216981
0.001138043681649422
0.001152659370758429
0.0011673515328558713
0.00118211731534249
0.0011969537514868501
0.0012118577606179078
0.001226826148545932
0.0012418556082215912
0.001256942720642501
0.0012720839560160524
0.0012872756751867948
0.0013025141313359172
0.00131779547196014
0.0013331157411354256
0.0013484708820715667
0.0013638567399612627
0.0013792690651273857
0.0013947035164704048
0.0014101556652169618
0.0014256209989693667
0.0014410949260544573
0.0014565727801688303
0.0014720498253162294
0.0014875212610310636
0.0015029822278810141
0.001518427813239719
0.001533853057319412
0.0015492529594513073
0.0015646224846007375
0.0015799565701016729
0.0015952501325945812
0.0016104980751494985
0.0016256952945551495
0.0016408366887536575
0.0016559171643987028
0.0016709316445144928
0.001685875076231192
0.0017007424385721247
0.0017155287502667459
0.0017302290775629643
0.0017448385420119443
0.0017593523281978693
0.0017737656913851343
0.0017880739650553321
0.0018022725683065387
0.0018163570130875146
0.0018303229112402969
0.0018441659813247004
0.0018578820551996757
0.0018714670843369358
0.0018849171458435445
0.0018982284481717329
0.0019113973364948628
0.0019244202977309408
0.0019372939651960985
0.0019500151228722504
0.0019625807092753804
0.0019749878209124393
0.0019872337153172526
0.001999315813657279
0.0020112317029057822
0.002022979137575558
0.0020345560410129125
0.0020459605062522084
0.002057190796433342
0.002068245344787214
0.00207912275419502
0.0020898217963300153
0.002100341410391579
0.0021106807014434435
0.002120838938369118
0.002130815551459157
0.0021406101296464882
0.0021502224174064187
0.0021596523113399896
0.0021688998564593394
0.002177965242194987
0.0021868487981454424
0.002195550989590196
0.0022040724127869154
0.0022124137900746852
0.0022205759648046175
0.0022285598961194262
0.002236366653602966
0.002243997411821448
0.00225145344477616
0.0022587361202886153
0.0022658468943374467
0.002272784946200016
0.0022795605807450436
0.0022861645968889556
0.002292603607656644
0.0022988792653939696
0.002304993354953151
0.0023109477548529252
0.002316744406813708
0.0023223852992814977
0.002327872457272733
0.0023332079350825916
0.0023383938103342296
0.0023434321786985624
0.0023483251489919243
0.0023530748385251505
0.0023576833686517825
0.0023621528604937264
0.002366485430837941
0.0023706831882017534
0.0023747482290673006
0.002378682634286436
0.0023824884656561914
0.002386167762665723
0.0023897225394142038
0.002393154781699551
0.002396466444276317
0.002399659448281959
0.0024027356788290915
0.002405696982761474
0.002408545166571296
0.0024112819944748266
0.002413909186643357
0.0024164284175856683
0.002418841314679013
0.0024211494568444417
0.002423354373363072
0.002425457542828714
0.0024274603922336143
0.0024293642961825575
0.0024311705762318225
0.0024328805003484
0.0024344952824858174
0.002436016082272159
0.002437444004806845
0.002438780100561521
