13.096802349405076
12.020634399384907
11.006704375303014
10.056345378550239
9.17057261086834
8.349593872533914
7.592849413386467
6.899141592505738
6.2667448328991675
5.693483055868288
5.176785444114145
4.713734113192138
4.301114128882335
3.935471766443587
3.6131825162981652
3.3305267839935944
3.0837688665950322
2.869233745158539
2.6833764209039055
2.5228396473751973
2.384497558037662
2.2654844351297894
2.1632093763681746
2.0753586977488876
1.9998885088254361
1.9350100706751943
1.879170393395681
1.831030190083585
1.7894408709963612
1.7534218257476393
1.722138844387628
1.6948842065224867
1.6710586994683705
1.650155675408563
1.6317470869314417
1.6154713964268559
1.6010231952619631
1.5881443514442
1.5766165011574709
1.5662547069021047
1.5569021182634328
1.5484254876381272
1.5407114105816189
1.5336631773448839
1.5271981380183661
1.5212454980809385
1.5157444738032204
1.5106427482301772
1.505895177782791
1.501462707873997
1.4973114627455515
1.493411980531536
1.489742126783628
1.4862717636672362
1.4829854039152661
1.4798657183343733
1.476897433275614
1.4740670513007132
1.471362613457526
1.4687734965985206
1.466290240191942
1.4639043980327275
1.4616084109844272
1.4593954975590728
1.4572595595958198
1.4551951008053743
1.45319715623171
1.45126123105529
1.4493832474152177
1.447559497997623
1.4457866055852977
1.4440614875896107
1.4423813249664734
1.4407435348924664
1.4391457467019477
1.4375857806436594
1.436061629091907
1.4345714399032288
1.43311350163209
1.431686230385477
1.4302881581041755
1.4289179220933184
1.4275742556624975
1.426255979744427
1.4249619953575907
1.42369127683033
1.4224428657069106
1.4212158652505507
1.4200094354540345
1.4188227885509743
1.4176551849303978
1.4165059294379845
1.4153743680000908
1.4142598845603147
1.4131618982862593
1.4120798610221574
1.411013254937537
1.4099615904100395
1.4089244040593578
1.4079012569500833
1.4068917329435626
1.4058954371738457
1.4049119946565134
1.4039410489912523
1.402982261178404
1.4020353085147894
1.401099883577921
1.400175693279701
1.3992624580017679
1.3983599107791942
1.3974677965448714
1.3965858714382364
1.39571390215205
1.3948516653221628
1.3939989469682572
1.3931555419670876
1.3923212535541634
1.3914958928760999
1.3906792785497935
1.3898712362655512
1.3890715984121067
1.3882802037270021
1.3874968969574755
1.3867215380452427
1.3859539722006142
1.385194060546712
1.3844416690819075
1.3836966684390557
1.3829589336553032
1.3822283439596503
1.3815047825675495
1.3807881364939862
1.3800782963734581
1.3793751562888434
1.3786786136195996
1.3779885688798883
1.3773049255879952
1.3766275901225677
1.3759564715983383
1.3752914817477495
1.3746325348023658
1.3739795473874508
1.3733324384180767
1.3726911290035397
1.3720555423544807
1.3714256036927397
1.370801240171133
1.3701823807918527
1.3695689563322615
1.3689608992754394
1.3683581437408734
1.3677606254193992
1.3671682815105533
1.3665810506664324
1.3659988729342873
1.3654216897068154
1.3648494436682344
1.3642820787435042
1.363719540058128
1.3631617738943103
1.362608727644083
1.3620603497713841
1.3615165897785326
1.3609773981626239
1.3604427263869803
1.3599125268447494
1.3593867528250447
1.3588653584895882
1.3583482988363391
1.3578355296779963
1.3573270076083022
1.3568226899865405
1.356322534902265
1.3558265011612114
1.355334548256612
1.3548466363520955
1.354362726259591
1.353882779419847
1.3534067578818503
1.352934624286958
1.3524663418535203
1.3520018743546214
1.3515411861096005
1.3510842419608895
1.3506310072633938
1.3501814478731482
1.3497355301273362
1.3492932208366883
1.348854487271682
1.3484192971476359
1.3479876186165822
1.3475594202549463
1.3471346710529053
1.346713340402737
1.34629539809158
1.3458808142907084
1.345469559545267
1.345061604765815
1.3446569212212214
