0.3984344948165056
0.4005325628799171
0.4026629772397327
0.40476731351144773
0.4068425481347282
0.40889550301962757
0.4109329733382056
0.41296030049365107
0.41498149381047267
0.4169995364674048
0.4190166451431702
0.4210344646876781
0.4230542114121831
0.42507677897944723
0.4271028172428114
0.4291327913189775
0.4311670260458923
0.4332057395288252
0.4352490684819931
0.43729708737297923
0.4393498228738666
0.4414072647543689
0.4434693740780984
0.4455360893568455
0.44760733116160445
0.44968300556994006
0.4517630067384956
0.4538472188198044
0.4559355173895452
0.45802777050970295
0.4601238395222237
0.4622235796442227
0.46432684041796196
0.4664334660553576
0.46854329570658426
0.47065616367476015
0.4727718995929446
0.4748903285754401
0.47701127135223276
0.47913454439303027
0.48125996002565463
0.4833873265522575
0.4855164483658556
0.4876471260690689
0.4897791565963645
0.4919123333407666
0.494046446285751
0.49618128214276014
0.4983166244947327
0.5004522539458117
0.5025879482773976
0.5047234826105844
0.506858629574982
0.5089931594838732
0.5111268405156054
0.5132594389010767
0.5153907191171417
0.5175204440857194
0.5196483753783481
0.5217742734259069
0.5238978977331691
0.526019007097837
0.5281373598336568
0.530252713997185
0.5323648276177376
0.5344734589300248
0.5365783666089353
0.5386793100059053
0.5407760493862657
0.5428683461669496
0.5449559631538934
0.5470386647784539
0.5491162173321277
0.5511883891988463
0.5532549510840966
0.5553156762401023
0.5573703406862891
0.5594187234242571
0.5614606066464437
0.5634957759377306
0.5655240204691606
0.567545133183026
0.5695589109685424
0.571565154827365
0.5735636700282346
0.5755542662500515
0.5775367577127168
0.5795109632951276
0.5814767066397349
0.5834338162431538
0.5853821255323322
0.5873214729258723
0.5892517018801396
0.5911726609198824
0.5930842036531215
0.5949861887701888
0.5968784800268099
0.5987609462112627
0.6006334610956789
0.6024959033716479
0.6043481565703843
0.6061901089677516
0.6080216534745742
0.6098426875126808
0.6116531128772608
0.6134528355861408
0.6152417657166747
0.6170198172310059
0.6187869077905183
0.6205429585603454
0.6222878940048472
0.6240216416750364
0.6257441319889211
0.6274552980058249
0.6291550751957012
0.6308434012045271
0.6325202156168468
0.6341854597165197
0.6358390762467734
0.637481009170577
0.6391112034323998
0.64072960472235
0.6423361592436676
0.6439308134845162
0.6455135139949536
0.6470842071699492
0.6486428390392235
0.650189355064653
0.6517236999459217
0.6532458174350317
0.6547556501602431
0.6562531394599034
0.6577382252266247
0.6592108457621471
0.6606709376431954
0.6621184355985487
0.6635532723975138
0.6649753787498917
0.6663846832175031
0.6677811121372705
0.6691645895557948
0.6705350371753381
0.6718923743110528
0.6732365178592833
0.6745673822766977
0.6758848795700172
0.6771889192960253
0.6784794085715705
0.6797562520932119
0.6810193521661658
0.6822686087421743
0.6835039194659375
0.6847251797297061
0.6859322827356589
0.6871250483797167
0.6883035768038845
0.689467550095057
0.6906169159509223
0.6917515596660387
0.6928713634364999
0.6939762076193007
0.6950659710183392
0.6961405310565025
0.6971997639179528
0.6982435446813848
0.6992717474514565
0.7002842454912197
0.7012809113566403
0.7022616170335519
0.7032262340770798
0.7041746337534616
0.7051066871840979
0.7060222654917199
0.7069212399484925
0.7078034821259233
0.7086688640464447
0.7095172583365389
0.7103485383812961
0.7111625784802923
0.7119592540046994
0.7127384415555101
0.7135000191228179
0.7142438662460561
0.7149698641751119
0.7156778960322439
0.7163678469747213
0.7170396043581276
0.7176930579002214
0.7183280998453108
0.7189446251290281
0.7195425315434634
0.7201217199025257
0.7206820942074815
0.7212235618125435
0.7217460335904298
0.7222494240977724
0.7227336517402747
0.7231986389374647
0.7236443122869614
