0.00017434834553687955
0.00018829704804487312
0.00020075777734185265
0.00021221535231139688
0.00022301387925627333
0.00023340069816573107
0.00024355436437405756
0.000253603573970208
0.0002636404649227409
0.00027373011700572414
0.0002839174497849747
0.0002942323021690123
0.00030469321657907215
0.00031531028459042676
0.0003260873024983537
0.00033702341299313447
0.0003481143599643062
0.0003593534493937776
0.0003707322853022919
0.00038224133254128733
0.0003938703457458318
0.00040560869456801834
0.00041744560843881605
0.00042937035890751156
0.0004413723936304399
0.00045344143300897504
0.0004655675380861275
0.0004777411564398104
0.0004899531513399958
0.0005021948182782619
0.0005144578920643903
0.0005267345469642795
0.0005390173917863804
0.0005512994613784633
0.0005635742056478735
0.0005758354769465024
0.0005880775164505784
0.0006002949400022479
0.0006124827237545744
0.0006246361898658725
0.0006367509924166218
0.0006488231036675475
0.0006608488007365734
0.0006728246527420864
0.0006847475084378772
0.0006966144843490984
0.0007084229534072238
0.0007201705340741546
0.0007318550799401851
0.0007434746697772427
0.000755027598026623
0.0007665123656994704
0.0007779276716678136
0.0007892724043241311
0.0008005456335878665
0.0008117466032379761
0.0008228747235514423
0.0008339295642285639
0.0008449108475867842
0.0008558184420057778
0.0008666523556074683
0.0008774127301555858
0.0008880998351602761
0.0008987140621741495
0.0009092559192670072
0.000919726025667308
0.0009301251065591778
0.0009404539880245586
0.0009507135921207926
0.0009609049320845784
0.0009710291076539918
0.0009810873005007862
0.0009910807697658822
0.0010010108476915022
0.0010108789353439384
0.0010206864984215664
0.0010304350631431265
0.0010401262122119025
0.0010497615808518553
0.0010593428529121988
0.0010688717570374615
0.0010783500629003855
0.0010877795774955248
0.0010971621414917422
0.0011064996256422036
0.0011157939272508552
0.0011250469666946943
0.001134260684001455
0.001143437035482712
0.0011525779904226208
0.0011616855278228804
0.0011707616332046788
0.0011798082954687064
0.0011888275038144816
0.0011978212447205005
0.0012067914989868536
0.0012157402388421933
0.001224669425116991
0.0012335810044852501
0.0012424769067768922
0.0012513590423631085
0.0012602292996171168
0.0012690895424527211
0.0012779416079431638
0.0012867873040227175
0.0012956284072735082
0.0013044666607999742
0.0013133037721933451
0.0013221414115884445
0.0013309812098150412
0.0013398247566458433
0.001348673599143125
0.0013575292401058437
0.0013663931366189122
0.0013752666987061628
0.0013841512880883313
0.0013930482170471897
0.001401958747396807
0.0014108840895625692
0.001419825401768569
0.0014287837893335105
0.001437760304075225
0.0014467559438235745
0.0014557716520412676
0.0014648083175518945
0.0014738667743741994
0.0014829478016614472
0.0014920521237444145
0.0015011804102763354
0.001510333276477909
0.001519511283480163
0.0015287149387629819
0.0015379446966865276
0.0015472009591129636
0.0015564840761153897
0.001565794346770995
0.0015751320200349532
0.0015844972956917454
0.0015938903253802413
0.0016033112136887928
0.0016127600193165405
0.0016222367562969296
0.0016317413952794397
0.0016412738648653997
0.0016508340529937388
0.0016604218083724107
0.0016700369419513435
0.0016796792284325714
0.001689348407813337
0.001699044186957907
0.0017087662411939054
0.00171851421592894
0.0017282877282834336
0.001738086368735587
0.0017479097027744517
0.0017577554563778096
0.0017676275175776595
0.001777522454157075
0.0017874399439165307
0.0017973795546684039
0.0018073407824892368
0.0018173230845040984
0.0018273258945899458
0.0018373486312341604
0.0018473907018731269
0.0018574515056453771
0.0018675304354213915
0.0018776268794927211
0.0018877402230895381
0.0018978698498005816
0.0019080151429272762
0.001918175486785318
0.0019283502679586211
0.0019385388765073678
0.0019487407071301164
0.001958955160279519
0.0019691816432310092
0.0019794195711038756
0.001989668367834129
0.001999927467098771
0.0020101963131912265
0.0020204743618476378
0.002030761081024115
0.002041055951624986
0.0020513584681822877
0.0020616681394867485
0.0020719844891707263
0.0020823070562437053
0.002092635395580853
0.002102969078365506
0.0021133076924862
0.002123650842889354
0.002133998151888361
0.002144349259430263
0.002154703823320974
0.002165061519410263
0.002175422041737673
0.0021857851026406143
0.0021961504328257774
