9.975292645269747
10.122993046351949
10.279718593367766
10.440393154522733
10.602067079366481
10.763088465422877
10.922576235703248
11.080098747111014
11.235478931669835
11.38867715455273
11.539721779870556
11.68866891669686
11.835579904674791
11.980509492822117
12.12350038738835
12.264581524937219
12.403768459321185
12.541064883159775
12.676464690238012
12.80995422083948
12.941514476433673
13.07112317935703
13.198756608984198
13.32439118141523
13.448004762693387
13.569577720597398
13.68909372985216
13.806540351810401
13.92190941325507
14.035197210650605
14.146404566399768
14.25553676280572
14.362603377814873
14.467618044486807
14.570598153711604
14.671564517181741
14.770541005115447
14.867554170884555
14.96263287252325
15.055807899171258
15.147111608807775
15.23657758218003
15.324240296601186
15.410134822242403
15.494296542682473
15.576760900752237
15.65756317011522
15.736738252527779
15.814320500321424
15.890343563327304
15.964840259188819
16.03784246581637
16.109381034584793
16.179485722750314
16.24818514352075
16.31550673214522
16.38147672641876
16.446120159983128
16.50946086687582
16.57152149582077
16.632323532830448
16.691887330782585
16.75023214471498
16.80737617168386
16.863336594137415
16.918129625846618
16.971770559542293
17.024273815504117
17.075652990439902
17.12592090608628
17.175089657036615
17.223170657402004
17.270174685954274
17.31611192949476
17.360992024237195
17.404824095047946
17.44761679244334
17.489378327285074
17.530116503136576
17.56983874630075
17.608552133566576
17.646263417724604
17.68297905092511
17.71870520597237
17.75344779565782
17.787212490240588
17.8200047331955
17.851829755348238
17.882692587519855
17.912598071804254
17.9415508715951
17.969555480488278
17.996616230159187
18.02273729734152
18.047922709996236
18.072176352774406
18.095501971869478
18.117903179335592
18.139383456956672
18.159946159738826
18.17959451909125
18.198331645752145
18.216160532523485
18.23308405685087
18.249104983303997
18.26422596598662
18.278449550913482
18.291778178384305
18.304214185377877
18.315759807985327
18.326417183909754
18.33618835503114
18.345075270065422
18.353079787313188
18.36020367751448
18.366448626808598
18.37181623980487
18.376308042767917
18.379925486909002
18.382669951793712
18.384542748857278
18.38554512502479
18.385678266433004
18.384943302253625
18.383341308603804
18.38087331255026
18.377540296189906
18.373343200809845
18.36828293111683
18.362360359529003
18.355576330523732
18.34793166503968
18.33942716492184
18.33006361739974
18.319841799604866
18.308762483105607
18.296826438465374
18.284034439811016
18.270387269408285
18.25588572223686
18.240530610561105
18.224322768484928
18.20726305649659
18.189352365982923
18.170591623722384
18.150981796334968
18.130523894705288
18.109218978352157
18.08706815975157
18.06407260860749
18.04023355606454
18.015552298852306
17.990030203368622
17.963668709685585
17.93646933548009
17.90843367988445
17.879563427253604
17.84986035083822
17.81932631637073
17.787963285554017
17.755773319444824
17.722758581742024
17.68892134195843
17.654263978489848
17.61878898156994
17.582498956102857
17.545396624383052
17.507484828688064
17.468766533750944
17.429244829101407
17.3889229312818
17.34780418592275
17.30589206969679
17.263190192127364
17.219702297261474
17.175432265208073
17.130384113529384
17.084561998493154
17.037970216184043
16.990613203467102
16.94249553881146
16.89362194296343
16.843997279477005
16.793626555103565
16.742514920024416
16.69066766794954
16.638090236065064
16.584788204838382
16.530767297681145
16.47603338046735
16.42059246091333
16.364450687815033
16.307614350151866
16.25008987605183
16.19188383161859
16.133002919639953
16.073453978153513
16.013243978893883
15.95238002561481
