-0.20885234801492983
-0.2220794414987186
-0.23529433979621742
-0.24846516647481276
-0.2615855826453413
-0.2746538309675192
-0.28766904839398844
-0.3006305315014129
-0.31353759166739587
-0.32638952951329364
-0.3391856324444235
-0.3519251760051763
-0.3646074254200787
-0.3772316367805693
-0.3897970578968858
-0.40230292890628055
-0.4147484827168437
-0.4271329453462721
-0.43945553619886824
-0.4517154683119832
-0.463911948594419
-0.47604417807275434
-0.4881113521567825
-0.5001126609317073
-0.5120472894821176
-0.5239144182509703
-0.5357132234354152
-0.5474428774205089
-0.5591025492511746
-0.5706914051425128
-0.5822086090282865
-0.5936533231473483
-0.6050247086677506
-0.6163219263482882
-0.6275441372372393
-0.638690503408155
-0.6497601887325206
-0.6607523596892002
-0.6716661862105109
-0.6825008425648511
-0.6932555082756795
-0.7039293690766908
-0.7145216179029106
-0.725031455917373
-0.7354580935729408
-0.7458007517087548
-0.7560586626805953
-0.7662310715243991
-0.7763172371519483
-0.7863164335776285
-0.7962279511749528
-0.8060510979614106
-0.8157852009099422
-0.8254296072852038
-0.8349836860025451
-0.84444682900741
-0.8538184526726453
-0.863097999211
-0.8722849380998318
-0.8813787675148173
-0.8903790157692476
-0.8992852427551927
-0.908097041382669
-0.916814039012625
-0.9254358988793778
-0.9339623214979059
-0.9423930460511734
-0.9507278517524498
-0.9589665591774325
-0.9671090315607355
-0.9751551760512099
-0.9831049449203788
-0.9909583367181406
-0.9987153973698221
-1.006376221208574
-1.0139409519370455
-1.0214097835122735
-1.0287829609477448
-1.0360607810266143
-1.0432435929201933
-1.0503317987059038
-1.0573258537791042
-1.064226267153377
-1.071033601644127
-1.0777484739306358
-1.0843715544920616
-1.0909035674132461
-1.0973452900566207
-1.103697552596976
-1.10996123741636
-1.1161372783569201
-1.1222266598300976
-1.1282304157811847
-1.1341496285089072
-1.1399854273404086
-1.1457389871626338
-1.151411526811917
-1.1570043073242475
-1.1625186300494454
-1.167955834633246
-1.1733172968719876
-1.178604426445364
-1.1838186645334015
-1.1889614813245295
-1.1940343734222505
-1.199038861158587
-1.2039764858230477
-1.2088488068164114
-1.2136573987391253
-1.2184038484245676
-1.2230897519277732
-1.2277167114805776
-1.232286332424358
-1.2368002201317383
-1.241259976928735
-1.2456671990288513
-1.2500234734905806
-1.2543303752096937
-1.2585894639574426
-1.2628022814756306
-1.2669703486390942
-1.2710951626958142
-1.2751781945943668
-1.279220886407959
-1.283224648863683
-1.2871908589850554
-1.2911208578552114
-1.2950159485074677
-1.298877393949236
-1.3027064153245145
-1.306504190219448
-1.3102718511146794
-1.314010483987413
-1.3177211270653948
-1.321404769734189
-1.3250623515984716
-1.3286947616972493
-1.3323028378722666
-1.3358873662882038
-1.339449081102583
-1.3429886642827502
-1.3465067455667215
-1.3500039025641766
-1.3534806609933978
-1.356937495049539
-1.360374827899257
-1.3637930322963392
-1.3671924313127786
-1.3705732991794037
-1.373935862230079
-1.3772802999432823
-1.380606746074784
-1.3839152898751124
-1.3872059773854168
-1.3904789639694364
-1.3937337722113996
-1.396970739760063
-1.4001896424884357
-1.4033903243608767
-1.406572600935573
-1.4097362566068372
-1.4128810454369178
-1.4160066926265462
-1.4191128961648343
-1.4221993285511985
-1.4252656385516818
-1.428311452972222
-1.4313363784390964
-1.434340003180171
-1.4373218988023033
-1.4402816220609962
-1.4432187166190025
-1.446132714790907
-1.4490231392709598
-1.4518895048417433
-1.4547313200613923
-1.4575480889273464
-1.4603393125147732
-1.463104490588006
-1.4658431231834617
-1.468554712162708
-1.4712387627344503
-1.4738947849443746
-1.476522295131883
-1.479120817352882
-1.481689884767861
-1.4842290409946335
-1.4867378414251244
-1.489215854505734
-1.4916626629807967
-1.4940778650987714
-1.4964610757807906
-1.4988119277512268
-1.501130072630051
-1.5034151819866528
-1.5056669483548897
-1.5078850862091195
-1.5100693329009882
-1.5122194495566843
