194196.366
569036.6706438719
570239.8744640667
571402.4069424274
572529.2245782097
573624.4102464058
574691.3487278656
575732.862509222
576751.3202073618
577748.7233590491
578726.7760230335
579686.9406737492
580630.4831275654
581558.5086736955
582471.9911394534
583371.7962727493
584258.6935383986
585133.3905482271
585996.5297397708
586848.6992387571
587690.4428375197
588522.2663200907
589344.6425544376
590158.0155982571
590962.8040170625
591759.4035747335
592548.1894253579
593329.5185814984
594103.7287280933
594871.1434357392
595632.0705801577
596386.8038839159
597135.6236908701
597878.797648075
598616.5813154187
599349.2187186487
600076.9428579792
600799.976181518
601518.5310304968
602232.8100615743
602943.0066500051
603649.3052765161
604351.8818998253
605050.9043161959
605746.532506933
606438.9189744217
607128.2090670709
607814.5412933831
608498.0476252447
609178.8537905375
609857.0795550589
610532.8389938483
611206.2407519195
611877.3882945086
612546.3801469264
613213.310124176
613878.2675504669
614541.3374688703
615202.6008413114
615862.1347391777
616520.0125247849
617176.3040240428
617831.0756905708
618484.3907616265
619136.3094061476
619786.860101675
620436.1238201245
621084.1554528845
621731.0041309848
622376.7165643052
623021.337147073
623664.9080578985
624307.4693547625
624949.0590651461
625589.7132715496
626229.4661926219
626868.3502601179
627506.3961918614
628143.6330609728
628780.0883615018
629415.7880706855
630050.7567079916
630685.0173911352
631318.591889203
631951.5006730728
632583.7629632361
633215.3967752001
633846.4189625528
634476.8452578731
635106.6903115382
635735.967728581
636364.6901036893
636992.8690544408
637620.5152528562
638247.6384553834
638874.2475313654
639500.3504900812
640125.9545064478
640751.0659454154
641375.6903851558
641999.8326390765
642623.4967767554
643246.6861438033
643869.4033807389
644491.6504409219
645113.4286075771
645734.7385099668
646355.5801387422
646975.9528605187
647595.8554317183
648215.2860117042
648834.2421752398
649452.7209243256
650070.7186994083
650688.2313900319
651305.2543449188
651921.782381544
652537.8097951974
653153.330367572
653768.3373749058
654382.8235956795
654996.7813179115
655610.2023460609
656223.0330303637
656835.4629786969
657447.1800975811
658058.4659978971
658669.0760085626
659279.1045884285
659888.5408328621
660497.2751877503
661105.4462514934
661712.9726958531
662319.8396116495
662926.103535292
663531.5765685384
664136.3503090605
664740.4133204814
665343.7497507712
665946.343393773
666548.1777477701
667149.2359946921
667749.5009822759
668348.9552105182
668947.5808214804
669545.3595916235
670142.2729260853
670738.3018544377
671333.4270275586
671927.6287153327
672520.8868050083
673113.1808000143
673704.4898191235
674294.7925958867
674884.0674782452
675472.2924282755
676059.4450220328
676645.5024494427
677230.4415142423
677814.238633927
678396.8698397144
678978.310776492
679558.5367027686
680137.5224905872
680715.2426254392
681291.6712061428
681866.7819446973
682440.5481661184
683012.9428082393
683583.9384214971
684153.5071686783
684721.620824664
685288.2507761202
685853.3680211997
686416.9431691931
686978.9464401838
687539.3476646672
688098.1162831596
688653.7704714766
689208.5289573846
689761.8210044154
690313.4260885402
690863.30876533
691413.1862084527
691959.9775188823
692504.7870458668
693047.6190675629
693588.451263212
694127.2572208315
694664.0082402145
695198.6737820441
695731.2218045206
696261.6175404281
696789.828959331
697315.8200963142
697839.554860618
698360.9964526029
698880.1089011972
699396.8518556438
