7.295988748460121
7.290984441911618
7.288333816373145
7.2861022869967975
7.283963723640032
7.281852759306991
7.279755764208447
7.277669538486597
7.275593003542298
7.273525527260232
7.271466585550076
7.269415693265851
7.267372389469871
7.265336233681944
7.263306804369558
7.261283697917281
7.259266527721746
7.257254923342228
7.255248529693227
7.253247006276354
7.251250026450622
7.24925727674021
7.247268456178676
7.245283275688229
7.243301457492759
7.241322734563004
7.239346850092383
7.2373735570019235
7.2354026174727
7.233433802504359
7.231466891498184
7.229501671863369
7.2275379386451
7.225575494173206
7.223614147730126
7.221653715237069
7.2196940189572585
7.217734887215261
7.215776154131407
7.213817659370417
7.211859247903383
7.209900769782293
7.207942079926378
7.205983037919559
7.20402350781833
7.202063357969517
7.2001024608372735
7.1981406928388125
7.19617793418838
7.194214068748953
7.192248983891297
7.1902825703599005
7.18831472214543
7.186345335797824
7.184374312535258
7.18240155487888
7.1804269686265085
7.1784504622868655
7.176471946970934
7.174491336298667
7.172508546311859
7.17052349539138
7.168536104178266
7.1665462954984065
7.164553994290655
7.162559127538152
7.160561624202755
7.158561415162372
7.156558433151096
7.154552612702008
7.152543890092472
7.150532203291898
7.148517491911766
7.146499697157879
7.144478761784694
7.142454630051677
7.1404272476815835
7.138396561820557
7.136362521000007
7.134325075100165
7.132284175315252
7.130239774120214
7.128191825238915
7.126140283613799
7.124085105376878
7.122026247822083
7.1199636693788575
7.117897329586971
7.115827189072542
7.113753209525147
7.111675353676065
7.109593585277557
7.107507869083161
7.105418170828992
7.103324457215974
7.101226695893005
7.099124855440998
7.097018905357817
7.094908816044017
7.0927945587894135
7.0906761057604415
7.088553429988276
7.086426505357689
7.084295306596663
7.082159809266654
7.080019989753605
7.077875825259581
7.075727293795079
7.073574374289948
7.071417045992322
7.0692552899554775
7.067089086679414
7.064918418387879
7.062743267814205
7.06056361846417
7.058379454612266
7.056190761299223
7.053997524330108
7.051799730272928
7.049597366457765
7.047390420976394
7.045178882682418
7.04296274119186
7.040741986884273
7.038516610904281
7.036286605163626
7.034051962343643
7.0318126758982125
7.029568740057148
7.027320149830044
7.025066901010539
7.0228089901810336
7.020546414717826
7.0182791727966904
7.016007263398841
7.013730686317353
7.011449442163972
7.009163532376336
7.006872959225607
7.004577725824506
7.00227783613573
6.999973294980787
6.997664108049204
6.995350281908124
6.993031824012289
6.9907087427144114
6.988381047275904
6.9860487478779865
6.983711855633185
6.9813703825971505
6.979024341780879
6.976673747163271
6.974318613704036
6.971958957356961
6.969594795083502
6.967226144866736
6.964853025725623
6.962475457729614
6.96009346201356
6.957707060792963
6.955316277379498
6.952921136196878
6.9505216627969855
6.948117883876301
6.94570982729261
6.943297522081974
6.9408809984759765
6.938460287919206
6.936035423086989
6.9336064379033555
6.931173367559219
6.928736248530761
6.926295118598027
6.923850016863683
6.921400983771956
6.918948061127717
6.916491292115713
6.9140307213199
6.911566394742904
6.909098359825544
6.906626665466434
6.90415136204163
6.901672501424289
6.8991901370043465
6.896704323708157
6.894215118018092
6.891722577992072
6.889226763282988
6.886727735157998
6.884225556517672
6.88172029191493
6.879212007573779
6.87670077140778
6.8741866530382225
6.871669723811977
6.869150056818975
6.866627726909276
6.864102810709699
6.86157538663994
