10.8
10.752077191358564
10.703874769912751
10.655411359271987
10.60670450171439
10.557770724260749
10.508625608486637
10.459283858267517
10.409759363238019
10.360065257559912
10.310213974143599
10.260217294663837
10.210086395686787
10.1598318913677
10.109463872938026
10.05899194532651
10.008425261163142
9.95777255239729
9.907042159736326
9.856242060089064
9.805379892179209
9.754462980477026
9.703498357582754
9.65249278518218
9.601452773683278
9.550384600632622
9.49929432800118
9.44818781842101
9.397070750447144
9.34594863291246
9.294826818437468
9.243710516151708
9.192604803678703
9.14151463843207
9.090444868266536
9.039400241524019
8.98838541651176
8.937404970446504
8.886463407896134
8.83556516874763
8.78471463572812
8.733916141503672
8.683173975378676
8.632492389616917
8.581875605337505
8.531327818340412
8.480853204189964
8.430455923286074
8.380140125561885
8.329909954897452
8.27976955326933
8.229723064644752
8.179774638631121
8.129928433890898
8.08018862133111
8.030559387035145
7.981044935113608
7.931649490220231
7.882377299918659
7.833232636860801
7.784219800780855
7.735343120309814
7.686606954614332
7.638015694863086
7.589573765522966
7.541285625486685
7.493155769032452
7.44518872661542
7.397389065489576
7.349761390157509
7.30231034264418
7.25504060258921
7.207956887150405
7.161063950709076
7.114366584365135
7.0678696152068365
7.021577905336251
6.975496350626848
6.929629879183713
6.883983449469553
6.8385620480502
6.793370686901193
6.748414400201179
6.7036982405169745
6.6592272742572485
6.615006576234041
6.57104122311958
6.527336285513823
6.483896818236263
6.4407278483089
6.397834359882344
6.3552212750354515
6.312893428887517
6.270855536693518
6.229112149260138
6.187667591652965
6.14652587502808
6.105690568014374
6.065164602193415
6.024949970516334
5.985047254824252
5.945454912080991
5.906168375860721
5.86717960825531
5.828478603102116
5.790056902710628
5.751909762419542
5.714035528026733
5.6764342262371175
5.639106632302506
5.602053826553523
5.565277006299575
5.528777408304578
5.492556275601071
5.456614841797237
5.42095432228622
5.385575908262443
5.35048076196226
5.3156700125120535
5.281144752137938
5.24690603263409
5.212954862042243
5.179292201516846
5.145918962359562
5.1128360032109335
5.080044127389304
5.04754408036852
5.01533654738704
4.983422151182044
4.951801449842931
4.920474934779381
4.889443028799847
4.858706084296977
4.828264381537071
4.798118127051213
4.768267452126224
4.738712411394044
4.709452981518557
4.680489059979291
4.651820463951739
4.623446929284387
4.595368109572824
4.567583575331565
4.540092813264427
4.51289522563456
4.48599012973534
4.459376757463536
4.433054254996278
4.407021682573435
4.381278014387127
4.355822138580095
4.3306528573547425
4.3057688871946045
4.281168859200008
4.256851319539625
4.232814730019542
4.209057468771349
4.185577831060631
4.162374030217056
4.139444198687075
4.116786389210001
4.094398576117986
4.072278656760114
4.050424453050508
4.028833713139996
4.007504113210486
3.9864332593907985
3.9656186897922447
3.945057876661798
3.9247482286501802
3.9046870931916966
3.8848717589921153
3.86529945862034
3.845967371199076
3.8268726251891274
3.8080123012614138
3.7893876549474945
3.7711278613482175
3.753265005979449
3.7358219405831683
3.718813806281682
3.7022494450310672
3.686132628049031
3.6704631042262363
3.6552374874600555
3.640450002506289
3.6260931065402104
3.612158001776267
3.5986350525869084
3.5855141198097695
3.572784823599518
3.5604367458421455
3.5484595820165854
3.536843251530134
3.5255779745661613
3.514654322476682
3.5040632476027183
3.4937960977215226
3.483844619036258
3.4742009510211123
3.4731792281985254
3.47216157616935
3.471147815244677
3.4701377956881747
3.469131392351823
3.468128500186694
3.467129030523398
3.4661329080105245
3.4651400681063036
3.4641504550305893
3.463164020097228
3.462180720359232
3.4612005175102514
3.4602233769954385
3.459249267292977
3.4582781593344136
3.4573100260376712
3.456344841931373
3.4553825828530416
3.4544232257069702
3.453466748270222
3.4525131290373867
3.4515623470965044
3.450614382030017
3.4496692138357865
3.448726822864187
3.447787189768041
3.4468502954628204
3.445916121095029
3.444984648017102
3.4440558577674873
3.443129732054844
3.4422062527455046
3.441285401853525
3.4403671615327807
3.43945151407068
3.4385384418831513
3.43762792751064
3.436719953614893
3.435814502976369
3.434911558492138
3.43401110317416
3.4331131201478713
3.4322175926510017
3.4313245040325766
3.4304338377520645
3.429545577378635
3.428659706590507
3.4277762091743633
3.4268950690248183
3.4260162701439296
3.425139796640739
3.4242656327308394
3.4233937627359676
3.4225241710835874
3.421656842306523
3.420791761042571
3.4199289120341327
3.419068280127843
3.4182098502742106
3.4173536075272573
3.4164995370441575
3.415647624084883
3.4147978540118453
3.4139502122895378
3.41310468448418
3.41226125626336
3.411419913395674
3.410580641750356
3.4097434272969362
3.4089082561048776
3.408075114343206
3.407243988280147
3.4064148642827536
3.4055877288165424
3.404762568445118
3.403939369829802
3.4031181197292577
3.4022988049991105
3.4014814125915698
3.4006659295550468
3.399852343033768
3.399040640267391
3.3982308085906117
3.3974228354327742
3.396616708317476
3.395812414862171
3.3950099427777687
3.394209279868232
3.393410414030175
3.3926133332524504
3.3918161607979265
3.3910188966428736
3.390221540763554
3.389424093136219
3.3886265537371125
3.3878289225424663
3.3870311995285043
3.38623338467144
3.385435477947478
3.3846374793328122
3.3838393888036284
3.383041206336102
3.3822429319063985
3.381444565490674
3.3806461070650755
3.3798475566057395
3.379048914088794
3.3782501794903563
3.3774513527865344
3.376652433953427
3.3758534229671224
3.3750543198037
3.3742551244392294
3.3734558368497702
3.3726564570113724
3.371856984900077
3.3710574204919137
3.3702577637629045
3.3694580146890605
3.3686581732463834
3.3678582394108654
3.3670582131584883
3.366258094465225
3.3654578833070383
3.364657579659881
3.363857183499697
3.36305669480242
3.3622561135439732
3.361455439700271
3.3606546732472187
3.3598538141607097
3.35905286241663
3.3582518179908534
3.3574506808592464
3.356649450997664
3.3558481283819526
3.3550467129879475
3.3542452047914755
3.3534436037683526
3.3526419098943854
3.351840123145371
3.3510382434970962
3.3502362709253384
3.3494342054058643
3.348632046914432
3.3478297954267893
3.3470274509186733
3.3462250133658125
3.345422482743925
3.3446198590287186
3.3438171421958924
3.3430143322211343
3.3422114290801233
3.341408432748528
3.3406053432020077
3.339802160416211
3.3389988843667773
3.3381955150293354
3.3373920523795046
3.3365884963928947
3.335784847045105
3.334981104311725
3.334177268168334
3.333373338590502
3.3325693155537888
3.3317651990337436
3.3309609890059066
3.330156685445808
3.329352288328967
3.328547797630894
3.3277432133270892
3.326938535393042
3.326133763804233
3.325328898536132
3.3245239395641986
3.323718886863883
3.322913740410626
3.3221085001798563
3.3213031661469947
3.3204977382874508
3.319692216576625
3.3188866009899067
3.318080891502676
3.317275088090302
3.316469190728146
3.315663199391556
3.3148571140558727
3.314050934696425
3.313244661288533
3.3124382938075057
3.3116318322286427
3.310825276527233
3.310018626678556
3.3092118826578805
3.308405044440465
3.307598112001559
3.3067910853164015
3.3059839643602205
3.3048313928210673
3.3036793074274127
3.302527735776477
3.301376705309947
3.300226243314145
3.2990763769213833
3.297927133111934
3.296778538716383
3.2956306204182093
3.294483404756492
3.29333691812866
3.2921911867932434
3.2910462368725857
3.289902094355487
3.2887587850997693
3.2876163348347442
3.2864747691635787
3.285334113565551
3.2841943933981925
3.2830556338993198
3.2819178601889374
3.280781097271036
3.2796453700352637
3.278510703258482
3.277377121606198
3.276244649633881
3.2751133117881546
3.2739831324078708
3.272854135725061
3.271726345865766
3.2705997868507395
3.269474482596032
3.2683504569134434
3.267227733510854
3.266106335992422
3.264986287858654
3.263867612506342
3.262750333228364
3.2616344732133533
3.2605200555452245
3.2594071032025598
3.2582956390578537
3.257185685876611
3.2560772663162942
3.254970402925126
3.2538651181407308
3.2527614342886286
3.2516593735805635
3.250558958112677
3.2494602098635164
3.2483631506918766
3.2472678023344805
3.2461741864034845
3.2450823243838194
3.243992237630359
3.2429039473649164
3.2418174746730717
3.2407328405008258
3.239650065651088
3.2385691707799933
3.2374901763930573
3.236413102841168
3.2353379703164222
3.2342647988478137
3.2331936082967747
3.2321244183525875
3.231057248527669
3.2299921181527473
3.228929046371938
3.2278680521377385
3.226809154205962
3.225752371130622
3.2246977212587984
3.223645222725501
3.2225948934485635
3.2215467511235873
3.220500813218968
3.219457096971033
3.2184156193793196
3.2173763972020186
3.216339446951621
3.215304784890784
3.2142724270284457
3.21324238911621
3.2122146866450128
3.2111893348420835
3.2101663486682095
3.2091457428152954
3.2081275317042133
3.2071117294829294
3.206098350024882
3.205087406927583
3.204078913511412
3.20307288281856
3.202069327612079
3.2010682603750156
3.2000696933095476
3.1990736383361074
3.1980801070924394
3.197089110932562
3.1961006609255924
3.195114767854416
3.194131442214167
3.1931506942105186
3.1921725337577573
3.191196970476654
3.190224013692117
3.189253672430649
3.1882859554176055
3.1873208710742826
3.1863584275148398
3.1853986325430874
3.1844414936491563
3.1834870180060744
3.1825352124662736
3.1815860835580545
3.1806396374820283
3.179695880107564
3.1787548169692608
3.1778164532634725
3.1768807938449073
3.1759478432232924
3.175017605560176
3.174090084665841
3.1731652839963593
3.1722432066508026
3.171323855368617
3.1704072325271757
3.169493340139517
3.168582179852275
3.167673752943809
3.1667680603225383
3.165865102525485
3.1649648797170244
3.164067391687845
3.163172637854122
3.1622806172568954
3.1613913285616593
3.1605047700581514
3.1596209396603445
3.1587398349066316
3.1578614529602045
3.1569857906096166
3.1561128442695248
3.155242609981607
3.154375083415644
3.15351025987079
3.1526481342769275
3.1517887011962404
3.150931954824906
3.1500778889949257
3.149226497176087
3.148377772478053
3.147531707652571
3.146688295095782
3.145847526850702
3.145009394609752
3.1441738897174183
3.143341003173016
3.1425107256335525
3.1416830474166972
3.1408579585038474
3.1400354485432973
3.1392155068535055
3.1383981224264628
3.137583283931164
3.1367709797171806
3.135961197818336
3.1351539259564913
3.134349151545436
3.133546861694888
3.1327470432146067
3.1319496826186213
3.131154766129571
3.1303622796831645
3.1295722089327573
3.128784539254047
3.1279992557498897
3.127216343255231
3.126435786342161
3.1256575693250794
3.1248816762659795
3.12410809097984
3.1233367970401265
3.122567777784391
3.121801016319975
3.121036495529796
3.1202741980782216
3.1195141064170193
3.1187562027913707
3.1180004692459447
3.11724688763102
3.1164954396086424
3.1157461066588112
3.114998870085681
3.114253711023768
3.113510610444148
3.1127695491606393
3.112030507835955
3.1112934599260735
3.110558407976622
3.109825350570964
3.1090942879811183
3.1083652202945897
3.107638147425983
3.106913069128159
3.1061899850028993
3.10546889451107
3.1047497969822624
3.1040326916239187
3.103317577529945
3.1026044536888167
3.1018933189911997
3.1011841722370916
3.100477019384017
3.0997718517881023
3.0990686680157977
3.0983674665671126
3.0976682458806835
3.096971004338491
3.096275740270245
3.0955824519574575
3.09489113763722
3.0942017955057093
3.0935144237214343
3.092829020408238
3.0921455836580902
3.0914641115336576
3.0907846020706793
3.090107053280165
3.0894314631504223
3.088757829648927
3.088086150724047
3.087416424306629
3.08674864831146
3.0860828206386124
3.0854189391746765
3.0847570017938954
3.0840970063592046
3.083438950723182
3.082782832728921
3.0821286502108243
3.081476400995332
3.0808260829015817
3.080177693742009
3.0795312313228957
3.078886693444861
3.0782440779033085
3.077603382488829
3.0769646049875607
3.076327743181512
3.075692794848848
3.075059757764147
3.0744286296986236
3.073799408420327
3.073172091694311
3.0725466772827805
3.071923162945219
3.0713015464384905
3.070681825516928
3.0700639979324014
3.0694480614343695
3.0688340137699206
3.0682218840273667
3.0676116384125787
3.067003274665978
3.066396790525647
3.065792183727307
3.065189452004297
3.0645885930875334
3.0639896047054727
3.063392484584062
3.062797230446686
3.0622038400141065
3.0616123110044016
3.0610226411328965
3.060434828112094
3.0598488696515984
3.0592647634580405
3.0586825072349964
3.058102098682907
3.057523535498995
3.05694681537718
3.056371936007992
3.0557988950784867
3.055227690272156
3.0546583192688406
3.054090779744644
3.0535250693718416
3.052961185818795
3.0523991267498625
3.0518388898253126
3.051280472701238
3.0507238730294675
3.0501690884574826
3.0496161166283318
3.049064955180547
3.0485156017480626
3.0479680539601306
3.0474223094412443
3.046878365811056
3.0463362206843017
3.0457958716707227
3.045257316374991
3.044720552396636
3.0441855773299715
3.043652388764026
3.043120984282471
3.0425913614635554
3.042063517880037
3.041537451099119
3.041013158682386
3.0404906381857413
3.0399698871593475
3.039450903147567
3.0389336836889047
3.038418226315952
3.037904528555331
3.0373925879276453
3.0368824019474236
3.0363739681230735
3.035867251526585
3.0353622823079274
3.034859057956461
3.0343575759551085
3.0338578337805044
3.0333598289028694
3.0328635587859876
3.0323690208872356
3.0318762126574472
3.031385131540921
3.030895774975374
3.0304081466336603
3.0299222625335367
3.029438095037845
3.0289556415581025
3.0284748994990927
3.027995866258838
3.0275185392285757
3.027042915792729
3.0265689933288873
3.0260967692077814
3.025626240793263
3.0251574054422843
3.024690260504878
3.024224803324141
3.023761031236214
3.0232989415702693
3.0228385316484947
3.022379798786078
3.021922740291196
3.021467353465002
3.0210136356016153
3.0205615839881106
3.0201111959045095
3.0196624686237734
3.0192153994117956
3.018769985527395
3.018326224222312
3.0178841127412035
3.0174436483216405
3.017004828194105
3.016567649581988
3.0161321097015907
3.0156982057621233
3.0152659349657065
3.0148352945073733
3.0144062815750723
3.013978893349671
3.0135531270049607
3.013128979707662
3.01270644861743
3.012285530886862
3.011866223661505
3.011448524079865
3.0110324292734156
3.010617909838196
3.010205016053244
3.0097937183968826
3.0093840139725763
3.0089758998768374
3.0085693523821946
3.008164389549365
3.007761029107256
3.007359247308971
3.006959041216414
3.006560407884591
3.0061633443616342
3.0057678476888237
3.005373914900609
3.0049815430246363
3.0045907290817664
3.004201470086102
3.003813763045012
3.0034276049591555
3.003042992822506
3.002659923622383
3.002278394339473
3.002088407314072
3.001899214840712
3.0017108218078477
3.001523233228238
3.001336454149047
3.001150489562703
3.000965344321252
3.000781023056044
3.0005975301041263
3.000414869442501
3.0002330446314933
3.0000520587686736
2.999871914454922
2.9996926137741595
2.999514158287778
2.999336549043899
2.9991597866003503
2.9989838710589543
2.9988088021077104
2.998634579067012
2.998461200936241
2.9982886664378205
2.998116974056818
2.997946122075174
2.9977761086004544
2.997606931589525
2.997438588867856
2.9972710781452205
2.9971043970285214
2.9969385430323943
2.9967735135880984
2.996609306051104
2.9964459177076814
2.996283345780718
2.9961215874349203
2.9959606397815253
2.9958004998825944
2.9956411647549555
2.995482631373831
2.9953248966761876
2.995167957563829
2.9950118109062522
2.9948564535432878
2.994701882287534
2.994548093926603
2.9943950852251895
2.9942428529269787
2.994091393756399
2.9939407044202375
2.993790781609123
2.9936416219988926
2.993493222251849
2.993345579017914
2.993198688935698
2.9930525486334747
2.9929071547300916
2.9927625038358032
2.992618592553043
2.9924754174771397
2.9923329751969816
2.9921912622956315
2.9920502753509024
2.991910010935893
2.9917704656194877
2.991631635966829
2.991493518539757
2.9913561098972283
2.9912194065957083
2.991083405189546
2.9909481022313282
2.99081349427222
2.9906795778622888
2.990546349550814
2.9904138058865906
2.9902819434182146
2.9901507586943668
2.990020248264083
2.9898904086770206
2.9897612364837163
2.98963272823584
2.989504880486444
2.9893776897902056
2.989251152703669
2.9891252657854834
2.9890000255966345
2.98887542870068
2.9887514716639787
2.9886281510559174
2.98850546344914
2.9883834054197713
2.9882619735476434
2.9881411644165183
2.988020974614311
2.9879014007333127
2.987782439370411
2.987664087127313
2.987546340610766
2.987429196432778
2.9873126512108397
2.9871967015681418
2.9870813441337987
2.9869665755430668
2.9868523924375636
2.9867387914654895
2.9866257692818445
2.9865133225486495
2.986401447935164
2.9862901421181043
2.986179401781863
2.9860692236187236
2.985959604329082
2.9858505406216596
2.9857420292137204
2.9856340668312864
2.9855266502093527
2.9854197760920997
2.985313441233108
2.985207642395568
2.985102376352492
2.984997639886925
2.9848934297921503
2.9847897428718984
2.984686575940553
2.984583925823354
2.984481789356602
2.9843801633878573
2.98427904477614
2.9841784303921277
2.984078317118351
2.9839787018493857
2.9838795814920465
2.983780952965573
2.983682813201819
2.983585159145437
2.9834879883478216
2.9833912977307944
2.9832950842034887
2.983199344672288
2.9831040760446603
2.983009275230908
2.982914939145267
2.9828210647068407
2.9827276488405055
2.982634688477819
2.9825421805579184
2.9824501220283914
2.9823585098461174
2.9822673409780625
2.9821766124020304
2.9820863211073685
2.981996464095628
2.9819070383811805
2.9818180409917945
2.98172946896917
2.9816413193694378
2.981553589263623
2.981466275738075
2.981379375894865
2.981292886852153
2.9812068057445282
2.9811211297233187
2.9810358559568755
2.980950981630832
2.9808665039483353
2.9807824201302537
2.980698727415362
2.980615423060497
2.980532504340694
2.980449968549291
2.980367812998016
2.980286035017036
2.9802046319549875
2.9801236011789682
2.9800429400745005
2.979962646045455
2.979882716514339
2.979803148920913
2.979723940723202
2.979645089396806
2.9795665924345496
2.9794884473460446
2.979410651657148
2.9793332029092947
2.9792560986586696
2.979179336475185
2.979102913941207
2.9790268286499626
2.9789510782035284
2.9788756602102686
2.9788005722815365
2.978725812027368
2.9786513770507796
2.9785772649401
2.9785034732584497
2.9784299995290215
2.9783568412139982
2.978283995683554
2.9782114601689345
2.9781392316890543
2.978070516643757
2.9780037936080452
2.9779384737280066
2.9778741058188856
2.977810348134831
2.977746943145991
2.977683696515333
2.977620460474425
2.9775571211660705
2.9774935892671093
2.9774297931810922
2.9773656741738725
2.977301182941727
2.9772362772154857
2.9771709201014516
2.9771050789377798
2.9770387245051713
2.97697183047634
2.976904373022833
2.9768363305230623
2.976767683333859
2.9766984136011247
2.97662850509444
2.9765579430568003
2.9764867140647624
2.9764148058968076
2.9763422074091905
2.976268908419253
2.9761948995964653
2.9761201723614734
2.9760447187933163
2.9759685315447966
2.9758916037658634
2.975813929034686
2.975735501295995
2.975656314806205
2.975576364084776
2.9754956438712687
2.975414149087539
2.975331874804543
2.97524881621326
2.975164968599259
2.975080327320491
2.97499488778792
2.974908645448645
2.9748215957712003
2.974733734232769
2.974645056308057
2.974555557459623
2.9744652331294668
2.9743740787317257
2.9742820896443924
2.9741892612096956
2.9740955887233933
2.9740010674325097
2.9739056925317358
2.9738094591602957
2.973712362399224
2.9736143972689955
2.973515558727468
2.973415841668091
2.9733152409183456
2.9732137512383927
2.97311136731989
2.9730080837849635
2.972903895185309
2.9727987960014075
2.9726927806418346
2.972585843442656
2.972477978666895
2.9723691805040575
2.9722594430697113
2.9721487604051084
2.972037126476844
2.9719245351765458
2.971810980320589
2.9716964556498326
2.9715809548293692
2.971464471448291
2.971346999019465
2.971228530979312
2.9711090606875965
2.9709885814272123
2.9708670864039743
2.9707445687464076
2.970621021505533
2.9704964376546514
2.970370810089125
2.970244131626149
2.970116395004522
2.969987592884406
2.969857717847084
2.969726762394705
2.9695947189500234
2.969461579856132
2.969327337376182
2.969191983693098
2.969055510909283
2.9689179110463115
2.968779176044619
2.9686392977631764
2.9684982679791587
2.9683560783876017
2.9682127206010516
2.9680681861492024
2.9679224664785266
2.967775552951894
2.967627436848182
2.9674781093618763
2.9673275616026626
2.967175784595008
2.9670227692777327
2.9668685065035736
2.966712987038738
2.966556201562448
2.966398140666475
2.9662387948546667
2.966078154542464
2.9659162100564074
2.965752951633636
2.9655883694213796
2.9654224534764357
2.9652551937646368
2.9650865801603223
2.9649166024457942
2.964745250310759
2.964572513351766
2.9643983810716334
2.9642228428788693
2.964045888087081
2.9638675059143766
2.963687685482761
2.963506415817518
2.963323685846589
2.9631394843999384
2.9629538002089166
2.9627666219056086
2.962577938022177
2.962387736990196
2.9621960071399793
2.962002736699894
2.9618079137956723
2.9616115264497105
2.9614135625803626
2.9612140100012225
2.9610128564204
2.960810089439789
2.9606056965543233
2.9603996651512294
2.9601919825092673
2.9599826357979637
2.9597716120768367
2.9595588982946124
2.9593444812884333
2.959128347783058
2.958910484390051
2.958690877606966
2.9584695138165205
2.9582463792857596
2.958021460165215
2.9577947424880504
2.957566212169204
2.9573358550045175
2.9571036566698594
2.956869602720238
2.9566336785889056
2.9563958695864563
2.9561561608999116
2.955914537591799
2.955670984599222
2.9554254867329206
2.9551780286763214
2.9549285949845823
2.9546771700836247
2.954423738269158
2.9541682837056946
2.953910790425557
2.953651242327874
2.9533896231775674
2.953125916604332
2.9528601061016033
2.9525921750255173
2.95232210659386
2.952049883885009
2.951775489836862
2.9514989072457616
2.951220118765403
2.9509391069057385
2.9506558540318686
2.9503703423629233
2.950082553970936
2.949792470779703
2.9495000745636393
2.949205346946617
2.948908269400799
2.9486088232454604
2.9483069896458
2.9480027496117405
2.947696083996719
2.9474418839543537
2.9474418839543537
2.9474418839543537
2.9474418839543537
2.9474418839543537
2.9474418839543537
2.9474418839543537
2.9474418839543537
2.9474418839543537
2.9474418839543537
2.9474418839543537
2.9474418839543537
2.9474418839543537
2.9474418839543537
2.9474418839543537
2.9474418839543537
2.9474418839543537
2.9474418839543537
2.9474418839543537
2.9474418839543537
2.9474418839543537
2.9474418839543537
2.9474418839543537
2.9474418839543537
2.9474418839543537
2.9474418839543537
2.9474418839543537
2.9474418839543537
2.9474418839543537
2.9474418839543537
2.9474418839543537
2.9474418839543537
2.9474418839543537
2.9474418839543537
2.9474418839543537
2.9474418839543537
2.9474418839543537
2.9474418839543537
2.9474418839543537
2.9474418839543537
2.9474418839543537
2.9474418839543537
2.9474418839543537
2.9474418839543537
2.9474418839543537
2.9474418839543537
2.9474418839543537
2.9474418839543537
2.9474418839543537
2.9474418839543537
2.9474418839543537
2.9474418839543537
2.9474418839543537
2.9474418839543537
2.9474418839543537
2.9474418839543537
2.9474418839543537
2.9474418839543537
2.9474418839543537
2.9474418839543537
2.9474418839543537
2.9474418839543537
2.9474418839543537
2.9474418839543537
2.9474418839543537
2.9474418839543537
2.9474418839543537
2.9474418839543537
2.9474418839543537
2.9474418839543537
2.9474418839543537
2.9474418839543537
2.9474418839543537
2.9474418839543537
2.9474418839543537
2.9474418839543537
2.9474418839543537
2.9474418839543537
2.9474418839543537
2.9474418839543537
2.9474418839543537
2.9474418839543537
2.9474418839543537
2.9474418839543537
2.9474418839543537
2.9474418839543537
2.9474418839543537
2.9474418839543537
2.9474418839543537
2.9474418839543537
2.9474418839543537
2.9474418839543537
2.9474418839543537
2.9474418839543537
2.9474418839543537
2.9474418839543537
2.9474418839543537
2.9474418839543537
2.9474418839543537
2.9474418839543537
2.9474418839543537
2.9474418839543537
2.9474418839543537
2.9474418839543537
2.9474418839543537
2.9474418839543537
2.9474418839543537
2.9474418839543537
2.9474418839543537
2.9474418839543537
2.9474418839543537
2.9474418839543537
2.9474418839543537
2.9474418839543537
2.9474418839543537
2.9474418839543537
2.9474418839543537
2.9474418839543537
2.9474418839543537
2.9474418839543537
2.9474418839543537
2.9474418839543537
2.9474418839543537
2.9474418839543537
2.9474418839543537
2.9474418839543537
2.9474418839543537
2.9474418839543537
2.9474418839543537
2.9474418839543537
2.9474418839543537
2.9474418839543537
2.9474418839543537
2.9474418839543537
2.9474418839543537
2.9474418839543537
2.9474418839543537
2.9474418839543537
2.9474418839543537
2.9474418839543537
2.9474418839543537
2.9474418839543537
2.9474418839543537
2.9474418839543537
2.9474418839543537
2.9474418839543537
2.9474418839543537
2.9474418839543537
2.9474418839543537
2.9474418839543537
2.9474418839543537
2.9474418839543537
2.9474418839543537
2.9474418839543537
2.9474418839543537
2.9474418839543537
2.9474418839543537
2.9474418839543537
2.9474418839543537
2.9474418839543537
2.9474418839543537
2.9474418839543537
2.9474418839543537
2.9474418839543537
2.9474418839543537
2.9474418839543537
2.9474418839543537
2.9474418839543537
2.9474418839543537
2.9474418839543537
2.9474418839543537
2.9474418839543537
2.9474418839543537
2.9474418839543537
2.9474418839543537
2.9474418839543537
2.9474418839543537
2.9474418839543537
2.9474418839543537
2.9474418839543537
2.9474418839543537
2.9474418839543537
2.9474418839543537
2.9474418839543537
2.9474418839543537
2.9474418839543537
2.9474418839543537
2.9474418839543537
2.9474418839543537
2.9474418839543537
2.9474418839543537
2.9474418839543537
2.9474418839543537
2.9474418839543537
2.9474418839543537
2.9474418839543537
2.9474418839543537
2.9474418839543537
2.9474418839543537
2.9473019893745525
2.9473019893745525
2.9473019893745525
2.9473019893745525
2.9473019893745525
2.9473019893745525
2.9473019893745525
2.9473019893745525
2.9473019893745525
2.9473019893745525
2.9473019893745525
2.9473019893745525
2.9473019893745525
2.9473019893745525
2.9473019893745525
2.9473019893745525
2.9473019893745525
2.9473019893745525
2.9473019893745525
2.9473019893745525
2.9473019893745525
2.9473019893745525
2.9473019893745525
2.9473019893745525
2.9473019893745525
2.9473019893745525
2.9473019893745525
2.9473019893745525
2.9473019893745525
2.9473019893745525
2.9473019893745525
2.9473019893745525
2.9473019893745525
2.9473019893745525
2.9473019893745525
2.9473019893745525
2.9473019893745525
2.9473019893745525
2.9473019893745525
2.9473019893745525
2.9473019893745525
2.9473019893745525
2.9473019893745525
2.9473019893745525
2.9473019893745525
2.9473019893745525
2.9473019893745525
2.9473019893745525
2.9473019893745525
2.9473019893745525
2.9473019893745525
2.9473019893745525
2.9473019893745525
2.9473019893745525
2.9473019893745525
2.9473019893745525
2.9473019893745525
2.9473019893745525
2.9473019893745525
2.9473019893745525
2.9473019893745525
2.9473019893745525
2.9473019893745525
2.9473019893745525
2.9473019893745525
2.9473019893745525
2.9473019893745525
2.9473019893745525
2.9473019893745525
2.9473019893745525
2.9473019893745525
2.9473019893745525
2.9473019893745525
2.9473019893745525
2.9473019893745525
2.9473019893745525
2.9473019893745525
2.9473019893745525
2.9473019893745525
2.9473019893745525
2.9473019893745525
2.9473019893745525
2.9473019893745525
2.9473019893745525
2.9473019893745525
2.9473019893745525
2.9473019893745525
2.9473019893745525
2.9473019893745525
2.9473019893745525
2.9473019893745525
2.9473019893745525
2.9473019893745525
2.9473019893745525
2.9473019893745525
2.9473019893745525
2.9473019893745525
2.9473019893745525
2.9473019893745525
2.9473019893745525
2.9473019893745525
2.9473019893745525
2.9473019893745525
2.9473019893745525
2.9473019893745525
2.9473019893745525
2.9473019893745525
2.9473019893745525
2.9473019893745525
2.9473019893745525
2.9473019893745525
2.9473019893745525
2.9473019893745525
2.9473019893745525
2.9473019893745525
2.9473019893745525
2.9473019893745525
2.9473019893745525
2.9473019893745525
2.9473019893745525
2.9473019893745525
2.9473019893745525
2.9473019893745525
2.9473019893745525
2.9473019893745525
2.9473019893745525
2.9473019893745525
2.9473019893745525
2.9473019893745525
2.9473019893745525
2.9473019893745525
2.9473019893745525
2.9473019893745525
2.9473019893745525
2.9473019893745525
2.9473019893745525
2.9473019893745525
2.9473019893745525
2.9473019893745525
2.9473019893745525
2.9473019893745525
2.9473019893745525
2.9473019893745525
2.9473019893745525
2.9473019893745525
2.9473019893745525
2.9473019893745525
2.9473019893745525
2.9473019893745525
2.9473019893745525
2.9473019893745525
2.9473019893745525
2.9473019893745525
2.9473019893745525
2.9473019893745525
2.9473019893745525
2.9473019893745525
2.9473019893745525
2.9473019893745525
2.9473019893745525
2.9473019893745525
2.9473019893745525
2.9473019893745525
2.9473019893745525
2.9473019893745525
2.9473019893745525
2.9473019893745525
2.9473019893745525
2.9473019893745525
2.9473019893745525
2.9473019893745525
2.9473019893745525
2.9473019893745525
2.9473019893745525
2.9473019893745525
2.9473019893745525
2.9473019893745525
2.9473019893745525
2.9473019893745525
2.9473019893745525
2.9473019893745525
2.9473019893745525
2.9473019893745525
2.9473019893745525
2.9473019893745525
2.9473019893745525
2.9473019893745525
2.9473019893745525
2.9473019893745525
2.9473019893745525
2.9473019893745525
2.9473019893745525
2.9473019893745525
2.9473019893745525
2.9473019893745525
2.9473019893745525
2.9473019893745525
2.9473019893745525
2.9473019893745525
2.8776059826407367
-77.97606347950764
-77.97606347950764
-77.97606347950764
-77.97606347950764
-77.97606347950764
-77.97606347950764
-77.97606347950764
-77.97606347950764
-77.97606347950764
-77.97606347950764
-77.97606347950764
-77.97606347950764
-77.97606347950764
-77.97606347950764
-77.97606347950764
-77.97606347950764
-77.97606347950764
-77.97606347950764
-77.97606347950764
-77.97606347950764
-77.97606347950764
-77.97606347950764
-77.97606347950764
-77.97606347950764
-77.97606347950764
-77.97606347950764
-77.97606347950764
-77.97606347950764
-77.97606347950764
-77.97606347950764
-77.97606347950764
-77.97606347950764
-77.97606347950764
-77.97606347950764
-77.97606347950764
-77.97606347950764
-77.97606347950764
-77.97606347950764
-77.97606347950764
-77.97606347950764
-77.97606347950764
-77.97606347950764
-77.97606347950764
-77.97606347950764
-77.97606347950764
-77.97606347950764
-77.97606347950764
-77.97606347950764
-77.97606347950764
-77.97606347950764
-77.97606347950764
-77.97606347950764
-77.97606347950764
-77.97606347950764
-77.97606347950764
-77.97606347950764
-77.97606347950764
-77.97606347950764
-77.97606347950764
-77.97606347950764
-77.97606347950764
-77.97606347950764
-77.97606347950764
-77.97606347950764
-77.97606347950764
-77.97606347950764
-77.97606347950764
-77.97606347950764
-77.97606347950764
-77.97606347950764
-77.97606347950764
-77.97606347950764
-77.97606347950764
-77.97606347950764
-77.97606347950764
-77.97606347950764
-77.97606347950764
-77.97606347950764
-77.97606347950764
-77.97606347950764
-77.97606347950764
-77.97606347950764
-77.97606347950764
-77.97606347950764
-77.97606347950764
-77.97606347950764
-77.97606347950764
-77.97606347950764
-77.97606347950764
-77.97606347950764
-77.97606347950764
-77.97606347950764
-77.97606347950764
-77.97606347950764
-77.97606347950764
-77.97606347950764
-77.97606347950764
-77.97606347950764
-77.97606347950764
-77.97606347950764
-77.97606347950764
-77.97606347950764
-77.97606347950764
-77.97606347950764
-77.97606347950764
-77.97606347950764
-77.97606347950764
-77.97606347950764
-77.97606347950764
-77.97606347950764
-77.97606347950764
-77.97606347950764
-77.97606347950764
-77.97606347950764
-77.97606347950764
-77.97606347950764
-77.97606347950764
-77.97606347950764
-77.97606347950764
-77.97606347950764
-77.97606347950764
-77.97606347950764
-77.97606347950764
-77.97606347950764
-77.97606347950764
-77.97606347950764
-77.97606347950764
-77.97606347950764
-77.97606347950764
-77.97606347950764
-77.97606347950764
-77.97606347950764
-77.97606347950764
-77.97606347950764
-77.97606347950764
-77.97606347950764
-77.97606347950764
-77.97606347950764
-77.97606347950764
-77.97606347950764
-77.97606347950764
-77.97606347950764
-77.97606347950764
-77.97606347950764
-77.97606347950764
-77.97606347950764
-77.97606347950764
-77.97606347950764
-77.97606347950764
-77.97606347950764
-77.97606347950764
-77.97606347950764
-77.97606347950764
-77.97606347950764
-77.97606347950764
-77.97606347950764
-77.97606347950764
-77.97606347950764
-77.97606347950764
-77.97606347950764
-77.97606347950764
-77.97606347950764
-77.97606347950764
-77.97606347950764
-77.97606347950764
-77.97606347950764
-77.97606347950764
-77.97606347950764
-77.97606347950764
-77.97606347950764
-77.97606347950764
-77.97606347950764
-77.97606347950764
-77.97606347950764
-77.97606347950764
-77.97606347950764
-77.97606347950764
-77.97606347950764
-77.97606347950764
-77.97606347950764
-77.97606347950764
-77.97606347950764
-77.97606347950764
-77.97606347950764
-77.97606347950764
-77.97606347950764
-77.97606347950764
-77.97606347950764
-77.97606347950764
-77.97606347950764
-77.97606347950764
-77.97606347950764
-77.97606347950764
-77.97606347950764
-77.97606347950764
-77.97606347950764
-77.97606347950764
