0.9997265479
1.0271356437340475
1.0541908498148338
1.080892606262648
1.10723898705728
1.1332266952919132
1.158851781146572
1.1841100155036064
1.2089970882049523
1.2335087177776463
1.2576407165061054
1.281389032885255
1.304749782459399
1.327719272517787
1.3502940233588558
1.3724707874702247
1.3942465673039064
1.415618632006057
1.4365845333133862
1.457142120767628
1.4772895563827992
1.497025328907042
1.516348267842375
1.5352575574178426
1.55375275075382
1.5718337845081527
1.5895009943608347
1.6067551317757036
1.6235973825791188
1.6400293880214765
1.6560532691429792
1.67167165545613
1.6868877191890215
1.701705216608064
1.7161285382516636
1.7301627702374134
1.743813769301995
1.7570882533381122
1.769993911217924
1.7825395320973432
1.7947351532438305
1.8065922191635782
1.8181237334684286
1.8293443643230314
1.840270429863264
1.8509196387578133
1.8613103997781126
1.8714604761305653
1.8813848266921431
1.891092766977569
1.900585138889553
1.9098527291895944
1.918877100190502
1.9276339307016503
1.9360975787056678
1.9442450826499207
1.9520585051741592
1.9595255913338772
1.9666393101160906
1.973396907862601
1.9797988941314517
1.985848160618272
1.9915492911798478
1.9969080520819549
2.0019310277890705
2.0066253653842283
2.0109985965529336
2.015058513499604
2.0188130817801055
2.022270814410463
2.0254393999536497
2.0283270141969463
2.0309414033726294
2.033291192093321
2.0353845145656204
2.037229460136307
2.0388340604931807
2.0402062784433816
2.041353997880186
2.04228501469081
2.043007028444404
2.0435276347544127
2.04385431824431
2.0439944460678667
2.043955261949026
2.043743880715218
2.0433672833033243
2.0428323122207392
2.0421456674458924
2.041313902753596
2.0403434224511003
2.039240478510926
2.0380111680865034
2.0366614313966167
2.0351970499644425
2.033623645196924
2.031946677290039
2.0301714444455063
2.028303082384404
2.0263465641432274
2.0243067001379473
2.0221881384817557
2.019995365542361
2.017732706724858
2.015404327466454
2.0130142344296216
2.010566276880516
2.008064148239877
2.0055113877939315
2.0029113825532767
2.000267369248036
1.9975824364480617
1.9948595267973452
1.9921014393522656
1.989310832013714
1.9864902240436209
1.983641998656825
1.9807684056797095
1.97787156426746
1.974953465672246
1.9720159760550764
1.969060839334508
1.9660896800658167
1.9631040063446568
1.9601052127296261
1.9570945831785769
1.9540732939938732
1.9510424167721738
1.9480029213546766
1.9449556787740938
1.9419014641949808
1.9388409598443155
1.9357747579295654
1.9327033635417306
1.92962719754114
1.926546599424013
1.9234618301680597
1.9203730750555916
1.91728044647285
1.9141839866844077
1.9110836705817322
1.9079794084051274
1.9048710484384224
1.901758379675933
1.8986411344613103
1.8955189910980375
1.8923915764314114
1.8892584684019156
1.8861191985700037
1.8829732546123341
1.87982008278956
1.8766590903858364
1.8734896481201875
1.8703110925299464
1.8671227283264535
1.8639238307232342
1.8607136477367998
1.8574914024603033
1.8542562953101578
1.851007506245761
1.8477441969623718
1.844465513057241
1.8411705861689072
1.8378585360896655
1.8345284728510391
1.831179498782078
1.8278107105402546
1.824421201114603
1.8210100618007636
1.8175763841474
1.8141192618735182
1.8106377927560509
1.8071310804869942
1.8035982364993977
1.8000383817613048
1.7964506485368077
1.792834182113157
1.7891881424929978
1.7855117060504726
1.7818040671501703
1.7780644397275998
1.774292058829907
1.7704861821155822
1.7666460913116782
1.7627710936272123
1.7588605231212613
1.754913742024332
1.7509301420114356
1.746909145425463
1.7428502064493137
1.738752812223454
1.7346164839187554
1.7304407777336388
1.7262252858553628
1.721969637351384
1.7176734990032774
1.7133365760794792
1.708958613045618
1.7045393942112144
1.7000787443116925
