120.89888496160819
119.95663590052993
119.02835413112388
118.14262239897863
117.30332906988394
116.50960254219297
115.75967770570014
115.05166705768471
114.38371734410828
113.75404268174424
113.16093190336807
112.60274982699809
112.07793660160098
111.58500614503015
111.12254402694941
110.68920498535078
110.28371020655027
109.90484446588147
109.55145320300483
109.22243958778887
108.91676161856856
108.6334292834415
108.37150180653981
108.13008499436916
107.90832869204155
107.70542435514125
107.52060273986018
107.35313171168485
107.20231417119442
107.06748609422817
106.94801468280241
106.84329662252588
106.75275644186485
106.67584496839498
106.61203787707063
106.56083432554556
106.52175567165193
106.49434426827537
106.47816233101213
106.47279087419815
106.47782871108546
106.4928915141677
106.51761093186059
106.55163375795695
106.59462115049831
106.64624789688025
106.70620172224864
106.77418263838098
106.84990233047267
106.93308357937917
107.02345971705682
107.12077411307206
107.224779668819
107.33523838611498
107.45192098623437
107.57460641023758
107.7030814697383
107.83714048331265
107.9765849320546
108.12122313354175
108.27086993314418
108.42534641164079
108.58447960815533
108.7481022574886
108.91605254098795
109.08817385015186
109.26431456221374
109.44432782700545
109.62807136444235
109.8154072720153
110.006201841717
110.20032538586102
110.39765207129017
110.59805976150582
110.80142986626876
111.00764719826188
111.21659983642607
111.42817899559782
111.64227890211083
111.8587966750408
112.07763221278125
112.29868808468058
112.52186942745988
112.74708384616423
112.97424131941239
113.20325410872076
113.43403667168832
113.6665055788481
113.90057943399648
114.13617879782657
114.37322611469298
114.61164564235881
114.85136338457349
115.09230702633582
115.3344058717197
115.57759078413201
115.82179412887831
116.066949717937
116.31299275682292
116.55985979345081
116.80748866888979
117.05581846993437
117.3047894833903
117.55434315200665
117.80442203196665
118.05496975187154
118.30593097314153
118.55725402973115
118.80887750183251
119.06075968063504
119.31284091183352
119.5650731497991
119.81740649286056
120.06979182948541
120.32218080792026
120.57452580672214
120.82677990617071
121.07889686051595
121.33083107102408
121.58253755978319
121.83397194423026
122.08509041236965
122.33584969864211
122.58620706041978
122.83612025509086
123.08554751770438
123.33444753915279
123.58277944485388
123.83050277391672
124.07757745875696
124.32396380514305
124.56962247264363
124.81451445546003
125.05860106361135
125.3018439044622
125.54420486456027
125.78564609177161
126.02612997768924
126.26561914029409
126.5040764068554
126.74146479704456
126.97774750624549
127.21288788904891
127.44684944290358
127.67959579191702
127.91109067077852
128.14129790879363
128.37018141401032
128.59770515742423
128.82383315723706
129.0485294631619
129.2717581407503
129.49348325572882
129.71366885833055
129.93227896759223
130.14927755561874
130.3646285317805
130.5782957268357
130.7902428769567
131.00043360764397
131.20883141750326
131.41539966187796
131.6201015363046
131.82290005978146
132.02375805782336
132.2226381452853
132.41950270892943
132.61431388971798
132.80703356479873
132.99762332917066
133.18604447699275
133.3722579825179
133.5562244806157
133.7379042468606
133.91725717715343
134.09424276683743
134.26882008928345
134.44094777390063
134.610583983537
134.7776863912274
134.9422121562475
135.1041178994238
135.26335967765678
135.41989295759458
135.5736725884146
135.72465277363986
135.87278704193628
136.01802821681636
136.16032838518166
136.29963886461735
136.43591016936338
136.56909197486618
136.6991330808163
136.82598137256213
136.9495837807955
137.06988623937815
137.1868336411842
137.30036979181236
137.4104373610183
