0.03270132498723521
0.032916484230184194
0.03294514976010639
0.032941449659258035
0.03293146639976871
0.03292038861417094
0.03290925576215067
0.03289827239534486
0.03288747498907722
0.03287686631723702
0.03286644255115532
0.032856198727820536
0.03284612985166965
0.032836231112800304
0.03282649792514625
0.032816925927203575
0.032807510974515
0.03279824913011823
0.03278913665443835
0.03278016999508967
0.032771345776800916
0.03276266079159191
0.03275411198928548
0.032745696468408525
0.03273741146751546
0.03272925435695044
0.032721222631053905
0.032713313900809594
0.03270552588692268
0.03269785641331502
0.032690303401020415
0.03268286486246195
0.032675538896090955
0.03266832368136837
0.03266121747406804
0.032654218601882695
0.03264732546031341
0.03264053650882457
0.03263385026724669
0.032627265312410746
0.03262078027499856
0.03261439383659436
0.03260810472692396
0.0326019117212687
0.03259581363804214
0.03258980933651833
0.03258389771470129
0.032578077707325945
0.032572348283981735
0.0325667084473502
0.03256115723154924
0.032555693700576364
0.03255031694684467
0.03254502608827578
0.03253982027567166
0.03253469867261533
0.03252966047383366
0.03252470489500118
0.032519831172800946
0.032515038564156044
0.03251032634535729
0.032505693811209435
0.03250114027421772
0.03249666506381759
0.03249226752564555
0.03248794702084898
0.03248370292543263
0.03247953462963948
0.03247544153736392
0.032471423065595445
0.032467478643890844
0.03246360771387341
0.03245980972875754
0.032456084152897205
0.03245243046135702
0.03244884813950455
0.032445336682622714
0.03244189559554113
0.03243852439228546
0.03243522259574354
0.03243198973734767
0.03242882535677203
0.03242572900164431
0.03242270022727119
0.032419738596376445
0.03241684367885137
0.03241401505151688
0.032411252297896403
0.03240855500799943
0.03240592277811478
0.03240335521061347
0.032400851913760485
0.032398412501534975
0.03239603659345875
0.032393723814432444
0.03239147379457896
0.03238928616909406
0.03238716057810364
0.03238509666652736
0.03238309408394839
0.03238115248448902
0.03237927152669182
0.032377450873406245
0.03237569019168011
0.03237398915265624
0.03237234743147358
0.032370764707172935
0.03236924066260697
0.03236777499220644
0.032366367365715604
0.032365017488638195
0.03236372506495843
0.0323624897895082
0.032361311366414104
0.03236018950302412
0.03235912390991032
0.032358114300813985
0.0323571603925911
0.032356261905160257
0.03235541856145313
0.03235463008736768
0.03235389621172386
0.03235321666622184
0.032352591185402645
0.032352019506611124
0.032351501369961164
0.03235103651830319
0.03235062469719379
0.032350265654867316
0.03234995914220974
0.032349704912734305
0.03234950272255925
0.032349352330387306
0.03234925349748726
0.032349205987676974
0.03234920956730864
0.032349264005255327
0.032349369072899606
0.03234952454412361
0.03234973019530087
0.032349985805289735
0.03235029115542839
0.03235064602953143
0.032351050213888115
0.03235150349726196
0.03235200567089201
0.032352556528495544
0.03235315586627228
0.032353803482910067
0.03235449917959205
0.032355242760005225
0.032356034030350506
0.032356872799354196
0.032357758878280886
0.03235869208094781
0.032359672223740574
0.03236069912563024
0.032361772608191994
0.03236289249562509
0.03236405861477418
0.03236527079515214
0.032366528868964295
0.032367832671133946
0.03236918203932945
0.032370576813992614
0.03237201683836857
0.032373501958537054
0.03237503202344507
0.03237660688494104
0.032378226397810426
0.0323798904198127
0.03238159881171992
0.03238335143735652
0.03238514816364094
0.03238698886062835
0.03238887340155522
0.032390801662885056
0.03239277352435598
0.03239478886902961
0.03239684758334153
0.03239894955715341
0.03240109468380649
0.0324032828601769
0.032405513986732346
0.03240778796759056
0.03241010471057913
0.032412464127297376
0.03241486613317944
0.03241731064755931
0.03241979759373739
0.03242232689904889
0.03242489849493378
0.03242751231700856
0.032430168305139784
0.032432866403519306
0.03243560656074131
0.03243838872988111
0.03244121286857588
0.03244407893910711
