14.341737322637506
14.304331312026802
14.26690933358176
14.22958296453881
14.19244529114425
14.155574468927878
14.119035757475995
14.082883426708067
14.047162364047653
14.011909428817804
13.977154598203827
13.942921940615822
13.909230445384015
13.876094732293305
13.843525660168364
13.811530850297183
13.780115448886765
13.749281573975026
13.719029605577978
13.68935815824829
13.660264335718372
13.631743952450424
13.603791726679965
13.576401448795366
13.549566128328014
13.523278122351321
13.497529247686996
13.472310886058247
13.447614046545903
13.423429467480064
13.399747669435866
13.376559013853806
13.353853752851501
13.3316220725247
13.309854130562423
13.288540088850642
13.267670141654797
13.247234539899937
13.227223612005671
13.207627781679127
13.188437583022207
13.16964367326828
13.151236843427371
13.133208027087283
13.115548307590114
13.098248923779094
13.081301274488911
13.064696921933292
13.048427594126805
13.032485186462337
13.016861762552558
13.001549554431419
12.986540962201168
12.971828553200767
12.957405060763147
12.943263382621044
12.92939657901442
12.91579787054642
12.902460635829309
12.88937840895706
12.876544876836888
12.863953876408148
12.85159939177362
12.839475551264949
12.827576624461486
12.815897583192774
12.804432391351284
12.793175724226478
12.782122385769075
12.77126730620623
12.760605539051307
12.750132258139033
12.739842754699948
12.729732434478768
12.71979681490022
12.710031522285183
12.700432289119433
12.69099495137672
12.681715445897394
12.67258980782359
12.663614168091355
12.654784750980077
12.646097871719109
12.63754993415137
12.629137428453527
12.620856928912117
12.612705091754886
12.604678653036613
12.59677442657834
12.58898930195918
12.581320242559515
12.573764283654643
12.566318530557593
12.558980156810092
12.551746402420463
12.54461457214729
12.537582033827762
12.530646216749414
12.52380461006422
12.517054761243902
12.510394274575233
12.503820809694375
12.49733208015909
12.4909258520578
12.484599942654404
12.478352219067979
12.472180596986243
12.466083039411878
12.460057555440823
12.454102199071546
12.44821506804453
12.442394302710952
12.436638084929907
12.430944636993255
12.425312220577336
12.419739135720803
12.414223719827822
12.408764346695957
12.403359425568013
12.39800740020716
12.392706747994746
12.387455979050074
12.382253635371645
12.37713716006985
12.371992913504027
12.36696329539999
12.36190626272779
12.356929954496913
12.351989350626708
12.34708761742056
12.342254475401493
12.33742975481562
12.332639462987194
12.327883346287674
12.323122459089884
12.318428436660462
12.313766507431497
12.30913449880529
12.304531322701264
12.299955945368847
12.29540735416199
12.290884555861568
12.286386576023855
12.28191245838921
12.277461264316807
12.273032072241412
12.268623977149591
12.264236090073396
12.2598675375999
12.255517461395247
12.251185017742067
12.246869377089466
12.242569723614675
12.238285254795796
12.234015180995053
12.229758725052012
12.225515121886406
12.221283618110098
12.217063471647867
12.21285395136672
12.208654336713343
12.204463917359542
12.20028199285532
12.196107872289419
12.191940873957016
12.18778032503449
12.183625561260945
12.179475926626342
12.17533077306608
12.1711894601618
12.167051354848285
12.162915831126302
12.158782269781172
12.154650058106999
12.15051858963634
12.146387263875251
12.142255486043508
12.138122666819905
12.133984809590695
12.12984518146038
12.125703434949745
12.1215588015687
12.117410655257293
12.113261967824563
12.109107484125941
12.104947209445422
12.100780506919202
12.096606882608118
12.092425835784905
12.088236859991895
12.084039444554788
12.079833075738966
12.075617232422836
12.07139140366939
12.067155070431246
12.06290771336031
12.058648812708904
12.054377853589623
12.050094309476707
