122.5323965040694
122.39207552342958
122.22844718889043
122.04856069131047
121.85585164311362
121.6518460721631
121.43703500729363
121.211330585312
120.97430151656293
120.7252919512788
120.46347834741432
120.18789289517419
119.89742833515517
119.59083176657155
119.26669119740423
118.92341651711482
118.55921541982146
118.17206411917687
117.75967223365328
117.31944084983152
116.84841241459695
116.3432107150857
115.79996873961706
115.21424163844644
114.58090128226794
113.89400800563047
113.14665397112411
112.3307711398205
111.43689502278991
110.45387316281825
109.36850463399274
108.16509381651152
106.82489857169463
105.32545039502837
103.63972369891958
101.73513626576076
99.57237946604805
97.10411724414097
94.27367967122909
91.01404965808251
87.2477642847097
82.8889129099471
77.84928572109376
72.05181580271274
65.45511318812551
58.09122739439339
50.11144886397832
41.8199652270037
33.66041836937302
26.12939826972798
19.639661578557213
14.40811623010707
10.433083612144822
7.555566467873718
5.548609895957964
4.1865474481757845
3.2801528963781594
2.685589062224288
2.2999443700600906
2.052348709454618
1.8951690650353061
1.796882048550678
1.7368295993615988
1.7015577414584107
1.682338267204158
1.6735223462628164
1.6714594025972083
1.6737922752731653
1.6789997403644301
1.6860904820259344
1.694453236899114
1.703678135805788
1.7134802328901526
1.7237020773386478
1.7342354045055919
1.745009662747726
1.7559830926959923
1.7671265409096004
1.7784225957188082
1.7898607627501804
1.8014350312404324
1.8131423047663788
1.8249813886220023
1.8369523359741362
1.8490560254564807
1.8612938881739356
1.8736677312280507
1.8861796236444677
1.8988318226642764
1.9116267261721542
1.9245668420485222
1.937654768502982
1.950893181528626
1.9642848270039373
1.9778325157835523
1.9915391207808255
2.0054075753331504
2.019440872420041
2.0336420644465028
2.0480142634073357
2.062560641312861
2.0772844307972855
2.0921889258602526
2.107277482708697
2.1225535206788404
2.1380205232232194
2.1536820389566036
2.1695416827540495
2.185603136897908
2.20187015227306
2.2183465496080417
2.2350362207636216
2.2519431300663983
2.269071315690817
2.286424891086979
2.3040080464577324
2.32182505028363
2.339880250898018
2.3581780781122617
2.3767230448924566
2.395519749088468
2.4145728752160203
2.4338871962937616
2.4534675757352735
2.473318969297858
2.493446427088522
2.513855095630164
2.5345502199858387
2.555537145946986
2.5768213222819085
2.5984083030500598
2.620303749980925
2.642513434920989
2.6650432423476236
2.6878991719544265
2.711087341308665
2.7346139885809566
2.7584854753515504
2.782708289493515
2.8072890481354245
2.832234500705448
2.857551532059192
2.883247165693294
2.909328567047558
2.935803046897873
2.9626780648420947
2.989961232883553
3.0176603191114197
3.0457832514852883
3.0743381217230197
3.1033331892985965
3.132776885551439
3.1626778179095036
3.1930447742334653
3.223886727284452
3.255212839315909
3.2870324668009494
3.3193551652919324
3.3521906944229967
3.3855490230575054
3.419440334586154
3.45387503238047
3.488863745409824
3.5244173340235454
3.560546895908703
3.597263772227356
3.634579553940941
3.6725060883276543
3.711055485703471
3.75024012634887
3.7900726676561147
3.8305660515004756
3.871733511845755
3.9135885825941084
3.956145105688933
122.5323965040694
122.39207552342958
122.22844718889043
122.04856069131047
121.85585164311362
121.6518460721631
121.43703500729363
121.211330585312
120.97430151656293
120.7252919512788
120.46347834741432
120.18789289517419
119.89742833515517
119.59083176657155
119.26669119740423
118.92341651711482
118.55921541982146
118.17206411917687
117.75967223365328
117.31944084983152
116.84841241459695
116.3432107150857
115.79996873961706
115.21424163844644
114.58090128226794
113.89400800563047
113.14665397112411
112.3307711398205
111.43689502278991
110.45387316281825
109.36850463399274
108.16509381651152
106.82489857169463
105.32545039502837
103.63972369891958
101.73513626576076
99.57237946604805
97.10411724414097
94.27367967122909
91.01404965808251
87.2477642847097
82.8889129099471
77.84928572109376
72.05181580271274
65.45511318812551
58.09122739439339
50.11144886397832
41.8199652270037
33.66041836937302
26.12939826972798
19.639661578557213
14.40811623010707
10.433083612144822
7.555566467873718
5.548609895957964
4.1865474481757845
3.2801528963781594
2.685589062224288
2.2999443700600906
2.052348709454618
1.8951690650353061
1.796882048550678
1.7368295993615988
1.7015577414584107
1.682338267204158
1.6735223462628164
1.6714594025972083
1.6737922752731653
1.6789997403644301
1.6860904820259344
1.694453236899114
1.703678135805788
1.7134802328901526
1.7237020773386478
1.7342354045055919
1.745009662747726
1.7559830926959923
1.7671265409096004
1.7784225957188082
1.7898607627501804
1.8014350312404324
1.8131423047663788
1.8249813886220023
1.8369523359741362
1.8490560254564807
1.8612938881739356
1.8736677312280507
1.8861796236444677
1.8988318226642764
1.9116267261721542
1.9245668420485222
1.937654768502982
1.950893181528626
1.9642848270039373
1.9778325157835523
1.9915391207808255
2.0054075753331504
2.019440872420041
2.0336420644465028
2.0480142634073357
2.062560641312861
2.0772844307972855
2.0921889258602526
2.107277482708697
2.1225535206788404
2.1380205232232194
2.1536820389566036
2.1695416827540495
2.185603136897908
2.20187015227306
2.2183465496080417
2.2350362207636216
2.2519431300663983
2.269071315690817
2.286424891086979
2.3040080464577324
2.32182505028363
2.339880250898018
2.3581780781122617
2.3767230448924566
2.395519749088468
2.4145728752160203
2.4338871962937616
2.4534675757352735
2.473318969297858
2.493446427088522
2.513855095630164
2.5345502199858387
2.555537145946986
2.5768213222819085
2.5984083030500598
2.620303749980925
2.642513434920989
2.6650432423476236
2.6878991719544265
2.711087341308665
2.7346139885809566
2.7584854753515504
2.782708289493515
2.8072890481354245
2.832234500705448
2.857551532059192
2.883247165693294
2.909328567047558
2.935803046897873
2.9626780648420947
2.989961232883553
3.0176603191114197
3.0457832514852883
3.0743381217230197
3.1033331892985965
3.132776885551439
3.1626778179095036
3.1930447742334653
3.223886727284452
3.255212839315909
3.2870324668009494
3.3193551652919324
3.3521906944229967
3.3855490230575054
3.419440334586154
3.45387503238047
3.488863745409824
3.5244173340235454
3.560546895908703
3.597263772227356
3.634579553940941
3.6725060883276543
3.711055485703471
3.75024012634887
3.7900726676561147
3.8305660515004756
3.871733511845755
3.9135885825941084
3.956145105688933
121.24065242821159
121.09922405748543
120.93455209406203
120.75362867044309
120.55981907455906
120.35458449159874
120.13835757850781
119.91099608748817
119.67201518021547
119.42070334487462
119.15617665200826
118.87739979103581
118.58318854950596
118.27220115638357
117.94292207695726
117.59363977975029
117.22241883447764
116.82706599047597
116.40508938404024
115.95364959598643
115.4695008470465
114.9489201232228
114.38762142015345
113.78065153917328
113.12226290649284
112.40575765957296
111.62329567821575
110.76565724803854
109.8219485424695
108.7792350228905
107.6220841731017
106.3319948520258
104.88668648265678
103.2592185935945
101.41691279380433
99.32006117540762
96.92043962399326
94.1597252008908
90.96808727038679
87.26355743988813
82.95339690958485
77.93969406080981
72.13281808955631
65.47749691652598
57.99502176059114
49.83705206759277
41.32813161296105
32.95391979548411
25.261067237511167
18.696207019114958
13.47820755393677
9.580802448277371
6.811859794726581
4.917431003086777
3.656011520524596
2.832032896004833
2.3011735742401522
1.9628200373334685
1.7492754826047816
1.615994254335686
1.5340718347989712
1.484916586478041
1.4566354389576117
1.4416461150142088
1.435124644983455
1.4340057879784514
1.436343299786721
1.4409020066618365
1.4468982714695922
1.4538253171499496
1.4613896363844983
1.4693895306613791
1.4776768264744813
1.4861836818213625
1.4948602639413844
1.5036753097404505
1.512609416447852
1.5216507581952863
1.530792353213374
1.5400291775134656
1.5493618117058967
1.5587883713190134
1.5683090142490113
1.5779244959848142
1.5876359560006292
1.5974447876875746
1.6073525585929902
1.617360961296317
1.6274717830007888
1.6376868866666825
1.6480081992883413
1.6584377046291823
1.6689774387423597
1.6796294872567494
1.6903959837751141
1.701279108983309
1.7122810902419674
1.7234042014484015
1.7346507631284112
1.7460231426610395
1.757523754604767
1.7691550611009967
1.7809195723377789
1.7928198470655292
1.8048584931573013
1.8170381682110104
1.8293615801913221
1.8418314881100273
1.8544507027437847
1.8672220873907317
1.8801485586648996
1.8932330873286698
1.9064786991644687
1.919888475885947
1.9334655560891831
1.9472131362440397
1.9611344717273795
1.9752328778975357
1.9895117312119182
2.003974470386806
2.018624597602207
2.033465679750229
2.048501349728994
2.0637353077822973
2.079171322886427
2.094813234183248
2.1106649524626455
2.1267304616925804
2.1430138205998235
2.159519164300177
2.1762507059809417
2.1932127386345974
2.2104096368459545
2.2278458586334673
2.245525947344867
2.263454533609059
2.2816363373448296
2.3000761698273835
2.3187789358143154
2.3376320733606977
2.3570175840795855
2.3765316184764194
2.3963319299409718
2.4164229299213655
2.436809504093318
2.457496878545113
2.478490536463301
2.499796167587995
2.521419637738473
2.5433669707557063
2.5656443382026635
2.5882580539572593
2.6112145719268023
2.6345204857731397
2.6581825299529687
2.682207581634771
2.706602663211471
2.7313749452334433
2.756531749647484
2.78208055327137
2.8080289914580487
2.834384861924004
2.8611561287199683
2.888350926339831
2.9159775639589007
2.9440445298007627
2.9725604956337692
3.001534321398752
3.03097505996777
3.06089196204239
3.0912944811910217
3.1221922790325154
3.1535952305680364
3.1855134296706717
3.217957194733058
3.250937074483193
3.284463853971928
3.318548560739174
3.3532024711662265
3.38843711701928
3.4242642921951147
3.4606960596728764
3.4977447586789654
3.5354230120837653
3.5737437340222225
3.6127201377627314
3.65236574382633
3.69269438836764
3.7337202318298712
3.775457767883276
3.8179218326591324
3.8611276142937436
3.905090662790553
3.9498269002214883
3.995352631271653
4.04168455415252
4.088839771890915
4.136835804015904
4.185690598657199
121.24065441426802
121.09922418718261
120.93455216496515
120.75362871132914
120.55981838362574
120.35458377974237
120.13835683614558
119.91099530801625
119.67201435848087
119.42070247622443
119.15617573174802
118.87739881409563
118.58318751020988
118.27220004826073
117.94292089255975
117.59363851045946
117.22241747028168
116.8270645197095
116.40508779307197
115.95364786884166
115.46949896494688
114.94891806401752
114.3876191576163
113.7806490421222
113.12226013769272
112.40575457435128
111.62329222272035
110.76565335704815
109.82194413660342
108.77923000506419
107.62207842393286
106.33199499613865
104.88668662429673
103.25921874713153
101.41691296965524
99.32006138387143
96.92043987852165
94.15972552186895
90.96808769161566
87.2635580216863
82.95339776599992
77.93969541349732
72.1328203616342
65.47750085446913
57.99502847702801
49.837062736520224
41.32814660395846
32.953937776737035
25.261085493940318
18.69622302383634
13.478220101733719
9.580809520208085
6.811874164901564
4.917439481129539
3.656016816677854
2.8320363429041397
2.3011758159921434
1.9628214652834244
1.749276371157587
1.6159947925202904
1.5340721481228057
1.4849167565064136
1.4566355182693136
1.4416461365090416
1.4351246300428566
1.4340057504971941
1.4363432479040315
1.440901945715007
1.4468982047990222
1.4538252490077979
1.4613895636646335
1.4693894539877428
1.4776767511825255
1.4861836056403959
1.4948601870206835
1.503675232148137
1.5126093382014631
1.5216506792802538
1.5307922735968356
1.5400290974872017
1.5493617305664866
1.558788289326502
1.5683089313472633
1.5779244121227842
1.587635871126803
1.5974447017487743
1.6073524715388372
1.6173608730786662
1.6274716935729436
1.6376867959843928
1.6480081073095558
1.6584376113129993
1.6689773440504179
1.6796293911526459
1.6903958862245574
1.7012790099608026
1.7122809897103473
1.7234040993788862
1.7346506594944027
1.7460230374376764
1.7575236477695146
1.7691549526332613
1.780919462219211
1.7928197352798212
1.804858379690281
1.8170380530508168
1.829361463328401
1.8418313695369481
1.8544505824556416
1.8672219653849156
1.8801484349412132
1.8932329618893347
1.9064785720140875
1.9198883470314128
1.9334654255398116
1.947213004011446
1.9611343378253068
1.9752327423419105
1.9895115940204433
2.0039743315794696
2.018624457200522
2.033465537777389
2.0485012062096986
2.0637351627429372
2.0791711763545377
2.0948130861881307
2.110664803034805
2.126730310864241
2.1430136684048056
2.1595190107743254
2.1762505511622106
2.1932125825633326
2.2104094795653784
2.227845700189459
2.2455257877870665
2.2634543729902825
2.2816361757215464
2.300076007260017
2.31877877236675
2.337631881747227
2.3570159052943307
2.376530466705229
2.3963311207681937
2.4164223439297117
2.436809063507232
2.4574965326923284
2.478490252321777
2.499795923635417
2.521419419949592
2.543366769994741
2.56564414852393
2.5882578714979885
2.611214394183385
2.634520311129371
2.658182357371552
2.6822074104559643
2.706602493020779
2.7313747757756985
2.756531580769835
2.7820803848869406
2.8080288235216746
2.8343846944160296
2.861155961636834
2.8883507596864564
2.9159773977448964
2.9440443640378753
2.972560330334515
3.001534156574179
3.030974895628528
3.06089179819737
3.09129431784793
3.1221921161973274
3.153595068245614
3.185513267864562
3.2179570334462633
3.250936913718168
3.28446369373019
3.318548401022498
3.3532023119758643
3.3884369583570066
3.4242641340635256
3.4606959020735606
3.4977446016164557
3.535422855562162
3.5737435780470674
3.6127199823411127
3.6523655889661457
3.6926942340788766
3.7337200781239366
3.7754576147733077
3.817921680160347
3.8611274624230707
3.9050905115679697
3.949826749668822
3.995352481412659
4.041684405014054
4.08883962350188
4.136835656408818
4.18569045186664
121.24065242821159
121.09922405748543
120.93455209406203
120.75362867044309
120.55981907455906
120.35458449159874
120.13835757850781
119.91099608748817
119.67201518021547
119.42070334487462
119.15617665200826
118.87739979103581
118.58318854950596
118.27220115638357
117.94292207695726
117.59363977975029
117.22241883447764
116.82706599047597
116.40508938404024
115.95364959598643
115.4695008470465
114.9489201232228
114.38762142015345
113.78065153917328
113.12226290649284
112.40575765957296
111.62329567821575
110.76565724803854
109.8219485424695
108.7792350228905
107.6220841731017
106.3319948520258
104.88668648265678
103.2592185935945
101.41691279380433
99.32006117540762
96.92043962399326
94.1597252008908
90.96808727038679
87.26355743988813
82.95339690958485
77.93969406080981
72.13281808955631
65.47749691652598
57.99502176059114
49.83705206759277
41.32813161296105
32.95391979548411
25.261067237511167
18.696207019114958
13.47820755393677
9.580802448277371
6.811859794726581
4.917431003086777
3.656011520524596
2.832032896004833
2.3011735742401522
1.9628200373334685
1.7492754826047816
1.615994254335686
1.5340718347989712
1.484916586478041
1.4566354389576117
1.4416461150142088
1.435124644983455
1.4340057879784514
1.436343299786721
1.4409020066618365
1.4468982714695922
1.4538253171499496
1.4613896363844983
1.4693895306613791
1.4776768264744813
1.4861836818213625
1.4948602639413844
1.5036753097404505
1.512609416447852
1.5216507581952863
1.530792353213374
1.5400291775134656
1.5493618117058967
1.5587883713190134
1.5683090142490113
1.5779244959848142
1.5876359560006292
1.5974447876875746
1.6073525585929902
1.617360961296317
1.6274717830007888
1.6376868866666825
1.6480081992883413
1.6584377046291823
1.6689774387423597
1.6796294872567494
1.6903959837751141
1.701279108983309
1.7122810902419674
1.7234042014484015
1.7346507631284112
1.7460231426610395
1.757523754604767
1.7691550611009967
1.7809195723377789
1.7928198470655292
1.8048584931573013
1.8170381682110104
1.8293615801913221
1.8418314881100273
1.8544507027437847
1.8672220873907317
1.8801485586648996
1.8932330873286698
1.9064786991644687
1.919888475885947
1.9334655560891831
1.9472131362440397
1.9611344717273795
1.9752328778975357
1.9895117312119182
2.003974470386806
2.018624597602207
2.033465679750229
2.048501349728994
2.0637353077822973
2.079171322886427
2.094813234183248
2.1106649524626455
2.1267304616925804
2.1430138205998235
2.159519164300177
2.1762507059809417
2.1932127386345974
2.2104096368459545
2.2278458586334673
2.245525947344867
2.263454533609059
2.2816363373448296
2.3000761698273835
2.3187789358143154
2.3376320733606977
2.3570175840795855
2.3765316184764194
2.3963319299409718
2.4164229299213655
2.436809504093318
2.457496878545113
2.478490536463301
2.499796167587995
2.521419637738473
2.5433669707557063
2.5656443382026635
2.5882580539572593
2.6112145719268023
2.6345204857731397
2.6581825299529687
2.682207581634771
2.706602663211471
2.7313749452334433
2.756531749647484
2.78208055327137
2.8080289914580487
2.834384861924004
2.8611561287199683
2.888350926339831
2.9159775639589007
2.9440445298007627
2.9725604956337692
3.001534321398752
3.03097505996777
3.06089196204239
3.0912944811910217
3.1221922790325154
3.1535952305680364
3.1855134296706717
3.217957194733058
3.250937074483193
3.284463853971928
3.318548560739174
3.3532024711662265
3.38843711701928
3.4242642921951147
3.4606960596728764
3.4977447586789654
3.5354230120837653
3.5737437340222225
3.6127201377627314
3.65236574382633
3.69269438836764
3.7337202318298712
3.775457767883276
3.8179218326591324
3.8611276142937436
3.905090662790553
3.9498269002214883
3.995352631271653
4.04168455415252
4.088839771890915
4.136835804015904
4.185690598657199
4.235422545074237
121.24065441426802
121.09922418718261
120.93455216496515
120.75362871132914
120.55981838362574
120.35458377974237
120.13835683614558
119.91099530801625
119.67201435848087
119.42070247622443
119.15617573174802
118.87739881409563
118.58318751020988
118.27220004826073
117.94292089255975
117.59363851045946
117.22241747028168
116.8270645197095
116.40508779307197
115.95364786884166
115.46949896494688
114.94891806401752
114.3876191576163
113.7806490421222
113.12226013769272
112.40575457435128
111.62329222272035
110.76565335704815
109.82194413660342
108.77923000506419
107.62207842393286
106.33199499613865
104.88668662429673
103.25921874713153
101.41691296965524
99.32006138387143
96.92043987852165
94.15972552186895
90.96808769161566
87.2635580216863
82.95339776599992
77.93969541349732
72.1328203616342
65.47750085446913
57.99502847702801
49.837062736520224
41.32814660395846
32.953937776737035
25.261085493940318
18.69622302383634
13.478220101733719
9.580809520208085
6.811874164901564
4.917439481129539
3.656016816677854
2.8320363429041397
2.3011758159921434
1.9628214652834244
1.749276371157587
1.6159947925202904
1.5340721481228057
1.4849167565064136
1.4566355182693136
1.4416461365090416
1.4351246300428566
1.4340057504971941
1.4363432479040315
1.440901945715007
1.4468982047990222
1.4538252490077979
1.4613895636646335
1.4693894539877428
1.4776767511825255
1.4861836056403959
1.4948601870206835
1.503675232148137
1.5126093382014631
1.5216506792802538
1.5307922735968356
1.5400290974872017
1.5493617305664866
1.558788289326502
1.5683089313472633
1.5779244121227842
1.587635871126803
1.5974447017487743
1.6073524715388372
1.6173608730786662
1.6274716935729436
1.6376867959843928
1.6480081073095558
1.6584376113129993
1.6689773440504179
1.6796293911526459
1.6903958862245574
1.7012790099608026
1.7122809897103473
1.7234040993788862
1.7346506594944027
1.7460230374376764
1.7575236477695146
1.7691549526332613
1.780919462219211
1.7928197352798212
1.804858379690281
1.8170380530508168
1.829361463328401
1.8418313695369481
1.8544505824556416
1.8672219653849156
1.8801484349412132
1.8932329618893347
1.9064785720140875
1.9198883470314128
1.9334654255398116
1.947213004011446
1.9611343378253068
1.9752327423419105
1.9895115940204433
2.0039743315794696
2.018624457200522
2.033465537777389
2.0485012062096986
2.0637351627429372
2.0791711763545377
2.0948130861881307
2.110664803034805
2.126730310864241
2.1430136684048056
2.1595190107743254
2.1762505511622106
2.1932125825633326
2.2104094795653784
2.227845700189459
2.2455257877870665
2.2634543729902825
2.2816361757215464
2.300076007260017
2.31877877236675
2.337631881747227
2.3570159052943307
2.376530466705229
2.3963311207681937
2.4164223439297117
2.436809063507232
2.4574965326923284
2.478490252321777
2.499795923635417
2.521419419949592
2.543366769994741
2.56564414852393
2.5882578714979885
2.611214394183385
2.634520311129371
2.658182357371552
2.6822074104559643
2.706602493020779
2.7313747757756985
2.756531580769835
2.7820803848869406
2.8080288235216746
2.8343846944160296
2.861155961636834
2.8883507596864564
2.9159773977448964
2.9440443640378753
2.972560330334515
3.001534156574179
3.030974895628528
3.06089179819737
3.09129431784793
3.1221921161973274
3.153595068245614
3.185513267864562
3.2179570334462633
3.250936913718168
3.28446369373019
3.318548401022498
3.3532023119758643
3.3884369583570066
3.4242641340635256
3.4606959020735606
3.4977446016164557
3.535422855562162
3.5737435780470674
3.6127199823411127
3.6523655889661457
3.6926942340788766
3.7337200781239366
3.7754576147733077
3.817921680160347
3.8611274624230707
3.9050905115679697
3.949826749668822
3.995352481412659
4.041684405014054
4.08883962350188
4.136835656408818
4.18569045186664
4.235422399137815
123.91876595161806
123.77978849249008
123.6175929827347
123.43924506403695
123.24823934491702
123.046169566486
122.83359471904362
122.61049440233097
122.37650619424348
122.1310471244088
121.87337322092269
121.6026055773586
121.31773785929374
121.01763298840346
120.70101291294634
120.36644330960743
120.0123139222887
119.63681458154421
119.23790652473298
118.81328832134686
118.36035542670278
117.8761520953589
117.35731405168178
116.79999991290207
116.19980886380024
115.5516814638321
114.84977969475877
114.08734139323386
113.25650301906045
112.3480832489861
111.35131813530697
110.25353654476268
109.0397624022635
107.69222819783533
106.1897829357216
104.50718779815428
102.61423549178825
100.47483002325389
98.04589684681804
95.27636092829593
92.10639231262279
88.46742118712707
84.2838287749557
79.47784480817714
73.97995578260685
67.74764212876599
60.79435555797566
53.22618172394039
45.27380845585319
37.295512472894345
29.72652583053168
22.977011387976155
17.32397492085423
12.856851749522235
9.498581464603937
7.072886291281947
5.373411603004529
4.2092902588944385
3.425037928770479
2.9034030474927524
2.5601898522008515
2.336816129202535
2.1933447218612523
2.1029063408089255
2.0475765600820046
2.015462715143538
1.9987010540706132
1.9921028058278196
1.9922385331939088
1.9968783118235762
2.004527302834627
2.0142223997949738
2.0252989170647906
2.03734653465339
2.0500885568609855
2.06334334804893
2.0769919777277925
2.0909568940365735
2.1051878656868426
2.1196527132993954
2.134331196833092
2.149210983172393
2.16428498508758
2.1795496045763736
2.1950035728356747
2.2106471839915143
2.2264817888147723
2.242509460168628
2.25873277195564
2.2751546531119384
2.291778291244944
2.3086070691685197
2.3256445231829863
2.342894315813293
2.3603602181267953
2.3780460984198952
2.395955915145292
2.4140937126686004
2.4324636189183395
2.451069844311148
2.4699166815389724
2.489008505946293
2.5083497763160723
2.5279450359446405
2.5477989139265125
2.5679161265949353
2.5883014790859002
2.608959867001616
2.6298962781584603
2.6511157944108596
2.6726235935470384
2.6944249512445975
2.716525243101325
2.7389299467200816
2.761644643862147
2.784675022665162
2.808026879925086
2.831706123445068
2.8557187744526455
2.8800709700857174
2.904768965950099
2.92981913874955
2.9552279889900492
2.9810021437617675
3.007148359598765
3.0336735254194003
3.0605846655503814
3.08788894283549
3.115593661832599
3.143706272099986
3.172234371576929
3.2011857100583976
3.230568192769115
3.260389884039097
3.2906590110832683
3.3213839678894135
3.3525733192167895
3.384235804709539
3.4163803431295414
3.4490160367102627
3.482152175637476
3.5157982426607473
3.549963917839491
3.584659083429031
3.619893828910833
3.655678456171301
3.692023484836988
3.7289396577685205
3.7664379467201488
3.8045295581727445
3.8432259393423953
3.882538784376633
3.922480040739565
3.963061915796829
4.00429688360506
4.04619769191888
4.088777369414822
4.132049233149134
4.1760268962529405
4.220724275880104
4.2661556014052975
4.312335422900424
4.35927861988044
4.407000410346577
4.45551636012793
4.504842392535174
4.554994798344744
4.605990246115694
4.657845792867498
4.710578895118655
4.764207420308256
4.818749658621112
4.874224335217235
4.93065062290188
4.988048155234999
5.046437040118481
5.105837873855553
5.166271755733477
5.227760303117034
5.290325667101921
5.353990548739343
5.4187782158466815
5.48471252045306
5.551817916877866
5.620119480491566
5.689642927167212
5.760414633476188
5.832461657630047
5.905811761221323
5.980493469713583
6.056535873802802
6.133969170650344
6.212824089544327
6.293132265662934
6.374926186436964
6.458239219866029
6.54310564391245
6.629560677035967
6.717640509902429
6.80738233832427
