49.53336103230476
42.17893052389023
34.97335639330289
28.080347152857836
21.643918201789507
15.758401025888354
10.465287747050203
5.765168189930955
1.6341609197796203
-1.9631222096285248
-5.066749237563346
-7.719070792064736
-9.963996300205698
-11.84625010553573
-13.410187383809394
-14.698424870873287
-15.750653214405771
-16.60284356370502
-17.28687913504205
-17.83053286308613
-18.257678450899096
-18.588632888811148
-18.84055527030898
-19.027853234705006
-19.162568913748878
-19.254730215692735
-19.312661949377983
-19.343256396532887
-19.352205636499008
-19.344199234583446
-19.323091377813487
-19.292041475700575
-19.253632034140537
-19.2099672068921
-19.162755015919025
-19.113375853387623
-19.06293947230769
-19.012332358961295
-18.962257086714377
-18.913264971875922
-18.865783174597883
-18.820137151894077
-18.77656927811925
-18.73525425281067
-18.696311856861165
-18.659817496122177
-18.625810913465777
-18.59430337900064
-18.565283613655897
-18.53872266621024
-18.514577916998864
-18.492796360968196
-18.473317289949296
-18.45607448509078
-18.440997988081687
-18.428015537872565
-18.417053728800415
-18.408038926506794
-18.400898007353614
-18.39555891773381
-18.39195113162201
-18.39000597241683
-18.389656872682444
-18.39083954497604
-18.393492103866237
-18.39755514094479
-18.402971756584826
-18.40968757174019
-18.417650701455738
-18.426811729028945
-18.437123646022837
-18.44854179476063
-18.461023801023156
-18.474529494761576
-18.48902083027316
-18.50446181152808
-18.52081840311031
-18.53805845159374
-18.556151603750376
-18.575069224428198
-18.594784320214455
-18.615271462237295
-18.63650671185141
-18.658467552114125
-18.68113281451896
-18.70448261734654
-18.7284983017571
-18.753162367425357
-18.7784584207804
-18.804371119687428
-18.830886115882763
-18.857990011511845
-18.8856703063302
-18.913915360838867
-18.942714344620303
-18.97205719965767
-19.001934608285808
-19.032337948026107
-19.063259258807893
-19.094691216538234
-19.126627096859018
-19.15906074580216
-19.191986556537177
-19.22539943733138
-19.259294792490458
-19.29366849646427
-19.328516868781684
-19.363836659530453
-19.39962502160066
-19.4358794991455
-19.47259800545722
-19.509778806597193
-19.547420503639614
-19.585522022828965
-19.624082594143708
-19.663101743266882
-19.702579274898547
-19.74251526157704
-19.782910031777607
-19.82376415856487
-19.865078447102192
-19.90685392924643
-19.94909184585973
-19.991793648295694
-20.03496097888252
-20.078595668554453
-20.122699724391534
-20.167275329502505
-20.212324824759083
-20.25785071085764
-20.303855636185062
-20.35034239126289
-20.397313905379743
-20.444773233083364
-20.492723557082574
-20.541168172775002
-20.59011049351445
-20.63955403396801
-20.68950241089816
-20.739959338507667
-20.790928619338562
-20.84241414149404
-20.89441987163809
-20.946949852411194
-21.000008194383632
-21.053599072921575
-21.10772672209648
-21.162395430805876
-21.21760953286045
-21.433792423651056
-21.478800082809784
-21.524808665548864
-21.572268806980503
-21.621296189006507
-21.671863480924095
-21.72388970114467
-21.77728213728456
-21.831413320788215
-21.886668460101916
-21.943185737057387
-22.000875217249053
-22.05966876389918
-22.119514056994532
-22.180370546312393
-22.242206588174632
-22.304997377484124
-22.368723429542868
-22.433369441672358
-22.498923426243522
-22.56537605054681
-22.632720120362965
-22.700950171846525
-22.770062145198224
-22.840053117892772
-22.910921083813
-22.98266476745506
-23.055283462248347
-23.12877688037509
-23.20314502484329
-23.278388062247135
-23.354506198620392
-23.43149955804021
-23.509368050326717
-23.58811123902572
-23.667728190432
-23.748217308790956
-23.829576151110736
-23.911801218228863
-23.994887706843176
-24.078829228639496
-24.163617473526536
-24.249241813628927
-24.335688839043126
-24.42294179102971
-24.51097989864938
-24.59977755950951
-24.689303372701282
-24.779518955519066
-24.870377502485578
