692.7436389045764
694.0968578189874
695.4500804818479
696.8033068851671
698.1565370209479
699.509770881188
700.8630084578797
702.2162497430088
703.5694947285563
704.9227434064971
706.2759957688002
707.6292518074281
708.9825115143382
710.3357748814809
711.6890419008006
713.0423125642361
714.3955868637187
715.7488647911736
717.1021463385199
718.4554314976702
719.80872026053
721.1620126189977
722.5153085649656
723.8686080903192
725.2219111869364
726.5752178466885
727.9285280614392
729.2818418230462
730.6351591233588
731.9884799542191
733.3418043074628
734.6951321749171
736.0484635484021
737.4017984197303
738.7551367807067
740.1084786231286
741.4618239387856
742.815172719459
744.1685249569229
745.5218806429425
746.8752397692765
748.2286023276739
749.5819683098765
750.9353377076178
752.288710512623
753.6420867166091
754.9954663112845
756.3488492883489
757.7022356394942
759.0556253564038
760.4090184307518
761.7624148542042
763.115814618418
764.4692177150419
765.8226241357154
767.176033872069
768.5294469157247
769.8828632582955
771.2362828913854
772.5897058065889
773.9431319954916
775.2965614496707
776.6499941606933
778.0034301201173
779.3568693194916
780.7103117503559
782.0637574042403
783.4172062726651
784.7706583471419
786.1241136191721
787.4775720802484
788.8310337218528
790.1844985354579
791.5379665125275
792.8914376445151
794.244911922864
795.5983893390083
796.9518698843723
798.3053535503698
799.6588403284054
801.0123302098735
802.3658231861582
803.7193192486338
805.0728183886646
806.4263205976049
807.7798258667991
809.1333341875809
810.4868455512737
811.8403599491913
813.1938773726374
814.5473978129041
815.9009212612749
817.2544477090219
818.6079771474068
819.9615095676818
821.3150449610878
822.6685833188558
824.022124632206
825.3756688923479
826.7292160904813
828.0827662177949
829.436319265467
830.7898752246653
832.1434340865463
833.4969958422572
834.8505604829335
836.2041279997003
837.5576983836721
838.9112716259528
840.2648477176357
841.6184266498028
842.9720084135259
844.3255929998656
845.6791803998724
847.0327706045857
848.3863636050335
849.7399593922338
851.0935579571936
852.4471592909091
853.8007633843649
855.1543702285364
856.5079798143863
857.8615921328675
859.2152071749214
860.5688249314798
861.9224453934621
863.2760685517778
864.6296943973246
865.9833229209902
867.3369541136511
868.6905879661729
870.0442244694098
871.397863614206
872.751505391394
874.105149791796
875.4587968062222
876.8124464254737
878.1660986403393
879.5197534415969
880.8734108200144
882.2270707663478
883.5807332713432
884.934398325735
886.2880659202469
887.6417360455923
888.9954086924728
890.3490838515798
891.702761513594
893.0564416691842
894.4101243090099
895.7638094237186
897.1174970039475
898.4711870403228
899.8248795234601
901.1785744439641
902.532271792429
903.8859715594376
905.2396737355627
906.5933783113666
907.9470852773994
909.3007946242025
910.6545063423052
912.0082204222268
913.3619368544761
914.7156556295506
916.0693767379378
917.4231001701149
918.7768259165479
920.1305539676928
921.4842843139944
922.8380169458881
924.1917518537979
925.5454890281381
926.8992284593121
928.2529701377133
929.6067140537247
930.9604601977187
932.3142085600575
933.6679591310935
935.0217119011687
936.3754668606141
937.729223999752
939.0829833088934
940.43674477834
941.7905083983825
943.1442741593027
944.4980420513716
945.8518120648505
947.2055841899905
948.5593584170338
949.9131347362115
951.266913137746
952.620693611849
953.9744761487226
955.3282607385598
956.6820473715438
958.035836037848
959.3896267276358
960.7434194310617
