195.593688576
239.67222557170734
239.74966235863025
240.32343148392528
241.28576168576382
242.57591120652904
244.1693523195931
246.06832141544248
248.29397920141002
250.87969757420484
253.8650948058714
257.29029659902193
261.1900268104317
265.5874238453405
270.4879352903142
275.87417367025853
281.703018827813
287.90624922144303
294.39537047708654
301.070163195519
307.82924247861297
314.5802273702457
321.24733880100143
327.77524216916333
334.12918378388713
340.2923836295536
346.26198782396693
352.04473621528933
357.6531104554477
363.10232154534634
368.4081948878528
373.58584073496326
378.6489318868451
383.6094083573878
388.47745681949385
393.26164950032364
397.9691617202217
402.6060152178765
407.17731512459454
411.6874629130584
416.14033723595315
420.53944061658166
424.88801353876903
429.1891194157542
433.4457047708897
437.6606391470736
441.8367390407915
445.9767815497739
450.0834999337703
454.15959201652976
458.20770548700307
462.2304309789889
466.2302923089944
470.20973685016776
474.17112668485805
478.11673094482063
482.04871956258717
485.96915852487666
489.88000661647175
493.7831135770856
497.6802195487455
501.5729556666327
505.46284563488825
509.3513081270146
513.2396598587399
517.1291191884919
521.0208101166354
524.9157665679745
528.8149368567972
532.7191882484938
536.6293115468421
540.5460256451645
544.4699819957798
548.4017689574771
552.3419159936325
556.290897697929
560.2491376327628
564.2170119709403
568.1948529350682
572.1829520322506
576.1815630865283
580.1909050715882
584.2111647501728
588.2424991254115
592.2850377136781
596.3388846467194
600.4041206110691
604.4808046355025
608.5689757352931
612.6686544215532
616.7798440853451
620.9025322671396
625.0366918156251
629.1822819498558
633.3392492265948
637.5075284261283
641.6870433574622
645.8777075952787
650.0794251506508
654.2920910822985
658.5155920563304
662.7498068547362
666.9946068416878
671.2498563896787
675.5154132699881
679.7911290105814
684.0768492261797
688.3724139223726
692.6776577768844
696.9924104003134
701.3164965803878
705.6497365093055
709.991945997393
714.3429366758639
718.7025161688603
723.0704883743023
727.4466534455589
731.8308081521295
736.2227459484233
740.6222571519845
745.0291290995245
749.4431462997891
753.8640905841264
758.2917412560855
762.7258752375535
767.1662672199094
771.6126898071552
776.0649136642734
780.5227076648797
784.9858390390834
789.4540735196837
793.9271754938316
798.40490814986
802.8870336319051
807.3733131812287
809.3873084745505
820.4276361106017
830.6823434663065
840.6653809955053
850.6248445327645
860.675131700827
870.8658850485879
881.2156707717285
891.7286380603209
902.4023941531071
913.2318049139222
924.2108047183314
935.3332422366985
946.5932578325506
957.9854335627147
969.504833808405
981.1469947401428
992.9078914085705
1004.783896663319
1016.7717387904171
1028.868461081736
1041.071384719268
1053.3780754101972
1065.7863137994416
1078.2940694639155
1090.8994781640984
1103.6008222088124
1116.3965135212736
1129.2850792806814
1142.2651499220271
1155.3354493693578
1168.4947874074824
1181.742054164386
1195.0762167178232
1208.496317911509
1222.00147752978
1235.5908942517722
1249.2638605264474
1263.0197589702277
1276.858085885807
1290.778468947183
1304.9380238547728
1318.864591270238
1333.0307985504057
1347.2793374684184
1361.6112104503352
1376.0276976699163
1390.5306398012478
1405.1225919824217
1419.8070276969356
1434.5886114153739
1449.473567267973
1464.4701837593145
1479.5895141624699
1494.8463630033477
1510.2606982340258
1525.859708970942
1541.6808626611592
1557.7765447018965
1574.2212660420016
1591.1231521598522
1608.6427860257993
1627.0251084532993
1646.6553869480974
