-24.193207053482492
-24.043151280836913
-23.89569458192074
-23.74933961207907
-23.6033103119083
-23.457206205233685
-23.31082219219732
-23.164053652551463
-23.016846475567387
-22.86917070417663
-22.72100656761117
-22.5723369948771
-22.42314349938246
-22.273403795179718
-22.12309027671838
-21.972168897907466
-21.82059819674186
-21.668328320147758
-21.515299957957733
-21.361443120079404
-21.20667569994979
-21.050901766865692
-20.89400952298406
-20.735868848948346
-20.576328345639975
-20.415211757958797
-20.2523136391767
-20.08739408013831
-19.9201722852818
-19.75031872610462
-19.577445541960625
-19.401094789353174
-19.22072406931529
-19.035689000848745
-18.84522198415345
-18.6484054861996
-18.444147127369664
-18.231138726157372
-18.007825066797636
-17.772369655537783
-17.52263448913449
-17.256192426193827
-16.970407705413788
-16.662643708076196
-16.33068530082302
-15.97347924558145
-15.592254352445192
-15.191901448711684
-14.782109082552372
-14.377306698659378
-13.994503561866898
-13.649211126208556
-13.351301873210247
-13.103116134609191
-12.90053382953131
-12.735782848482954
-12.600177527652592
-12.48586825973029
-12.38655610423514
-12.297544514670918
-12.215492445946154
-12.138094308741508
-12.06379012314921
-11.991537766158434
-11.920646738630671
-11.850661895659
-11.781284198235959
-11.712317560575038
-11.643636470771852
-11.575151766096976
-11.506810815416232
-11.438574242490724
-11.370423946872751
-11.30234288115867
-11.234321087392093
-11.166352188244705
-11.098432167051362
-11.030558571398647
-10.96272999237651
-10.894945723639028
-10.82720553785945
-10.759509539903945
-10.691858070196545
-10.62425164095539
-10.556690893988245
-10.48917657265087
-10.421709503123571
-10.354290581838555
-10.28692076697417
-10.219601072651747
-10.152332564940341
-10.085116359061045
-10.017953617423055
-9.95084554821245
-9.883793404367776
-9.81679848282555
-9.749862123955918
-9.682985711134563
-9.616170670414546
-9.549418470268769
-9.482730621386827
-9.416108676509149
-9.349554230288941
-9.283068919173095
-9.216654421293468
-9.150312456364954
-9.084044785582964
-9.017853211517568
-8.951739577998707
-8.885705769991283
-8.819753713452531
-8.753885375177957
-8.688102762617959
-8.622407923679598
-8.556802946500126
-8.491289959193399
-8.42587112956847
-8.360548664817602
-8.295324811172083
-8.23020185352529
-8.165182115021052
-8.100267956606572
-8.035461776549155
-7.97076600991539
-7.90618312801267
-7.841715637792098
-7.777366081212378
-7.713137034564355
-7.649031107755821
-7.585050943556582
-7.521199216803173
-7.4574786335642065
-7.393891930265042
-7.33044187277322
-7.267131255443606
-7.20396290012486
-7.140939655126598
-7.078064394147867
-7.015340015167518
-6.952769439297126
-6.890355609596902
-6.828101489855262
-6.7660100633326765
-6.704084331470906
-6.642327312567892
-6.5807420404201915
-6.519331562932332
-6.458098940695681
-6.397047245536843
-6.336179559037041
-6.2754989710236755
-6.215008578034793
-6.15471148175813
-6.094610787446456
-6.0347096023091735
-5.975011033882442
-5.915518188379868
-5.856234169023515
-5.797162074358449
-5.738304996550646
-5.679666019671842
-5.621248217970796
-5.563054654134546
-5.505088377539693
-5.4473524224962295
-5.38984980648627
-5.332583528397592
-5.2755565667562
-5.218771877957299
-5.162232394498397
-5.105941023215876
-5.049900643525768
-4.994114105672883
-4.938584228988098
-4.883313800156967
-4.828305571501071
-4.773562259274564
-4.7190865419771155
-4.664881058686184
-4.61094840740969
-4.557291143461134
-4.503911777860703
-4.450812775761047
-4.397996554903531
-4.345465484103292
-4.293221881768433
-4.241268014451302
-4.189606095437726
-4.138238283373021
-4.087166661928815
-4.0363933330947255
-3.9859202276591237
-3.935749291272527
-3.88588239022082
-3.8363213287945346
-3.787067848226404
-3.738123625679947
-3.689490273288611
-3.641169337248883
-3.593162296966382
