-7.219453896339059
-6.843291938697345
-6.428689504351831
-6.011967602117335
-5.599239385720039
-5.191315862754593
-4.788062209364584
-4.389219930453732
-3.994552369027043
-3.6038620330123607
-3.2169859876848643
-2.8337890851200767
-2.4541582110977767
-2.0779977442784436
-1.7052259951913387
-1.3357723999318483
-0.9695752989834345
-0.606580175921478
-0.24673826128048287
0.10999457194602684
0.46365867950816125
0.8142913306221838
1.1619272440590533
1.5065990062222612
1.848337395945602
2.1871716359359747
2.5231295867980323
2.8562378963604957
3.1865221143503693
3.514006780347708
3.8387154912119787
4.160670952800523
4.4798950197113365
4.796408725919885
5.1102323085022165
5.421385226122888
5.729886173553313
6.03575309318356
6.339003184244906
6.639652910295562
6.937718005369954
7.233213479104585
7.52615362107486
7.81655200451719
8.104421489575191
8.389774226182212
8.672621656661118
8.952974518120223
9.230842844704682
9.506235969760166
9.779162527958364
10.049630457437129
10.317647001996702
10.583218713403712
10.846351453846907
11.107050398593106
11.365320038890383
11.621164185168709
11.874585970587463
12.125587854980594
12.374171629252292
12.620338420274198
12.864088696340392
13.105422273232524
13.344338320948976
13.58083537115504
13.814911325406962
14.04656346420349
14.27578845692127
14.502582372683051
14.726940692212345
14.948858320723172
15.168329601892244
15.385348332958225
15.59990778099118
15.812000700369055
16.021619351497517
16.228755520802828
16.43340054202483
16.635545318828626
16.83518034875301
17.0322957485021
17.226881280584976
17.41892638129803
17.608420190038764
17.795351579932568
17.979709189745318
18.1614814570468
18.340656652581654
18.517222915795532
18.691168291456403
18.862480767300816
19.03114831262818
19.19715891775429
19.360500634231396
19.521161615728516
19.67913015946301
19.83439474806226
19.986944091730876
20.136767170590158
20.283853277050508
20.428192058074913
20.569773557182792
20.70858825604521
20.844627115514715
20.977881615934788
21.10834379657216
21.236006294014967
21.360862379381473
21.48290599418739
21.60213178472222
21.71853513478945
21.832112196673496
21.942859920198984
22.050776079760183
22.15585929920341
22.258109074456137
22.35752579380866
22.454110755760723
22.54786618436293
22.63879524199038
22.726902039500292
22.812191643739833
22.894670082381037
22.974344346075867
23.05122238793423
23.125313120345346
23.196626409172474
23.265173065365737
23.33096483404912
23.3940143811491
23.454335277646372
23.511941981537667
23.566849817610223
23.61907495513496
23.66863438359715
23.715545886587282
23.759828013981853
23.801500052551596
23.8405819951339
23.87709450851515
23.911058900166847
23.942497083983085
23.971431545166627
23.99788530441104
24.02188188152409
24.043445258637252
24.062599843141797
24.079370430489906
24.093782166993478
24.105860512751743
24.11563120482908
24.123120220804203
24.12835374280097
24.131363155524554
24.13215918955014
24.130785245688745
24.127261644106696
24.12161521444743
24.11387270983549
24.104060821952476
24.092206174426078
24.078335303075786
24.06247463272646
24.044650453472503
24.024888897476778
24.003215916770046
23.97965726226288
23.954238464068478
23.926984813186333
23.89792134456578
23.867072821560846
23.83446372177318
23.800118224279622
23.764060198233384
23.726313192824588
23.68690042858327
23.6458447900045
23.60316881947318
23.558894712463157
23.513044313984057
23.465639116246425
23.416700257514655
23.366248522116177
23.314304341573926
23.260887796827813
23.206018621509077
23.14971620623466
23.091999603881852
23.03288753580996
22.972398398988744
22.910550273999437
22.8473609338679
22.782847853694836
22.71702822104433
22.649918947052672
22.581536678220886
22.511897808853714
22.44101849410581
