139.49711
127.60036505886369
127.87925178879965
128.14445989360357
128.39741832598366
128.6393249744422
128.87119261025654
129.0938846064272
129.30814294232115
129.5146103144713
129.71384770070463
129.90634839049767
130.09254925072221
130.2728398159055
130.44756965768278
130.61705438672107
130.7815788289102
130.9414064709989
131.09677708587512
131.2479116134467
131.39501438538284
131.53827505834997
131.67787024330548
131.81396488629937
131.94671344542394
132.0762608999293
132.20274362064168
132.32628989776646
132.44702151279975
132.56505294467226
132.6804928002703
132.7934440383128
132.90400437534487
133.0122666503361
133.11831915361992
133.2222459249999
133.32412702501958
133.42403878274368
133.52205402285915
133.61824227445447
133.71266996349183
133.80540059067187
133.89649489616428
133.98601101246672
134.07400460649174
134.1605290118432
134.24563535212852
134.32937265605327
134.41178796497013
134.49292643347223
134.57283142357875
134.6515445929884
134.72910597785312
134.80555407046876
134.88092589225556
134.9552570623622
135.02858186221192
135.10093329626986
135.17234314930155
135.2428420403635
135.31245947375623
135.38122388714194
135.44916269702847
135.51630234179208
135.58266832240773
135.6482815796606
135.71317030555915
135.77735681012666
135.8408631947509
135.9037107995886
135.96592023309196
136.02751140019026
136.0885035291659
136.1489151973058
136.20876435539745
136.26806835113504
136.32684395149928
136.38510736417203
136.44287425803242
136.5001597827921
136.55697858781204
136.61334484014657
136.6692722418525
136.72477404660603
136.77986307565604
136.83455173315366
136.888852020882
136.94277555242158
136.99633356677035
137.04953694145115
137.1023962051253
137.15492154973504
137.20712284219582
137.25900963565994
137.3105911803658
137.36187643409343
137.41287407224203
137.46359249754144
137.51403984941857
137.56422401302652
137.61415262795404
137.6638330966227
137.71327259239
137.76247806736515
137.81145625994873
137.86021370210855
137.9087567263997
137.95709147273914
138.00522389494407
138.05315976704046
138.10090468935363
138.1484640943862
138.1958432524907
138.2430472773475
138.29008113124993
138.3369496302094
138.38365744888043
138.43020912531784
138.47660906556877
138.52286154810534
138.56897072810574
138.61494064158683
138.66077520939425
138.70641649010022
138.75205400587168
138.79744625533917
138.84283819425536
138.8880425207754
138.93314249318902
138.97813403470948
139.02296266798712
139.0677380306885
139.11241237118827
139.15698771726974
139.20153082137105
139.2459154596559
139.29020919617543
139.33441519151995
139.37853594313825
139.42257386153892
139.46653130302957
139.51041057075102
139.55421391509506
139.5979435343829
139.64160157575128
139.68519013619394
139.72871126370595
139.77216695849708
139.81555917424762
139.85888981938865
139.90216075838674
139.94537381302595
139.98853076367857
140.0316333505557
140.07468327493567
140.11768220036708
140.16063175384198
140.20353352694178
140.24638907695086
140.28919992794061
140.331967571822
140.37469346936854
140.4173790512068
140.46002571878026
140.50263484528048
140.5452077765523
140.58774583196944
140.6302503052842
140.67272246544943
140.715163557415
140.75757480290105
140.79995740114308
140.8423125296182
140.8846413447442
140.92694498256023
140.96922455938264
141.01148117244293
141.05371590050405
141.09581484722094
141.13794527412014
141.1800802133497
141.22220362324396
141.2643168412027
141.3065605479892
141.34870074892328
141.39081953956665
141.4329215771186
141.47500828975555
141.5170812416854
141.55914184600599
141.6011913968813
141.64323109395656
141.68526186511346
141.72728510350316
141.7693016971702
141.81131261354213
141.85331878535837
141.89532130810048
141.93732073512692
