167.96794340903298
168.55445290563443
169.1409498832705
169.7274343513118
170.3139063191221
170.90036579605808
171.48681279146922
172.07324731469802
172.65966937507991
173.24607898194319
173.83247614460913
174.41886087239197
175.00523317459894
175.59159306053013
176.1779405394787
176.76427562073064
177.350598313565
177.93690862725387
178.52320657106216
179.10949215424793
179.69576538606216
180.28202627574873
180.86827483254476
181.45451106568015
182.04073498437788
182.62694659785404
183.21314591531768
183.79933294597072
184.38550769900843
184.97167018361887
185.55782040898322
186.14395838427572
186.7300841186637
187.31619762130737
187.9022989013602
188.4883879679687
189.07446483027232
189.66052949740373
190.2465819784887
190.83262228264587
191.41865041898717
192.0046663966176
192.59067022463523
193.17666191213124
193.76264146818997
194.34860890188875
194.93456422229812
195.5205074384818
196.10643855949652
196.69235759439226
197.2782645522121
197.86415944199223
198.45004227276195
199.03591305354388
199.6217717933537
200.2076185012002
200.79345318608543
201.3792758570046
201.96508652294605
202.5508851928914
203.13667187581538
203.72244658068593
204.3082093164642
204.89396009210458
205.4796989165545
206.06542579875492
206.65114074763974
207.2368437721362
207.82253488116473
208.40821408363908
208.99388138846606
209.57953680454594
210.16518034077214
210.75081200603125
211.33643180920328
211.92203975916138
212.507635864772
213.0932201348949
213.67879257838308
214.26435320408285
214.84990202083375
215.43543903746868
216.0209642628138
216.60647770568858
217.19197937490577
217.77746927927157
218.36294742758528
218.9484138286396
219.53386849122066
220.11931142410776
220.70474263607372
221.2901621358846
221.87556993229964
222.4609660340717
223.0463504499469
223.6317231886647
224.2170842589578
224.80243366955267
225.38777142916862
225.97309754651863
226.55841203030914
227.1437148892398
227.72900613200372
228.31428576728746
228.89955380377077
229.48481025012714
230.07005511502322
230.65528840711917
231.24051013506852
231.82572030751834
232.41091893310895
232.9961060204741
233.58128157824132
234.16644561503122
234.75159813945797
235.33673916012933
235.92186868564622
236.50698672460322
237.09209328558842
237.6771883771833
238.26227200796285
238.84734418649558
239.43240492134322
240.01745422106137
240.60249209419896
241.1875185492984
241.77253359489552
242.35753723951996
242.9425294916945
243.52751035993563
244.11247985275335
244.69743797865132
245.28238474612647
245.8673201636694
246.45224423976424
247.03715698288875
247.62205840151404
248.20694850410504
248.79182729912003
249.376694795011
249.96155100022315
250.54639592319586
251.1312295723617
251.7160519561468
252.30086308297106
252.88566296124782
253.47045159938403
254.05522900578043
254.63999518883114
255.2247501569239
255.80949391844032
256.39422648175537
256.9789478552376
257.56365804724953
258.14835706614696
258.7330449202795
259.31772161799046
259.90238716761655
260.4870415774884
261.0716848559301
261.6563170112596
262.24093805178825
262.8255479858214
263.4101468216578
263.99473456758994
264.5793112319041
265.1638768228802
265.7484313487917
266.332974817906
266.9175072384841
267.5020286187807
268.086538967044
268.67103829151637
269.2555266004336
269.8400039020252
270.4244702045145
271.0089255161185
271.59336984504796
272.17780319950737
272.762225587695
273.346637017803
273.9310374980169
274.51542703651637
275.09980564147463
275.6841733210588
276.2685300834296
276.8528759367416
277.43721088914344
278.0215349487771
278.6058481237785
279.19015042227767
279.7744418523978
280.35872242225645
280.9429921399649
281.52725101362796
282.1114990513445
282.6957362612071
283.2799626513023
283.8641782297104
