9.30016
32.333375147518396
32.13128611171804
31.952386680159595
31.786811415675622
31.628980359264173
31.475783185087888
31.32553477995709
31.1773727528492
31.030909595102536
30.886032380944837
30.742787872050673
30.601316803985632
30.461816276831392
30.32451805713418
30.189675798005304
30.057557208133847
29.928438944252232
29.802602996806286
29.68033390018228
29.561916411479714
29.447633473277325
29.337764368178277
29.23258302145262
29.13235643288194
29.03734323097581
28.947792348213707
28.863941818101313
28.786017695366574
28.714233100473155
28.64878738916586
28.58986544720385
28.537637109872353
28.49225670526325
28.453862719692637
28.422577582977254
28.398507570559417
28.381742818746687
28.372357448494938
28.370409792379316
28.3759427185575
28.388984044769227
28.409547034689894
28.437630968331582
28.4732217776986
28.51629273852006
28.56680520867862
28.624709403888495
28.689945201276196
28.762442961752562
28.842124362437755
28.928903230911793
29.02268637363238
29.123374391544754
29.230862476647506
29.34504118400572
29.46579717453267
29.593013924580653
29.726572399199416
29.866351686594765
30.012229592044523
30.164083190147586
30.32178933485422
30.485225127261756
30.65426834160177
30.828797810239575
31.00869376885107
31.193838163205406
31.384114919207533
31.579410178025153
31.779612498245058
31.984613027095406
32.1943056427937
32.408587070131546
32.62735697135172
32.850518014368966
33.07797592031995
33.309639492351224
33.54542062748038
33.78523431328509
34.028998611048586
34.27663462692374
34.528066472553405
34.783221216493864
35.042028827680284
35.30442211207885
35.57033664357612
35.83971069005694
36.112485135543395
36.38860339917932
36.66801135176795
36.95065723050163
37.23649155244193
37.52546702727093
37.81753846973779
38.11266271221536
38.410798517697756
38.71190649353849
39.015949006197474
39.322890097208735
39.63269540056157
39.945332061654945
40.2607686579591
40.57897512148358
40.89992266315304
41.22358369914224
41.54993177923596
41.87894151724135
42.21058852347658
42.54484933935205
42.88170137404449
43.221122843250505
43.563092710023014
43.907590627647714
44.25459688455611
44.60409235122825
44.95605842906425
45.310477001180296
45.66733038509144
46.02660128724928
46.38827275937535
46.75232815656404
47.118751097100905
47.487525423961465
47.85863516792221
48.23206451228794
48.6077977591305
48.985819297047634
49.36611357036653
49.748665049767226
50.133458204277396
50.52047747460137
50.909707247740094
51.30113183286816
51.69473543843431
52.09050215043337
52.48841591183848
52.888460503137516
53.29061952395635
53.694876375729706
54.10121424539238
54.50961609005959
54.92006462267365
55.3325422985771
55.74703130300633
56.163513539458506
56.58197061893086
57.00238384998213
57.42473422962465
57.849002435003186
58.275168815848204
58.703213387685615
59.13311582578794
59.56485545983565
59.99841126929104
60.43376187945403
60.87088555819041
61.30976021331628
61.75036339063234
62.19267227257913
62.636663677516474
63.08231405961096
63.529599509307936
63.978495754401315
64.42897816166263
64.88102173904001
65.33460113841434
65.78969065889004
66.24626425062972
66.7042955192081
67.16375773049057
67.62462381601465
68.0868663788831
68.5504577001348
69.01536974561728
69.48157417332929
69.94904234122994
70.41774531551911
70.88765387936381
71.3587385420708
71.83096954870162
72.30431689010878
72.77875031340004
73.25423933280653
73.73075324095058
74.20826112051819
74.68673185629329
75.16613414757758
75.6464365209624
76.12760734344887
76.60961483590638
77.09242708684967
77.57601206652949
78.06033764131341
78.54537158835264
79.03108161051665
79.51743535156339
80.00440041156537
80.49194436253478
