0.0660375
0.09345998970527429
0.1192808428432519
0.14349609566164515
0.16623171634250947
0.18760011815105346
0.20769276162221534
0.22658977371539912
0.24436244343184807
0.26107539940760655
0.27678795718195515
0.2915549932866727
0.30542756532181653
0.3184533700295363
0.33067710969161496
0.34214079758043303
0.35288401259021684
0.3629441159325067
0.37235643685629877
0.3811544325737063
0.38936982648584095
0.39703272806591866
0.40417173720951133
0.41081403543122647
0.41698546593549335
0.4227106042960318
0.428012821231019
0.43291433875022584
0.437436280769808
0.44159871913483145
0.4454207158548557
0.4489203622406325
0.4521148155273555
0.4550203334797509
0.4576523073947681
0.46002529384723057
0.46215304546139024
0.46404854093587977
0.46572401450047823
0.46719098493957056
0.4684602842789943
0.4695420861994672
0.4704459342108942
0.47118076959715777
0.47175480699257566
0.47217625816572134
0.4724521298010373
0.4725892613977192
0.4725940049556025
0.47247226386757546
0.4722295228257037
0.4718708743869331
0.47140104367007424
0.4708244118706357
0.4701450388140758
0.4693666559566418
0.4684927889753488
0.46752664976543423
0.46647121618368736
0.46532924593346586
0.4641032919532857
0.46279571775581874
0.46140871212134094
0.4599443029343825
0.45840437009687846
0.45679065750692865
0.45510478411441885
0.4533482540745023
0.4515224660240001
0.44962872150708494
0.44766823257598776
0.445642128590111
0.4435514622327375
0.44139721475826765
0.4391803004741834
0.4369015704501774
0.43456181543130584
0.4321617679114946
0.42970210329662634
0.4271834400505816
0.42460633866960046
0.42197129926556215
0.419278757450211
0.41652907808974704
0.41372254632704003
0.41085935502344223
0.4079395874173125
0.404963193274433
0.4019299560247714
0.3988394471904077
0.3956909625619536
0.39248343165233146
0.3892152872152045
0.38588427376717976
0.38248715966821006
0.379019301083278
0.37547394906695475
0.3718411440912803
0.3681059059920831
0.36424526701145277
0.36022361424796456
0.3559866826640674
0.3514598415177238
0.34657221780062364
0.34133203660223393
0.3358839741836269
0.33042728888444733
0.3251009911091425
0.31996656467962
0.31503957877761646
0.3103155224418483
0.30578259089808146
0.30142700035338993
0.2972350189774453
0.2931936838428964
0.28929101238644034
0.2855160250994199
0.28185870105284766
0.2783099123756403
0.2748613548852579
0.27150548104872807
0.26823543727836424
0.2650450060069061
0.2619285524229744
0.25888097556129097
0.25589766339703107
0.2529744515999405
0.2501075856272895
0.2472936858625664
0.2445297155342738
0.24181295117480048
0.23914095540259206
0.23651155183180378
0.2339228019324197
0.2313729836806698
0.2288605718546651
0.22638421984369356
0.22394274285171753
0.22153510238649823
0.21916039193547815
0.21681782373834263
0.21450671657399006
0.2122264844867343
0.2099766263829001
0.20775671643469504
0.2055663952334164
0.2034053616386716
0.20127336527455092
0.19917019962746355
0.19709569570382335
0.19504971620892986
0.1930321502112238
0.1910429082587526
0.18908191791705586
0.18714911969989287
0.18524446336628375
0.18336790455918497
0.1815194017628959
0.1796989135578942
0.17790639615333403
0.17614180117882483
0.17440507371848
0.17269615057141782
0.1710149587241277
0.1693614140211414
0.1677354200215469
0.16613686702978206
0.1645656312900783
0.1630215743347504
0.16150454247725413
0.16001436644168968
0.15855086112099018
0.15711382545663552
0.15570304243320382
0.15431827918148808
0.15295928718423077
0.15107415749912584
0.15255975937058833
0.1541202203420298
0.1554551805691732
0.15649084581966946
0.1572001284446504
0.15757686020043304
0.15762633990639247
0.1573606770597527
0.15679620103951186
0.15595170132113784
0.15484734385432217
0.1535035966077977
0.15194104660177618
0.1501793118821055
0.14823700993784908
0.1461315611253619
0.1438791105324731
0.14149453941757065
0.13899164793428123
0.13638286190386698
0.133679874992525
0.13089352189934908
0.12803391322646662
0.1314458358285741
0.13200673410911737
0.13246714580912136
0.13287459925426176
0.13324848896337493
0.1335993529651364
0.13393325117949595
0.13425390462587833
0.13456375908249893
0.13486452420229544
0.13515745466008186
0.13544350358420737
0.13572341149499365
0.13599776129935898
0.13626701549786624
0.1365315421710637
0.13679163456804636
0.13704752617831037
0.1372994026049445
0.1375474110368243
0.13779166785826347
0.13803226478373204
0.1382692738104483
0.13850275121731423
0.1387327407920887
0.13895927643327768
0.13918238424541501
0.13940208422416767
0.13961839160967818
0.13983131797189507
0.14004087207969182
0.14024706059579095
0.14044988863154909
0.14064936018915428
0.14084547851349727
0.1410382463716692
0.14122766627455274
0.14141374065213302
0.14159647199187314
0.14177586294763575
0.14195191642515106
0.14212463564881925
0.14229402421367437
0.14246008612555558
0.14262282583191302
0.14278224824517788
0.14293835876022196
0.14309116326712543
0.14324066816020573
0.14338688034407374
0.1435298072373083
0.14366945677422938
0.14380583740513675
0.14393895813774712
0.1440688283012495
0.14419545806690842
0.14431885784686527
0.14443903864212917
0.1445560119498657
0.14466978975924852
0.14478038454663847
0.14488780927015985
0.14499207736387157
0.14509320273163231
0.1451911997407131
0.1452860832151947
0.1453778684292255
0.14546657109982472
0.145552205775723
0.14563479140858632
0.14571434457800486
0.1457908825083219
0.14586442293691437
0.1459349840466182
0.14600258443133293
0.14606724307627797
0.146128979344682
0.14618781296726235
0.1462437640328901
0.146296852979738
0.14634710058659778
0.14639452796423796
0.14643915654674472
0.14648100808282663
0.14652010462707446
0.14655646853117976
0.14659012243511285
0.14662108925826656
0.1466493921905679
0.14667505468356903
0.14669810044151477
0.1465421248064552
0.1463106085606502
0.1460486695364733
0.14577595944095512
0.14550085254091819
0.14522696846352906
0.1449557391148632
0.14468786557635066
0.14442359446983094
0.144163011709756
0.14390613437234523
0.14365295011553667
0.14340343414557724
0.14315755651802697
0.14291528527758698
0.1426765878064136
0.14244143140114088
0.1422097835178804
0.1419816118743527
0.1417568844905983
0.14153556970334272
0.14131763616911702
0.1411030528626349
0.14089178907321823
0.1406838144004742
0.14047909874973438
0.1402776123274723
0.14007932563679137
0.13988420947301355
0.13969223491938554
0.13950337334289964
0.13931759639022956
0.1391348759837765
0.13895518431782158
0.13877849385477858
0.13860477732154367
0.13843400770593806
0.13826615825324076
0.13810120246280314
0.13793911408474885
0.137779867116749
0.13762343580087388
0.13746979462051706
0.1373189182973871
0.13717078178856748
0.1370253602836377
0.13688262920185257
0.13674256418937733
0.13660514111657301
0.13647033607533265
0.13633812537646672
0.1362084855471412
0.1360813933283732
0.13595682567257908
0.1358347597411776
0.13571517290223784
0.13559804272816875
0.13548334699344722
0.1353710636723789
0.13526117093689724
0.13515364715439318
0.1350484708855849
0.13494562088241843
0.13484507608600318
0.13474681562458243
0.1346508188115346
0.13455706514340632
0.13446553429797706
0.1343762061323514
0.1342890606810822
0.1342040781543214
0.1341212389359963
0.13404052358201432
0.13396191281849334
0.1338853875400159
0.13381092880791
0.13373851784855226
0.13366813605169514
0.13359976496881706
0.13353338631149542
0.13346898194980036
0.13340653391071128
0.13334602437655235
0.1332874356834515
0.1332307503198167
0.13317595092483295
0.13312302028697953
0.13307194134256392
0.13302269717427698
0.13297527100976395
0.13292964622021403
0.13288580631896885
0.1328437349601455
0.1328034159372777
0.13276483318197557
0.13272797076259674
0.13269281288293894
0.1326593438809439
0.1326275482274193
0.13259741052477478
0.1325689155057731
0.13254204803229558
0.13251679309412293
0.13249313580772873
0.13247106141508835
0.1324505552825011
0.13243160289942488
0.13241418987732595
0.12990701115446823
0.12817796948641266
0.12654320457187365
0.12495462492231742
0.12340115123656954
0.12187538165948103
0.12037132408476717
0.11888405267913549
0.11740952014459097
0.11594441017097
0.11448601680117668
0.11303214506986276
0.11158102880041165
0.11013126234014034
0.1086817436819642
0.10723162693529124
0.1057802825089662
0.10432726368260753
0.10287227849014098
0.10141516645727239
0.09995587689712065
0.09849445472202878
0.09703102437264711
0.09556577825905203
0.09409896660786476
0.09263088888242964
0.091161886545689
0.08969233696081036
0.08822264825797867
0.08675325502208725
0.08528461467793039
0.08381720446782197
0.08235151893193257
0.08088806781456985
0.07942737433052728
0.07796997373483784
0.07651641214705937
0.07506724558782359
0.07362303919098573
0.07218436655947956
0.07075180923703392
0.06932595627137192
0.06790740384745715
0.06649675497188187
0.06509461919165244
0.0637016123324822
0.062318356243302876
0.06094547853508399
0.05958361230324376
0.0582333958239766
0.05689547221572465
0.05557048905781572
0.05425909795898341
0.05296195406909457
0.05167971552793804
0.05041304284539459
0.04916259820769638
0.04792904470481688
0.046713045474294175
0.04551526275698884
0.04433635686041002
0.04317698502530827
0.04203780019123572
0.04091944965671854
0.039822573629583864
0.03874780366285285
0.03769576097147984
0.036667054625128315
0.035662279612171104
0.03468201477026486
0.03372682057924964
0.03279723681287275
0.03189378004704019
0.03101694102408777
0.030167181875066604
0.02934493320538348
0.0285505910534306
0.027784513737167418
0.027047018610000285
0.02633837875470937
0.025658819652458136
0.025008515872850315
0.0243875878402108
0.023796098740271228
0.02323405163963543
0.02270138689709497
0.022197979950312523
0.021723639562867228
0.021278106614511412
0.020861053511238837
0.020472084281172698
0.02011073540740501
0.019776477430170056
0.019468717328863506
0.019186801588003743
0.018930020338108453
0.018697611607493773
0.018488766567366515
0.01830263512813392
0.018138331908443668
0.017994942443526528
0.01787152950425244
0.01776713940089262
0.017680808152766035
0.017611567416332054
0.017558450078928027
0.017520495442178954
0.017496753937052974
0.017486291330603688
0.017488192401768108
0.017501564079493628
0.017525538050456913
0.0175592728554129
0.017601955502643846
0.017652802634086293
0.01771106128462744
0.01777600927799435
0.017846955303871554
0.01792323872065889
0.018004229126911287
0.018089325789333963
0.018177956764473452
0.018269578075004806
0.01836367264727429
0.018459749492947524
0.018557342449097635
0.018656009143569754
0.018755329912547084
0.018854906735081122
0.018954362196588154
0.019053338490612148
0.01915149646597692
0.01924851472454358
0.019344088773134455
0.019437930231761588
0.019529766099086958
0.01961933807502658
0.01970640193956513
0.01979072698615858
0.01987209550754643
0.019950302331357046
0.02002515440255418
0.020096470409524107
0.020164080450429056
0.020227825736342946
0.02028755832762891
0.020343139293426963
0.020394444315451517
0.0204413558016825
0.020483767071119454
0.02052158138739554
0.020554711786283583
0.020583080947124358
0.02060662107265309
0.020625275339110863
0.020638992096471836
0.02064773232308064
0.020651465205050935
0.020650168828802946
0.02064383008723135
0.02063244454328072
0.020616016282158138
0.020594557752281355
0.02056808959393656
0.02053664045475876
0.020500246791341346
0.020458952656475893
0.02041280947171752
0.020361875785163002
0.02030621701451838
0.020245905175716724
0.02018101859752665
0.02011164162276443
0.02003786429688538
0.019959782044885365
0.019877495337584702
0.019791109348495657
0.019700733602589726
0.01960648161837896
0.0195084705448069
0.019406820794507267
0.019301655675032545
0.01919310101967782
0.01908128481953019
0.018966336858357413
0.01884838835191457
0.018727571593194194
0.018604019605073924
0.0184778658017291
0.018349243660077785
0.018218286402411934
0.01808512669124823
0.017949896337301097
0.017812726021348632
0.017673745030624768
0.017533081010236935
0.017390859729974555
0.017247204866746184
0.017102237802761877
0.016962168659233664
0.016827159626985267
0.016696521798968637
0.016569674250478336
0.016446123693912063
0.016325451390869085
0.01620730163668781
0.016091372159799663
0.015977406098762893
0.015865185266936626
0.015754524473724104
0.01564526671773496
0.0155372791033732
0.015430449360703685
0.015324682870822195
0.015219901277215037
0.01511603673571173
0.01501303369628466
0.01491084599125646
0.014809435454991828
0.014708770713100554
0.014608826135778534
0.014509580932785572
0.01441101837095325
0.0143131250979349
0.014215890558262915
0.014119306462456205
0.014023366442048622
0.013928065577028727
0.013833400119928806
0.013739367219169456
0.013645964687230217
0.013553190804636827
0.013461044155113898
0.013369523487950986
0.013278627604110294
0.013188355263018946
0.013098705107349298
0.01300967560340672
0.012921264995022393
0.012833471269092553
0.012746292131121972
0.012659724989319953
0.012573766945966847
0.012488414794919366
0.012403665024256688
0.012319513823188931
0.012235957092455474
0.012152990457535904
0.012070609284080647
0.011988808695044768
0.01190758358907485
0.011826928659760618
0.011746838415415557
0.011667307199099551
0.01158832920863942
0.011509898516440237
0.011432009088915672
0.011354654805394132
0.011277829476384683
0.011201526861109999
0.011125740684233734
0.011050464651728202
0.010975692465843538
0.010901421750658828
0.010827642104140535
0.010754347327773936
0.010681531256324588
0.010609187780196228
0.01053731085498229
0.010465894510137247
0.010394932856780498
0.010324420094666026
0.010254350518353448
0.01018471852261787
0.010115518607137003
0.01004674538049471
0.00997839356354027
0.009910457992142737
0.009842933619379138
0.009775815517195016
0.009709098877574525
0.009642779013256683
0.009576851358033066
0.009511311466661006
0.009446155014424973
0.009381377796377613
0.009316975726290182
0.009252944835340969
0.00918928127056866
0.00912598129311587
0.009063041276287296
0.009000457703444723
0.008938227165760116
0.008876346359846795
0.008814812085286703
0.008753621242071385
0.008692770827972226
0.00863225793585473
0.0085720797509505
0.00851223354809922
0.008452716688972043
0.008393526619286894
0.008334660866025153
0.008276117034658187
0.008217892806391604
0.00815998593543419
0.008102394246297741
0.008045115631133372
0.007988148047109074
0.00793148951383315
0.007875138110826935
0.00781909197505024
0.007763349298482231
0.0077079083257600685
0.007652767351877246
0.0075979247199431
0.007543378819004771
0.007489128081932478
0.007435170983368653
0.007381506037741357
0.007328131797342004
0.007274986516012819
0.0072222355869063695
0.0071696703886985555
0.0071174910732767025
0.007065540433742661
0.0070138791061367745
0.006962499562187347
0.006911357689190136
0.006860534091321731
0.0068099900585995325
0.006759723176301926
0.006709784160069291
0.006660075657873377
0.00661063882560901
0.006561474098549188
0.006512580505891451
0.006463957041123721
0.006415602705199232
0.006367516507793229
0.006319697467153291
0.0062721446098363805
0.006224856970393348
0.006177833591018197
0.0061310735211748315
0.006084575817211085
0.006038339541967373
0.005992363764385858
0.005946647559124439
0.005901190006178855
0.005855990190515501
0.005811047201716608
0.005766360133639174
0.005721928084088546
0.0056777501545071975
0.005633825449678921
0.005590153077448761
0.005546732148458393
0.0055035617758969445
0.005460641075266902
0.0054179691641648535
0.0053755451620765135
0.005333368190185798
0.0052914373711972435
0.005249751829171503
0.005208310689373204
0.005167113078130815
0.005126158122707925
0.005085444951185375
0.005044972692353859
0.005004740475616334
0.004964747430899881
0.004924992688576407
0.004885475379391808
0.004846194634403078
0.004807149584922949
0.004768377502156527
0.004729842985937169
0.004691534652802231
0.004653453102026431
0.0046155980064132105
0.004577920228819274
0.004540476841821906
0.0045032678021321385
0.004466289594253522
0.004429540849182615
0.004393020290353107
0.004356726712666243
0.004320658969383096
0.004284815961572482
0.00424919668876474
0.004213800054029204
0.004178625058885718
0.004143670726386688
0.004108936097724751
0.0040744201721843055
0.004040122085977207
0.004006040916560848
0.0039963477181583044
0.00400225869655796
0.0040237053085455925
0.004059359101413226
0.004107086080198172
0.004164299209487141
0.004228219483662352
0.004296063232813656
0.004365172563288621
0.0044331055560576215
0.004497701345544462
0.004557131846355719
0.004609946984751122
0.004655114433727759
0.004692049088094531
0.004720623405188412
0.004741149014252255
0.004754323699118714
0.004761145311135231
0.004762802721161205
0.004760560012120653
0.004755651207899828
0.004749198813842962
0.004742162446963872
0.004735316787683063
0.004729253151377685
0.004724396871362934
0.0047210329297415424
0.004719333876753348
0.00471938610579346
0.004721212386467593
0.004724789928187137
0.004730064116533048
0.004736958520428542
0.004745381933450041
0.004755233201225726
0.0047664044852684965
0.0047787834791451515
0.004792254959198177
0.004806701935878979
0.004822006579210132
0.0048380510229789385
0.004854718104003287
0.004871892061143126
0.004889459199569253
0.004907308515542581
0.004925332364517093
0.0049434266143329525
0.004961491638220749
0.004979432342753918
0.0049971585593660255
0.005014585277621948
0.005031632807245814
0.005048226873235823
0.005064298649686324
0.0050797847387582026
0.005094627101655922
0.005108772948558915
0.005122174594291396
0.005134789286167122
0.005146579009972842
0.0051575102795055295
0.00516755391449294
0.005176684811133507
0.005184881708912828
0.005192126956804368
0.005198406281452085
0.005203708559467144
0.005208025595553641
0.005211351907808059
0.005213684521214005
0.005215022770073766
0.005215368109879452
0.0052147239389243
0.005213095429786213
0.005210489370676396
0.005206914016533389
0.005202378949652321
0.005196894949569153
0.005190473871865706
0.005183128535522673
0.005174872618420108
0.0051657205605684705
0.005155687474644439
0.005144789063404015
0.005133041543549482
0.0051204615756346656
0.0051070661996050455
0.005092872775583254
0.0050778989295269346
0.00506216250340349
0.005045681509544744
0.005028474088863429
0.005010558472632631
0.004991952947548163
0.004972675823812472
0.004952745405996989
0.004932179966457092
0.004910997721090811
0.004889216807248354
0.004866855263614664
0.004843931011901575
0.004820461840199413
0.004796465387850782
0.004771959131720504
0.004746960373747071
0.004721486229670615
0.004695553618841945
0.004669179255025609
0.004642379638118011
0.004615171046708455
0.00458756953141783
0.0045595909089556005
0.004531250756985527
0.0045025644088408385
0.004473546950446019
0.004444213216004359
0.0044145777851446475
0.00438465498031028
0.004354458864578038
0.004324003239878493
0.0042933016455918484
0.004262367357495923
0.004231213387044239
0.004199852480954542
0.004168297121089002
0.004136559524609121
0.00410465164438944
0.004072585169675071
0.004040371526969156
0.004008021881137249
0.003975547136716348
0.0039429579394167835
0.003910264677805719
0.0038880723698598947
0.003860706176741722
0.003832501427426027
0.0038051286518389453
0.0037791423485212445
0.0037546536000949843
0.0037316104231784426
0.003709909566125006
0.003689438447956626
0.0036700892435034306
0.0036517625196032183
0.0036343673063826383
0.003617820190606944
0.003602044312270156
0.0035869685072393446
0.0035725266222347346
0.003558656969340796
0.0035453018813180687
0.0035324073373884214
0.0035199226388397216
0.0035078001212613197
0.0034959948952112702
0.0034844646102031324
0.0034731692387203403
0.003462070878003312
0.003451133567924124
0.0034403231235875724
0.00342960698145964
0.0034189540579245546
0.0034083346192277115
0.003397720161795395
0.0033870833019444754
0.003376397674007907
0.003365637835902679
0.003354779181156583
0.0033437978563820563
0.0033326706831382897
0.0033213750830330914
0.003309889004813692
0.003298190852035974
0.003286259386423125
0.0032740735589169363
0.0032616130703506147
0.0032488571254601193
0.0032357852049887787
0.0032223766942404476
0.003208610741749951
0.003194466081502444
0.0031799208098125743
0.003164952099714841
0.0031495358292490377
0.0031336460900402716
0.0031172545277120545
0.003100329443175617
0.0030828345491985738
0.003064727222344119
0.003045956003549962
0.0030264569589093914
0.003006148275682125
0.0029849220640775385
0.00296263162535186
0.002939071164745768
0.0029139425407401997
0.0028867990785855103
0.0028569470485026523
0.0022351716748004852
0.0018501063047716409
0.0015812702932205805
0.0013833769827746568
0.0012336602939309704
0.0011178971290334678
0.001026350192819143
0.0009521555075046908
0.0008904290265286197
0.0008376837782430077
0.0007914296809822413
0.0007498943758070898
0.000711826443420275
0.0006763549162165656
0.000642887371696604
0.0006110347114305895
0.000580554731927234
0.0005513092835409108
0.0005232315699514051
0.0004963012527753678
0.000470525710941329
0.0004459262209544236
0.0004225280879358466
0.0004003538850715812
0.0003794192143063333
0.0003597302851872489
0.0003412829231027783
0.00032406256571565874
0.0003080449504360104
0.0002931971892445021
0.0002794792478194554
0.0002668447690820041
0.0002552433767197835
0.0002446213634024983
0.0002349230468898873
0.00022609181986168978
0.00021807104764778163
0.00021080481567847353
0.0002042385348172029
0.00019831941660577995
0.00019299683249452603
0.00018822257186879284
0.00018395101351493943
0.00018013922441577053
0.0001767469986577742
0.0001737368479316789
0.00017107395375623563
0.00016872609018960433
0.00016666352452275395
0.0001648589022576738
0.0001632871216021487
0.00016192507799206308
0.00016075205217879292
0.0001597487368608032
0.0001588977199673053
0.0001581831717783499
0.0001575907292797899
0.00015710737865643926
0.00015672134387125804
0.0001564219817685282
0.00015619968389141836
0.00015604578502964063
0.00015595247839220064
0.00015591273720878688
0.00015592024250506273
0.00015596931675105667
0.00015605486305914385
0.00015617230959360265
0.00015631755884130307
0.00015648694140953925
0.00015667717400721774
0.00015688532129085102
0.0001571087612638109
0.00015734515393538116
0.00015759241296234015
0.00015784868001421598
0.0001581123016212735
0.0001583818082805945
0.00015865589561422954
0.00015893340738839018
0.00015921332021869716
0.0001594947298019737
0.00015977683852827628
0.00016005894433865375
0.000160340430708146
0.00016062075764406908
0.00016089945359895914
0.00016117610820625517
0.00016145036575938705
0.0001617219193574987
0.000161990505652319
0.000162255900134321
0.0001625179129049611
0.0001627763848851502
0.00016303118441582514
0.00016328220420935646
0.00016352935861914616
0.00016377258119163192
0.00016401182247359377
0.00016424704804843317
0.00016447823677732875
0.00016470537922539427
0.00016492847625235456
0.00016514753775241856
0.00016536258152665862
0.0001655736322751694
0.00016578072069604608
0.00016598388268119615
0.00016618315859754255
0.00016637859264573716
0.00016657023228886447
0.00016675812774274447
0.00016694233152192507
0.00016712289803625223
0.00016729988323196273
0.0001674733442726245
0.00016764333925715368
0.00016780992696881634
0.00016797316665411832
0.00016813311782740847
0.00016828984009879951
0.00016844339302224734
0.00016859383800217325
0.0001687412300189983
0.00016888562999630157
0.0001690270960019805
0.00016916568556610615
0.00016930145560490307
0.0001694344623577279
0.00016956476133471584
0.00016969240727401436
0.00016981745410660668
0.0001699399549277727
0.00017005996197491741
0.00017017752660935398
0.00017029269930384232
0.00017040552963275214
0.00017051606626633962
0.000170624356967925
0.0001707304485932853
0.00017083438709274165
0.00017093621751499105
0.00017103598401284461
0.00017113372985033193
0.00017122949741099681
0.00017132332820763105
0.00017141526289264376
0.00017150534126944962
0.00017159360230459974
0.00017168008414028627
0.00017176482410737986
0.0001718478587388031
0.0001719292237834163
0.00017200895421988732
0.00017208708427102673
0.00017216364741783156
0.00017223867641364768
0.00017231220329883706
0.00017238425941507252
0.00017245487541928098
0.00017252408129793406
0.00017259190638136698
0.0001726583793572644
0.00017272352828480328
0.000172787380608056
0.0001728499631692866
0.0001729113022225905
0.00017297142344647006
0.00017303035195701972
0.0001730881123200846
0.0001731447285642252
0.00017320022419219008
0.00017325462219338171
0.0001733079450551445
0.00017336021477446572
0.00017341145286907858
0.00017346168038844724
0.0001735109179243994
0.00017355918562177018
0.0001736065031887933
0.00017365288990680715
0.00017369836464053732
0.0001737429458472186
0.00017378665158623226
0.00017382949952844063
0.00017387150696474764
0.00017391269081518384
0.00017395306763736074
0.00017399265363464246
0.0001740314646644989
0.00017406951624637998
0.00017410682356947937
0.00017414340150022703
0.0001741792645898435
0.00017421442708148125
0.00017424890291719983
0.0001742827057448614
0.00017431584892492005
0.00017434834553687955
-17.67737805286631
-17.67737805286631
-17.67737805286631
-17.67737805286631
-17.67737805286631
-17.67737805286631
-17.67737805286631
-17.67737805286631
-17.67737805286631
-17.67737805286631
-17.67737805286631
-17.67737805286631
-17.67737805286631
-17.67737805286631
-17.67737805286631
-17.67737805286631
-17.67737805286631
-17.67737805286631
-17.67737805286631
-17.67737805286631
-17.67737805286631
-17.67737805286631
-17.67737805286631
-17.67737805286631
-17.67737805286631
-17.67737805286631
-17.67737805286631
-17.67737805286631
-17.67737805286631
-17.67737805286631
-17.67737805286631
-17.67737805286631
-17.67737805286631
-17.67737805286631
-17.67737805286631
-17.67737805286631
-17.67737805286631
-17.67737805286631
-17.67737805286631
-17.67737805286631
-17.67737805286631
-17.67737805286631
-17.67737805286631
-17.67737805286631
-17.67737805286631
-17.67737805286631
-17.67737805286631
-17.67737805286631
-17.67737805286631
-17.67737805286631
-17.67737805286631
-17.67737805286631
-17.67737805286631
-17.67737805286631
-17.67737805286631
-17.67737805286631
-17.67737805286631
-17.67737805286631
-17.67737805286631
-17.67737805286631
-17.67737805286631
-17.67737805286631
-17.67737805286631
-17.67737805286631
-17.67737805286631
-17.67737805286631
-17.67737805286631
-17.67737805286631
-17.67737805286631
-17.67737805286631
-17.67737805286631
-17.67737805286631
-17.67737805286631
-17.67737805286631
-17.67737805286631
-17.67737805286631
-17.67737805286631
-17.67737805286631
-17.67737805286631
-17.67737805286631
-17.67737805286631
-17.67737805286631
-17.67737805286631
-17.67737805286631
-17.67737805286631
-17.67737805286631
-17.67737805286631
-17.67737805286631
-17.67737805286631
-17.67737805286631
-17.67737805286631
-17.67737805286631
-17.67737805286631
-17.67737805286631
-17.67737805286631
-17.67737805286631
-17.67737805286631
-17.67737805286631
-17.67737805286631
-17.67737805286631
-17.67737805286631
-17.67737805286631
-17.67737805286631
-17.67737805286631
-17.67737805286631
-17.67737805286631
-17.67737805286631
-17.67737805286631
-17.67737805286631
-17.67737805286631
-17.67737805286631
-17.67737805286631
-17.67737805286631
-17.67737805286631
-17.67737805286631
-17.67737805286631
-17.67737805286631
-17.67737805286631
-17.67737805286631
-17.67737805286631
-17.67737805286631
-17.67737805286631
-17.67737805286631
-17.67737805286631
-17.67737805286631
-17.67737805286631
-17.67737805286631
-17.67737805286631
-17.67737805286631
-17.67737805286631
-17.67737805286631
-17.67737805286631
-17.67737805286631
-17.67737805286631
-17.67737805286631
-17.67737805286631
-17.67737805286631
-17.67737805286631
-17.67737805286631
-17.67737805286631
-17.67737805286631
-17.67737805286631
-17.67737805286631
-17.67737805286631
-17.67737805286631
-17.67737805286631
-17.67737805286631
-17.67737805286631
-17.67737805286631
-17.67737805286631
-17.67737805286631
-17.67737805286631
-17.67737805286631
-17.67737805286631
-17.67737805286631
-17.67737805286631
-17.67737805286631
-17.67737805286631
-17.67737805286631
-17.67737805286631
-17.67737805286631
-17.67737805286631
-17.67737805286631
-17.67737805286631
-17.67737805286631
-17.67737805286631
-17.67737805286631
-17.67737805286631
-17.67737805286631
-17.67737805286631
-17.67737805286631
-17.67737805286631
-17.67737805286631
-17.67737805286631
-17.67737805286631
-17.67737805286631
-17.67737805286631
-17.67737805286631
-17.67737805286631
-17.67737805286631
-17.67737805286631
-17.67737805286631
-17.67737805286631
-17.67737805286631
-17.67737805286631
-17.67737805286631
-17.67737805286631
-17.67737805286631
-17.67737805286631
-17.67737805286631
-17.67737805286631
-17.67737805286631
-17.67737805286631
-17.67737805286631
-17.67737805286631
-17.67737805286631
-17.67737805286631
-17.67737805286631
-17.67737805286631
-43.72933021803688
-43.72933021803688
-43.72933021803688
-43.72933021803688
-43.72933021803688
-43.72933021803688
-43.72933021803688
-43.72933021803688
-43.72933021803688
-43.72933021803688
-43.72933021803688
-43.72933021803688
-43.72933021803688
-43.72933021803688
-43.72933021803688
-43.72933021803688
-43.72933021803688
-43.72933021803688
-43.72933021803688
-43.72933021803688
-43.72933021803688
-43.72933021803688
-43.72933021803688
-43.72933021803688
-43.72933021803688
-43.72933021803688
-43.72933021803688
-43.72933021803688
-43.72933021803688
-43.72933021803688
-43.72933021803688
-43.72933021803688
-43.72933021803688
-43.72933021803688
-43.72933021803688
-43.72933021803688
-43.72933021803688
-43.72933021803688
-43.72933021803688
-43.72933021803688
-43.72933021803688
-43.72933021803688
-43.72933021803688
-43.72933021803688
-43.72933021803688
-43.72933021803688
-43.72933021803688
-43.72933021803688
-43.72933021803688
-43.72933021803688
-43.72933021803688
-43.72933021803688
-43.72933021803688
-43.72933021803688
-43.72933021803688
-43.72933021803688
-43.72933021803688
-43.72933021803688
-43.72933021803688
-43.72933021803688
-43.72933021803688
-43.72933021803688
-43.72933021803688
-43.72933021803688
-43.72933021803688
-43.72933021803688
-43.72933021803688
-43.72933021803688
-43.72933021803688
-43.72933021803688
-43.72933021803688
-43.72933021803688
-43.72933021803688
-43.72933021803688
-43.72933021803688
-43.72933021803688
-43.72933021803688
-43.72933021803688
-43.72933021803688
-43.72933021803688
-43.72933021803688
-43.72933021803688
-43.72933021803688
-43.72933021803688
-43.72933021803688
-43.72933021803688
-43.72933021803688
-43.72933021803688
-43.72933021803688
-43.72933021803688
-43.72933021803688
-43.72933021803688
-43.72933021803688
-43.72933021803688
-43.72933021803688
-43.72933021803688
-43.72933021803688
-43.72933021803688
-43.72933021803688
-43.72933021803688
-43.72933021803688
-43.72933021803688
-43.72933021803688
-43.72933021803688
-43.72933021803688
-43.72933021803688
-43.72933021803688
-43.72933021803688
-43.72933021803688
-43.72933021803688
-43.72933021803688
-43.72933021803688
-43.72933021803688
-43.72933021803688
-43.72933021803688
-43.72933021803688
-43.72933021803688
-43.72933021803688
-43.72933021803688
-43.72933021803688
-43.72933021803688
-43.72933021803688
-43.72933021803688
-43.72933021803688
-43.72933021803688
-43.72933021803688
-43.72933021803688
-43.72933021803688
-43.72933021803688
-43.72933021803688
-43.72933021803688
-43.72933021803688
-43.72933021803688
-43.72933021803688
-43.72933021803688
-43.72933021803688
-43.72933021803688
-43.72933021803688
-43.72933021803688
-43.72933021803688
-43.72933021803688
-43.72933021803688
-43.72933021803688
-43.72933021803688
-43.72933021803688
-43.72933021803688
-43.72933021803688
-43.72933021803688
-43.72933021803688
-43.72933021803688
-43.72933021803688
-43.72933021803688
-43.72933021803688
-43.72933021803688
-43.72933021803688
-43.72933021803688
-43.72933021803688
-43.72933021803688
-43.72933021803688
-43.72933021803688
-43.72933021803688
-43.72933021803688
-43.72933021803688
-43.72933021803688
-43.72933021803688
-43.72933021803688
-43.72933021803688
-43.72933021803688
-43.72933021803688
-43.72933021803688
-43.72933021803688
-43.72933021803688
-43.72933021803688
-43.72933021803688
-43.72933021803688
-43.72933021803688
-43.72933021803688
-43.72933021803688
-43.72933021803688
-43.72933021803688
-43.72933021803688
-43.72933021803688
-43.72933021803688
-43.72933021803688
-43.72933021803688
-43.72933021803688
-43.72933021803688
-43.72933021803688
-43.72933021803688
-43.72933021803688
-43.72933021803688
-43.72933021803688
-43.72933021803688
-43.72933021803688
-43.72933021803688
-43.72933021803688
-43.72933021803688
-43.72933021803688
-43.72933021803688
143.23987627801466
30353509856.92969
30353509856.92969
30353509856.92969
30353509856.92969
30353509856.92969
30353509856.92969
30353509856.92969
30353509856.92969
30353509856.92969
30353509856.92969
30353509856.92969
30353509856.92969
30353509856.92969
30353509856.92969
30353509856.92969
30353509856.92969
30353509856.92969
30353509856.92969
30353509856.92969
30353509856.92969
30353509856.92969
30353509856.92969
30353509856.92969
30353509856.92969
30353509856.92969
30353509856.92969
30353509856.92969
30353509856.92969
30353509856.92969
30353509856.92969
30353509856.92969
30353509856.92969
30353509856.92969
30353509856.92969
30353509856.92969
30353509856.92969
30353509856.92969
30353509856.92969
30353509856.92969
30353509856.92969
30353509856.92969
30353509856.92969
30353509856.92969
30353509856.92969
30353509856.92969
30353509856.92969
30353509856.92969
30353509856.92969
30353509856.92969
30353509856.92969
30353509856.92969
30353509856.92969
30353509856.92969
30353509856.92969
30353509856.92969
30353509856.92969
30353509856.92969
30353509856.92969
30353509856.92969
30353509856.92969
30353509856.92969
30353509856.92969
30353509856.92969
30353509856.92969
30353509856.92969
30353509856.92969
30353509856.92969
30353509856.92969
30353509856.92969
30353509856.92969
30353509856.92969
30353509856.92969
30353509856.92969
30353509856.92969
30353509856.92969
30353509856.92969
30353509856.92969
30353509856.92969
30353509856.92969
30353509856.92969
30353509856.92969
30353509856.92969
30353509856.92969
30353509856.92969
30353509856.92969
30353509856.92969
30353509856.92969
30353509856.92969
30353509856.92969
30353509856.92969
30353509856.92969
30353509856.92969
30353509856.92969
30353509856.92969
30353509856.92969
30353509856.92969
30353509856.92969
30353509856.92969
30353509856.92969
30353509856.92969
30353509856.92969
30353509856.92969
30353509856.92969
30353509856.92969
30353509856.92969
30353509856.92969
30353509856.92969
30353509856.92969
30353509856.92969
30353509856.92969
30353509856.92969
30353509856.92969
30353509856.92969
30353509856.92969
30353509856.92969
30353509856.92969
30353509856.92969
30353509856.92969
30353509856.92969
30353509856.92969
30353509856.92969
30353509856.92969
30353509856.92969
30353509856.92969
30353509856.92969
30353509856.92969
30353509856.92969
30353509856.92969
30353509856.92969
30353509856.92969
30353509856.92969
30353509856.92969
30353509856.92969
30353509856.92969
30353509856.92969
30353509856.92969
30353509856.92969
30353509856.92969
30353509856.92969
30353509856.92969
30353509856.92969
30353509856.92969
30353509856.92969
30353509856.92969
30353509856.92969
30353509856.92969
30353509856.92969
30353509856.92969
30353509856.92969
30353509856.92969
30353509856.92969
30353509856.92969
30353509856.92969
30353509856.92969
30353509856.92969
30353509856.92969
30353509856.92969
30353509856.92969
30353509856.92969
30353509856.92969
30353509856.92969
30353509856.92969
30353509856.92969
30353509856.92969
30353509856.92969
30353509856.92969
30353509856.92969
30353509856.92969
30353509856.92969
30353509856.92969
30353509856.92969
30353509856.92969
30353509856.92969
30353509856.92969
30353509856.92969
30353509856.92969
30353509856.92969
30353509856.92969
30353509856.92969
30353509856.92969
30353509856.92969
30353509856.92969
30353509856.92969
30353509856.92969
30353509856.92969
30353509856.92969
30353509856.92969
30353509856.92969
30353509856.92969
30353509856.92969
30353509856.92969
30353509856.92969
30353509856.92969
30353509856.92969
30353509856.92969
30353509856.92969
30353509856.92969
