1080062.496
2442228.8460944854
2461331.5884590396
2480409.889373682
2499476.7907416346
2518533.9230961935
2537582.4120121086
2556623.1591266906
2575656.892272581
2594684.2020138674
2613705.570751866
2632721.3959076004
2651732.0083378945
2670737.6869247872
2689738.6700998736
2708735.164918008
2727727.3541774023
2746715.401983794
2765699.458079227
2784679.661191683
2803656.1416106937
2822629.0231526135
2841598.424645955
2860564.461041052
2879527.2442264985
2898486.8836176326
2917443.486569402
2936397.1586543387
2955348.0038383733
2974296.124579313
2993241.621868716
3012184.595232599
3031125.142702558
3050063.3607677207
3068999.344314266
3087933.1865576175
3106864.978972982
3125794.811225561
3144722.771104291
3163648.944459742
3182573.415147945
3201496.264980925
3220417.573683326
3239337.4188576275
3258255.8759547356
3277173.0182532896
3296088.916844998
3315003.640626656
3333917.2562987497
3352829.828369295
3371741.4191644066
3390652.0888424134
3409561.89541444
3428470.894767703
3447379.1406938834
3466286.684920351
3485193.5771452687
3504099.8650747263
3523005.594462982
3541910.8091544984
3560815.5511282687
3579719.860543178
3598623.775785067
3617527.333515013
3636430.568717462
3655333.5147508634
3674236.2033961094
3693138.6649076487
3712040.9280628473
3730943.0202145055
3749844.967335346
3768746.79407211
3787648.523794592
3806550.1786401435
3825451.7795652766
3844353.346389119
3863254.897842243
3882156.4516097894
3901058.0243764515
3919959.6318692556
3938861.2889000084
3957763.009405536
3976664.8064871524
3995566.6924510435
4014468.678843698
4033370.776489204
4052272.9955245294
4071175.3454328524
4090077.8350766227
4108980.472729648
4127883.2661065445
4146786.2223929944
4164722.9129376165
4182717.0408313377
4200734.164650291
4218770.736193072
4236822.656400346
4254887.735144501
4272964.124608139
4291050.435073789
4309145.619392894
4327248.886669724
4345359.637732376
4363477.416873046
4381601.87574447
4399732.746345785
4417869.820805246
4436012.936249466
4454161.96347794
4472316.798486751
4490477.356123899
4508643.565341368
4526815.365641212
4544992.704417993
4563175.534968976
4581363.815007079
4599557.505548767
4617756.570083083
4635960.973950915
4654170.6838817755
4672385.667649092
4690605.89381203
4708831.331525395
4727061.950397209
4745297.720384466
4763538.611715407
4781784.594833582
4800035.640355821
4818291.719043515
4836552.801780795
4854818.859560263
4873089.863473061
4891365.7847018065
4909646.594517441
4927932.264277161
4946222.765423368
4964518.069484795
4982818.148077496
5001122.972906286
5019432.515767237
5037746.748549873
5056065.643239423
5074389.171919845
5092717.306775938
5111050.020096226
5129387.28427543
5147729.071817515
5166075.355337065
5184426.10756294
5202781.301339833
5221140.90963061
5239504.905519368
5257873.262211988
5276245.953040052
5294622.951460955
5313004.231061381
5331389.765558057
5349779.528799823
5368173.494769635
5386571.637585498
5404973.931502406
5423380.350913627
5441790.870352497
5460205.464492568
5478624.10815035
5497046.776285483
5515473.444002198
5533904.08655022
5552338.679325665
5570777.197872488
5589219.617882615
5607665.915197567
5626116.065808353
5644570.045856802
5663027.831636265
5681489.39959154
5699954.726320484
5718423.78857315
5736896.563253947
5755373.027420208
5773853.158284469
5792336.933213191
5810824.329728119
5829315.325505852
5847809.898378499
5866308.026333609
5884809.687514732
5903314.860220749
5921823.522906788
5940335.654183966
5958851.232818489
5977370.237733792
5995892.648008081
6014418.442875408
6032947.601726579
6051480.104106225
6070015.929715245
6088555.058410042
6107097.470200983
