16.07785980140148
16.10379685696835
16.128061173427934
16.15087554818508
16.17248643284773
16.193108147891788
16.212920428958252
16.232073298832567
16.2506920927244
16.26888171032321
16.28673010592083
16.30431114343884
16.321686936153217
16.33890976966709
16.35602368731524
16.373065801412498
16.390067381179374
16.407054758184046
16.4240500821959
16.44107195402435
16.45813595687427
16.4752551037178
16.492440214951134
16.509700238005998
16.52704251849049
16.54447303073916
16.561996574277217
16.579616941584614
16.59733706163266
16.61515912291763
16.633084679101856
16.651114739866856
16.669249849165467
16.68749015271331
16.70583545627352
16.72428527604799
16.74283888228983
16.76149533708334
16.780253527098374
16.799112192006845
16.818069949150523
16.837125314964233
16.856276723587627
16.875522543038386
16.894861089267376
16.914290638373668
16.933809437218397
16.95341571264556
16.973107141313918
16.992883001866378
17.012740973871423
17.032679274319474
17.052696130922325
17.072789786043973
17.092958500098117
17.113200554487445
17.133514254145606
17.15389792973597
17.174349939554176
17.194868671176405
17.215452542890365
17.236100004941754
17.25680954062505
17.277579667244606
17.298409261687013
17.319295920148353
17.340239288645343
17.36123766270867
17.382289749824324
17.403394288379413
17.42455005428839
17.44575586259294
17.4670105682288
17.488313066666368
17.50966229455433
17.53105723039595
17.552496895268707
17.57398035359545
17.595506713973737
17.617075130070265
17.63868480158589
17.660334975298262
17.682025963208147
17.703755097982796
17.725522770054436
17.747328426692917
17.769171568821083
17.791051752640904
17.812968591378166
17.834921757151324
17.85691098297001
17.878936064869496
17.90099686418727
17.92309330998854
17.94522540164698
17.967393211588035
17.98959688820181
18.01183665893286
18.034112833554865
18.056425807638163
18.078776066218225
18.101164187674033
18.123590847825323
18.1460568242581
18.168563000888085
18.191110372772492
18.21370005118076
18.236333268935073
18.259011386032665
18.28173589556156
18.304508429922535
18.327330767370366
18.35020483888795
18.37313273540763
18.396116715394534
18.419159212807305
18.44226284545247
18.465430423749133
18.488664959921635
18.51196967763806
18.535348022114114
18.55880367070147
18.58234054398176
18.60596281738713
18.629674933370037
18.65348161414499
18.67738787502698
18.70139903839085
18.725520748278573
18.7497589856807
18.774120084520586
18.798610748370656
18.823238067930763
18.848009539300485
18.872933083078003
18.89801706431931
18.923270313393473
18.948702147769964
18.974322394776166
19.00014141536461
19.026170128930005
19.052420039218674
19.078903261373824
19.105632550161662
19.132621329425337
19.159883722814193
19.18743458583922
19.215289539305026
19.243465004172137
19.27197823790395
19.30084737235488
19.33009145325755
19.35973048136882
19.389785455336195
19.42027841634676
19.451232494624453
19.482671957840243
19.514622261504528
19.547110101408965
19.580163468189394
19.61381170408072
19.64808556193657
19.68301726658686
19.718640578607864
19.754990860579287
19.792105145902532
19.83002221025549
19.86878264575755
19.908428937917588
19.949005545436833
19.9905589829356
20.033137906670603
20.07679320330537
20.121578081792656
20.167548168420787
20.214761605070624
20.26327915072026
20.313164286225774
20.364483322394722
20.417305511354787
20.471703161205475
20.527751753921088
20.585530066452478
20.64512029495052
20.706608182005226
20.77008314676195
20.835638417738714
20.903371168125407
20.973382653296273
21.045778350211588
21.12066809832
21.198166241500484
21.278391770500395
21.361468465232655
21.447525036188605
21.536695264103585
21.629118136876336
21.7249379825901
21.82430459731126
15.870469312430016
15.901983183554451
15.932114569850198
15.960935731507483
15.988591801146622
16.01522620505636
16.040967917982226
16.065930809839053
16.09021509277326
16.113908968398302
16.13709013401258
16.159827104801415
16.182180364205607
16.204203362948913
16.22594338659572
16.24744230934546
16.268737249514235
16.289861140089613
16.310843225915875
16.331709497469753
16.352483069799327
16.373184514000826
16.39383214757579
16.414442289124736
16.435029482072352
16.455606691467484
16.47618547734211
16.496776147635106
16.517387893276673
16.538028907677223
16.558706492563527
16.579427151845664
16.600196674976154
16.621020211070988
16.64190233489789
16.662847105694834
16.683858119659348
16.704938556843064
16.726091223094308
16.747318587612217
16.76862281660648
16.790005803497266
16.811469196037613
16.833014420695026
16.854642704589562
16.876355095250755
16.898152478425892
16.9200355941451
16.94200505122581
16.96406134037842
16.986204846057277
17.00843585718506
17.03075410830725
17.053160658639673
17.075655100358382
17.098237428743687
17.120907583855487
17.14366545651474
17.16651089373996
17.189443703695286
17.21246366019645
17.235570506817954
17.258763960639033
17.282043715663537
17.305409445944584
17.328860808442364
17.352397445640698
17.376018987945233
17.399725055884552
17.423515262133126
17.447389213373274
17.471346512012246
17.49538675776849
17.519509549140484
17.54371448476985
17.56800116471001
17.592369191610246
17.61681817182461
17.64134771645404
17.665957442329496
17.690646972943746
17.715415939337962
17.740263980949763
17.765190746428598
17.790195894423334
17.815279094347925
17.84044002712916
17.865678385941617
17.890993876933564
17.91638621994834
17.941855149244553
17.967400414219235
17.99302178013724
18.01871902887021
18.044491959648834
18.070340389831095
18.09626415569021
18.122263113224733
18.148337138994545
18.17448613098522
18.200710009504174
18.22700871811133
18.253382224587426
18.27983052194319
18.3063536294721
18.33295159385021
18.359624490286
18.386373463308182
18.41319553016622
18.44009504810653
18.467069058703572
18.494118850030024
18.52124469587055
18.548446908275597
18.575725839236515
18.603081882442748
18.63051547512597
18.65802709999565
18.68561728727059
18.713286616811086
18.741035720357086
18.76886528387716
18.79677605003376
18.824768820770657
18.85284446002827
18.881003896593004
18.909248127087285
18.937578219106676
18.965995314511623
18.994500632880694
19.023095475133328
19.051781227330217
19.08055936465957
19.10943145561825
19.138399166397214
19.167464265480685
19.196628628469533
19.225894243139358
19.25526321474472
19.284737771580968
19.314320270816328
19.344013204606878
19.373819206508156
19.403741058197713
19.433781696523173
19.463944220891914
19.494231901018626
19.524648185047795
19.555196708069765
19.585881301048754
19.616706000183335
19.64767505672018
19.678792947242865
19.71006438445939
19.741494328512236
19.77308799883675
19.80485088659466
19.836788767711024
19.868907716544083
19.90121412021917
19.9337146936598
19.966416495349854
19.999326943863533
20.03245383520078
20.06580536096879
20.099390127450906
20.13321717560807
20.167296002059107
20.20163658108863
20.23624938773485
20.27114542201098
20.30633623431808
20.34183395210895
20.377651307866824
20.41380166846586
20.450299065982957
20.48715823003568
20.524394621723957
20.562024469257427
20.60006480535545
20.63853350651027
20.677449334209786
20.716831978220647
20.756702102038307
20.797081390616345
20.837992600492914
20.879459612438858
20.921507486758735
20.964162521382484
21.007452312893623
21.05140582064631
21.096053434132994
21.14142704377202
21.187560115293195
21.23448776790963
21.28224685647259
21.330876057816695
21.380415961513307
21.430909165260495
