1210073.9985288
1197860.1793218693
1196949.338750335
1196485.5644416385
1196229.8259439715
1196058.6769751338
1195908.2606429982
1195746.0967721248
1195556.229967875
1195331.406251613
1195068.952694057
1194768.6090912465
1194431.3891773855
1194058.9851812993
1193653.4594651812
1193217.088212316
1192752.2860766945
1192261.5744620548
1191747.5739397919
1191213.0107730469
1190660.732561195
1190093.7307524832
1189515.169302621
1188928.419676821
1188337.1030137795
1187745.1407771949
1187156.815703068
1186576.8453849407
1186010.471462869
1185463.5681360168
1184942.7746328767
1184455.6573653903
1184010.9087570028
1183618.5911085382
1183290.4351715338
1183040.2039309964
1182884.1289931566
1182841.446539243
1182934.9681763009
1183191.7579529718
1183643.7649276794
1184328.2955633528
1185288.0150339664
1186569.9185462527
1188222.3272768967
1190288.483342712
1192794.994705222
1195733.9278557259
1199040.0823374523
1202571.0326680443
1206104.9255988593
1209371.4295367703
1212114.8776553033
1214161.9019521398
1215456.2848847485
1216046.7435026558
1216045.1206187857
1215582.939636409
1214782.3521873157
1213743.2597680762
1212541.2952401314
1211230.9902127679
1209850.4545233399
1208425.7994381017
1206974.69783039
1205509.0272143006
1204036.7441166886
1202563.1767104235
1201091.901189581
1199625.3891107554
1198165.2636326395
1196712.5496934385
1195268.0338766868
1193832.263153032
1192405.7461774286
1190988.766914097
1189581.5469152997
1188184.262922381
1186797.059149607
1185420.0556874794
1184053.3542348372
1182697.0420095176
1181351.1944262274
1180015.8769441082
1178691.1463576984
1177377.0517156706
1176073.6349908358
1174780.9315844458
1173498.9707194022
1172227.7757590467
1170967.364474864
1169717.7492819543
1168478.9374455973
1167250.9312746618
1166033.7282996667
1164827.3214407947
1163631.6991673277
1162446.845649587
1161272.7409041112
1160109.3609326035
1158956.6778548744
1157814.660036069
1156683.2722083032
1155562.47558691
1154452.227981456
1153352.483901571
1152263.1946578745
1151184.3084581343
1150115.770498827
1149057.5230522724
1148009.505549599
1146971.6546597944
1145943.904364841
1144926.1860315409
1143918.4284798775
1142920.5580483514
1141932.4986564948
1140954.1718647843
1139985.4969321098
1139026.390871089
1138076.7685014615
1137136.5425016761
1136205.6234589347
1135283.9199178624
1134371.3384279897
1133467.7835902402
1132573.1581024898
1131687.3628045092
1130810.2967222698
1129941.8571118356
1129081.9395029587
1128230.4377424405
1127387.2440374177
1126552.248998592
1125725.341683589
1124906.4096403923
1124095.3389510275
1123292.014275493
1122496.3188959288
1121708.1347612315
1120927.3425319502
1120153.8216255817
1119387.450262323
1118628.1055111396
1117875.6633363494
1117129.998644536
1116390.98533186
1115658.4963318342
1114932.4036633433
1114212.5784790902
1113498.8911143262
1112791.2111358147
1112089.4073911088
1111393.348057935
1110702.9006939186
1110017.9322861116
1109338.3093009514
1108663.8977339815
1107994.5631596062
1107330.1707808243
1106670.5854788462
1106015.6718623056
1105365.2943165896
1104719.3170524975
1104077.604154827
1103440.019630423
1102806.4274557547
1102176.6916240982
1101550.676191863
1100928.2453246908
1100309.2633424867
1099693.5947638862
1099081.10435002
1098471.657147133
1097865.1185287056
1097261.3542361332
1096660.230418997
1096061.613673497
1095465.3710807264
1094871.3702429065
1094279.4793189042
1093689.5670585202
1093101.5028351143
1092515.1566773304
1091930.3992991275
1091347.1021284827
1090765.1373345072
1090184.3778533284
1089604.697412088
1089025.9705514302
1088448.0585062993
1087870.8799493772
1087294.2695061543
1086718.119335214
1086142.3083228664
1085566.7162683047
1084991.2238934818
1084415.7128511611
1083840.0657311485
1083264.1660644726
