146.25640856577658
147.7129940051378
150.4749944667525
153.90871027820086
157.76178197579432
161.83835023157152
165.95480968411172
169.95309669883648
173.7161978410323
177.17192403219812
180.2865177417519
183.0542774279125
185.48775361360507
187.6102150018011
189.45039503740819
191.03900033914746
192.40646926726743
193.58160246341112
194.59080092568172
195.45772165920158
196.20321027127574
196.84540650463018
197.39994800068166
197.88022100589657
198.29762467403077
198.66182865355083
198.9810126427482
199.26208249956005
199.51086118942914
199.73225503638636
199.9303969354774
200.10876875217943
200.27030531633923
200.41748238475563
200.5523907899286
200.67679877981385
200.7922043241688
200.89987893356107
201.00090432481971
201.09620307409153
201.18656422613208
201.27266468141636
201.35508705133986
201.4343345648749
201.51084351323664
201.58499364196672
201.65711683169275
201.72750435325875
201.79641293544006
201.86406984355682
201.93067713475915
201.99641522750133
202.06144590011394
202.12591481375662
202.18995363959777
202.2536818553665
202.3172082668008
202.3806322996862
202.44404509962746
202.50753047229284
202.57116568849702
202.63502217820383
202.69916612902776
202.76365900643333
202.82855800653536
202.8939164527309
202.95978414469104
203.02620766649818
203.0932306606577
203.16089407193834
203.22923636661372
203.29829372908554
203.36810023992035
203.4386880374834
203.51008746481864
203.58232720385706
203.6554343988289
203.72943476919036
203.80435271394083
203.88021140790596
203.95703289068263
204.0348381492188
204.11364719435812
204.19347913193832
204.2743522290644
204.35628397549337
204.43929114106209
204.52338982910516
204.6085955260086
204.6949231477284
204.78238708304693
204.87100123358042
204.96077905139126
205.05173357367528
205.14387745543087
205.2372229993257
205.3317821836576
205.4275666885474
205.52458791972813
205.6228570306635
205.7223849432311
205.82318236649698
205.9252598139601
206.02862761955674
206.13329595198798
206.23927482801423
206.3465741243555
206.45520358829071
206.56517284738746
206.67649141780973
206.7891687118752
206.90321404441343
207.0186366381728
207.1354456282307
207.25365006567642
207.37325892012748
207.49428108157971
207.61672536125147
207.74060049161682
207.86591512558442
207.9926778348159
208.1208971071455
208.25058134328216
208.3817388523974
208.51437784715637
208.6485064375031
208.78413262371296
208.9212642883523
209.05990918745363
209.2000749403374
209.34176901860457
209.4849987338305
209.6297712240762
209.77609343919056
209.92397212455856
210.07341380361595
210.2244247585716
210.37701100971233
210.5311782926507
210.68693203377813
210.84427732363451
211.00321888791862
211.1637610560883
211.3259077272484
211.4896623331634
211.65502779803379
211.8220064948279
211.990600197785
212.16081003075817
212.33263641089232
212.01208927454138
211.75580042387355
211.57127413494305
211.4525038766014
211.389292670799
211.3711824097667
211.38892405261066
211.43486447342386
211.50309927698257
211.58875805478797
211.68799133185115
211.79788369232944
211.91621674915535
212.0412945734262
212.17181431207806
212.30676980508431
212.44537946859876
212.587032114114
212.7312460778997
212.87763826008643
213.02590056184573
213.17578185828597
213.32707412104548
213.47960165518285
213.6332126736129
213.78777262351832
213.94315882058828
214.09925605151005
214.2559528823454
214.4131384673012
214.57069969363428
214.72851852804317
214.8864694503592
215.0444168734526
215.2022124555134
215.35969221276034
215.51667333789823
215.67295062218878
215.82829236668692
215.98243565045226
216.1350807996198
216.2858848696713
216.43445391252664
216.58033374773922
216.72299888998134
216.86183919925085
216.99614371013317
217.125080955304
217.24767491661714
