14.166
41.22510551104083
41.167164934819496
41.11257136832746
41.048503179030945
40.95283393912244
40.80080284609148
40.57469584140334
40.26847953890387
39.88653426884896
39.44068148943744
38.9478986098955
38.42840469137921
37.90335878102529
37.39228254919547
36.91092244557553
36.47013253177315
36.07585716494094
35.72989260194206
35.43098945050374
35.17594995553781
34.9605329091961
34.78011021122481
34.63009522425519
34.50619293621758
34.404524918013415
34.32167325640002
34.254675935817794
34.20099581644228
34.15847730643536
34.12529926428155
34.099928997012626
34.08107977825437
34.06767301339557
34.05880528570063
34.05372007329746
34.05178375902345
34.052465399883346
34.05531976552353
34.05997317931867
34.06611169354995
34.073471269727165
34.08182957520015
34.090999196106246
34.100821963413644
34.11116424464494
34.12191301265243
34.13297257294932
34.144261833305144
34.15571201686474
34.16726475414489
34.17887047875111
34.19048708478552
34.20207879483259
34.213615220219
34.22507054809585
34.23642286835763
34.247653609456876
34.258747040788435
34.26968988238901
34.28047092731831
34.29108077966465
34.301511568969005
34.31175676074631
34.32181095544351
34.331669736591635
34.341329539068916
34.35078752419556
34.360041493574535
34.369089783942655
34.377931217665214
34.38656501685478
34.394990759088046
34.40320833389036
34.411217891808846
34.41901980817199
34.426614666664356
34.434003215985605
34.44118635581154
34.448165115366514
34.454940631562515
34.46151413873773
34.46788695284423
34.47406045905992
34.48003610774435
34.48581539476277
34.49139986408423
34.496791098369535
34.50199070429113
34.50700032138915
34.51182161523272
34.51645626149185
34.52090595770534
34.52517240702114
34.52925733422968
34.53316246169675
34.53688951766101
34.54044024812183
34.54381639380875
34.54701969441604
34.55005190172268
34.55291476524524
34.555610032120704
34.55813945704866
34.56050478793759
34.56270777980668
34.56475018830333
34.566633763659944
34.56836026646368
34.56993144920355
34.57134907461368
34.57261490552585
34.57373070726686
34.574698244812375
34.575519296339564
34.57619563724981
34.576729055227936
34.577121342280584
34.57737429909906
34.577489736025804
34.57746947404984
34.57731534218146
34.57702919024057
34.57661287138749
34.576068269706305
34.57539727582523
34.57460180419775
34.57368378460812
34.572645182562276
34.57148797529605
34.5702141769688
34.56882582811474
34.567325001268735
34.565713810987056
34.56399439933285
34.56216896092011
34.56023972299517
34.558208975759435
34.556079049238825
34.55385233316518
34.55153128286317
34.54911841473933
34.5466163176152
34.544027653981956
34.5413551721904
34.53860170597456
34.53577018650857
34.53286364782316
34.529885238328255
34.526838218935616
34.27964502428278
34.30754594683399
34.32852635064265
34.34364395749318
34.35401003808993
34.36061486732919
34.36427845771587
34.36565388172738
34.36997751966255
34.373705706043005
34.37527830035411
34.37519285122191
34.37382202950933
34.37144719197283
34.36828243329485
34.364491904842176
34.360202444256586
34.35551288489046
34.350500960619385
34.34522846229295
34.3397451369186
34.33409163966768
34.32830178875903
34.32240430485625
34.316424162451995
34.31038365546205
34.30430325273781
34.298202294115185
34.292099556691284
34.28601376402852
34.2799640237498
34.273970230406356
34.26805345975108
34.26223634528378
34.25654348677749
34.251001866728735
34.245641310871406
34.24049500244517
34.23560007083071
34.23099825167467
34.22673667284212
34.22286875880579
34.21945530411905
34.21656576605932
34.214279783334405
34.21268904715734
34.21189952260654
34.21203421802353
34.21323656495899
