-3.488011347605869
-3.489659879009973
-3.489456107538659
-3.4889625926295356
-3.4884386929178404
-3.4879262254014196
-3.487428039540487
-3.486941070245304
-3.4864621984796083
-3.4859890344082043
-3.4855198395351468
-3.4850533596703115
-3.484588689551948
-3.4841251752071716
-3.4836623446320494
-3.4831998582852193
-3.482737473406013
-3.482275018093891
-3.4818123723690344
-3.4813494542822645
-3.4808862097053095
-3.4804226048196343
-3.4799586205900015
-3.479494248700743
-3.4790294885705335
-3.478564345161633
-3.4780988273740423
-3.4776329468690053
-3.477166717207548
-3.47670015321893
-3.4762332705368757
-3.4757660852577343
-3.475298613686868
-3.474830872148692
-3.4743628768426933
-3.473894643732175
-3.473426188456487
-3.472957526259871
-3.4724886719321963
-3.472019639757814
-3.471550443470365
-3.47108109621156
-3.4706116104927283
-3.4701419981582733
-3.469672270350492
-3.4692024374751886
-3.4687325091679444
-3.4682624942608125
-3.467792400749277
-3.4673222357595077
-3.4668520055158454
-3.4663817153084504
-3.4659113694613572
-3.4654409713007097
-3.4649705231234442
-3.4645000261663967
-3.464029480575949
-3.463558885378301
-3.463088238450455
-3.462617536492016
-3.4621467749979553
-3.461675948232465
-3.4612050492039006
-3.460734069641145
-3.4602629999713677
-3.459791829299422
-3.459320545388898
-3.458849134645168
-3.458377582100357
-3.4579058714005537
-3.4574339847953626
-3.456961903129869
-3.456489605839301
-3.456017070946461
-3.455544275062008
-3.4550711933879135
-3.454597799724006
-3.4541240664778856
-3.4536499646782883
-3.45317546399197
-3.4527005327442617
-3.4522251379433735
-3.4517492453084735
-3.4512728193017073
-3.4507958231641034
-3.4503182189554344
-3.4498399675980838
-3.4493610289248497
-3.4488813617307144
-3.448400923828499
-3.447919672108397
-3.4474375626012015
-3.446954550545251
-3.4464705904568476
-3.445985636204072
-3.445499641083799
-3.445012557901712
-3.444524339055127
-3.4440349366183667
-3.443544302430452
-3.443052388184816
-3.442559145520769
-3.442064526116408
-3.4415684817826246
-3.4410709645579143
-3.4405719268036195
-3.4400713212992455
-3.4395691013375194
-3.439065220818798
-3.43855963434446
-3.438052297308932
-3.43754316598999
-3.4370321976369214
-3.4365193505562637
-3.4360045841947677
-3.4354878592191653
-3.4349691375925846
-3.4344483826471692
-3.43392555915268
-3.4334006333808524
-3.4328735731651894
-3.43234434795606
-3.431812928870852
-3.4312792887390398
-3.4307434021420464
-3.430205245447766
-3.42966479683965
-3.429122036340354
-3.4285769458298962
-3.4280295090582964
-3.427479711652777
-3.4269275411195506
-3.426372986840289
-3.425816040063353
-3.4252566938899673
-3.4246949432554117
-3.424130784905471
-3.4235642173682987
-3.422995240921895
-3.4224238575574164
-3.4218500709385964
-3.421273886357455
-3.420695310686587
-3.4201143523282993
-3.4195310211608247
-3.4189453284819433
-3.418357286950197
-3.4177669105240684
-3.417174214399327
-3.4165792149448095
-3.4159819296369704
-3.4153823769933678
-3.4147805765053962
-3.414176548570519
-3.413570808137627
-3.412961897462168
-3.41235131510162
-3.411738597511996
-3.41112376543589
-3.410506843417783
-3.4098878563626887
-3.4092668295113477
-3.408643788398978
-3.408018758801526
-3.4073917666786993
-3.406762838116854
-3.4061319992727643
-3.4054992763188237
-3.4048646953900454
-3.4042282825328907
-3.403590063656143
-3.402950064483817
-3.40230831051021
-3.40166482695709
-3.401019638733099
-3.4003727703953315
-3.3997242461131907
-3.3990740896344414
-3.3984223242535183
-3.397768972782048
-3.3971140575216414
-3.396457600238891
-3.3957996221425404
-3.3951401438628803
-3.394479185433291
-3.393816766273919
-3.3931529051774687
-3.392487620297106
-3.391820929136367
-3.391152848541127
-3.390483394693551
-3.3898125831079846
-3.3891404286287785
-3.3884669454300287
-3.3877921470170773
-3.387116046229953
-3.3864386552484653
-3.3857599855991367
-3.385080048163784
