6.409095881934595
6.0801968261702255
5.941705515282297
5.900016796024525
5.897684919877656
5.910491817921074
5.928994919454344
5.949624273049971
5.971039883921606
5.992729592890917
6.014484227175036
6.036204744575787
6.057832732636585
6.079326035727082
6.100650569367713
6.121777759208256
6.142683819759674
6.163349555535387
6.18376024947094
6.203905510177579
6.223779051362033
6.243378407800351
6.262704600164132
6.281761762028422
10.27281643211808
10.301137047660252
10.314491443114914
10.32740864971719
10.339823993572933
10.351719416469086
10.363084933643796
10.373912492577848
10.384195091955664
10.39392680090108
10.40310294471817
10.411720313433152
10.419777354733363
10.427274336938577
10.434213475704581
10.440599021818727
10.446437309353568
10.451736764519534
10.456507876218696
10.460763129849383
10.464516906315929
10.467785225803205
10.47058604272126
10.472938436516825
