0.011438519947025754
0.011577008565761934
0.011690545847419055
0.01178029143937285
0.011851313096429209
0.01190815889058251
0.011954350134891364
0.011992532995735508
0.012024686279290838
0.012052290281998772
0.01207645333138322
0.01209800552618228
0.012117568400063705
0.012135606958706531
0.012152468708060212
0.012168413000219248
0.012183633125353852
0.012198272944911203
0.012212439406275345
0.012226211946400448
0.012239649545331096
0.012252796005807982
0.012265683895784207
0.012278337485018678
0.012290774926588734
0.01230300987304087
0.01231505267037308
0.01232691123768048
0.012338591713443809
0.012350098929110548
0.01236143675525041
0.012372608353991687
0.012383616362746933
0.01239446302772308
0.012405150300847467
0.012415679910124953
0.012426053410756146
0.01243627222236764
0.012446337656241691
0.012456250935365206
0.012466013209331911
0.012475625565563593
0.01248508903790004
0.01249440461330984
0.01250357323725709
0.012512595818104743
0.01252147323082468
0.01253020632020485
0.012538795903689224
0.012547242773944707
0.012555547701222481
0.012563711435561287
0.012571734708866055
0.012579618236885325
0.012587362721105333
0.01259496885057206
0.012602437303651032
0.01260976874973083
0.01261696385087562
0.012624023263430418
0.012630947639581799
0.012637737628876135
0.012644393879698125
0.012650917040709022
0.012657307762247846
0.012663566697694742
0.012669694504797878
0.012675691846964142
0.012681559394513596
0.01268729782589834
0.012692907828885177
0.012698390101702593
0.012703745354150654
0.012708974308675116
0.012714077701403667
0.012719056283144809
0.012723910820348672
0.01272864209602851
0.012733250910642719
0.012737738082936944
0.01274210445074434
0.012746350871744715
0.012750478224180477
0.012754487407529158
0.012758379343132186
0.012762154974778077
0.012765815269240002
0.012769361216767416
0.012772793831529837
0.012776114152013617
0.012779323241370134
0.012782422187715683
0.012785412104381753
0.012788294130116673
0.01279106942923715
0.012793739191730706
0.01279630463330766
0.012798766995404673
0.012801127545137559
0.012803387575206406
0.012805548403751015
0.012807611374158541
0.012809577854823976
0.012811449238863333
0.012813226943781056
0.012814912411092925
0.012816507105904262
0.012818012516446058
0.012819430153569279
0.012820761550198703
0.01282200826074841
0.012823171860499756
0.012824253944943242
0.01282525612908655
0.012826180046729842
0.012827027349710184
0.012827799707116712
0.01282849880447867
0.012829126342927506
0.012829684038335338
0.012830173620431278
0.012830596831897481
0.012830955427446857
0.012831251172883905
0.012831485844150798
0.012831661226360012
0.012831779112815701
0.012831841304025066
0.012831849606701504
0.01283180583276111
0.01283171179831417
0.012831569322653079
0.012831380227237763
0.012831146334680896
0.012830869467733246
0.012830551448271228
0.012830194096287396
0.012829799228885393
0.01282936865928038
0.012828904195806049
0.012828407640929324
0.0128278807902736
0.012827325431651689
0.012826743344109482
0.012826136296980708
0.012825506048953966
0.012824854347153254
0.01282418292623162
0.012823493507479791
0.012822787797950066
0.01282206748959553
0.012821334258426513
0.012820589763683362
0.012819835647027378
0.012819134026156063
0.012818303829711403
0.012817531166975045
0.01281675502791965
0.01281597694107772
0.012815198561996232
0.012814421448957418
0.012813647102862523
0.012812876985652196
0.0128121125280682
0.012811355132756143
0.01281060617532716
0.012809867004531041
0.012809138942050182
0.012808423282139042
0.012807721291207972
0.01280703420739579
0.012806363240149563
0.01280570956982052
0.012805074347279314
0.012804458693552675
0.012803863699481405
0.012803290425400812
0.012802739900842311
0.012802213124257516
0.012801711062763557
0.012801234651909561
0.012800784795464808
0.012800362365227426
0.012799968200853636
0.012799603109707538
0.012799267866730682
0.012798963214331228
0.012798689862292701
0.012798448487701392
0.012798239734892322
0.012798064215413692
0.012797922508009027
0.012797815158616546
0.012797742680385936
0.012797705553711677
0.012797704226282517
0.012797739113147313
0.012797810596795722
0.012797919027254967
