-40.43211649421154
-40.05364438488744
-39.69880258192429
-39.36696128607372
-39.056486136150816
-38.765713557294106
-38.493099777049984
-38.2372348607586
-37.99683495257852
-37.77073139499449
-37.55785994496122
-37.357250700435024
-37.16801886476565
-36.98935635823991
-36.82052424393241
-36.660845915873956
-36.50970098897922
-36.36651982761509
-36.230778650707315
-36.101995154371146
-35.9797245972388
-35.863556298329506
-35.753110502077625
-35.64803556976407
-35.54800546095939
-35.45271747260781
-35.36189020704046
-35.27526174349659
-35.19258799067517
-35.11364120045236
-35.03820862521537
-34.966091303308296
-34.897102958885235
-34.831069004053035
-34.76782563257856
-34.707218995665265
-34.64910445137634
-34.593345880236065
-34.5398150603698
-34.48839109628168
-34.43895989601304
-34.39141369199672
-34.34565060142606
-34.301574222400795
-34.25909326250743
-34.21812119683787
-34.17857595276124
-34.140379619035045
-34.10345851679891
-34.0677415915781
-34.033162223491686
-33.999656653283296
-33.96716412489623
-33.93562670189546
-33.904989096840566
-33.87519851255319
-33.846204494316524
-33.81795879212858
-33.79041523221165
-33.76352959705038
-33.73725951329673
-33.71156434693671
-33.68640510516788
-33.66174434448253
-33.637549469673104
-33.61377592579882
-33.59039998595598
-33.56738676209269
-33.54470523110112
-33.5223255860615
-33.50021908438112
-33.47835797604252
-33.45671544805821
-33.43526557413391
-33.41398326749009
-33.392844236338874
-33.37182494179178
-33.350902558031336
-33.330054934599346
-33.30926056066727
-33.28849853116243
-33.267748514635834
-33.24699033155893
-33.22620548453315
-33.205374800245295
-33.18447995165772
-33.16350304726289
-33.142426607409604
-33.121233541739166
-33.09990712768172
-33.07843098995627
-33.0567890810187
-33.03496566240531
-33.012945286923056
-32.99071278164031
-32.96825323163657
-32.94555196446949
-32.92259453532417
-32.89936671280785
-32.875854465359176
-32.85204394824079
-32.82792149108745
-32.80347358598258
-32.77868687603944
-32.75354814446315
-32.72804430407239
-32.70216238726074
-32.67588953637846
-32.649212994518415
-32.62212009668858
-32.59459826135703
-32.56663498235503
-32.53821782112499
-32.509334399302034
-32.47997239161684
-32.450119519110906
-32.41976354265329
-32.38889225675106
-32.35749348364543
-32.3255550676855
-32.29306486997403
-32.260010763278174
-32.2263806272003
-32.192162343603975
-32.15734379229017
-32.121912846920836
-32.08585737118501
-32.04916521520565
-32.0118242121841
-31.97382217527986
-31.935146894724262
-31.895786135166006
-31.855727633247756
-31.81495909541285
-31.773468195941373
-31.731242575214992
-31.688269838210946
-31.644537553224513
-31.600033250820626
-31.554744423014547
-31.508658522682175
-31.46176296320039
-31.414045118318118
-31.365492322258113
-31.316091870050652
-31.26583101809937
-31.214696984978843
-31.16267695246569
-31.109758066801966
-31.05592744019128
-31.001172152527467
-30.94547925335503
-30.88883576406033
-30.831228680292906
-30.77264497461426
-30.71307159937322
-30.652495489804643
-30.590903567348146
-30.528282743184125
-30.464619921982028
-30.399902005855978
-30.334115898522693
-30.267248509654518
-30.199286759420826
-30.130217583209202
-30.060027936518015
-29.988704800009575
-29.916235184713386
-29.842606137366957
-29.767804745881186
-29.691818144915768
-29.614633521548853
-29.536238121024184
-29.45661925255731
-29.375764295181202
-29.29366070361073
-29.210296014102713
-29.12565785028822
-29.039733928951666
-28.952512065729188
-28.863980180698256
-28.77412630382806
-28.68293858025892
-28.590405275376916
-28.496514779649274
-28.40125561318293
-28.304616429967833
-28.206586021765048
-28.107153321597053
-28.006307406796733
-27.904037501569096
-27.800332979018425
-27.695183362591766
-27.588578326887042
-27.480507697772847
-27.370961451765606
-27.25992971460586
-27.147402758975428
-27.03337100129414
-41.76075685325095
-41.43569088880953
-41.123916004516275
-40.826216448643585
-40.54213844952854
-40.27100687902306
-40.01213026424318
-39.76484230460982
-39.52851016471582
-39.30253566617742
-39.086354724724465
-38.87943620820358
-38.68128053353484
-38.491418128703444
-38.309407831259946
-38.13483527131191
-37.96731127266105
-37.806470295533444
-37.651968936767446
-37.5034844976476
-37.36071362535169
-37.22337103086426
-37.09118828395
-36.96391268416292
-36.841306205744885
-36.7231445135097
-36.60921604633132
-36.49932116458186
-36.393271357739856
-36.290888508377904
-36.1920042087995
-36.09645912671339
-36.00410241648526
-35.914791172679806
-35.82838992279491
-35.744770156278186
-35.66380988710971
-35.58539324742002
-35.50941010979359
-35.43575573608101
-35.364330450704486
-35.29503933659762
-35.22779195206063
-35.16250206694916
-35.09908741673759
-35.037469473111976
-34.977573229857335
-34.919327002897894
-34.862662243443374
-34.80751336327423
-34.753817571278255
-34.7015147204185
-34.650547504172195
-34.60085996079183
-34.55239939255453
-34.5051148819228
-34.45895752229057
-34.41388031364324
-34.36983806443707
-34.326787299282664
-34.284686172041376
-34.24349438396864
-34.20317310656636
-34.16368490882928
-34.12499368859516
-34.08706460773017
-34.04986403089819
-34.013359467683884
-33.97751951785364
-33.94231381955484
-33.907713000268345
-33.8736886303409
-33.84021317893776
-33.80725997226596
-33.77480315392867
-33.74281764728188
-33.71127911967185
-33.680163948441056
-33.64944918859733
-33.619112542048036
-33.58913232830714
-33.559487456590276
-33.53015739921664
-33.50112216624321
-33.472362281260644
-33.44385875828536
-33.4155930796862
-33.387547175086915
-33.35970340119158
-33.33204452248061
-33.30455369273064
-33.277214437312686
-33.250010636226364
-33.22292650783094
-33.19594659323487
-33.169055741309975
-33.1422390942955
-33.11548207396254
-33.08877036830771
-33.06208991874992
-33.03542690780245
-33.00876774719717
-32.98209906643648
-32.95540770175101
-32.92868068544308
-32.90190523559514
-32.875068746125336
-32.848158429725714
-32.82116304599916
-32.794069061099265
-32.76686553496173
-32.73954025029184
-32.71208146449901
-32.684477549560896
-32.656716984289204
-32.62878834681544
-32.600680307283554
-32.572381620739115
-32.543881120205214
-32.51516770993574
-32.486230358837325
-32.45705809405118
-32.42763999468715
-32.397965185702375
-32.36802283191686
-32.3378021321599
-32.30729231353979
-32.276482625831285
-32.24536233597527
-32.21392072268329
-32.182147071144
-32.15003066782417
-32.11756079536104
-32.08472672754033
-32.051517724356266
-32.017923027148925
-31.9839318538152
-31.949533394089485
-31.914716804890883
-31.879471205732507
-31.8437856741913
-31.80764924143345
-31.771050887794225
-31.733979538407844
-31.696424058886315
-31.65837325104349
-31.619815848662977
-31.58074051330679
-31.541135830163665
-31.500990303933957
-31.46029235475022
-31.419030314131053
-31.377192420966875
-31.334766817536078
-31.291741545549662
-31.248104542223658
-31.203843636377275
-31.15894654455609
-31.113400867178665
-31.067194084706035
-31.020313553832224
-30.97274650369523
-30.924480032108022
-30.875501101807036
-30.825796536719075
-30.77535301824439
-30.72415708155555
-30.67219511191137
-30.619453340984364
-30.5659178432013
-30.511574532095857
-30.456409156671906
-30.4004072977768
-30.343554364483396
-30.285835590479067
-30.227236030461096
-30.167740556536163
-30.10733385462303
-30.046000420855798
-29.9837245579863
-29.920490371782954
-29.85628176742398
-29.791082445881884
-29.724875900296123
-29.657645412330563
-29.58937404851204
-29.520044656545622
-29.449639861601835
-29.378142062570724
-29.30553342827686
-29.231795893648993
-29.156911155837285
-29.08086067027023
-29.003625646642483
-28.925187044824497
-28.845525570683332
-28.764621671802836
-28.682455533091115
-28.599007072260985
