1.5
1.4943107906459423
1.4918958673682892
1.4905937002769396
1.4898767091937533
1.4894688760334855
1.489224569500343
1.4890669307242888
1.4889553962186923
1.4888685645634374
1.4887951537527464
1.488729227003542
1.4886676714037965
1.4886088659662242
1.4885519778179421
1.488496590203365
1.4884425058131747
1.4883896427773522
1.4883379796462313
1.48828752627673
1.4882383084214805
1.4881903595688664
1.488143716621733
1.4880984176098648
1.4880545004815153
1.4880120024690975
1.4879709597622628
1.4879314073477492
1.4878933789422844
1.4878569069803982
1.4878220226379537
1.4877887558823981
1.4877571355460872
1.487727189421461
1.4876989443794615
1.4876724265068477
1.487647658840525
1.4876246723499296
1.487603487608643
1.4875841292361474
1.487566621362984
1.4875509871878887
1.487537247828931
1.4875254199063481
1.4875155109751566
1.4875075115325163
1.4875013820868606
1.4874970342811948
1.4874943074228113
1.4874929471328941
1.4874926002759765
1.4874928437431552
1.4874932542100503
1.4874935004941159
1.487493420289476
1.4874930354946119
1.4874925339020917
1.4874921952809368
1.4874923298657432
1.487493230542924
1.4874951464853554
1.487498274205962
1.4875027594739112
1.487508704502926
1.4875161767052918
1.4875252169709263
1.487535846644354
1.4875480730069948
1.4875618933952226
1.4875777798536434
1.4875950151361048
1.4876137678543466
1.487633463165373
1.4876548382230737
1.4876777918435045
1.4877022590792683
1.487728193801679
1.4877555599747838
1.4877843269960485
1.487814467215211
1.48784595462004
1.487878764146508
1.4879128713224947
1.487948252089084
1.4879848827159214
1.4880227397659356
1.4880618000854973
1.4881020408072951
1.488143439359119
1.4881859734749199
1.48822962120655
1.4882743609345617
1.4883201713783143
1.48836703160473
1.4884149210357214
1.4884638194542703
1.4885137070091812
1.4885645642185472
1.4886163719720011
1.4886691115317927
1.4887227645327685
1.4887773129813218
1.4888327392533673
1.4888890260914147
1.4889461566008095
1.4890041142451937
1.4890628828412562
1.4891224465528419
1.489182789884459
1.4892438976742628
1.4893057550865643
1.4893683476039155
1.4894316610188307
1.4894956814251878
1.489560395209363
1.489625789041146
1.489691849864472
1.489758564888029
1.4898259215757619
1.4898939076373294
1.4899625110185404
1.490031719891801
1.4901015226466243
1.49017190788021
1.490242864388139
1.4903143811552044
1.4903864473464132
1.4904590522981713
1.4905321855096823
1.4906058366345847
1.4906799954728378
1.4907546519628951
1.4908297961741523
1.4909054182997181
1.490981508649508
1.4910580576436743
1.4911350558063923
1.491212493760014
1.4912903622195957
1.4913686519878195
1.4914473539503097
1.4915264590713595
1.4916059583900756
1.491685843016939
1.4917661041308077
1.4918467329763452
1.4919277208618988
1.4920090591578146
1.4920907392952112
1.4921727527651976
1.4922550911185546
1.4923377459658502
1.4924207089780455
1.4925039718875193
1.4925875264895725
1.4926713646443648
1.4927554782793147
1.4928398593919359
1.492924500053113
1.4930093924108119
1.493094528694225
1.4931799012183187
1.4932655023888117
1.493351324707533
1.49343736077819
1.4935236033125028
1.4936100451367087
1.4936966791984223
1.493783498573823
1.4938704964751808
1.493957666258671
1.4940450014324893
1.4941324956652309
1.4942201427945192
1.494307936835874
1.4943958719917654
1.4944839426608918
1.4945721434475723
1.4946604691713303
1.494748914876558
1.49483747584228
1.4949261475919982
1.4950149259035534
1.4951038068190183
1.4951927866545747
1.4952818620103467
1.4953710297801628
1.4954602871612421
1.4955496316637493
1.4956390611201962
1.4957285736982466
1.495818167894755
1.4959078425682208
1.495997596931081
1.496087430561674
1.4961773434126746
1.4962673358187437
1.4963574085038451
1.4964475625882174
1.496537799594964
