9.453694695323762
10.663598400544204
11.836230443710107
12.96648580537452
14.050769093079872
15.086634515090012
16.072596118132566
17.007985852048517
17.892834053374525
18.727767374239438
19.513920399694825
20.252856319405304
20.94649230811838
21.597026627024945
22.20686627417364
22.77855574681125
23.314708755199156
23.81794535048083
24.290836884028458
24.735860639239476
25.1553650957607
25.551545842232407
25.926431340469104
26.281877174273177
26.619567117408437
26.94101930500851
27.24759590900921
27.54051495239914
27.820863167751742
28.089609079780534
28.34761573277477
28.59565269433016
28.8344070913078
29.06449362972298
29.28646352503447
29.500812404551542
29.707987242828178
29.908392414055715
30.10239495234381
30.290329110765978
30.472500305759812
30.649188526785306
30.820651283335717
30.987126153290458
31.14883298872013
31.305975827901708
31.45874455561694
31.60731634787244
31.75185693194395
31.892521688120826
32.029456615615
32.16279918174759
32.292675451452546
32.419215551379736
32.54253151880465
32.66273337955936
32.77992561249829
32.89420756698697
33.00567383752013
33.114414600869004
33.22051592037899
33.32406002138584
33.425125541165656
33.523787756370375
33.62011879050089
33.71418780363634
33.80606116634541
33.895802619463375
33.98347342120844
34.0691324829197
34.15283649455929
34.23464004096816
34.31459570976123
34.392754191640456
34.46916437381864
34.54387342716825
34.61692688764398
34.688368732469385
34.75824145152536
34.826586114334845
34.893442432997176
34.9588488213902
35.02284245092887
35.08545930314101
35.14673421929475
35.20670094729266
35.26539218602816
35.32283962738183
35.3790739960178
35.434125087131534
35.48802180228289
35.540792183440246
35.592463445349054
35.64306200633136
35.69261351761342
35.74114289127097
35.78867432687362
35.83523133690813
35.880836771049076
35.925512839343796
35.969281134373276
36.01216265244502
36.05417781387237
36.09534648238829
36.135687983741036
36.17522112351402
36.21396420421067
36.251935041641445
36.28915098064975
36.3256289102082
36.361385277917186
36.39643610393556
36.43079699437009
36.46448315414953
36.49750939940852
36.5298901694036
36.56163953798262
36.59277122462968
36.62329860510242
36.653234721682026
36.68259229305235
36.7113837238246
36.73962111372248
36.767316270019116
36.794480705720346
36.82112565772851
36.847262091714526
36.87290070980642
36.898051958019096
36.9227260334345
36.9469328911415
36.97068225094538
36.993983603855845
37.016846218362026
37.03927914650351
37.06129122974391
37.08289110465653
37.10408720842733
37.12488778418354
37.14530088615406
37.165334384667716
37.184995970995764
37.20429316204433
37.22323330490225
37.24182358124958
37.26007101163173
37.27798245960432
37.295564635753095
37.31282410159363
37.32976727335487
37.34640042565069
37.36272969504317
37.37876108350151
37.39450046176028
37.40995357258026
37.42512603391533
37.440023341988386
37.45465087427925
37.46901389242821
37.483117545057326
37.496966870512075
37.51056679952655
37.523922157814646
37.53703766858876
37.54991795500977
37.56256754256914
37.57499086140602
37.58719224856173
37.599175950172445
37.61094612360351
37.622506839525634
37.63386208393655
37.64501576012779
37.65597169060026
37.666733618928625
37.6773052115771
37.687690059667446
37.69789168070108
37.70791352023627
37.71775895352211
37.727431287090525
37.736933760307096
37.74626954688278
37.75544175634647
37.764453435480796
37.77330756972155
37.7820070845216
37.79055484668098
37.79895366564362
37.80720629476164
37.81531543252856
37.823283723781906
37.83111376087626
37.83880808482744
37.84636918642883
37.85379950734048
37.86110144115174
37.86827733441808
37.8753294876732
