67.5
67.16021724507215
67.0524525232098
66.99130570036927
66.93158784152726
66.85689290477472
66.76189147424141
66.64549882713426
66.5082135177057
66.3510856440752
66.17532016602273
65.9821271999334
65.772668059123
65.5480380135895
65.30926312043066
65.05730210572331
64.79304997467817
64.5173420455515
64.23095793249034
63.934625315239145
63.629023452074414
63.31478643590629
62.992506208407285
62.66273535113453
62.325989672759846
61.98275061032253
61.63346746085836
61.27855945818226
60.91841770813463
60.55340699426822
60.18386746475059
59.81011621017965
59.43244874103844
59.05114037264076
58.666447524631785
58.27860894139718
57.887846839094074
57.49436798444216
57.098364709897716
56.70001586937254
56.29948773825096
55.896934861095474
55.492500850117736
55.086319137201436
54.67853048499309
54.26920583341157
53.85848632880207
53.44646699064283
53.033238706716084
52.61888673175583
52.203490666365205
51.787124681780455
51.36985786343715
50.951754581826954
50.53287485767167
50.113277657009036
49.69301051612058
49.27212360072679
48.850663240912255
48.42867268431786
48.00619252162229
47.583260984988286
47.159914191295954
46.73618635708471
46.31210999582431
45.88771610209951
45.46303432530718
45.038093134567006
44.61291997637484
44.187541426467135
43.7619833374106
43.33627098353206
42.91042920495068
42.4844825526773
42.05845543701337
41.632372281836936
41.20625768782943
40.78013660831226
40.35403454217556
39.927977749462066
39.501993496614446
39.07611034034214
38.6503584617126
38.22477006571145
37.79937986657426
37.37422568631166
36.949349204009735
36.524796908206746
36.100621326327065
35.676882637655225
35.25365082600962
34.83100860578393
34.40905547865562
33.98791348007921
33.56773548603183
33.14871767939062
32.73111840009863
32.31528789376248
31.90171609172441
31.491110470440365
31.08452035831662
30.683512111094757
30.290300550812702
29.907405789789017
29.53618457319228
29.175308706994304
28.821804664476247
28.473213946094948
28.12820245822982
27.786171947245872
27.446868184610665
27.110178993617367
26.776049242600706
26.44444755094951
26.115353480936378
25.78875254170071
25.46463414273317
25.142990666759296
24.82381697634612
24.50711009659694
24.192868976199062
23.881094288958714
23.57178826048672
23.26495451325705
22.960597926573616
22.658724509315093
22.35934128390901
22.062456180276392
21.76807793866209
21.476216020388843
21.186880525672496
20.900082117720004
20.61583195240681
20.33414161289695
20.055023048629394
19.77848851814832
19.504550535304222
19.233221818397023
18.9645152418726
18.698443790220548
18.435020513754388
18.174258485985458
17.916170762329603
17.660770339911114
17.40807011825216
17.15808286065744
16.91082115612457
16.666297381629896
16.42452366465761
16.18551184585778
15.949273441735734
15.71581960729155
15.485161098544861
15.25730823489585
15.032270861289177
14.81005831016349
14.590679363184918
14.3741422127787
14.160454423489224
13.949622893214833
13.741653814379534
13.536552635120287
13.33432402058407
13.134971814445462
12.938499000770351
12.744907666367244
12.554198963782058
12.366373075106042
12.181429176780224
11.999365405590734
11.820178826060964
11.64386539945495
11.470419954613899
11.299836160853372
11.132106503151356
10.967222259858383
10.68471167313971
10.46646835840022
10.225811768626626
9.967389309765588
9.699058044966222
9.426011900381756
9.15179827356513
8.878965853332945
8.609387415114542
8.344434156923397
8.08509020273247
7.832026842399237
7.585673987784004
7.346250029216133
7.113834259628066
6.888387935832893
6.669785860424979
6.4578413307759295
6.252325961645434
6.052981050862029
5.859545233474501
5.671742130118741
5.489298312227134
5.311946637274247
5.375766424083455
5.347399474276669
5.3226249518658895
5.300162326994134
5.279151122936399
5.25912437273888
5.239814155028281
5.221056038798132
5.202741874561726
5.1847959903435
5.167162785086996
5.149799953047128
5.1326745492044274
5.115760535083144
5.099037143571713
5.08248771208602
5.066098818302497
5.049859616049455
5.033761315264513
5.017796769853264
5.001960148866551
4.986246673257108
4.97065240483583
4.955174077033739
4.9398089592468555
4.924554748189778
4.909409480972131
4.894371465636695
4.879439225720756
4.864611456066399
4.8498869876431
4.83526475958103
4.820743796965843
4.80632319323071
4.79200209621153
4.777779697116994
4.763655221814911
4.7496279239565835
4.735697079557762
4.72186198273236
4.7081219423372325
4.694476279336091
4.680924324730308
4.6674654179360235
4.65409890551223
4.640824140164521
4.627640479965083
4.614547287742223
4.6015439306025625
4.588629779557129
4.575804209228547
4.563066597621699
4.550416325943915
4.537852776991669
4.525375343146051
4.512983408155741
4.500676367783205
4.488453617506168
4.476314555580966
4.464258582959135
4.452285103242885
4.440393522655973
4.428583250023509
4.416853696757315
4.405204276845108
4.393634406842499
4.382143505867629
4.370730995594959
4.359396351656204
4.348138924111216
4.336958156600077
4.3258534871750385
4.314824352996268
4.3038701922621465
4.2929904450619105
4.2821845537534236
4.271451963131814
4.2607921205062045
4.250204475736225
4.239688481251033
4.229243592060806
4.218869265765095
4.208564962559965
4.198330145244664
4.18816427922828
4.178066832536424
4.168037275818039
4.158075082352323
4.148179728055763
4.138350691489273
4.128587453865384
4.124379226374502
4.122544774473275
4.121737642831461
4.121371167400066
4.121194601747373
4.121098750026169
4.121039774427375
4.120995536537149
4.120957589921107
4.120922301360849
4.120888116222937
4.120854375747453
4.120820806903218
4.120787302358751
4.120753825598983
4.1207203700275485
4.120686941357803
4.120653550049728
4.12062020807945
4.120586927576404
4.120553720264657
4.120520597249563
4.120487568951851
4.120454645103832
4.120421834771006
4.120389146383245
4.120356587768899
4.1203241661889285
4.120291888369926
4.1202597605356175
4.120227788436698
4.1201959773789785
4.120164332249989
4.120132857543994
4.120101557385593
4.120070435551935
4.12003949549368
4.120008740354697
4.119978172990642
4.1199477959864454
4.119917611672786
4.119887622141593
4.119857829260619
4.119828234687185
4.119798839881089
4.11976964611678
4.119740654494794
4.1197118659526115
4.119683281274883
4.119654901103161
4.119626725945102
4.119598756183147
4.11957099208267
4.119543433799537
4.119516081387188
4.119488934803187
4.1194619939154205
4.119435258507891
4.119408728286231
4.119382402882937
4.1193562818622675
4.119330364724937
4.119304650912501
4.11927913981149
4.119253830757311
4.119228723037904
4.119203815897199
4.119179108538327
4.1191546001266826
4.119130289792777
4.1191061766349275
4.11908225972178
4.11905853809467
4.119035010769886
4.119011676740733
4.1189885349795174
4.1189655844394
4.118942824056123
4.118920252749648
4.118897869425694
4.118875672977166
4.118853662285514
4.118831836221996
4.118810193648873
4.118788733420514
4.118767454384454
4.118746355382368
4.11872543525099
4.11870469282298
4.118684126927723
4.118663736392082
4.1186435200411236
4.118623476698751
4.118603605188343
4.1185839043333345
4.118564372957728
4.118545009886633
4.118525813946713
4.118506783966635
4.118487918777469
4.118469217213083
4.11845067811048
4.118432300310136
4.118414082656312
4.118396023997326
4.118378123185825
4.118360379079028
4.118342790538941
4.135773757306538
4.134295375706793
4.131499127955214
4.128563395993794
4.125555785150896
4.122476501096832
4.119322419380834
4.1160908511258905
4.11277964050839
4.109387068191317
4.105911766386067
4.102352652130545
4.0987088748235205
4.094979774614238
4.091164849125725
4.087263726641878
4.08327614435675
4.079201930624152
4.075040990395007
4.070793293130509
4.066458863240649
4.062037771305504
4.057530127344195
4.0529360754838635
4.04825578883482
4.043489465597111
4.038637325754315
4.033699608324464
4.028676569088524
4.023568478727305
4.018375621309486
4.013098293083225
4.0077368015318084
4.002291464660297
3.9967626104854497
3.9911505767055684
3.985455710530531
3.9796783686551507
3.973818917361482
3.967877732737582
3.9618552010018657
3.955751718923426
3.9495676943296814
3.9433035466934534
3.936959707792127
3.930536622431876
3.924034749230141
3.9174545614495964
3.9107965478767404
3.9040612137380495
3.897249081646341
3.8903606925695966
3.8833966068140042
3.876357405012487
3.8692436891093474
3.862056083331067
3.854795235132646
3.847461816108172
3.840056522853693
3.832580077769785
3.825033229790614
3.8174167550257243
3.809731457300257
3.80197816857892
3.7941577492586243
3.7862710883145545
3.7783191032842636
3.7703027400745017
3.762222972575673
3.7540808020693177
3.745877256414703
3.7376133890016763
3.729290277458379
3.720909022104334
3.712470744141949
3.7039765835826683
3.6954276969080175
3.6868252544706754
3.678170437646624
3.6694644357563315
3.6607084427808756
3.6519036539077203
3.643051261950409
3.6341524536962537
3.625208406245856
3.6162202834172197
3.6071892322947177
3.5981163800083897
3.589002830831236
3.5798496636806245
3.5706579301041588
3.561428652820129
3.552162824868072
3.542861409406585
3.533525343650286
3.524155526248492
3.5147528392336826
3.5053181373728823
3.4958522538601637
3.486356003671449
3.4768301871070877
3.4672755935363906
3.4576930052445114
3.4480832012812477
3.438446961219635
3.428785068743877
3.419098314999916
3.409387501656759
3.3996534436415202
3.389896971525242
3.380118933549315
3.3703201972933083
3.3605016509940477
3.3506642045328396
3.340808790112827
3.3309363626519013
3.3210478999184825
3.3111444024381695
3.3012268931989754
3.291296417181875
3.281354037262681
3.2714008473287204
3.2614379509124123
3.2514664731858742
3.2414875579335236
3.2315023652983923
3.2215120712000176
3.2115178661293027
3.2015209540057366
3.1915225510301712
3.181523884537724
3.171526191857389
3.161530719184175
3.151538720468718
3.141551456328617
3.1315701929850213
3.121596201227489
3.111630755409509
3.1016751324767
3.0917306110291816
3.081798470419253
3.0718799898851405
3.0619764477212223
3.052089120484832
3.0422192822394227
3.0323682038336375
3.0225374165361387
3.0127276630513333
3.0029404456662587
2.9931770257108767
2.983438648746879
2.973726553099544
2.964041969731479
2.954386121780032
2.944759972944759
2.9351652233966274
2.925602837095946
2.916073992104577
2.906579865569052
2.8971216247055356
2.887700426069158
2.87831741517528
2.868973726139673
2.85967048132184
2.850408790969117
2.841189752859917
2.8320144519447084
2.8228839599835207
2.8137993351790236
2.8047616218044538
2.7957718498259694
2.7868310345192526
2.7779401760804956
2.7691002592322107
2.7603122528245647
2.751577109433284
2.7428957649554304
2.734269138204633
2.7256981305076433
2.7171836253042887
2.708726487753147
2.700327564345415
2.691987682529624
2.683707650349941
2.675488256100867
2.6673302680011695
2.659234433889868
2.6512014809469955
2.6432321154417777
2.6353270225106797
2.627486865967584
2.619712288148117
2.612003909789864
2.604362329949908
2.5967881259608094
2.5892818534257875
2.581844046253522
2.5744752167326252
2.567175855645501
2.5599490695059437
2.552738851491024
2.545530916988098
2.538325511155358
2.531123104900072
2.523924159248826
2.5167291146909645
2.5095383896146433
2.502352379692685
2.49517145775263
2.487995973998865
2.480826256493646
2.4736626118251954
2.4665053259071206
2.459354664865866
2.4522109490505857
2.445074334779542
2.4379450344305935
2.430823244584698
2.4237091468574716
2.416602908826595
2.4095046849286557
2.402414617319872
2.3953328366980218
2.388259463084073
2.381194606562929
2.374138369399124
2.3670908410946128
2.360052107270623
2.3530222449188516
2.3460013241578825
2.3389894087891188
2.3319865567768137
2.3249928206950337
2.3180082481448627
2.311032882143615
2.3040667614877175
2.297109921090862
2.2901623922989813
2.283224203183514
2.276295378814372
2.2693759415139283
2.2624659110932845
2.255565305072001
2.2486741388823854
2.241792426059391
2.2349201784170907
2.2280574062126264
2.2212041182984965
2.2143603222639543
2.207526024566268
2.2007012306525113
2.1938859450725405
2.1870801715837414
2.1802839132480956
2.1734971725220964
2.1667199513399744
2.1599522511906963
2.1531940731891424
2.1464454181418504
2.1397062866076966
2.132976678953835
2.126256595407226
2.119546036102032
2.1128453440924653
2.1061541757504223
2.099472530915613
2.0928004097588007
2.0861378125367125
2.079484739624901
2.0728411915432194
2.066207168978712
2.0595826728062856
2.0529677041073158
2.046362264186326
2.0397663545858764
2.033179977099787
2.0266031337848123
2.0200358269708683
2.013478059269927
2.0069298335836625
2.00039115310995
1.9938620213482938
1.9873424421042585
1.9808324194929972
1.9743319579419272
1.9678410621926223
1.9613597373019913
1.9548879886427908
1.9484258219035289
1.9419732430878094
1.9355302585131697
1.9290968748094424
1.9226730989166931
1.9162589380827741
1.909854399860519
1.903459492104621
1.8970742229682211
1.8906986008992395
1.8843326346364724
1.8779763332054853
1.8716297059143168
1.8652927623490283
1.8589655123691058
1.8526479661027402
1.8463401339420071
1.840042026537948
1.8337536547955842
1.827475029868868
1.8212061631555834
1.8149470662922127
1.8086977511487707
1.8024582298236311
1.7962285146383434
1.790008618132443
1.783798553058273
1.7775983323758244
1.7714079692475948
1.7652274770334733
1.7590568692856492
1.7528961597435673
1.7467453623289178
1.740627658432954
1.7344744293126673
1.7283747832167242
1.7222416477530964
1.7161432998663972
1.7100519572924413
1.7039705410367183
1.6979174601436944
1.6918565705687825
1.6858052091340816
1.6797639082074138
1.6737103606090622
1.6676891007581138
1.6616786113048547
1.6556782817592581
1.6496881086107877
1.6437081075462308
1.6377382949528356
1.6317786873331674
1.6258293012831566
1.619890153487803
1.6139612607174483
1.6080426398241001
1.6021343077377792
1.596236281462912
1.5903485780747553
1.5844712147158715
1.578604208592636
1.572747576971798
1.5669013371770801
1.5610655065858214
1.5552401026256597
1.5494251427712622
1.5436206445410894
1.537826625494203
1.5320431032271076
1.5262700953706363
1.5205076195868625
1.5147556935660547
1.5090143350236618
1.5032835616973288
1.4975633913439432
1.4918538417367175
1.4861549306622899
1.4804666759178637
1.474789095308363
1.4691222066436211
1.4634660277355889
1.4578205763955685
1.4521858704314679
1.4465619276450785
1.440948765829369
1.4353464027658038
1.4297548562216753
1.424174143947457
1.4186037700709992
1.4130447472659495
1.4074966447013515
1.4019594462125793
1.3964331709431885
1.3909177332365665
1.3854130769956152
1.3799196742049031
1.374437264013974
1.3689658641981934
1.3635054921560392
1.358056165244254
1.3526179007684178
1.347190715979712
1.3417746278547105
1.3363696539591827
1.3309758111568826
1.3255931164513557
1.3202215867851108
1.3148612392404868
1.3095120902088462
1.3041741566212046
1.2957874156022573
1.2908458579594395
1.285826068772052
1.2806908533147527
1.2754458910222797
1.2700998824831242
1.2646630238529486
1.2591461041465084
1.2535598657959688
1.2479146207081322
1.242220066175736
1.2364852300526612
1.2307184788687147
1.2249275367578747
1.2191194816455306
1.2133007056940048
1.2074768475828688
1.2016527211048744
1.195832272499484
1.1900185939839658
1.1842140042340954
1.1784201853057634
1.1726383492682708
1.1668694029393893
1.1611140854229256
1.1553730654994212
1.1496469981681927
1.1439365478643895
1.1382423891860936
1.1325651955149285
1.1269056234916353
1.121264298409538
1.1156418030879414
1.1100386710116406
1.1044553834607218
1.0988923698464645
1.0933500103261842
1.0878286398335386
1.0823285528186257
1.0768500081743586
1.0713932339944732
1.0659584319476627
1.060545781157789
1.0551554415545326
1.049787556707493
1.0444422561856033
1.03911965754729
1.0338198677104258
1.0285429845931942
1.023289097893951
1.0180582900151558
1.0128506367583772
1.0076662078976146
1.0025050676584002
0.9973672751238116
0.9922528845837864
0.9871619458402353
0.9820945044773601
0.9770506021041547
0.972030276574218
0.9670335621866185
0.9620604898705164
0.9571110873555191
0.9521853793292112
0.947283387582949
0.9424051311467567
0.9375506264140095
0.9327198872564859
0.9279129251303081
0.9231297491732633
0.9183703662939684
0.9136347812533392
0.9089229967388153
0.9042350134317851
0.8995708300686519
0.8949304434959728
0.8903138487200948
0.8857210389516917
0.8811520056456071
0.8766067385363719
0.8720852256697693
0.8675874534307847
0.8631134065682687
0.8586630682166194
0.8542364199147707
0.8498334416227558
0.845454111736098
0.8410984070982586
0.8367663030113582
0.8324577732453752
0.8281727900459996
0.8239113241413183
0.819673344747483
0.8154588195735109
0.8112677148253432
0.807099995209292
0.8029556239349777
0.7988345627178665
0.7947367717814989
0.7906622098594933
0.7866108341974084
0.7825826005545322
0.7785774632056645
0.7745953749429567
0.7706362870778599
0.7667001494432351
0.7627869103956719
0.758896516818059
0.7550289141224417
0.751184046253209
0.7473618556906382
0.7435622834548291
0.739785269110054
0.7360307507697043
0.732298665100742
0.7285889473311783
0.7249015312544285
0.7212363492371435
0.7175933322262781
0.7139724097569535
0.7103735099608893
0.7067965595754075
0.7032414839530279
0.6997082070716536
0.6961966515453617
0.6927067386358019
0.6892383882642074
0.6857915190240261
0.682366048194169
0.6789618917528835
0.675578964392247
0.6722171795332862
0.6688764493417155
0.6655566847442972
0.6622670243657778
0.658977801097468
0.6557155375639175
0.652476623927997
0.6492595533606076
0.6460637709210025
0.6428890886018758
0.6397354447410746
0.6366028107755246
0.6334911583869132
0.630400449890719
0.6273306368697531
0.6242816612659053
0.6212534568829169
0.6182459506892442
0.6152590638171158
0.6122927123047981
0.6093468076545323
0.6064212572668805
0.6035159647943048
0.6006308304419032
0.5977657512327854
0.5949206212488815
0.5920953318538641
0.5892897719024419
0.5865038279388792
0.5837373843867817
0.5809903237317834
0.5782625266985181
0.5755538724231776
0.5728642386229265
0.5701935017634925
0.5675415372263279
0.5649082194768685
0.5622934222355874
0.5596970186537765
0.5571188814963087
0.5545588833338483
0.5520168967478786
0.5494927945520578
0.5469864500341923
0.5444977349343374
0.5420265285495012
0.5395727057980784
0.5371361445611462
0.5347167253341298
0.5323143314159915
0.5299288495632107
0.5275601707856562
0.5252081913227616
0.5228728138547561
0.5205539490233893
0.5182515173645018
0.5159654517949142
0.5136957008546743
0.5114422329925103
0.5092050423131331
0.5069841564056098
0.5047796471854202
0.5025916461824317
0.5004203665208243
0.4982661351932856
0.49612944154780253
0.4940110119631787
0.49191192798155764
0.4683905349339753
0.4517367661420978
0.4389279876710564
0.4291942862457771
0.4218102264473876
0.41618779234726616
0.41188118726044104
0.4085622296334829
0.40599264025744647
0.404000362743317
0.40246107096546163
0.4012843338518465
0.4004035316611837
0.3997686447679829
0.39934117825648524
0.3990906432911814
0.3989921552365267
0.3990248205876514
0.3991706715228814
0.39941397280596547
0.39974077546094045
0.40013862890489105
0.40059639093711463
0.4011040952676852
0.4016528509498106
0.40223475806593834
0.4028428310721281
0.40347092544556157
0.4041136660280502
0.4047663768349571
0.4054250131132604
0.4060860952405007
0.4067466483992362
0.40740414369003813
0.40805644541857683
0.40870176260841296
0.4093386052039823
0.4099657448291689
0.4105821798719399
0.41118710460289865
0.41177988199992216
0.412360019936836
0.4129271503951435
0.4134810113703337
0.4140214311639326
0.41454831477581827
0.41506163213801467
0.41556140795571195
0.4160477129481948
0.41652065630531215
0.41698037919752623
0.4174270587934915
0.41786086546036433
0.41828201303336365
0.4186907244605191
0.41908723130970305
0.41947177358518417
0.4198445975049789
0.42020595360794055
0.42055609515164644
0.4208952767562487
0.4212237532579928
0.42154177874271775
0.4218496057337054
0.42214748451267076
0.422435662555055
0.4227143840639702
0.42298388958911537
0.42324441571816845
0.42349619483159406
0.4237394549106238
0.4239744193918554
0.4242013070612548
0.4244203319820236
0.42463170345126877
0.42483562598125
0.4250322993014802
0.4252219183783704
0.42540467344974914
0.42558075007174456
0.425750329175955
0.4259135871351772
0.42607069583608126
0.42622182275739595
0.4263671310525914
0.4265067796360402
0.42664092327171627
0.4267697126636052
0.42689329454757274
0.4270118117836708
0.4271254034487851
0.4272342049289734
0.4273383480114003
0.42743796097542874
0.42753316868269275
0.42762409266580714
0.42771085121601915
0.4277935594690057
0.4278723294892427
0.427947270352659
0.42801848822746696
0.4280860864533079
0.4281501656184073
0.42821082363504714
0.42826815581303196
0.42832225493138754
0.42837321130814204
0.4284211128683717
0.42846604521027276
0.4285080916695368
0.42854733338200274
0.42858384934445165
0.4286177164737365
0.42864900966432234
0.4286778018440884
0.4287041640285384
0.42872816537359404
0.42874987322662
0.42876935317620674
0.42878666910038843
0.4288018832134936
0.4288150561115397
0.42882624664089136
0.4288355127739057
0.4288429101815665
0.42884849341872655
0.4288523156327825
0.42885442859735756
0.4288548827498286
0.42885372722756476
0.42885100990307606
0.42884677741797544
0.4288410752159242
0.42883394757465937
0.42882543763687164
0.42881558744047277
0.4288044379476642
0.42879202907340236
0.4287783997129493
0.4287635877685895
0.42874763017567846
0.42873056292787154
0.4287124211016828
0.42869323888031025
0.42867304957678926
0.4286518856565481
0.42862977875924596
0.4286067597200691
0.4285828585904096
0.4285581046579373
0.4285325264661431
0.4285061518333321
0.42847900787112103
0.42845112100236926
0.4284225169786864
0.428393220897369
0.4283632572179288
0.42833264977824204
0.42830142181013753
0.4282695959545664
0.42823719427646906
0.42820423827920406
0.4281707489184588
0.42813674661601736
0.42810225127294865
0.42806728228254604
0.42803185854299186
0.4279959984694705
0.42795972000622573
0.42792304063804126
0.4278859774017148
0.4278485468968615
0.4278107652968405
0.4277726483590389
0.42773421143515405
0.4276954694810423
0.4276564370663904
0.42761712838409993
0.4275775572594897
0.4275377371592235
0.4274976811999273
0.4274574021568074
0.427416912471748
0.4273762242614932
0.42733534932548056
0.4272942991533903
0.42725308493273506
0.4272117175560558
0.4271702076279904
0.4271285654722568
0.42708680113833963
0.4270449244080738
0.4270029448020352
0.42696087158583834
0.42691871377618384
0.42687648014680385
0.4268341792342774
0.42679181934369675
0.4267494085541525
6479.796604335691
6479.796604335691
6479.796604335691
6479.796604335691
6479.796604335691
6479.796604335691
6479.796604335691
6479.796604335691
6479.796604335691
6479.796604335691
6479.796604335691
6479.796604335691
6479.796604335691
6479.796604335691
6479.796604335691
6479.796604335691
6479.796604335691
6479.796604335691
6479.796604335691
6479.796604335691
6479.796604335691
6479.796604335691
6479.796604335691
6479.796604335691
6479.796604335691
6479.796604335691
6479.796604335691
6479.796604335691
6479.796604335691
6479.796604335691
6479.796604335691
6479.796604335691
6479.796604335691
6479.796604335691
6479.796604335691
6479.796604335691
6479.796604335691
6479.796604335691
6479.796604335691
6479.796604335691
6479.796604335691
6479.796604335691
6479.796604335691
6479.796604335691
6479.796604335691
6479.796604335691
6479.796604335691
6479.796604335691
6479.796604335691
6479.796604335691
6479.796604335691
6479.796604335691
6479.796604335691
6479.796604335691
6479.796604335691
6479.796604335691
6479.796604335691
6479.796604335691
6479.796604335691
6479.796604335691
6479.796604335691
6479.796604335691
6479.796604335691
6479.796604335691
6479.796604335691
6479.796604335691
6479.796604335691
6479.796604335691
6479.796604335691
6479.796604335691
6479.796604335691
6479.796604335691
6479.796604335691
6479.796604335691
6479.796604335691
6479.796604335691
6479.796604335691
6479.796604335691
6479.796604335691
6479.796604335691
6479.796604335691
6479.796604335691
6479.796604335691
6479.796604335691
6479.796604335691
6479.796604335691
6479.796604335691
6479.796604335691
6479.796604335691
6479.796604335691
6479.796604335691
6479.796604335691
6479.796604335691
6479.796604335691
6479.796604335691
6479.796604335691
6479.796604335691
6479.796604335691
6479.796604335691
6479.796604335691
6479.796604335691
6479.796604335691
6479.796604335691
6479.796604335691
6479.796604335691
6479.796604335691
6479.796604335691
6479.796604335691
6479.796604335691
6479.796604335691
6479.796604335691
6479.796604335691
6479.796604335691
6479.796604335691
6479.796604335691
6479.796604335691
6479.796604335691
6479.796604335691
6479.796604335691
6479.796604335691
6479.796604335691
6479.796604335691
6479.796604335691
6479.796604335691
6479.796604335691
6479.796604335691
6479.796604335691
6479.796604335691
6479.796604335691
6479.796604335691
6479.796604335691
6479.796604335691
6479.796604335691
6479.796604335691
6479.796604335691
6479.796604335691
6479.796604335691
6479.796604335691
6479.796604335691
6479.796604335691
6479.796604335691
6479.796604335691
6479.796604335691
6479.796604335691
6479.796604335691
6479.796604335691
6479.796604335691
6479.796604335691
6479.796604335691
6479.796604335691
6479.796604335691
6479.796604335691
6479.796604335691
6479.796604335691
6479.796604335691
6479.796604335691
6479.796604335691
6479.796604335691
6479.796604335691
6479.796604335691
6479.796604335691
6479.796604335691
6479.796604335691
6479.796604335691
6479.796604335691
6479.796604335691
6479.796604335691
6479.796604335691
6479.796604335691
6479.796604335691
6479.796604335691
6479.796604335691
6479.796604335691
6479.796604335691
6479.796604335691
6479.796604335691
6479.796604335691
6479.796604335691
6479.796604335691
6479.796604335691
6479.796604335691
6479.796604335691
6479.796604335691
6479.796604335691
6479.796604335691
6479.796604335691
6479.796604335691
6479.796604335691
6479.796604335691
6479.796604335691
6479.796604335691
6479.796604335691
6479.796604335691
6479.796604335691
6479.796604335691
6479.796604335691
6479.796604335691
6479.796604335691
6479.796604335691
1765.9971777662952
1765.9971777662952
1765.9971777662952
1765.9971777662952
1765.9971777662952
1765.9971777662952
1765.9971777662952
1765.9971777662952
1765.9971777662952
1765.9971777662952
1765.9971777662952
1765.9971777662952
1765.9971777662952
1765.9971777662952
1765.9971777662952
1765.9971777662952
1765.9971777662952
1765.9971777662952
1765.9971777662952
1765.9971777662952
1765.9971777662952
1765.9971777662952
1765.9971777662952
1765.9971777662952
1765.9971777662952
1765.9971777662952
1765.9971777662952
1765.9971777662952
1765.9971777662952
1765.9971777662952
1765.9971777662952
1765.9971777662952
1765.9971777662952
1765.9971777662952
1765.9971777662952
1765.9971777662952
1765.9971777662952
1765.9971777662952
1765.9971777662952
1765.9971777662952
1765.9971777662952
1765.9971777662952
1765.9971777662952
1765.9971777662952
1765.9971777662952
1765.9971777662952
1765.9971777662952
1765.9971777662952
1765.9971777662952
1765.9971777662952
1765.9971777662952
1765.9971777662952
1765.9971777662952
1765.9971777662952
1765.9971777662952
1765.9971777662952
1765.9971777662952
1765.9971777662952
1765.9971777662952
1765.9971777662952
1765.9971777662952
1765.9971777662952
1765.9971777662952
1765.9971777662952
1765.9971777662952
1765.9971777662952
1765.9971777662952
1765.9971777662952
1765.9971777662952
1765.9971777662952
1765.9971777662952
1765.9971777662952
1765.9971777662952
1765.9971777662952
1765.9971777662952
1765.9971777662952
1765.9971777662952
1765.9971777662952
1765.9971777662952
1765.9971777662952
1765.9971777662952
1765.9971777662952
1765.9971777662952
1765.9971777662952
1765.9971777662952
1765.9971777662952
1765.9971777662952
1765.9971777662952
1765.9971777662952
1765.9971777662952
1765.9971777662952
1765.9971777662952
1765.9971777662952
1765.9971777662952
1765.9971777662952
1765.9971777662952
1765.9971777662952
1765.9971777662952
1765.9971777662952
1765.9971777662952
1765.9971777662952
1765.9971777662952
1765.9971777662952
1765.9971777662952
1765.9971777662952
1765.9971777662952
1765.9971777662952
1765.9971777662952
1765.9971777662952
1765.9971777662952
1765.9971777662952
1765.9971777662952
1765.9971777662952
1765.9971777662952
1765.9971777662952
1765.9971777662952
1765.9971777662952
1765.9971777662952
1765.9971777662952
1765.9971777662952
1765.9971777662952
1765.9971777662952
1765.9971777662952
1765.9971777662952
1765.9971777662952
1765.9971777662952
1765.9971777662952
1765.9971777662952
1765.9971777662952
1765.9971777662952
1765.9971777662952
1765.9971777662952
1765.9971777662952
1765.9971777662952
1765.9971777662952
1765.9971777662952
1765.9971777662952
1765.9971777662952
1765.9971777662952
1765.9971777662952
1765.9971777662952
1765.9971777662952
1765.9971777662952
1765.9971777662952
1765.9971777662952
1765.9971777662952
1765.9971777662952
1765.9971777662952
1765.9971777662952
1765.9971777662952
1765.9971777662952
1765.9971777662952
1765.9971777662952
1765.9971777662952
1765.9971777662952
1765.9971777662952
1765.9971777662952
1765.9971777662952
1765.9971777662952
1765.9971777662952
1765.9971777662952
1765.9971777662952
1765.9971777662952
1765.9971777662952
1765.9971777662952
1765.9971777662952
1765.9971777662952
1765.9971777662952
1765.9971777662952
1765.9971777662952
1765.9971777662952
1765.9971777662952
1765.9971777662952
1765.9971777662952
1765.9971777662952
1765.9971777662952
1765.9971777662952
1765.9971777662952
1765.9971777662952
1765.9971777662952
1765.9971777662952
1765.9971777662952
1765.9971777662952
1765.9971777662952
1765.9971777662952
1765.9971777662952
1765.9971777662952
1765.9971777662952
1765.9971777662952
1765.9971777662952
1765.9971777662952
1765.9971777662952
1765.9971777662952
1765.9971777662952
1765.9971777662952
1765.9971777662952
1765.9971777662952
1765.9971777662952
1765.9971777662952
350795986.65616083
-2966471432283764.5
-2966471432283764.5
-2966471432283764.5
-2966471432283764.5
-2966471432283764.5
-2966471432283764.5
-2966471432283764.5
-2966471432283764.5
-2966471432283764.5
-2966471432283764.5
-2966471432283764.5
-2966471432283764.5
-2966471432283764.5
-2966471432283764.5
-2966471432283764.5
-2966471432283764.5
-2966471432283764.5
-2966471432283764.5
-2966471432283764.5
-2966471432283764.5
-2966471432283764.5
-2966471432283764.5
-2966471432283764.5
-2966471432283764.5
-2966471432283764.5
-2966471432283764.5
-2966471432283764.5
-2966471432283764.5
-2966471432283764.5
-2966471432283764.5
-2966471432283764.5
-2966471432283764.5
-2966471432283764.5
-2966471432283764.5
-2966471432283764.5
-2966471432283764.5
-2966471432283764.5
-2966471432283764.5
-2966471432283764.5
-2966471432283764.5
-2966471432283764.5
-2966471432283764.5
-2966471432283764.5
-2966471432283764.5
-2966471432283764.5
-2966471432283764.5
-2966471432283764.5
-2966471432283764.5
-2966471432283764.5
-2966471432283764.5
-2966471432283764.5
-2966471432283764.5
-2966471432283764.5
-2966471432283764.5
-2966471432283764.5
-2966471432283764.5
-2966471432283764.5
-2966471432283764.5
-2966471432283764.5
-2966471432283764.5
-2966471432283764.5
-2966471432283764.5
-2966471432283764.5
-2966471432283764.5
-2966471432283764.5
-2966471432283764.5
-2966471432283764.5
-2966471432283764.5
-2966471432283764.5
-2966471432283764.5
-2966471432283764.5
-2966471432283764.5
-2966471432283764.5
-2966471432283764.5
-2966471432283764.5
-2966471432283764.5
-2966471432283764.5
-2966471432283764.5
-2966471432283764.5
-2966471432283764.5
-2966471432283764.5
-2966471432283764.5
-2966471432283764.5
-2966471432283764.5
-2966471432283764.5
-2966471432283764.5
-2966471432283764.5
-2966471432283764.5
-2966471432283764.5
-2966471432283764.5
-2966471432283764.5
-2966471432283764.5
-2966471432283764.5
-2966471432283764.5
-2966471432283764.5
-2966471432283764.5
-2966471432283764.5
-2966471432283764.5
-2966471432283764.5
-2966471432283764.5
-2966471432283764.5
-2966471432283764.5
-2966471432283764.5
-2966471432283764.5
-2966471432283764.5
-2966471432283764.5
-2966471432283764.5
-2966471432283764.5
-2966471432283764.5
-2966471432283764.5
-2966471432283764.5
-2966471432283764.5
-2966471432283764.5
-2966471432283764.5
-2966471432283764.5
-2966471432283764.5
-2966471432283764.5
-2966471432283764.5
-2966471432283764.5
-2966471432283764.5
-2966471432283764.5
-2966471432283764.5
-2966471432283764.5
-2966471432283764.5
-2966471432283764.5
-2966471432283764.5
-2966471432283764.5
-2966471432283764.5
-2966471432283764.5
-2966471432283764.5
-2966471432283764.5
-2966471432283764.5
-2966471432283764.5
-2966471432283764.5
-2966471432283764.5
-2966471432283764.5
-2966471432283764.5
-2966471432283764.5
-2966471432283764.5
-2966471432283764.5
-2966471432283764.5
-2966471432283764.5
-2966471432283764.5
-2966471432283764.5
-2966471432283764.5
-2966471432283764.5
-2966471432283764.5
-2966471432283764.5
-2966471432283764.5
-2966471432283764.5
-2966471432283764.5
-2966471432283764.5
-2966471432283764.5
-2966471432283764.5
-2966471432283764.5
-2966471432283764.5
-2966471432283764.5
-2966471432283764.5
-2966471432283764.5
-2966471432283764.5
-2966471432283764.5
-2966471432283764.5
-2966471432283764.5
-2966471432283764.5
-2966471432283764.5
-2966471432283764.5
-2966471432283764.5
-2966471432283764.5
-2966471432283764.5
-2966471432283764.5
-2966471432283764.5
-2966471432283764.5
-2966471432283764.5
-2966471432283764.5
-2966471432283764.5
-2966471432283764.5
-2966471432283764.5
-2966471432283764.5
-2966471432283764.5
-2966471432283764.5
-2966471432283764.5
-2966471432283764.5
-2966471432283764.5
-2966471432283764.5
-2966471432283764.5
-2966471432283764.5
-2966471432283764.5
-2966471432283764.5
-2966471432283764.5
-2966471432283764.5
-2966471432283764.5
-2966471432283764.5
-2966471432283764.5
-2966471432283764.5
-2966471432283764.5
-2966471432283764.5
-2966471432283764.5
