-334.5143399455773
-330.84006618762425
-327.34296918920495
-324.0562123689583
-320.97200519135686
-318.07685072896106
-315.35726491399373
-312.80065882035547
-310.3954254881633
-308.1308935656421
-305.9972588983992
-303.9855142614761
-302.0873817634668
-300.29524932718937
-298.60211176604616
-297.00151658867367
-295.48751445012266
-294.05461404293266
-292.69774115209765
-291.4122015647329
-290.1936475153365
-289.03804735244483
-287.94165812627006
-286.90100081576264
-285.9128379348336
-284.97415327955474
-284.0821335999005
-283.23415200039705
-282.4277528935902
-281.6606383481656
-280.9306556900705
-280.23578622982455
-279.5741350026926
-278.9439214204287
-278.3434707440805
-277.7712062970332
-277.22564234596916
-276.70537758517673
-276.209089166347
-275.73552722212986
-275.2835098370553
-274.85191842422915
-274.4396934704931
-274.04583061650374
-273.66937704158727
-273.3094281262209
-272.96512436770206
-272.6356485269339
-272.32022511038724
-272.01810946602546
-271.728598130628
-271.45101835330934
-271.184728212499
-270.9291147927372
-270.68359248637154
-270.4476014107418
-270.2206059318825
-270.00209328641876
-269.79157229410947
-269.58857215410103
-269.39264131857584
-269.20334643800953
-269.0202713727485
-268.8430162660501
-268.67133507336894
-268.5044514322216
-268.34239963760996
-268.1847208271341
-268.03107933071794
-267.88115556339943
-267.73464185671804
-267.5912412833935
-267.45066701682686
-267.3126418069547
-267.176897499041
-267.0431745812992
-266.9112217575635
-266.7807955430938
-266.65165988200124
-266.523585784961
-266.39635098595846
-266.2697396169305
-266.14353896994714
-266.0175508890418
-265.89157401257467
-265.76541513398917
-265.63888605000193
-265.51180332350947
-265.3839880575039
-265.25526567996076
-265.1254657392228
-264.99442170934776
-264.8619708048935
-264.727953804639
-264.5922148837909
-264.4546014542402
-264.31496401246267
-264.17315599469293
-264.02903363901174
-263.88245585402245
-263.73328409380946
-263.5813822388832
-263.4266164828457
-263.2688552245283
-263.10796896535817
-262.94383021173303
-262.7763133822099
-262.60529471929
-262.43065220565023
-262.2522654846248
-262.0700157847961
-261.88378584854615
-261.69345986442045
-261.49892340319366
-261.30006335750124
-261.0967678849409
-260.88892635452834
-260.67642929642193
-260.45916835482
-260.2370362439557
-260.0099267071052
-259.77773447854753
-259.54035524840594
-259.29768563031234
-259.0496231318393
-258.7960661276592
-258.53691383536244
-258.27206629391947
-258.0014243447299
-257.7248896152295
-257.442364505029
-257.15375217454687
-256.8589565361176
-256.5578822475514
-256.25043470811784
-255.93652005694884
-255.6160451738243
-255.2889176823457
-254.95504595546686
-254.61433912338018
-254.2667070837387
-253.91206051420684
-253.55031088732804
-253.18137048769708
-252.80515243142693
-252.42157068790056
-252.03054010378722
-251.63197642932445
-251.22579634683817
-250.81191750149276
-250.39025853424997
-249.9607391170209
-249.52327998998382
-249.07780300105023
-248.62423114744254
-248.16248861936387
-247.69250084571684
-247.21419454183408
-246.72749775918294
-246.23233993699324
-245.72865195575466
-245.21636619253377
-244.69541657803728
-244.1657386553642
-243.62726964035886
-243.07994848349995
-242.52371593322036
-241.95851460057438
-241.3842890251402
-240.80098574205775
-240.2085533500698
-239.60694258044984
-238.99610636667364
-238.37599991469523
-237.74658077366618
-237.1078089069435
-236.45964676320565
-235.80205934749546
-235.13501429200397
-234.45848192637976
-233.77243534736522
-233.07685048752518
-232.37170618284063
-231.65698423892192
-230.93266949558645
-230.1987498895373
-229.45521651486672
-228.70206368109766
-227.93928896847243
-227.16689328017128
-226.38488089115563
-225.59325949329855
-224.79204023647307
-223.98123776523926
-223.1608702507812
-222.33095941771597
-221.4915305653966
-220.6426125833165
-219.7842379602077
-350.09166152468856
-347.02639869773867
-344.02616209311265
-341.14135220509684
-338.3773927396662
-335.7308001211016
-333.1964422708529
-330.7690110471174
-328.4433317988952
-326.2144342452025
-324.0775707073181
-322.02822010427786
-320.06208637500976
-318.17509382782026
-316.36338051128683
-314.62329028117136
-312.9513640455523
-311.3443305467245
-309.79909694740024
-308.3127394188824
-306.88249387507517
-305.5057469546394
-304.1800273217317
-302.90299733147066
-301.6724450878333
-300.4862769078464
-299.34251019564107
-298.2392667224397
-297.17476630312285
-296.1473208562518
-295.1553288319222
-294.1972699902281
-293.27170051227904
-292.37724842535135
-291.5126093238665
-290.6765423681921
-289.86786654384576
-289.0854571643386
-288.3282426016835
-287.59520122941785
-286.8853585638058
-286.1977845897825
-285.5315912589863
-284.88593014806065
-284.25999026620565
-283.6529960016537
-283.06420519751686
-282.49290734805646
-281.93842190711405
-281.400096700981
-280.87730643857185
-280.36945131225974
-279.87595760785223
-279.3962688067913
-278.92985585807713
-278.4762085052525
-278.03483613714747
-277.6052668191445
-277.1870463792882
-276.7797375463601
-276.3829191367026
-275.99618528668907
-275.619144727928
-275.25142010246935
-274.8926473154992
-274.54247492316284
-274.20056355332775
-273.8665853572515
-273.5402234902525
-273.22117161962166
-272.909133458115
-272.60382232150226
-272.3049607087311
-272.0122799033634
-271.7255195950433
-271.4444275198189
-271.1687591182362
-270.8982772101706
-270.6327516854527
-270.3719592093926
-270.11568294235167
-269.86371227260304
-269.61584256171835
-269.3718749018132
-269.1316158839901
-268.8948773773768
-268.66147631819706
-268.43123450832707
-268.2039784228418
-267.9795390260769
-267.75775159576267
-267.53845555480524
-267.3214943103366
-267.1067150996403
-266.8939688426235
-266.6831100004963
-266.4739964403482
-266.266489305335
-266.06045289018795
-265.85575452180086
-265.652264444634
-265.44985571071004
-265.24840407398455
-265.0477878888731
-264.8478880127513
-264.64858771223345
-264.44977257305726
-264.2513273961473
-264.05315120502996
-263.85512386337194
-263.6571486177496
-263.4591183270966
-263.26093078144675
-263.06248554726886
-262.8636839008238
-262.66442876398474
-262.4646246423398
-262.26417756548864
-262.06299502943176
-261.8609859409701
-261.65806056403216
-261.45413046784734
-261.24910847689097
-261.04290862253157
-260.83544609630843
-260.62663720478497
-260.41639932590164
-260.2046508667823
-259.99131122294125
-259.7763007388218
-259.55954066963886
-259.3409531444577
-259.1204611304833
-258.89798839849817
-258.6734594894269
-258.4467996819749
-258.217934961312
-257.9867919887661
-257.7532980724927
-257.51738113908345
-257.2789697061025
-257.0379928554979
-256.7943802078825
-256.5480618976464
-256.2989685488852
-256.0470312521194
-255.792181541776
-255.5343513744281
-255.27347310776221
-255.00947948025342
-254.74230359154436
-254.47187888349717
-254.19813912191591
-253.92101837891855
-253.64045101594596
-253.35637166740133
-253.06871522489752
-252.7774168221121
-252.4824118202374
-252.18363579400904
-251.8810245183132
-251.57451395535824
-251.26404024240574
-250.94953968005038
-250.6309487210438
-250.30820395965435
-249.98124212155932
-249.65000005425526
-249.3144147179893
-248.9744231772002
-248.62996259246268
-248.2809702129346
-247.92738336928747
-247.5691394671355
-247.20617598092997
-246.83843044833674
-246.46584046506933
-246.08834368018577
-245.70587779182713
-245.31838054339545
-244.92578972016094
-244.5280431462805
-244.1250786822273
-243.71683422259858
-243.30324769430598
-242.88425705511625
-242.4598002925327
-242.02981542298926
-241.59424049133935
-241.1530135706067
-240.70607276197367
-240.25335619497972
-239.79480202787954
-239.33034844813378
-238.8599336729885
-238.38349595008563
-237.90097355806014
-237.4123048070627
-236.91742803913897
