-33.836783533742626
-11.40168056878352
-33.6093671335038
-11.320200636886186
-33.39452268543847
-11.24518314549071
-33.18984491048306
-11.17483074731652
-32.99523387353832
-11.108570091316965
-32.81026191469932
-11.045952495434733
-32.63428172538866
-10.986586568253465
-32.46656089870612
-10.930126861491642
-32.30636191948829
-10.87626884604121
-32.15298718488104
-10.8247457978815
-32.00580283162217
-10.77532632791648
-31.864249504604924
-10.727811989376553
-31.72784499934014
-10.682034730742213
-31.596181873827856
-10.637854141471081
-31.468922025416582
-10.5951545276343
-31.34578955508164
-10.553841895689558
-31.226562805694197
-10.5138409318236
-31.11106618067012
-10.475092060544052
-30.999162152310955
-10.437548652102974
-30.890743735123763
-10.401174433162009
-30.78572760144203
-10.36594113913412
-30.684047942268283
-10.331826431149066
-30.585651124018884
-10.298812088343729
-30.49049114953751
-10.266882474866783
-30.39852590186768
-10.236023272535796
-30.309714125691773
-10.20622046300412
-30.224013085933837
-10.17745953856751
-30.141376833999914
-10.149724917946674
-30.061755004988477
-10.122999541093085
-29.9850920688091
-10.097264616997911
-29.911326960132776
-10.072499499182596
-29.840393015721084
-10.048681664780032
-29.772218153936045
-10.025786775228296
-29.706725238643813
-10.00378879909778
-29.64383257624291
-9.982660179764073
-29.583454504160628
-9.96237203388462
-29.525502033552886
-9.942894368105973
-29.469883518955793
-9.924196304815021
-29.416505330823597
-9.906246308811621
-29.36527251418897
-9.889012409249744
-29.316089419575555
-9.872462412165552
-29.268860296755697
-9.85656410041951
-29.223489845369787
-9.841285419037225
-29.17988371726453
-9.826594644212847
-29.1379489689876
-9.8124605354536
-29.097594463273822
-9.798852470475333
-29.058731220112573
-9.785740563053789
-29.02127271813164
-9.773095764083717
-28.985135148429386
-9.760889946571828
-28.95023762357593
-9.749095975489096
-28.91650234333245
-9.737687763007512
-28.88385472102297
-9.726640310458297
-28.85222347357245
-9.715929738034143
-28.821540677040467
-9.705533302854084
-28.79174179310717
-9.69542940724458
-28.76276566683015
-9.685597597340136
-28.734554501722545
-9.676018554058327
-28.707053812203036
-9.666674076460843
-28.680212358699425
-9.657547059293165
-28.653982066651064
-9.648621465120998
-28.628317932150303
-9.639882291990492
-28.603177917378794
-9.631315537680809
-28.57852283703553
-9.622908160950713
-28.554316238179275
-9.614648040598224
-28.530524275752608
-9.606523933099652
-28.50711558463937
-9.598525429112655
-28.484061150243058
-9.59064290951479
-28.46133417882367
-9.582867501393936
-28.43890996861584
-9.57519103433421
-28.416765782954702
-9.567605997410586
-28.39488072549381
-9.560105496916902
-28.37323561983577
-9.552683215613426
-28.351812891888137
-9.545333372916392
-28.33059645751821
-9.538050686902302
-28.30957161466704
-9.5308303378384
-28.288724940226828
-9.523667933340489
-28.26804419241374
-9.516559475404906
-28.24751821866676
-9.509501329323053
-28.22713686796979
-9.50249019410174
-28.206890909392232
-9.495523074998447
-28.186771955357088
-9.488597257663134
-28.166772390202627
-9.481710284077856
-28.14688530353345
-9.474859930122062
-28.127104428529268
-9.468044184819675
-28.107424084860106
-9.461261231148155
-28.087839125777517
-9.454509428262412
-28.06834488958247
-9.447787295201515
-28.04893715493874
-9.441093495897187
-28.02961209989521
-9.434426825437406
-28.01036626447214
-9.427786197535664
-27.99119651623143
-9.421170633008582
-27.972100019438578
-9.414579249468405
-27.9530742060812
-9.40801125164055
-27.934116750644204
-9.401465922952008
-27.915225546321057
-9.394942617602062
-27.89639868379422
-9.388440753500301
-27.877634432299107
-9.381959805975082
-27.858931221976942
-9.37549930191453
-27.840287628271223
-9.36905881459657
-27.821702357859937
-9.36263795903568
-27.803174235923482
-9.356236387778402
-27.784702194425392
-9.349853787038205
-27.76628526214333
-9.343489873420191
-27.747922554962415
-9.337144390730527
-27.729613267854027
-9.33081710735404
-27.711356667125138
-9.32450781371956
-27.693152083651277
-9.318216320095338
-27.67499890687101
-9.311942454639311
-27.65689657925683
-9.305686061607405
-27.638844591199128
-9.299446999698675
-27.62084247696287
-9.29322514076123
-27.602889810117173
-9.287020368315993
-27.584986200383284
-9.28083257655892
-27.567131290018565
-9.274661669202713
-27.549324751059682
-9.26850755860735
-27.531566282509836
-9.26237016488893
-27.513855607915232
-9.256249415157948
-27.496192473318526
-9.250145242883116
-27.478576644870248
-9.2440575871366
-27.46100790729413
-9.237986392126844
-27.44348606213282
-9.231931606654603
-27.42601092614383
-9.225893183617892
-27.40858232984394
-9.219871079565168
-27.39120011642
-9.213865254371308
-27.37386414019597
-9.207875670760451
-27.356574265868307
-9.201902294088484
-27.33933036717295
-9.195945091930533
-27.322132326111326
-9.190004033856688
-27.304980032049443
-9.184079091163024
-27.287873380817913
-9.178170236601465
-27.270812273866024
-9.172277444126587
-27.253796617729183
-9.166400688747329
-27.236826323289687
-9.160539946307276
-27.219901304866255
-9.154695193205626
-27.203021480032124
-9.148866406364096
-27.18618676864298
-9.14305356292461
-27.16939709252231
-9.137256640168914
-27.152652374829483
-9.131475615329512
-27.135952539603196
-9.125710465459068
-27.119297511244035
-9.11996116727821
-27.102687214139994
-9.114227697070834
-27.08612157198632
-9.108510030474918
-27.069600507737448
-9.102808142486811
-27.05312394280045
-9.097122007207526
-27.03669179700231
-9.091451597850565
-27.020303987709763
-9.085796886461791
-27.003960430067288
-9.080157844017586
-26.98766103617329
-9.07453444016238
-26.971405714816367
-9.068926643135377
-26.955194371221012
-9.063334419699897
-26.939026906746506
-9.057757735056182
-26.92290321829174
-9.052196552653998
-26.906823198305087
-9.04665083420973
-26.89078673422954
-9.041120539531574
-26.87479370822919
-9.035605626439516
-26.858843996922015
-9.030106050687037
-26.842937471162656
-9.0246217658992
-26.827073995477175
-9.01915272339245
-26.811253428040406
-9.013698872177802
-26.795475620356708
-9.008260158863036
-26.7797404167257
-9.00283652748183
-26.764047654364354
-8.997427919544688
-26.7483971626873
-8.992034273804489
-26.73278876337763
-8.986655526289338
-26.71722227012738
-8.981291610223304
-26.70169748808714
-8.97594245584821
-26.686214213920575
-8.970607990450073
-26.67077223533528
-8.965288138207857
-26.655371331047906
-8.959982820189026
-26.640011270371943
-8.954691954216992
-26.624691813199355
-8.949415454871751
-26.609412709382532
-8.944153233287102
-26.59417369905855
-8.938905197266777
-26.578974512078485
-8.933671251097277
-26.563814867831244
-8.928451295494025
-26.54869447530091
-8.923245227626436
-26.53361303259351
-8.918052940963033
-26.518570226877948
-8.912874325256697
-26.503565734327456
-8.907709266529805
-26.488599219788505
-8.902557646966942
-26.473670336857147
-8.897419344945357
-26.458778727501556
-8.89229423491161
-26.4439240220585
-8.88718218738463
-26.429105839362666
-8.88208306900357
-26.414323786136165
-8.876996742325067
-26.39957745738985
-8.871923065962847
-26.384866436098733
-8.866861894481437
-26.370190293214947
-8.86181307840401
-26.355548587687995
-8.856776464222532
-26.340940866323585
-8.851751894353113
-26.32636666389638
-8.846739207177185
-26.311825503014106
-8.84173823699839
-26.297316894328418
-8.836748814116646
-26.282840336464808
-8.831770764807029
-26.268395315863437
-8.826803911268385
-26.253981307406605
-8.821848071838003
-26.23959777394397
-8.816903060833145
-26.225244166690427
-8.811968688687788
-26.21091992528366
-8.807044761974058
