47.719700499333605
47.860564715470204
47.990006630180225
48.10979019055799
48.22011955497101
48.321532085158395
48.4145528337465
48.49961660798411
48.577070951928796
48.647192643943534
48.71020318350641
48.766281168629924
48.81557189606258
48.85819479900676
48.894249234202505
48.92381900156408
48.94697588111113
48.96378240212818
48.97429400983105
48.97856075841462
48.976628631930666
48.96854057328409
48.95433728500239
48.934057852171364
48.907740227394605
48.87542160913007
48.837138738017416
48.7929281303671
48.74282626373164
48.68686972605248
48.62509533722502
48.55754024983889
48.484242034216585
48.40523875163314
48.32056901861758
48.23027206451503
48.13438778391149
48.032956785104595
47.92602043548313
47.813620904429946
47.69580120419071
47.57260522901677
47.44407779277151
47.31026466515233
47.17121260659048
47.02696940186415
46.87758389244288
46.723106007526894
46.56358679377116
46.39907844362764
46.22963432226467
46.05530899299349
45.876158241134924
45.69223909625511
45.50360985269123
45.3103300882878
45.11246068126418
44.910063825125874
44.7032030415366
44.491943191066305
44.2763504817249
44.056492475198866
43.83243809070224
43.604257606357486
43.37202265802152
43.13580623547341
42.89568267588664
42.651727654505784
42.40401817245326
42.1526325415981
41.89765036642062
41.63915252281193
41.377221133754624
41.11193954183594
40.84339227855367
40.5716650303804
40.29684460156293
40.01901887364303
39.738276761686315
39.4547081672378
39.16840392800434
38.8794557643048
38.58795622231951
38.29399861419272
37.9976769550565
37.69908589705137
37.398320660436404
37.0954769618974
36.79065094016975
36.483939079115565
36.175438128397865
35.865245021919876
35.55345679419981
35.240170494877624
34.92548310154826
34.609491431144356
34.29229205008613
33.973981183442895
33.65465462334785
33.3344076369227
33.01333487397858
32.691530274756225
32.3690869779881
32.04609722955191
31.722652292002945
31.39884235526281
31.074756448744015
30.750482355189405
30.42610652649885
30.101714001810233
29.777388328093213
29.453211483510348
29.129263803778848
28.805623911768524
28.48236865054319
28.159573020049134
27.837310117634743
27.515651082561014
27.194665044661683
26.874419077271124
26.554978154536702
26.236405113204086
25.918760618942155
25.60210313725869
25.286488909031092
24.971971930664758
24.658603938861575
24.34643439996775
24.035510503847657
23.725877162214683
23.417577011332657
23.110650418977105
22.805135495543645
22.501068109163
22.198481904678985
21.897408326325657
21.597876643937578
21.299913982511345
21.003545354930782
20.70879369766577
20.415679909241852
20.124222891282688
19.834439591918947
19.546345051359935
19.259952449421405
18.975273154810388
18.692316775960606
18.41109121322739
18.131602712245122
17.85385591826483
17.577853931285397
17.30359836181136
17.031089387065155
16.760325807499132
16.491290378727673
16.224024176577323
15.958476733727508
15.694657136114852
15.432558271128244
15.172171863570831
14.913488652842883
14.656498449092116
14.4011901864308
14.147551975434665
13.895571154898155
13.645234342743302
13.396527486007946
13.149435909860793
12.903944365605577
12.660037077643933
12.417697789383672
12.176909808072534
11.937656048559735
11.699919075978334
11.463681147352963
11.228924252143155
10.995630151731502
10.76378041787247
10.533356470119474
10.304339612251582
10.076711067719396
9.850452014137456
9.625543616849269
9.401967061589158
9.179703586270445
8.958734511927213
8.739041272842048
8.52060544588156
8.303408779075912
8.087433219462143
7.872660940227932
7.659074367172772
7.446656204519872
7.235389460097587
7.025257469916704
6.8162439221633635
6.608332880629334
6.401508807592611
6.195756586174097
