27.593999999999998
27.49422262902822
27.392956311879953
27.290254813772712
27.186176237186736
27.08077952042369
26.974122780017545
26.866262516313856
26.75725326739135
26.647147494530593
26.535995586058487
26.423845920671297
26.31074495973308
26.19673735289844
26.08186604918298
25.966172409684898
25.849696320316934
25.732476304064352
25.61454963292847
25.49595244010121
25.37671983318083
25.256886009456363
25.136484374500792
25.01554766554953
24.894108081417926
24.77219742105372
24.64984723324065
24.52708898049518
24.40395422085286
24.28047481205639
24.156683143669778
24.032612403890138
23.908296889347756
23.783772367998026
23.65907650730047
23.534249382147387
23.409334079511293
23.284377416201746
23.159430790455996
23.034551176440505
22.909802261148194
22.785255689234223
22.66099231792294
22.537103267136267
22.41369035231282
22.290865189400144
22.168745895384845
22.047450053318485
21.92708292053162
21.807721416578794
21.68939750789138
21.572087760578622
21.45571562343821
21.340167357844646
21.225315026939725
21.111037164977056
20.997231324927647
20.883818199087187
20.77074014957277
20.65795726480958
20.545443011776438
20.43318045999107
20.321159356595473
20.20937400201684
20.09782176550054
19.986502072022766
19.875415720782176
19.764564430558632
19.653950537680384
19.543576822920112
19.433446292024886
19.323562190355798
19.21392784531011
19.104546751213935
18.995422436221727
18.886558476077237
18.777958480047648
18.66962608065122
18.561564925940544
18.453778673529445
18.346270985829722
18.239045526144622
18.13210595538443
18.02545592924627
17.919099095751303
17.81303909306523
17.707279547550353
17.601824072011667
17.496676264109293
17.391839704916187
17.28731795760426
17.18311456624536
17.079233054715687
16.975676925693637
16.872449659742596
16.769554714470697
16.666995523760654
16.564775497063096
16.462898018747524
16.361366447505375
16.26018411580006
16.15935432935925
16.05888036670494
15.958765478717222
15.859012888227872
15.759625789640165
15.660607348571586
15.56196070151634
15.46368895552473
15.36579518789673
15.268282445887234
15.171153746420712
15.074412075812981
14.97806038949833
14.882101611759937
14.786538635461993
14.691374321781954
14.59661149994151
14.502252966934872
14.408301487253304
14.314759792604681
14.221630581627196
14.128916519596217
14.036620238123586
13.944744334848567
13.853291373119863
13.762263881668117
13.671664354268433
13.581495249392477
13.491758989849874
13.402457962418556
13.313594517463882
13.225170968546378
13.137189592017984
13.049652626606749
12.962562272990036
12.875920693356225
12.789730010955067
12.703992309636869
12.618709633380622
12.533883985811437
12.44951732970748
12.365611586496803
12.282168635744421
12.199190314630068
12.116678417417049
12.034634694912734
11.953060853921208
11.87195855668861
11.79132942034183
11.711175016321167
11.631496869807624
11.552296459145554
11.473575215261407
11.395334521079361
11.317575710934607
11.240300069985164
11.163508833623062
11.087203186885825
11.011384263869116
10.936053147141552
10.861210867162622
10.786858401704729
10.712996675280365
10.639626558575467
10.566748867889977
10.494364364586776
10.422473754549971
10.351077687653742
10.28017675724281
10.209771499625687
10.139862393581867
10.070449859884057
10.001534260836674
9.933115899831687
9.86519502092305
9.797771808420789
9.73084638650599
9.664418818867746
9.598489108363273
9.533057196702266
9.46812296415663
9.403686229296667
9.339746748754798
9.276304217017854
9.213358266248953
9.150908466140015
9.088954323795763
9.027495283650238
8.966530727416663
8.906059974015603
8.846082279812462
8.78659683835307
8.727602780662018
8.66909917532093
8.611085028634701
8.553559284835984
8.496520826328544
8.43996847396974
8.383900987392632
