-19.661848752600523
-20.38261202545593
-21.08647433080905
-21.772419910562327
-22.440250394726885
-23.090146816858883
-23.722465021832342
-24.337634914207342
-24.936111247353768
-25.51834993734976
-26.084796974871363
-26.635883526333068
-27.172024053355965
-27.693615885157076
-28.201039473326322
-28.694658951353727
-29.174822815051876
-29.641864635301264
-30.0961037611371
-30.537845993716804
-30.96738422233257
-31.38499901828682
-31.79095918408752
-32.18552225535712
-32.56893495171983
-32.94143357090267
-33.303244317268586
-33.65458355176821
-33.99565794437115
-34.32666450175945
-34.6477904314367
-34.95921278708871
-35.26109781701966
-35.553599905321846
-35.83685995069152
-36.111004774592104
-36.3761367907154
-36.63233885428887
-36.879661099334974
-37.11811295221565
-37.34765056180892
-37.568161026112506
-37.77944454829712
-37.98119859308856
-38.17301396016532
-38.354402272372475
-38.524885339989595
-38.6841778362956
-38.83246114356049
-38.970657558604934
-39.10051154591337
-39.22430647668663
-39.34428138090021
-39.46207213548269
-39.57849043950316
-39.693634192739
-39.80718206844149
-39.91865168884502
-40.02756300104711
-40.13351170562058
-40.236187002991606
-40.33536319975069
-40.430882797784186
-40.5226393983544
-40.610563447841024
-40.69461136287612
-40.7747576310441
-40.85098923300599
-40.92330108070978
-40.991695668632126
-41.05617886778054
-41.11675936388533
-41.1734472555817
-41.226254827119355
-41.2751954650901
-41.32028338902862
-41.36153348332542
-41.398961178038064
-41.43258236549544
-41.46241334165337
-41.488470764608785
-41.510771625034806
-41.52933322497246
-41.54417316249607
-41.55530932058554
-41.56275985902595
-41.5665432085286
-41.56667806650376
-41.56318339408771
-41.556078414131704
-41.54538260990206
-41.531115724444966
-41.51329776033773
-41.49194897984417
-41.467089905356694
-41.438741320063265
-41.406924268787705
-41.37166005895729
-41.33297026166035
-41.2908767127542
-41.24540151400167
-41.19656703419704
-41.144395910270376
-41.08891104834334
-41.03013562471088
-40.96809308674537
-40.90280715369848
-40.83430181739204
-40.76260134277985
-40.68773026837958
-40.60971340655767
-40.52857584366126
-40.44434293999292
-40.35704032961748
-40.2666939199978
-40.17332989145535
-40.07697469644844
-39.9776550586725
-39.87539797196451
-39.77023069902714
-39.662180769956365
-39.55127598057874
-39.437544390590645
-39.32101432150523
-39.20171435440236
-39.079673327477124
-38.95492033339493
-38.82748471644771
-38.69739606950621
-38.564684230782554
-38.429379280383536
-38.291511536677596
-38.1511115524518
-38.00821011088234
-37.86283822129421
-37.71502711474023
-37.56480823937337
-37.4122132556264
-37.25727403119981
-37.100022635855176
-36.94049133601752
-36.778712589188046
-36.61471903816586
-36.448543505087144
-36.28021898527007
-36.109778640890994
-35.93725579446251
-35.76268392214586
-35.586096646877635
-35.40752773133023
-35.22701107069562
-35.04458068530228
-34.860270713064445
-34.674115401782366
-34.486149101267124
-34.29640625531983
-34.104921393568816
-33.911729123144106
-33.716864120228585
-33.52036112145902
-33.322254915203494
-33.12258033271342
-32.921372239151026
-32.7186655245067
-32.51449509440138
-32.30889586079868
-32.10190273260465
-31.893550606196563
-31.68387435585554
-31.472908824130187
-31.26068881213658
-31.04724906978926
-30.832624285989574
-30.616849078769157
-30.399957985388543
-30.18198545242611
-29.962965825829354
-29.74293334097574
-29.521922112720265
-29.29996612545796
-29.077099223199216
-28.8533550996877
-28.628767288531613
-28.403369153409336
-28.177193878305488
-27.950274457841406
-27.722643687653417
-27.49433415488319
-27.265378228750002
-27.03580815952606
-26.80565552721803
-26.57495231802618
-26.34372982857326
-26.112019201190098
-25.879851306328476
-25.647256734086014
-25.41426578591887
-25.180908466520716
-24.947214475919136
-24.713213201744857
