14.254285993944986
14.238591505355805
14.221869749988684
14.204235156617974
14.185740346165204
14.166426130271393
14.14632715478898
14.125474963992461
14.10389977283794
14.081631544835577
14.058700699440843
14.035138628787283
14.01097812560081
13.98625378165972
13.96100239326846
13.935263398293095
13.909079363656407
13.882496540241348
13.855565502532503
13.828341892352434
13.800887289431206
13.773270236246221
13.745567450721989
13.717865268219052
13.690261364195518
13.662866821429146
13.635808621412249
13.609232659159266
13.583307405005742
13.558228366771674
13.53422354137552
13.511560086285336
13.490552485937481
13.471572530501076
13.455061450700638
13.44154598482673
13.431650104519955
13.426122998807886
13.425855481696711
13.431902357557929
13.44549788251303
13.468055457018842
13.501132899841723
13.546331679710427
13.605082222048452
13.67825611015879
13.765563586156247
13.864786141750422
13.971098950625827
14.076992368801745
14.173321363445002
14.251455507286607
14.305581272324751
14.333874728215076
14.3380654168939
14.321985776095241
14.290093568328057
14.246493187080667
14.194514126651676
14.13665666368933
14.074708755580042
14.009909568992132
13.943101008505266
13.874848105491669
13.805527455429177
13.735389332553138
13.664600150370093
13.593271001768606
13.521473605824031
13.449264798726624
13.37667693520682
13.303738743833687
13.230462852471636
13.156866339921883
13.082960836618662
13.008756187576237
12.934261101545088
12.859483573474337
12.784431159201159
12.709111153566953
12.633530705420204
12.557696891378411
12.481616762650168
12.405297374274262
12.328745802895977
12.251969157087485
12.174974582836198
12.09776926591721
12.02036043227494
11.942755347149472
11.864961313422429
11.786985669512603
11.708835787001687
11.630519068140325
11.552042943310937
11.473414868503001
11.39464232283322
11.315732806130505
11.236693836596709
11.157532948548221
11.078257690239987
10.998875621770711
10.91939431306689
10.839821341942274
10.760164292228229
10.680430751971068
10.600628311691393
10.520764562701364
10.44084709547422
10.360883498063144
10.280881354563823
10.200848243616534
10.120791736944945
10.040719397926194
9.96063878018927
9.880557426238369
9.800482866097456
9.720422615972907
9.640384176931544
9.560375033590887
9.480402652819365
9.400474482443533
9.32059794996049
9.24078046125304
9.161029399305884
9.081352122920581
9.001755965428126
8.922248233397282
8.842836205337454
8.763527130394573
8.684328227039293
8.605246681746182
8.526289647663058
8.447464243269913
8.368777551026586
8.29023661600879
8.211848444531952
8.13362000276253
8.055558215316852
7.977669963847037
7.899962085614058
7.822441372048178
7.745114567296579
7.667988366758791
7.59106941561006
7.514364307312806
7.437879582117263
7.3616217255513385
7.285597166900295
7.209812277677657
7.134273370086983
7.058986695476663
6.983958442787456
6.909194736994823
6.834701637545929
6.760485136793937
6.686551158429334
6.612905555910335
6.5395541108935555
6.46650253166666
6.393756451583004
6.321321427502143
6.249202938235222
6.177406382998778
6.105937079877604
6.034800264298426
5.964001087516814
5.893544615117739
5.823435825533577
5.753679608579382
5.684280764008472
5.615244000090575
5.54657393221292
5.478275081508316
5.410351873510012
5.342808636837899
5.275649601914734
5.2088788997186
5.142500560569204
5.076518512953519
5.010936582391296
4.945758490341758
4.880987853155577
4.816628181071777
4.752682877263226
4.689155236931258
4.626048446453046
4.563365582581472
4.501109611700744
4.43928339288839
4.377889658732787
4.316931051428576
4.2564100861219805
4.1963291682374715
4.136690589618684
4.077496528215769
4.018749047839582
3.9604500979845403
3.902601513720676
3.8452050156556963
