1.493
1.4868493234074494
1.484543400758895
1.483314218154937
1.4826513244394055
1.4822876365772264
1.4820822234937678
1.4819606937135485
1.4818837733758
1.481830729360254
1.4817906202096374
1.4817576768662608
1.481728863094101
1.4817025866944427
1.4816780184707568
1.4816547322384812
1.4816325144698803
1.481611263592576
1.4815909366809012
1.4815715212040457
1.481553020022293
1.4815354433860433
1.4815188046329977
1.481503117833447
1.4814883964554095
1.4814746525555886
1.48146189623123
1.4814501351884708
1.481439374345578
1.4814296154216064
1.4814208564766655
1.4814130913768626
1.4814063091591085
1.481400493270719
1.481395620660426
1.4813916606944046
1.481388571662822
1.481386309336319
1.4813848081802066
1.4813839932384227
1.4813837746606833
1.481384047305053
1.4813846922596834
1.4813855820869193
1.481386592604661
1.4813876249665259
1.4813886416389075
1.4813897162245397
1.4813910865915125
1.4813931829589664
1.4813965888757008
1.4814019104100162
1.4814095924113193
1.4814197845005115
1.4814323425539337
1.481446939690879
1.4814632242130414
1.4814809071683332
1.4814997968356223
1.4815197870967856
1.4815408303003823
1.4815629115533977
1.4815860304409092
1.4816101902207586
1.4816353924587424
1.4816616349512581
1.4816889114005292
1.4817172118705664
1.4817465234968632
1.4817773259100349
1.481808865468585
1.4818413380350937
1.4818741488076028
1.4819080756634204
1.4819429944080222
1.4819788452087947
1.4820155868196603
1.4820531880552412
1.4820916232244739
1.482130869688201
1.4821709065568633
1.482211713999771
1.4822532728820765
1.4822955645769649
1.4823385708711594
1.482382273919799
1.4824266562270645
1.4824717006399473
1.4825173903483684
1.4825637088880106
1.48261064014425
1.4826581683555318
1.4827062781164373
1.4827549543797747
1.4828041824576936
1.4828539480218055
1.4829042371023318
1.4829550360863073
1.483006331714913
1.4830581110799719
1.4831103616196861
1.4831630711136699
1.4832162276773355
1.4832698197556948
1.4833238361166423
1.4833782658437606
1.483433098328714
1.483488323263289
1.4835439306311102
1.4835999106991058
1.483656254008752
1.4837129513671485
1.4837699938379667
1.483827372732303
1.4838850795994853
1.4839431062178652
1.4840014445856184
1.4840600869116067
1.4841190256063062
1.484178253272849
1.4842377626981944
1.484297546844449
1.4843575988403759
1.48441791197309
1.4844784796799777
1.4845392955408452
1.4846003532703236
1.4846616467105367
1.4847231698240453
1.484784916687089
1.4848468814831248
1.4849090584966915
1.4849714421075828
1.4850340267853628
1.4850968070842223
1.4851597776381782
1.4852229331566305
1.4852862684202799
1.4853497782774063
1.4854134576405251
1.485477301483409
1.4855413048384936
1.4856054627946627
1.4856697704954103
1.485734223137397
1.485798815969384
1.4858635442915606
1.4859284034552491
1.4859933888630104
1.4860584959691212
1.4861237202804516
1.4861890573576992
1.4862545028170446
1.4863200523321416
1.4863857016365114
1.4864514465262848
1.4865172828633244
1.4865832065786968
1.4866492136764953
1.4867153002380102
1.4867814624262434
1.48684769649073
1.4869139987727051
1.4869803657105511
1.4870467938455654
1.4871132798279985
1.4871798204233686
1.4872464125190386
1.4873130531310232
1.4873797394110446
1.4874464686537805
1.4875132383043173
1.4875800459657829
1.4876468894071257
1.487713766571054
1.4877806755820597
1.4878476147545898
1.4879145826012283
1.487981577841004
1.4880485994076726
1.4881156464580307
1.4881827183802223
1.4882498148019814
1.488316935598831
1.4883840809021887
1.488451251107352
1.4885184468813402
1.4885856691705939
1.4886529192084694
1.488720198522515
1.488787508911492
1.4888548526050427
1.4889222319583064
1.4889896497770578
1.4890571091598415
1.4891246135373448
1.4891921666775152
1.489259772690289
1.4893274360319295
1.4893951615089338
