0.010326896106604267
0.011471921044213173
0.012568088398628887
0.013602354200858327
0.014567906558511754
0.015463941178665399
0.016294663727973287
0.017067942847984432
0.017793950929501656
0.018483999907927588
0.019149647939926705
0.019802059472519548
0.020451555168183755
0.021107280250543616
0.021776936586341132
0.022466553133999298
0.02318030101410168
0.023920383846751905
0.02468704278862322
0.025478704630403064
0.026292273579898395
0.0271235338089649
0.027967604312164846
0.02881937983002242
0.029673902572011406
0.03052663246450885
0.03137360890481151
0.03221151677701111
0.033037680383732074
0.03385001149418223
0.03464693454028427
0.03542730610208319
0.03619033953378743
0.03693554024561799
0.03766265329709725
0.03837162256013591
0.039062559496960324
0.03973571921594596
0.04039148159522636
0.041030335649487125
0.04165286578799986
0.042259739067125164
0.042851692923955007
0.04342952316928547
0.043994072218436944
0.04454621765951387
0.045086861317162316
0.045616918412585396
0.04613731035238522
0.046648952958199416
0.04715275106134007
0.04764959158687824
0.04814033817453391
0.04862582681962613
0.04910686247445029
0.04958421653256224
0.050058625107182994
0.05053078800935697
0.05100136833053982
0.051470992536884155
0.05194025098764624
0.05240969879700274
0.052879856966426005
0.05335121372306582
0.05382422600789488
0.054299321065391926
0.05477689809404668
0.055257329923856464
0.05574096469316894
0.056228127502697484
0.056719122029305166
0.0572142320862527
0.05771372312009099
0.05821784363730281
0.05872682655622128
0.05924089048173784
0.05976024090191542
0.06028507130689585
0.06081556423148767
0.06135189222357941
0.061894218741088636
0.06244269898056032
0.0629974806407961
0.06355870462505875
0.06412650568547523
0.06470101301326536
0.06528235077838221
0.06587063862206397
0.06646599210568212
0.0670685231191332
0.06767834025187293
0.0682955491295254
0.06892025271884028
0.06955255160359952
0.07019254423391107
0.07084032715116555
0.07149599519076982
0.07215964166462699
0.07283135852517864
0.07351123651269591
0.0741993652873675
0.07489583354761717
0.07560072913596388
0.07631413913363096
0.07703614994501094
0.077766847373
0.07850631668612741
0.07925464267832687
0.08001190972212194
0.08077820181593025
0.08155360262612621
0.08233819552444666
0.0831320636212688
0.0839352897952427
0.08474795671715125
0.08557014688452884
0.08640194262485994
0.0872434261278566
0.08809467945883773
0.08895578457436673
0.08982682333654547
0.09070787752618054
0.09159902885502579
0.0925003589772704
0.09341194950043705
0.09433388199582593
0.09526623800863628
0.09620909906787643
0.09716254669616459
0.09812666241950962
0.09910152777715747
0.10008722433156897
0.10108383367859683
0.1020914374579158
0.10311011736376681
0.10386179730434718
0.10475862012833602
0.10568838993574575
0.10660538790045067
0.10749231840085874
0.10834359176221987
0.10915819281664565
0.10993674284097002
0.11068035348799359
0.11139021187061848
0.11206745194514513
0.11271312871862306
0.11332822405731245
0.11391365862068968
0.11447030220497512
0.11499898111194973
0.11550048305827676
0.1159755604619504
0.11642493279256445
0.11684928844482417
0.11724928640770729
0.11762555787405929
0.11797870785699245
0.1183093168350722
0.11861794242545011
0.11890512107420795
0.11917136975003703
0.1194171876286426
0.11964305775786897
0.119849448697166
0.12003681612884315
0.12020560444241685
0.12035624829717609
0.12048917417199083
0.12060480191545313
0.12070354631390948
0.12078581869997623
0.12085202863064606
0.12090258567105751
0.12093790132929426
0.12095839158667229
0.12096448495716852
0.12095659746211697
0.1209351822786246
0.12090069988207727
0.12085363233946994
0.12079448925920268
0.12072381537678675
0.12064220024856864
0.12055029080286894
0.12044880779838747
0.1203385676882834
0.1202205120576886
0.12009574781859747
0.11996560291633138
0.11983170477429991
0.11969609267669289
0.11956138181397571
0.11943100769178895
0.11930959855146488
0.11920355710464861
0.11912199456566658
0.119078277028663
0.11909267509450432
