7.5468507603973976
7.541411171081699
7.530844838278433
7.515981505853446
7.49750817640955
7.475995203714173
7.451917457503134
7.425671536206931
7.397589795075725
7.367951796086376
7.336993662817797
7.304915728103542
7.27188878760374
7.23805921340275
7.203553134653273
7.168479854449144
7.132935007282774
7.097001749349485
7.06075369992087
7.024256107300737
6.987567090978793
6.950738657168645
6.913817530186441
6.876845834458617
6.839861655618855
6.802899503932068
6.765990698977089
6.729163691328403
6.692444331523052
6.65585610163643
6.619420311304568
6.5831562684049585
6.547081428710798
6.511211528645829
6.475560704405659
6.440141600016505
6.404965466344326
6.370042252621239
6.335380691701804
6.300988379981719
6.266871852692095
6.233036655111618
6.199487410107452
6.166227882315404
6.1332610391944336
6.100589109134846
6.068213636758801
6.03613553552323
6.004355137715495
5.972872241919363
5.941686158021094
5.910795749821339
5.880199475316985
5.849895424717344
5.819881356260225
5.790154729895368
5.760712738904761
5.7315523395313495
5.7026702786895695
5.6740631198325495
5.645727267052017
5.6176589874875305
5.58985443212201
5.562309655040216
5.535020631226376
5.507984662918283
5.481196193345893
5.454651050634739
5.428345042898294
5.402273969608543
5.3764336319748605
5.350819842387082
5.325428432977641
5.300255263356337
5.275296227569732
5.250547260335402
5.22600434259939
5.201663506463165
5.177520839524373
5.153572488673527
5.129814663386644
5.106243638551864
5.082855756865845
5.059647430833863
5.036615144405486
5.013755454275808
4.991064990880402
4.96854045911039
4.946178638772267
4.923976384815631
4.901930627350286
4.88003837147282
4.858296696921331
4.836702757575685
4.8152537808194005
4.793947066778158
4.772779987448741
4.751749985731256
4.730854574376455
4.710091334859078
4.6894579161872905
4.668952033657474
4.648571467562862
4.628314061863842
4.60817772282708
4.588160417639975
4.568260173006432
4.548475073729387
4.528803261285021
4.509242932393137
4.489792337587765
4.470449779791649
4.4512136128979085
4.432082240361821
4.413054113805371
4.3941277316369005
4.3753016376879454
4.356574419869088
4.337944708846424
4.319411176740016
4.300972535845573
4.282627537380332
4.264374970254024
4.246213037911978
4.228140536772381
4.210157637210499
4.1922620394444445
4.174453526873881
4.156730963736645
4.139093520914508
4.121540319426063
4.104070054570806
4.0866818625420835
4.069374900821721
4.05214802723977
4.035001818761943
4.017934539721621
4.000945377719477
3.9840335518027468
3.9671983093973555
3.950438923673003
3.933754691390279
3.9171449311233073
3.9006089817721867
3.8841462012996466
3.867755965642067
3.851437667756819
3.835190716776977
3.8190145372513937
3.8029085684533257
3.7868722637448236
3.770905089987096
3.755006526989378
3.739176066990535
3.7234132141689704
3.7077174841774063
3.6920884036998225
3.676525510028432
3.6610283506589965
3.6455964829031005
3.6302294735162426
3.614926898340812
3.599688341963129
3.5845133973838528
3.5694016657011343
3.554352755805969
3.539366284089236
3.524441874159959
3.5095791565743517
3.4947777685752404
3.480037353841493
3.4653575622470454
3.4507380496292113
3.4361784775659188
3.4216785131615444
3.407237828841031
3.3928561021519985
3.378533015574524
3.364269860502484
3.350067123914795
3.3359228069609217
3.321836219001213
3.307806780224422
3.293830325635301
3.2799090186946307
3.2660437870602723
3.25223396885884
3.2384795222567155
3.224780332885092
3.211136236330284
3.1975470341051047
3.184012504948858
3.170532416553998
3.1571065213275054
3.143734567852188
3.1304163022864
3.1171514701135203
3.103939813613424
3.0907810822952317
