1.5
1.5011625921204934
1.5012736200042884
1.5013304035715092
1.5013684023654634
1.5013922938272661
1.5014052871940686
1.5014098990904612
1.5014081074286614
1.5014014643737124
1.5013911858826021
1.5013782227138617
1.5013633166665588
1.5013470450648747
1.5013298559044062
1.5013120955909376
1.501294030811307
1.501275865761759
1.5012577557075186
1.5012398176461679
1.5012221386869908
1.5012047826307362
1.5011877951327381
1.5011712077517683
1.5011550411231203
1.501139307443887
1.5011240124184013
1.5011091567802506
1.5010947374823447
1.501080748626896
1.5010671821916826
1.5010540285968352
1.5010412771467676
1.5010289163744295
1.5010169343090856
1.5010053186842813
1.5009940570989686
1.5009831371419673
1.5009725464877104
1.5009622729694732
1.5009523046349476
1.500942629787959
1.5009332370192843
1.5009241152289066
1.5009152536415142
1.5009066418166779
1.5008982696548292
1.5008901273999093
1.5008822056394042
1.5008744953022888
1.5008669876553458
1.5008596742981803
1.5008525471572256
1.5008455984789466
1.5008388208224424
1.5008322070515663
1.5008257503267082
1.500819444096315
1.5008132820882394
1.500807258300994
1.5008013669949363
1.5007956026834663
1.5007899601242438
1.50078443431048
1.500779020462332
1.500773714018384
1.5007685106273125
1.500763406139665
1.500758396599825
1.5007534782381156
1.5007486474632146
1.5007439008545949
1.5007392351552507
1.500734647264683
1.5007301342319792
1.5007256932492188
1.5007213216449844
1.500717016878174
1.5007127765319748
1.500708598308067
1.5007044800210223
1.500700419592937
1.5006964150482578
1.5006924645087725
1.5006885661888667
1.5006847183909175
1.5006809195009017
1.5006771679841815
1.5006734623814841
1.5006698013050248
1.5006661834348476
1.5006626075152847
1.5005121980005829
1.500400726542928
1.5003194514113607
1.5002580726650836
1.5002139476858287
1.5001819207143638
1.5001588989213397
1.5001425768773935
1.5001312358524221
1.5001235944064768
1.500118697102587
1.500115831581789
1.5001144667537893
1.5001142067162356
1.5001147563944897
1.5001158959176342
1.5001174615077295
1.500119331225769
1.5001214143395323
1.500123643392728
1.5001259682889674
1.5001283518785924
1.5001307666665686
1.5001331923566403
1.5001356140193063
1.5001380207251707
1.5001404045254647
1.5001427596915489
1.5001450821476212
1.5001473690475713
1.5001496184593448
1.500151829129537
1.5001540003078284
1.5001561316160543
1.5001582229505936
1.5001602744095897
1.5001622862387132
1.5001642587907504
1.5001661924955059
1.5001680878373973
1.5001699453387918
1.5001717655476177
1.500173549028181
1.5001752963543469
1.5001770081045105
1.5001786848578857
1.5001803271917784
1.5001819356795973
1.500183510889419
1.5001850533829502
1.5001865637147997
1.5001880424319776
1.500189490073555
1.5001909071704593
1.5001922942453507
1.5001936518125687
1.5001949803781447
1.500196280439817
1.5001975524871138
1.5001987970014208
1.5002000144560876
1.5002012053165228
1.5002023700403149
1.5002035090773445
1.5002046228699035
1.5002057118528167
1.5002067764535634
1.5002078170923938
1.5002088341824564
1.50020982812991
1.5002107993340488
1.500211748187409
1.5002126750758922
1.500213580378877
1.5002144644693258
1.5002153277139
1.5002161704730632
1.500216993101188
1.5002177959466656
1.500218579351998
1.5002193436539102
1.5002200891834399
1.5002208162660375
1.5002215252216666
1.5002222163648895
1.5002228900049657
1.50022354644594
1.5002241859867307
1.5002248089212211
1.5002254155383388
1.5002260061221486
1.5002265809519262
1.5002271403022485
1.500227684443069
1.5002282136397944
1.5002287281533682
1.5002292282403418
1.5002297141529506
1.5002301861391873
1.5002306444428781
1.5002310893037427
1.5002315209574755
1.5002319396358104
1.5002323455665834
1.5002327389738033
1.500233120077719
1.5002334890948754
