6.990358514527548
7.014149630929508
7.037937976327151
7.061572104570342
7.084923430071142
7.107883595665386
7.130361253432594
7.152279595219026
7.173574293584171
7.194191768185633
7.214087718178741
7.233225873757168
7.2515769293449965
7.269117628229953
7.28582997413029
7.301700549690335
7.316719781313159
7.330881871871032
7.344183891908913
7.356625545269461
7.368208825578009
7.378937714548799
7.388817916564426
7.397856624791308
7.40606231479811
7.413444562229111
7.42001388157394
7.425781577842635
7.430759635808239
7.43496059553388
7.438397454280736
7.441083580263565
7.443032634978169
7.44425850441417
7.4447752382309496
7.444596996034133
7.443737999987797
7.442212493084031
7.440034702467397
7.437218807277763
7.4337789105332535
7.429729014626028
7.425083000048821
7.419854607009974
7.414057419630253
7.407704852446137
7.40081013897243
7.393386322102057
7.3854462461434895
7.377002550316231
7.368067663543014
7.358653800393528
7.348772958049112
7.338436914171185
7.327657225567848
7.316445227564023
7.304812033990037
7.292768537712406
7.28032541163837
7.26749311013295
7.254281870793693
7.240701716534023
7.226762457931561
7.2124736958021805
7.197844823965185
7.1828858170393435
7.16760490072699
7.152010867229595
7.1361123132894075
7.11991764417448
7.103435077087632
7.086672644598319
7.069638198093697
7.0523394112384015
7.034783783433458
7.016978643266105
6.998931151943265
6.9806483067024425
6.962136944194679
6.9434037438349785
6.924455231116243
6.905297780883425
6.8859376205651515
6.866380833360426
6.846633361378614
6.826701008731102
6.806589444573485
6.786304206097353
6.765850701470951
6.74523421272831
6.724459898606544
6.703532797331204
6.682457829349692
6.6612398000129405
6.639883402205522
6.61839321892459
6.59677372580805
6.575029293612412
6.55316419064087
6.531182585122195
6.509088547541027
6.486886052920225
6.464578983055934
6.442171128706065
6.419666191732855
6.397067787200283
6.374379445427006
6.351604613995548
6.328746659718516
6.30580887056251
6.282794457530549
6.259706556503594
6.23654823004207
6.213322469147975
6.190032194988353
6.166680260580821
6.143269452441856
6.119802492198539
6.0962820381644764
6.0727106868804865
6.049090974620836
6.025425378865623
6.001716319739972
5.977999048054262
5.954174239708235
5.9303788649758795
5.9064834589493715
5.882594374604691
5.858670617529586
5.834718717057401
5.810767756950929
5.786764639580568
5.762738559084885
5.7386922877881
5.71459480869641
5.690516649137055
5.6664247138055925
5.642319618789835
5.618203007656141
5.594076519467501
5.569941757238958
5.545800287958274
5.521653643554153
5.497503321853855
5.473350787504601
5.449197472861817
5.42504477884709
5.400894075778462
5.376746704175022
5.3526039755374795
5.328467173106151
5.304337552597507
5.280216342920329
5.256104746872331
5.232003941818001
5.207915080348431
5.183839290923647
5.1597776784980764
5.135731325129647
5.1117012905729915
5.0876886128572085
5.063694308848632
5.039719374798923
5.015764786878982
4.991831501698931
4.967920456814585
4.944032571220719
4.920168745831443
4.896329863948025
4.872516791714417
4.848730378560814
4.8249714576355185
4.801240846225368
4.777539346165008
4.753867744235264
4.730226812550874
4.706617308937798
4.683039977300395
4.659496578320075
4.635988481353588
4.6125141546194675
4.589074369194797
4.565669873368592
4.542297249806752
4.518961791632919
4.4956655535185
4.472407900312641
4.449189399278259
4.426010618882075
4.40287212588073
4.3797744838300705
4.356718251974569
4.333703988414046
4.310732236964344
4.28780353959371
4.264918432071973
4.2420774434160915
4.2192810918998465
4.196529897047729
