1.4938
1.5007752040709157
1.5015803123285056
1.5017206745751022
1.5017267169016697
1.50170648540739
1.5016817280428594
1.5016567934337726
1.5016325242194386
1.5016090573692964
1.50158638892517
1.5015644879584655
1.5015433195605872
1.5015228494541415
1.5015030448805426
1.501483874727496
1.5014653094980275
1.5014473212448525
1.5014298834967288
1.5014129711833792
1.5013965605611646
1.5013806291405707
1.5013651556161327
1.5013501197991903
1.501335502553724
1.5013212857353835
1.501307452133755
1.501293985417842
1.5012808700846882
1.5012680914110512
1.5012556354079947
1.5012434887782797
1.5012316388764002
1.5012200736711305
1.5012087817104305
1.501197752088577
1.5011869744153763
1.5011764387873283
1.501166135760619
1.5011560563258173
1.5011461918841662
1.5011365342253586
1.5011270755067034
1.5011178082335823
1.5011087252411122
1.501099819676933
1.5010910849850452
1.5010825148906202
1.5010741033857276
1.501065844715909
1.501057733367549
1.5010497640559812
1.5010419317142942
1.501034231432448
1.5010266586958843
1.5010192088958316
1.5010118777650763
1.5010046611851897
1.500997555195345
1.5009905559889252
1.500983659907315
1.5009768634333958
1.5009701631852606
1.500963555910233
1.500957038479197
1.5009506078812194
1.5009442612184496
1.5009379957012836
1.500931808643769
1.5009256974592466
1.5009196596562047
1.500913692834344
1.500907794680832
1.5009019629667415
1.5008961955436624
1.5008904903404743
1.5008848453602748
1.5008792586774504
1.5008737284348879
1.5008682528413124
1.500862830168751
1.500857458750111
1.5008521369768681
1.5008468632968617
1.5008416362121852
1.5008364542771733
1.5008313160964761
1.5008262203232206
1.5008211656572485
1.5008161508434337
1.5008111746700699
1.5008062359673284
1.500801333605781
1.5007964664949847
1.5007916335821259
1.5007868338507204
1.5007820663193696
1.500777330040564
1.500772624099538
1.5007679476131708
1.500763299728931
1.5007586796238637
1.5007540865036175
1.500749519601511
1.5007449781776347
1.5007404615179882
1.5007359689336521
1.5007314997599892
1.5007270539205453
1.500722629164735
1.5007182263897512
1.5007138446711277
1.5007094833792038
1.5007051419790083
1.5007008199560283
1.5006965168145947
1.500692232077352
1.5006879652847234
1.5006837159943864
1.5006794837807638
1.5006752682345317
1.5006710689621476
1.50066688558539
1.5006627177409173
1.50065856507984
1.5006544272673055
1.5006503039820982
1.5006461949162533
1.5006420997746797
1.5006380182747965
1.5006339501461814
1.5006298951302273
1.5006258529798109
1.5006218234589699
1.5006178063425892
1.5006138014160963
1.5006098084751638
1.5006058273254204
1.5006018577821685
1.5005978996701095
1.500593952823074
1.5005900170837592
1.5005860923034704
1.5005821783418705
1.500578275066731
1.500574382353688
1.5005705000860048
1.5005666281543355
1.5005627664564916
1.5005589148972143
1.500555073387946
1.5005512418466065
1.5005474201973688
1.500543608370439
1.5005398063018356
1.5005360139331687
1.500532231211421
1.50052845808873
1.5005246945221655
1.5005209404735118
1.5005171959090442
1.5005134607993074
1.5005097351188892
1.5005060188461947
1.5005023119632155
1.5004986144552965
1.5004949263109004
1.5004912475213672
1.500487578080669
1.5004839179851606
1.500480267233325
1.500476625825514
1.5004729937636787
1.5004693710510995
1.5004657576921026
1.5004621536917742
1.500458559055661
1.5004549737894664
1.500451397898735
1.500447831388527
1.5004442742630815
1.5004407265254691
1.500437188177232
1.5004336592180116
1.5004301396451603
1.5004266294533408
1.50042312863411
1.5004196371754845
1.5004161550614905
1.5004126822716946
1.500409218780715
1.500405764557713
1.5004023195658605
1.500398883761788
1.500395457095004
1.500392039507291
1.5003886309320738
1.5003852312937576
1.5003818405070368
