-683.1596634644153
-680.6184947262558
-678.1675625159664
-675.8302111846011
-673.6080744530796
-671.4977004105923
-669.494447384544
-667.5934596147974
-665.7899355630211
-664.079215648983
-662.4568177661754
-660.9184536148409
-659.4600356100178
-658.0776780972725
-656.7676948074561
-655.5265937791273
-654.3510706064968
-653.2380006311831
-652.1844305264946
-651.1875695988252
-650.2447810387846
-649.3535732864204
-648.5115916241373
-647.7166100733156
-646.9665236428679
-646.25934095754
-645.5931772789162
-644.9662479213534
-644.3768620574596
-643.8234169024605
-643.3043922632497
-642.8183454356716
-642.3639064322737
-641.9397735221976
-641.5447090647343
-641.1775356183776
-640.8371323077055
-640.5224314310831
-640.232415293016
-639.9661132457875
-639.7225989259059
-639.5009876717963
-639.3004341100029
-639.1201298980222
-638.9593016127336
-638.8172087740927
-638.693141994571
-638.5864212454321
-638.4963942316401
-638.4224348677575
-638.363941847772
-638.3203373023133
-638.2910655371891
-638.2755918476327
-638.2734014030677
-638.2839981975773
-638.3069040616108
-638.341657730815
-638.3878139681499
-638.4449427357432
-638.5126284132074
-638.5904690593505
-638.6780757144654
-638.7750717405671
-638.8810921971359
-638.9957832501024
-639.1188016119705
-639.2498140111252
-639.3884966884871
-639.5345349198495
-639.6876225622873
-639.8474616232007
-640.0137618505979
-640.186240343367
-640.3646211803241
-640.5486350669534
-640.7380189987794
-640.932515940424
-641.1318745194384
-641.3358487340702
-641.5441976741723
-641.7566852545292
-641.9730799598972
-642.1931546011325
-642.4166860817915
-642.6434551746429
-642.8732463075798
-643.1058473584088
-643.3410494580904
-643.5786468019696
-643.8184364686095
-644.0602182458488
-644.3037944637143
-644.5489698338862
-644.7955512953775
-645.0433478661549
-645.2921705004319
-645.5418319513698
-645.7921466389656
-646.0429305228955
-646.2940009801202
-646.5451766870477
-646.7962775060921
-647.0471243764513
-647.2975392089609
-647.5473447848755
-647.796364658448
-648.0444230631973
-648.2913448217352
-648.5369552590713
-648.781080119286
-649.0235454855031
-649.264177703073
-649.5028033059018
-649.7392489458742
-649.9733413252986
-650.2049071323413
-650.4337729793987
-650.659765344377
-650.8827105148438
-651.1024345350323
-651.3187631556727
-651.5315217866382
-651.7405354523947
-651.9456287502449
-652.1466258113672
-652.3433502646483
-652.5356252033134
-652.7232731543618
-652.9061160508186
-653.0839752068148
-653.2566712955077
-653.4240243298658
-653.5858536463246
-653.7419778913493
-653.8922150109094
-654.0363822428932
-654.1742961124944
-654.305772430567
-654.4306262949992
-654.5486720951077
-654.6597235190783
-654.7635935644695
-654.8600945517995
-654.949038141224
-655.0302353523186
-655.1034965869733
-655.1686316554049
-655.2254498052812
-655.2737597539578
-655.3133697238127
-655.3440874806612
-655.3657203752343
-655.3780753876889
-655.3809591750983
-655.3741781219056
-655.3575383932595
-655.3308459911815
-655.2939068134923
-655.2465267154065
-655.1885115737086
-655.1196673533993
-655.0398001766929
-654.9487163942381
-654.8462226584139
-654.7321259985493
-654.6062338978738
-654.4683543720412
-654.3182960489906
-654.1558682499475
-653.9808810713214
-653.7931454672381
-653.5924733324485
-653.3786775853177
-653.1515722505848
-652.91097254158
-652.6566949415356
-652.3885572836476
-652.1063788294883
-651.8099803453797
-651.4991841762995
-651.1738143168851
-650.833696479061
-650.478658155831
-650.1085286807128
-649.7231392823142
-649.3223231334945
-648.9059153945701
-648.4737532499767
-648.0256759377905
-647.5615247715089
-647.0811431534506
-646.5843765791376
-646.0710726320057
-645.541080967783
-644.9942532878617
-644.4304433009735
-643.8495066724831
-643.2513009605664
