121.72213695771595
123.76956297350479
125.78893964667137
127.77117042379533
129.71205125951306
131.6096129754809
133.46303486774374
135.27208481287877
137.03683076260262
138.75749244266424
140.43436539021792
142.0677822706768
143.65809337797924
145.20565698296792
146.7108347168557
148.17398950996997
149.59548480995284
150.97568442439308
152.3149526530537
153.61365453970387
154.87215615855698
156.0908248936461
157.27002969199802
158.4101412824274
159.51153235764724
160.57457771995288
161.59965439203893
162.5871416950152
163.53742129577543
164.45087722592785
165.32789587422508
166.16886595449847
166.97417845078763
167.7442265413294
168.47940550297614
169.18011259742372
169.8467469407075
170.4797093572194
171.07940221956704
171.6462292754943
172.18059546305886
172.68290671531344
173.15356975560292
173.5929918846549
174.00158076064025
174.3797441732848
174.72788973324356
175.04642494854193
175.33575653574445
175.59629047180206
175.828431684681
176.03258381551507
176.20914898101606
176.3585275383311
176.48111785313188
176.57731607179124
176.6475158983675
176.69210837723534
176.711481681952
176.70602091105863
176.6761078907215
176.62212098880053
176.54443493120849
176.4434206310318
176.3194450296548
176.17287094198625
176.00405691466938
175.81322764262842
175.60099324985882
175.3675668268521
175.11341809671902
174.83862273830152
174.5436429725866
174.2288040772392
173.89442641801713
173.540825338458
173.16831108741079
172.77718877185725
172.3677583271589
171.94031450056477
171.4951468456897
171.03251749532944
170.55275103373452
170.05609821235942
169.54282798391662
169.01320418784277
168.46748560406985
167.90592600830604
167.32877423058616
166.73627421819518
166.12866510322652
165.50618127479487
164.8690524556879
164.21750378344004
163.55175589490037
162.87202501490742
162.17852304786655
161.47145767248782
160.75103243909584
160.0174468693312
159.27089655788103
158.51157327599748
157.7396650765392
156.95535640023454
156.15882818292084
155.35025796365568
154.5298199932111
153.6976853430094
152.8540220141198
151.99899504621143
151.13276662626652
150.25549619684506
149.36734056382454
148.46845400336213
147.55898836805082
146.63909319205027
145.70891579513173
144.76860138550413
143.81829316131677
142.8581324107488
141.8882586106174
140.9088095233918
139.91992129257045
138.92172853633926
137.91436443946773
136.8979608433687
135.87264833428787
134.83855632959097
133.79581316207023
132.7445461622898
131.68488173889995
130.6169454569082
129.54086211388287
128.45675581408094
127.36475004046673
126.26496772460602
125.15753131445354
124.04256283998777
122.9201839767048
121.79051610696999
120.65368037920958
119.5097977649548
118.3589891137234
117.20137520575483
116.03707680258184
114.86621469544852
113.68890975161118
112.50528295844178
111.31545546544433
110.11954862410568
108.91768402563831
107.70998353657599
106.49656933229252
105.2775639283818
104.05309020996391
102.82327145887783
101.58823137882483
100.34809411841411
99.10298429215908
97.85302699942895
96.59834784135705
95.33907293571696
94.0753289297925
92.80724301124644
91.53494291699432
90.2585569401042
88.97821393475529
87.69404331921596
86.40617507694924
85.11473975574918
83.81986846503838
82.5216928712539
81.22034519141815
79.91595818484538
78.60866514306046
