0.9972369278281469
0.98852135352028
0.9812608719232553
0.9754400837649994
0.9710193043324346
0.9679551232715027
0.9662020155539514
0.9657131266997644
0.966440858952643
0.9683373464760356
0.9713548425579539
0.9754460317891661
0.980564278192739
0.9866638191980973
0.9936999142567894
1.0016289557747458
1.0104085489584949
1.0199975661827945
1.0303561806073485
1.0414458830022169
1.0532294850825061
1.0656711120916054
1.0787361868987464
1.0923914074794878
1.1066047193152888
1.1213452839715012
1.1365834448830994
1.152290691187017
1.1684396202810055
1.1850038996594239
1.2019582284674002
1.2192782991263857
1.236940759310422
1.2549231744923024
1.2732039912290571
1.2917625013152878
1.3105788069004427
1.3296337866375518
1.3489090629104168
1.3683869701669362
1.3880505243726364
1.4078833935867021
1.4278698696532564
1.4479948409937615
1.4682437664804562
1.4886026503665335
1.5090580182453297
1.5295968940086522
1.550206826437605
1.5708756738612824
1.5915918745370967
1.612344233986644
1.6331219546692315
1.6539146182485982
1.6747121686260216
1.6955048957106713
1.7162834198955885
1.7370386772095125
1.7577619051149966
1.7784446289247615
1.799078648809091
1.8196560273680813
1.8401690777435127
1.8606103522463304
1.8809703229581767
1.9012488882539202
1.9214324067466524
1.9415165180269909
1.9614948341317044
1.9813611326091882
2.0011093607374484
2.020733629540707
2.040228206481582
2.0595875081878177
2.0788060934385966
2.0978786564388026
2.1168000203753174
2.135565131244015
2.1541690519359773
2.1726069565710957
2.1908741250686936
2.2089659379443436
2.2268778118401182
2.2446054321433855
2.2621443931175746
2.279490429824805
2.2966393549767274
2.313587054899572
2.3303294856645356
2.3468626693786856
2.3631826906291
2.379285693073991
2.3951678761746673
2.410825492062703
2.426254842536995
2.441452276185397
2.456414185626259
2.4711370048650942
2.485617206762107
2.4998513006063194
2.513835829792368
2.5275673695963228
2.5410425250468607
2.554257928888492
2.5672102396337273
2.579896139701054
2.5923123336360225
2.6044555464127295
2.616322521813139
2.6279100208818926
2.6392148204545327
2.65023371175671
2.6609634990728557
2.671400998482066
2.6815430366598845
2.6913864497440296
2.700928082262866
2.7101647861251723
2.7190934196698135
2.727710846774394
2.7360139360216214
2.7439995599225404
2.7516645941956797
2.7590059171014008
2.766020408830658
2.772704950947573
2.7790564258853414
2.7850717164948504
2.7907477056457637
2.796081275879613
2.8010693091146828
2.805708686402435
2.809996287735408
2.813928991906341
2.8175036764186423
2.8207172174480237
2.823566489855569
2.826048367252065
2.8281597221139316
2.82989742595079
2.8312583495249295
2.8322393631228175
2.8328373368789377
2.8330491411522534
2.832871646955478
2.832301726437499
2.831336253419294
2.829972103983536
2.8282061571182493
2.8260352954148265
2.823456405820652
2.820466380446614
2.8170621174297907
2.8132405218514913
2.808998506710952
2.804332993954708
2.799240915561965
2.793719214685959
2.7877648468514127
2.7813747812080782
2.77454600184037
2.767275509132977
2.759560321192345
2.7513974753237602
2.7427840295638957
2.733717064268374
2.7241936837540486
2.714211017995518
2.7037662243753715
2.6928564894875664
2.6814790309933514
2.6696310995289774
2.657309980664461
2.6445129969125585
2.631237509787214
2.6174809219103707
2.6032406791663796
2.5885142729029926
2.573299242177908
2.557593176049982
2.5413937159140274
2.5246985578783403
2.507505455184015
2.489812220665174
2.471616729249395
2.4529169204977017
2.433710801183505
2.4139964479102467
2.3937720097675026
2.3730357110256803
2.351785853869544
2.3300208211713356
2.307739079304371
2.284939180998561
2.2616197682397225
2.237779575214989
2.21341743130732
2.1885322641426384
2.163123102693954
