-475.29171950728437
-472.9698028462294
-470.915783586809
-469.10632069970615
-467.5146454260074
-466.1165723132173
-464.890775550904
-463.8185197273463
-462.8833485635031
-462.07079296983153
-461.3681096479046
-460.7640518439781
-460.24867055017813
-459.8131431870403
-459.44962645507405
-459.1511301098604
-458.91140867856734
-458.72486847732426
-458.5864876412249
-458.49174720922093
-458.4365716017369
-458.41727708602525
-458.43052704446393
-458.4732930475217
-458.54282089018443
-458.63660088234894
-458.75234179397717
-458.88794794805773
-459.0414990316146
-459.21123225965874
-459.3955421008104
-459.5928895139636
-459.8019402001088
-460.021407621817
-460.2501111206352
-460.48695619781677
-460.7309257972671
-460.98107307995076
-461.23651497970405
-461.4964264002371
-461.76003497662293
-462.02661633860487
-462.2954898212464
-462.5660145751781
-462.83758603443147
-463.1096327048951
-463.3816132407252
-463.65301377985264
-463.92334551301525
-464.19214246362577
-464.45895945832024
-464.72337027024
-464.98496591905524
-465.24335311345817
-465.4981528233685
-465.74899897043434
-465.9955372266136
-466.23742391165376
-466.4743249812552
-466.70591509851965
-466.9318767820353
-467.151899624632
-467.36567957741306
-467.57291829423133
-467.77332253223506
-467.9666036045579
-468.15247688160775
-468.33066133776254
-468.50087914058713
-468.66285527999094
-468.81631723496974
-468.9609946758424
-469.09661920006846
-469.22292409994424
-469.3396441606244
-469.4465154870773
-469.54327535871136
-469.62966211053157
-469.70541503978154
-469.77027433712857
-469.8239810415106
-469.8662770178528
-469.89690495688524
-469.9156083963663
-469.92213176301897
-469.9162204345258
-469.8976208209312
-469.86608046479085
-469.8213481594112
-469.76317408447693
-469.6913099583492
-469.6055092062635
-469.50552714359793
-469.39112117332587
-469.26205099668204
-469.11807883598993
-468.9589696685009
-468.784491469991
-468.59441546675174
-468.3885163944793
-468.1665727624514
-467.92836712124523
-467.6736863321074
-467.4023218359497
-467.11406991981494
-466.80873197851054
-466.4861147689807
-466.1460306548662
-465.7882978385996
-465.41274057827104
-465.01918938645423
-464.6074812081057
-464.1774595746621
-463.72897473145827
-463.2618837356511
-462.7760505219457
-462.27134593356556
-461.747647716122
-461.20484047229775
-460.64281557559787
-460.0614710418073
-459.4607113572465
-458.8404472634485
-458.2005954984445
-457.5410784955039
-456.8618240408413
-456.1627648925386
-455.44383836369593
-454.70498587358514
-453.9461524713572
-453.1672863376142
-452.36833826987123
-451.5492611585927
-450.71000946107586
-449.85053868092893
-448.970804861266
-448.07076409995824
-447.1503720953611
-446.20958373084386
-445.248352706179
-444.2666312234122
-443.2643697342077
-442.24151675487974
-441.1980187543603
-440.1338201192776
-439.0488631991035
-437.94308843301326
-436.81643428818023
-435.6688385845948
-434.5002373862546
-433.3105663738723
-432.0997611392425
-430.8677577595597
-429.6144934272708
-428.3399071267596
-427.0439403485951
-425.72653783156875
-424.3876483224142
-423.0272253429548
-421.64522795436005
-420.24162150815084
-418.8163783735946
-417.3694786314923
-415.9009107250529
-414.4106720595331
-412.8987695433057
-411.3652200639111
-409.8100508934929
-408.2333000188461
-406.63501639223733
-405.0152601000744
-403.37410244745786
-401.71162595754265
-400.02792428553033
-398.32310204790394
-396.5972745682848
-394.85056754197825
-393.0831166219013
-391.2950669291495
-389.486572491976
-387.65779561739686
-385.8089062000385
-383.94008097320955
-382.0515027074798
-380.1433593623483
-378.21584319683285
-376.2691498450632
-374.30347736318123
-372.3190252540854
-370.31599347677616
-368.29458144730165
-366.2549870385293
-364.19740558624176
-362.12202890931843
-360.0290443520524
-357.91863385696934
-355.79097307681775
-353.64623053474855
-351.4845668420382
