-155.53495110030872
-153.8544623437443
-152.27335824886362
-150.79224206587156
-149.4046608518499
-148.1032317855456
-146.88098104059057
-145.73157727035806
-144.64931868384923
-143.62907193832822
-142.66620768520022
-141.75654208208158
-140.89628546713118
-140.0819976417999
-139.31054892434472
-138.57908617704211
-137.88500311039985
-137.22591426806372
-136.5996321845607
-136.0041472835367
-135.43761014803684
-134.8983158483552
-134.3846900585632
-133.89527673136178
-133.42872713352207
-132.98379007182587
-132.5593031629044
-132.15418502033904
-131.76742824941485
-131.39809315445535
-131.04530207610037
-130.7082342865596
-130.38612138002486
-130.078243103322
-129.78392357867537
-129.50252787633931
-129.2334588999448
-128.9761545518182
-128.73008514937814
-128.4947510670518
-128.26968058107286
-128.05442789707817
-127.84857134264526
-127.6517117088784
-127.46347072687496
-127.28348966640853
-127.1114280455187
-126.94696244086025
-126.78978538972375
-126.63960437555322
-126.496140889614
-126.35912956219376
-126.22831735736371
-126.10346282590814
-125.98433541155164
-125.87071480606589
-125.76239034925739
-125.65916047020521
-125.56083216645159
-125.46722051814191
-125.37814823438632
-125.2934452293488
-125.21294822579401
-125.13650038401596
-125.06395095424861
-124.99515495082393
-124.92997284648338
-124.86827028538742
-124.80991781347727
-124.75479062496628
-124.70276832382216
-124.6537346992039
-124.60757751389147
-124.56418830482623
-124.52346219494484
-124.48529771555505
-124.44959663855708
-124.41626381786695
-124.3852070394479
-124.35633687939733
-124.32956656957909
-124.30481187032876
-124.2819909497907
-124.26102426948074
-124.24183447569494
-124.22434629641197
-124.20848644336436
-124.19418351896859
-124.18136792783747
-124.16997179260474
-124.15992887381879
-124.1511744936767
-124.14364546338162
-124.1372800139283
-124.13201773012686
-124.12779948769258
-124.12456739324071
-124.12226472703188
-124.12083588832976
-124.12022634323606
-124.120382574882
-124.12125203585829
-124.12278310277767
-124.12492503286924
-124.12762792250939
-124.13084266760234
-124.13452092572842
-124.13861507998328
-124.14307820443649
-124.14786403114333
-124.15292691864734
-124.15822182191653
-124.16370426365877
-124.16933030696605
-124.1750565292433
-124.18083999737566
-124.18663824409688
-124.19240924552068
-124.19811139980105
-124.20370350689043
-124.20914474936762
-124.21439467430628
-124.21941317616344
-124.22416048066319
-124.22859712965604
-124.23268396693675
-124.23638212500266
-124.23965301273913
-124.24245830401729
-124.24475992719495
-124.24652005550728
-124.2477010983404
-124.24826569337988
-124.24817669962522
-124.24739719126917
-124.2458904524319
-124.24361997274944
-124.24054944381382
-124.23664275645899
-124.23186399889504
-124.2261774556863
-124.21954760757411
-124.21193913214309
-124.20331690533138
-124.19364600378432
-124.18289170805157
-124.17101950662823
-124.15799510083994
-124.14378441057079
-124.12835358083582
-124.1116689891937
-124.09369725400171
-124.07440524350963
-124.05376008578996
-124.03172917949979
-124.00828020547402
-123.98338113913944
-123.95700026374689
-123.9291061844137
-123.89966784296466
-123.86865453356467
-123.83603591912868
-123.8017820484965
-123.7658633743559
-123.7282507718978
-123.68891555818493
-123.64782951220809
-123.6049648956132
-123.56029447406578
-123.51379153923003
-123.46542993132759
-123.41518406224316
-123.36302893914043
-123.30894018854876
-123.252894080876
-123.19486755530431
-123.13483824501647
-123.0727845027032
-123.00868542629252
-122.94252088484268
-122.8742715445356
-122.80391889470252
-122.73144527381028
-122.6568338953345
-122.58006887343763
-122.5011352483712
-122.42001901150974
-122.33670712992756
-122.25118757041867
-122.16344932285624
-122.0734824227884
-121.98127797315477
-121.88682816500908
-121.790126297127
-121.69116679437444
-121.58994522470566
-121.48645831465619
-121.38070396318894
-121.27268125374331
