-67.58646695469668
-66.93206941356398
-66.30692117453516
-65.7132569500018
-65.14992601963527
-64.61507422231952
-64.10680696805194
-63.62334286992707
-63.163040179942165
-62.72439239500889
-62.30601726371608
-61.90664519770694
-61.525108489118274
-61.16033158107158
-60.81132235687249
-60.47716435291942
-60.15700979478434
-59.850073363432315
-59.555626608434814
-59.27299293463421
-59.0015430974302
-58.74069114959503
-58.48989078935526
-58.24863206547047
-58.01643840030661
-57.79286389651069
-57.57749089693871
-57.36992777102766
-57.16980690390758
-56.976782867269385
-56.790530753392716
-56.61074465583263
-56.43713628210789
-56.269433685349355
-56.10738010329955
-55.950732894304686
-55.799262561056494
-55.65275185381454
-55.51099494571351
-55.373796673521554
-55.24097183789975
-55.11234455781696
-54.98774767430786
-54.86702219924559
-54.75001680521988
-54.636587352995406
-54.5265964533636
-54.41991306050261
-54.31641209423309
-54.21597408880103
-54.118484866035274
-54.023835230926565
-53.93192068784722
-53.84264117579317
-53.75590082117143
-53.671607706783945
-53.589673655778576
-53.51001402944025
-53.432547537792566
-53.357196062066194
-53.28388448816856
-53.21254055036018
-53.143094684410066
-53.075479889556306
-53.00963159865868
-52.945487555972015
-52.882987702017694
-52.82207406507143
-52.762690658818684
-52.70478338576878
-52.64829994604493
-52.59318975119825
-52.53940384272011
-52.486894814949345
-52.43561674209556
-52.385525109116976
-52.33657674621181
-52.28872978368762
-52.24194350801114
-52.19617847603371
-52.151396291498415
-52.10755963980563
-52.06463222290159
-52.02257871358793
-51.98136471202727
-51.94095670431836
-51.90132202302281
-51.862428809531515
-51.824245978167454
-51.78674318192628
-51.74989077976526
-51.71365980535312
-51.67802193720219
-51.64294947010782
-51.608415287823256
-51.574392836905965
-51.54085610167164
-51.507779580198644
-51.47513826132811
-51.44290760260793
-51.41106350913251
-51.37958231323307
-51.34844075497516
-51.31761596342374
-51.28708543863777
-51.25682703435828
-51.2268189413571
-51.197039671413876
-51.167468041891695
-51.1380831608844
-51.108864412906904
-51.079791445105705
-51.05084415396512
-51.022002672487176
-50.993247357824345
-50.964558779345644
-50.93591770711714
-50.90730510078028
-50.87870209881014
-50.85009000813987
-50.82145029413567
-50.792764570908126
-50.76401459194878
-50.7351822410777
-50.706249523692385
-50.67719855830633
-50.64801156836693
-50.61867087434478
-50.58915888608345
-50.55945809540308
-50.5295510689499
-50.499420441283
-50.46904890819328
-50.43841922024756
-50.407514176551636
-50.376316618727465
-50.34480942509882
-50.31297550508135
-50.28079779377136
-50.24825924673113
-50.215342834965405
-50.182031540086044
-50.14830834966231
-50.114156252752714
-50.0795582356162
-50.04449727760065
-50.00895634720536
-49.97291839831602
-49.936366366609775
-49.89928316612897
-49.861651686021204
-49.82345478744433
-49.78467530063503
-49.745296022138504
-49.705299712199036
-49.664669092308976
-49.623386842914435
-49.58143560127706
-49.53879795948953
-49.495456462643375
-49.45139360714623
-49.40659183918855
-49.36103355335608
-49.3147010913854
-49.2675767410617
-49.21964273525415
-49.170881251086385
-49.12127440923936
-49.07080427338094
-49.019452849719826
-48.96720208667775
-48.91403387467577
-48.85993004602814
-48.80487237493746
-48.74884257758521
-48.691822312309085
-48.63379317985905
-48.574736723722914
-48.514634430513
-48.45346773040052
-48.391217997588605
-48.32786655080991
-48.263394653835384
-48.19778351597988
-48.13101429258759
-48.06306808548173
-47.99392594335846
-47.92356886210547
-47.851977785025014
-47.77913360293667
-47.70501715413677
-47.62960922418754
-47.552890545507935
-47.47484179673683
-47.395443601835424
-47.31467652889601
-47.23252108862051
-47.14895773242934
-47.06396685016078
