3.18134659422676
3.191278270128687
3.2014466256539778
3.2118683602727263
3.2225612563510517
3.2335471358394
3.244844351716086
3.256466650706013
3.2684235446074466
3.2807209276265543
3.2933616626903977
3.306346087801469
3.319672443668662
3.333337233197948
3.347335523722455
3.3616612013990244
3.3763071856328324
3.391265610030572
3.40652797525868
3.422085278262772
3.4379281215521025
3.4540468056363363
3.4704314071956
3.4870718451468306
3.5039579364241447
3.5210794430046204
3.538426111472039
3.55598770621327
3.5737540371746808
3.5917149829672947
3.609860509991807
3.628180688155796
3.6466657036725003
3.6653058693592855
3.6840916327943742
3.703013582639669
3.7220624533938467
3.7412291288029804
3.7605046441245307
3.7798801874134806
3.7993470999758387
3.8188968761153506
3.8385211622816424
3.8582117557138353
3.8779606026601847
3.8977597962441903
3.917601574037433
3.9374783153915947
3.9573825385749193
3.977306897751976
3.9972441798407927
4.017187301276167
4.0371293047042585
4.057063355630295
4.076982739037469
4.096880855993377
4.116751220257247
4.13658745489968
4.156383288944794
4.176132554042848
4.195829181180727
4.215467197435799
4.235040722778137
4.25454396692519
4.27397122625188
4.293316880759008
4.312575391101944
4.331741295680755
4.3508092077935645
4.369773812853317
4.388629865668742
4.40737218778955
4.425995664915941
4.444495244372129
4.462865932643517
4.481102792977117
4.499200943044405
4.517155552666132
4.534961841598181
4.552615077377663
4.570110573228436
4.5874436860251615
4.604609814314818
4.621604396395096
4.63842290844835
4.655060862730592
4.671513805814186
4.68777731688386
4.703847006084739
4.7197185129217925
4.735387504709875
4.750849675073465
4.766100742495526
4.781136448914619
4.795952558369764
4.810544855692237
4.824909145243893
4.839041249701323
4.852937008885435
4.866592278635983
4.880002929730489
4.8931648468474105
4.906073927573026
4.918726081451788
4.931117229079947
4.943243301242185
4.955100238091072
4.966683988369251
4.977990508674273
4.989015762765951
4.999755720916304
5.010206359302106
5.020363659439996
5.030223607664406
5.0397821946483035
5.04903541496695
5.057979266704899
5.066609751106406
5.0749228722695205
5.082914636884109
5.090581054014163
5.097918134924661
5.104921892953278
5.111588343427503
5.117913503627196
5.1238933927933
5.129524032182889
5.134801445171061
5.139721657399997
5.144280696975658
5.148474594712484
5.152299384426454
5.155751103277011
5.158825792158016
5.161519496138336
5.163828264952133
5.1657481535393295
5.167275222636483
5.168405539418231
5.169135178189578
5.169460221129079
5.16937675908316
5.168880892411329
5.167968731882646
5.1666363996229085
5.164880030112713
5.162695771236005
5.160079785378689
5.157028250577072
5.153537361715356
5.149603331771727
5.145222393112171
5.140390798831186
5.135104824138374
5.129360767789787
5.123154953562744
5.116483731772737
5.109343480830804
5.101730608839722
5.093641555227124
5.085072792413455
5.076020827512663
5.0664822040631385
5.056453503786391
5.0459313483708375
5.034912401277566
5.023393369565253
5.011371005730708
4.998842109561849
4.985803529999187
4.972252167002317
4.958184973417182
4.943598956840059
4.928491181473981
4.912858769973016
4.896698905269829
4.880008832381789
4.86278586019058
4.845027363190436
4.826730783199851
4.807893631031365
4.788513488114376
4.768588008065455
4.748114918200818
4.727092020985503
4.705517195413947
4.683388398316426
4.660703665586173
4.637461113321828
4.61365893888013
4.589295421833771
4.564368924829748
4.538877894343401
4.512820861323926
4.486196441727308
4.459003336933009
4.431240334041063
4.402906306046847
4.374000211891087
