3456.0000000000005
3444.4930399235345
3432.967268683335
3421.421089494066
3409.8541401744033
3398.266720015307
3386.6594923276016
3375.0333151623613
3363.389145188734
3351.7279833877583
3340.050844634018
3328.3587409185316
3316.652672359844
3304.933622661446
3293.2025571085987
3281.4604220176993
3269.708145020084
3257.946635830385
3246.1767873032168
3234.39947667024
3222.615566900711
3210.825908158418
3199.031339345756
3187.232689736805
3175.4307807087857
3163.626427586846
3151.820441621981
3140.0136321265786
3128.206808797145
3116.400784259471
3104.596376878277
3092.7944138814532
3080.9957348588036
3069.2011957071063
3057.411673107896
3045.628069642177
3033.8513196681633
3022.082396114943
3010.3223183778055
2998.5721615410316
2986.8330673812084
2975.1062566176806
2963.393044494516
2951.6948585388936
2940.013259860659
2928.3499684934636
2916.7068935046927
2905.0861681682413
2893.4901930907185
2881.9216832825614
2870.3837230465133
2858.8798247140912
2847.4139869463693
2835.990743002
2824.6151813782926
2813.292909391624
2802.0299153746946
2790.832272418183
2779.705629770739
2768.654481109009
2757.6813035827668
2746.785809288434
2735.9646429658733
2725.211759863534
2714.519413953931
2703.8793866422025
2693.284028584579
2682.726878834123
2672.202862117314
2661.7082048274706
2651.2402177016193
2640.797050037063
2630.377468987626
2619.9806825212927
2609.6062063158934
2599.253767606
2588.923237470629
2578.614583930766
2568.327839810193
2558.06308086814
2547.820410989949
2537.599952188775
2527.401837869422
2517.2262082967777
2507.073207551288
2496.942981486078
2486.8356763584497
2476.751437915297
2466.6904114754334
2456.6527389274443
2446.6385617979254
2436.6480188846795
2426.6812487659386
2416.7383864435155
2406.8195648182987
2396.924914647144
2387.0545645241546
2377.2086408251835
2367.387267774537
2357.5905675316035
2347.818660114951
2338.0716634289606
2328.3496932901253
2318.6528634533474
2308.9812856383533
2299.335069556273
2289.7143229363874
2280.1191515530013
2270.549659252417
2261.005947979958
2251.4881178070054
2241.9962669580173
2232.530491837482
2223.0908870567773
2213.6775454609165
2204.29055815513
2194.9300145312786
2185.5960022940562
2176.2886074869707
2167.007914518073
2157.7540061854224
2148.526963702262
2139.3268667218863
2130.1537933621976
2121.007820229916
2111.8890224444494
2102.7974736613924
2093.7332460957628
2084.696410544318
2075.68703640855
2066.7051917161966
2057.7509431428903
2048.8243560332717
2039.925494421681
2031.0544210524226
2022.2111973995943
2013.395883686474
2004.6085389044695
1995.8492208316231
1987.1179860506684
1978.4148899666386
1969.739986824028
1961.093329723504
1952.474970638171
1943.8849604293819
1935.3233488621065
1926.7901846198504
1918.2855153191329
1909.809387523517
1901.3618467572064
1892.9429375181976
1884.5527032910056
1876.1911865589523
1867.85842881603
1859.554470578341
1851.279351395116
1843.03310985932
1834.8157836178416
1826.6274093812824
1818.4680229333362
1810.3376591397785
1802.2363519570565
1794.1641344404982
1786.1210387521332
1778.1070961681435
1770.1223370859334
1762.1667910308445
1754.2404866624995
1746.343451780798
1738.4757133315625
1730.6372974118376
1722.8282292748559
1715.0485333346678
1707.2982331704502
1699.5773515304938
