18.94044142032388 8.517964078034536 142.53859296630856 
4.276139812727969 138.37493592753162 2.209613493108972 
7.169449963363339 5.6545023954541245 112.62638863268371 
2.5216870341380186 4.378176008487598 25.614633792100875 
0.00535963268945733 0.00424723316601639 0.004889330272377678 
1.4987927174408067 1.4984645504338143 1.4986782080775178 
2.4473432450973776 8.063207899281988 2.818784018289922 
8.83362026489738 13.283751558934116 0.9137408142073928 
39.54877769301456 10.206811279302018 8.223370701825665 
0.004935207556603866 0.004918709576011055 0.0018800518707362387 
3.9879459534205752 1.8141118798422546 0.13643665246970058 
0.0005720629770796205 0.0002611036162938195 5.1376110647405915e-05 
3.785636874971919 0.005373825863245825 0.09236321242603081 
0.012461857913220353 4.407259881965417e-05 2.7306136247287916e-05 
0.01640408661252527 0.6852643011841794 0.36987926565642876 
0.0007488180069505496 5.101714875393961 0.8334601909090497 
-53.69888245505748 -89.39142037528083 -0.0006497332924943816 
7.621843117323911