42.49402920941074
42.49526945113766
42.49648157042509
42.49766621991608
42.498824062495096
42.4999557663111
42.50106200353115
42.50214344923676
42.50320078035617
42.50423467463106
42.50524580961949
42.50623486173671
42.507202505335194
42.50814941182515
42.50907624883653
42.50998367942332
42.51087236131082
42.511742946186054
42.51259607903198
42.51343239750507
42.51425253135639
42.51505710189581
42.51584672149889
42.516621993155645
42.51738351006087
42.51813185524454
42.51886760124196
42.51959130980199
42.520303531632564
42.521004806182134
42.521695661455574
42.52237661386345
42.52304816810302
42.52371081706952
42.52436504179649
42.525011311423285
42.52565008318856
42.52628180244816
42.5269069027158
42.52752580572519
42.52813892151213
42.528746648515025
42.529349373692575
42.52994747265711
42.530541309822404
42.53113123856444
42.53171760139418
42.532300730140804
42.532880946144566
42.533458560457866
42.53403387405374
42.53460717804059
42.535178753882214
42.53574887362235
42.536317800103234
42.53688578722481
42.53745308014899
42.53801991554326
42.53858652181536
42.53915311934798
42.539719920732836
42.54028713100365
42.54085494786763
42.541423561934764
42.54199315694482
42.54256390999142
42.54313599174301
42.5437095666604
42.5442847932106
42.54486182407668
42.54544080636348
42.546021881798985
42.54660518693126
42.547190853320686
42.547779007727605
42.54836977229501
42.54896326472648
42.54955959845915
42.55015888283177
42.55076122324783
42.55136672133362
42.55197547509152
42.552587579048264
42.553203124398394
42.553822199142886
42.55444488822297
42.555071273649354
42.55570143462677
42.556335447673966
42.5569733867393
42.557615323311985
42.55826132652898
42.55897725539244
42.559763044521844
42.56061863956261
42.5615439871992
42.56253903496331
42.56360373091759
42.564738023751474
42.565941862520255
42.567215196602916
42.56855797563842
42.56997014947601
42.571451668136554
42.57300248178224
42.57462254069315
42.576311795248884
42.5780701959144
42.57989769322889
42.581794237797325
42.583759780283735
42.58579427140617
42.587897661932786
42.590069902678835
42.592310944504405
42.59462073831271
42.59699923504886
42.59944638569889
42.60196214128911
42.60454645288565
42.607199271594226
42.60992054855988
42.612710234966976
42.61556828203916
42.61849464103943
42.62148926327022
42.62455210007357
42.627683102831234
42.63088222296487
42.63414941193622
42.637484621247346
42.64088780244072
42.64435890709956
42.64789788684792
42.65150469335095
42.655179278315096
42.65892159348825
42.66273159066003
42.666609221661886
42.67055443836734
42.674567192692166
42.678647436594545
42.68279512207528
42.68701020117793
42.691292625989014
42.695642348638145
42.70005932129819
42.70454349618547
42.70909482555983
42.713713261724884
42.718398757028055
42.72315126386078
42.72797073465862
42.7328571219014
42.737810378113316
42.74283045586307
42.74791730776396
42.75307088647403
42.75829114469616
42.763578035178156
42.768931510712875
42.7743515241383
42.77983802833764
42.785390976239455
42.79101032081766
42.79669601509166
42.80244801212643
42.80826626503257
42.8141507269664
42.820101351130006
42.8261180907713
42.83220089918411
42.83834972970817
42.844564535729276
42.85084527067924
42.857191888036006
42.86360434132367
42.870082584112495
42.87662657001898
42.8832362527059
42.889911585882345
42.89665252330369
42.9034590187717
42.910331026134514
42.91726849928664
42.92427139216905
42.93133965876913
42.93847325312073
42.94567212930416
42.95293624144616
42.96026554372002
42.96765999034546
42.9751195355887
42.98264413376243
42.99023373922584
42.997888306384596
43.005607789690806
43.013392143643074
43.0212413227864
