4.8857315158554185e-05
4.9612611155009574e-05
5.000786552609762e-05
5.032879804323434e-05
5.06325279199284e-05
5.093259842801636e-05
5.123231765423123e-05
5.1532545780852194e-05
5.1833554336372e-05
5.2135471284594115e-05
5.243838784302491e-05
5.274238429440613e-05
5.3047536369172075e-05
5.335391695167234e-05
5.366159664886628e-05
5.397064407216158e-05
5.428112603807141e-05
5.459310773837121e-05
5.4906652893048205e-05
5.522182389023238e-05
5.553868191499342e-05
5.585728706824298e-05
5.617769847673872e-05
5.649997439506163e-05
5.6824172300331477e-05
5.715034898035331e-05
5.747856061580994e-05
5.7808862857058976e-05
5.8141310896031004e-05
5.847595953368146e-05
5.881286324339982e-05
5.9152076230745836e-05
5.9493652489841875e-05
5.9837645856724584e-05
6.0184110059925e-05
6.05330987685282e-05
6.088466563793576e-05
6.123886435353356e-05
6.159574867245757e-05
6.195537246362213e-05
6.231778974617035e-05
6.268305472648826e-05
6.305122183391416e-05
6.342234575526234e-05
6.379648146827344e-05
6.417368427409219e-05
6.455400982886613e-05
6.493751417455343e-05
6.532425376902057e-05
6.571428551550192e-05
6.610766679149239e-05
6.650445547713736e-05
6.690470998318003e-05
6.730848927851987e-05
6.771585291743913e-05
6.812686106654029e-05
6.854157453144661e-05
6.896005478330379e-05
6.938236398512829e-05
6.980856501803572e-05
7.023872150739073e-05
7.067289784890813e-05
7.111115923474199e-05
7.155357167959148e-05
7.200020204685343e-05
7.245111807485064e-05
7.290638840316346e-05
7.336608259908895e-05
7.383027118425448e-05
7.429902566140933e-05
7.47724185414175e-05
7.525052337047361e-05
7.57334147575656e-05
7.622116840220333e-05
7.671386112243658e-05
7.721157088317738e-05
7.771437682485399e-05
7.82223592924083e-05
7.873559986465916e-05
7.925418138405262e-05
7.977818798680983e-05
8.030770513349916e-05
8.084281964004337e-05
8.138361970918322e-05
8.193019496241337e-05
8.248263647240778e-05
8.304103679595086e-05
8.360549000739128e-05
8.417609173263732e-05
8.475293918370623e-05
8.533613119384592e-05
8.592576825324665e-05
8.65219525453564e-05
8.71247879838171e-05
8.773438025003777e-05
8.835083683142011e-05
8.897426706025167e-05
8.960478215328678e-05
9.024249525202165e-05
9.088752146368934e-05
9.153997790298383e-05
9.219998373453153e-05
9.286766021612286e-05
9.354313074272217e-05
9.422652089126843e-05
9.491795846628485e-05
9.561757354630739e-05
9.632549853115188e-05
9.704186819003273e-05
9.776681971054425e-05
9.85004927485238e-05
9.924302947880708e-05
9.999457464689125e-05
0.0001007552756215164
0.00010152528244818312
0.00010230474790361382
0.00010309382755117158
0.00010389267979725243
0.00010470146594865478
0.0001055203502709446
0.00010634950004782092
0.00010718908564149526
0.00010803928055409226
0.00010890026149007791
0.00010977220841972858
0.00011065530464364243
0.00011154973685830102
0.0001124556952226857
0.0001133733734259532
0.00011430296875617237
0.00011524468217012396
0.00011619871836416445
0.00011716528584615017
0.00011814459700842086
0.0001191368682018396
0.00012014231981087937
0.00012116117632975077
0.00012219366643956213
0.00012324002308649427
0.00012430048356098397
0.0001253752895778895
0.00012646468735762992
0.0001275689277082632
0.0001286882661084905
0.00012982296279154848
0.00013097328282996298
0.00013213949622112786
0.00013332187797366943
0.00013452070819455327
0.00013573627217688635
0.00013696886048836083
0.0001382187690602875
0.00013948629927714948
0.0001407717580666151
0.0001420754579899338
0.00014339771733263478
0.00014473886019544688
0.000146099216585339
0.000147479122506592
0.00014887892005178204
0.00015029895749256903
0.00015173958937016313
0.00015320117658533194
0.00015468408648780968
0.00015618869296495165
0.00015771537652947576
0.000159264524406103
0.00016083653061692892
0.00016243179606530552
0.00016405072861803472
0.00016569374318564127
0.00016736126180048321
0.0001690537136924432
0.00017077153536192564
0.00017251517064987507
0.00017428507080449632
0.00017608169454436207
0.0001779055081175498
0.00017975698535644766
0.00018163660772783482
0.00018354486437782835
0.00018548225217125732
0.00018744927572500334
0.00018944644743482437
0.00019147428749513945
0.00019353332391124333
0.00019562409250336747
0.0001977471369019916
0.00019990300853376725
0.00020209226659738562
0.00020431547802868985
0.00020657321745428525
0.00020886606713287837
0.00021119461688352532
0.00021355946399993807
0.00021596121314994745
0.0002184004762591936
0.0002208778723780477
0.00022339402753075558
