0.07015195646590412
0.0697081872326566
0.06931192690333066
0.0689577565467771
0.06864157981750031
0.06835995683424878
0.06810992176776885
0.06788889225228331
0.0676946065095979
0.06752507293475485
0.06737852920034529
0.06725340856472108
0.06714831196174716
0.06706198476682118
0.06699329736773273
0.06694122884684661
0.066904853091881
0.06688332758602471
0.06687588293262378
0.06688181471733456
0.06690047620452537
0.06693127210144717
0.06697365319341594
0.06702711168617956
0.06709117716016658
0.06716541304122567
0.06724941351114717
0.06734280079381033
0.06744522276316232
0.06755635082783397
0.06767587805408155
0.06780351749522506
0.06793900069981257
0.0680820763755038
0.06823250918888663
0.06839007868426568
0.06855457830694126
0.06872581451852933
0.06890360599359513
0.0690877828883357
0.06927818617328826
0.06947466702309621
0.06967708625726726
0.06988531382663131
0.07009922834086407
0.07031871663301398
0.07054367335745881
0.07077400061814308
0.07100960762431463
0.0712504103712962
0.07149633134410747
0.0717472992419925
0.07200324872212235
0.07226412016092677
0.07252985943167171
0.07280041769704457
0.07307575121563506
0.07335582116131242
0.0736405934545988
0.07393003860522801
0.07422413156515724
0.07452285159136803
0.07482618211786002
0.07513411063629166
0.0754466285847781
0.07576373124439768
0.07608541764300202
0.07641169046596169
0.0767425559735112
0.07707802392439052
0.07741810750550322
0.07776282326734439
0.07811219106496477
0.07846623400426841
0.078824978393452
0.07918845369941889
0.07955669250901332
0.07992973049493608
0.08030760638621935
0.08069036194314887
0.08107804193653645
0.08147069413125513
0.08186836927396318
0.08227112108495196
0.0826790062540611
0.08309208444061829
0.08351041827736522
0.08393407337834412
0.08436311835072441
0.08479762481056123
0.08523766740248101
0.08568332382330161
0.0861346748496006
0.08659180436925203
0.08705479941696187
0.08752375021383947
0.0879987502110501
0.0884798961375997
0.08896728805231616
0.08946102940009376
0.08996122707247933
0.09046799147268594
0.09098143658512893
0.09150168004958863
0.09202884324011228
0.0925630513487781
0.09310443347445395
0.09365312271669446
0.09420925627492863
0.09477297555310511
0.0953444262699688
0.09592375857516053
0.09651112717133996
0.09710669144254512
0.097710615589021
0.0983230687687572
0.09894422524599654
0.0995742645469883
0.10021337162327887
0.10086173702285268
0.10151955706944985
0.1021870340504129
0.10286437641343274
0.10355179897258826
0.10424952312409669
0.10495777707221891
0.10567679606578603
0.10640682264584993
0.10714810690498021
0.10790090675877398
0.10866548823016489
0.1094421257471673
0.11023110245471998
0.11103271054133913
0.1118472515813319
0.1126750368933692
0.1135163879162634
0.11437163660285073
0.11524112583293328
0.1161252098462927
0.11702425469685535
0.11793863872915088
0.11886875307828439
0.11981500219471156
0.1207778043951958
0.12175759244140975
0.12275481414773928
0.12376993301994768
0.12480342892646457
0.1258557988041829
0.12692755740076447
0.12801923805559126
0.12913139352164082
0.1302645968307104
0.13141944220458518
0.13259654601491352
0.13379654779474065
0.13502011130485578
0.13626792565831886
0.13754070650676747
0.13883919729235283
0.1401641705694153
0.14151642940030648
0.14289680883006553
0.14430617744498983
0.1457454390205009
0.14721553426408462
0.1487174426595015
0.15025218441890317
0.15182082254997123
0.15342446504570828
0.15506426720506228
0.1567414340931579
0.15845722315056107
0.16021294696167046
0.1620099761930991
0.16384974766853996
0.16573374864768212
0.16766354782116757
0.16964078132656066
0.1716671611348826
0.1737444792731146
0.1758746120774804
0.1780595254003436
0.18030127276766306
0.1826020264215338
0.18496404648088213
0.18738971047802325
0.18988151437643144
0.19244207960219034
0.19507416054540125
0.1977806525647985
0.20056460053108013
0.2034292079468455
0.20637784668347184
0.209414067377829
0.21254161053433415
0.21576441838050678
0.2190866475268817
