3.0513210836462714
3.0661150081057573
3.081894623412035
3.097581376095662
3.1131401132773866
3.1285688717505153
3.1438669030838056
3.159033686007914
3.1740688893762927
3.1889723640364243
3.203744135452925
3.2183843962339522
3.232893498548522
3.2472719464511806
3.2615203881340435
3.2756396081283197
3.2896305194788087
3.3034941559157436
3.317231664048668
3.3308442956069366
3.3443333997509637
3.35770041547757
3.370946864141709
3.3840743421156274
3.3970845136050762
3.4099791036406306
3.4227598912605597
3.435428702899961
3.447987405999152
3.4604379028425805
3.4727821246377726
3.485022025842181
3.497159578744103
3.5091967683023233
3.521135587247589
3.5329780314476023
3.5447260955359146
3.5563817688038157
3.567947031353206
3.579423850507352
3.59081417747551
3.602119944266496
3.6133430608455694
3.6244854125282777
3.6355488576043635
3.646535225184309
3.6574463132607016
3.6682838869762313
3.6790496770898997
3.689745378632792
3.700372649744628
3.7109331106822347
3.7214283429910413
3.7318598888307397
3.7422292504751655
3.7525378898106196
3.7627872282254473
3.7729786463702895
3.7831134841460874
3.793193040774522
3.803218574963806
3.8131913051625888
3.8231124098947076
3.8329830281678072
3.8428042599491192
3.8525771667019826
3.862302771976967
3.8719820620517775
3.881615986614391
3.891205459484157
3.900751359365917
3.910254530632445
3.919715784130816
3.929135898008553
3.938515618555714
3.947855661059283
3.9571567106665313
3.9664194232542136
3.97564442630074
3.9848323197586497
3.993983676924953
4.0030990453071045
4.012178947482569
4.021223881950133
4.0302343239712854
4.039210726400166
4.048153520500746
4.057063116750026
4.065939905626239
4.074784258381106
4.083596527795386
4.092377048917023
4.090492583047111
4.088641107625587
4.086818210158117
4.085020386979201
4.0832448780985
4.0814895019583455
4.0797525486992
4.078032670263382
4.076328805264471
4.07464011746008
4.0729659471710855
4.0713057730664035
4.069659182149611
4.0680258462153045
4.06640550339773
4.06479794372069
4.063202997787387
4.06162052793178
4.060050421298055
4.058492584429532
4.056946939038627
4.055413418700611
4.053891966269735
4.052382531860078
4.050885071267823
4.049399544738488
4.047925916003761
4.046464151528981
4.045014219925212
4.043576091489916
4.042149737848088
4.040735131671895
4.039332246461633
4.037941056374587
4.036561536091327
4.035193660711232
4.033837405670864
4.03249274668018
4.031159659672687
4.0298381207664855
4.028528106233823
4.027229592477294
4.025942556011223
4.0246669734471245
4.023402821482304
4.02215007689096
4.020908716517205
4.019678717269598
4.018460056116869
4.017252710084549
4.016056656252337
4.01487187175201
4.013698333765799
4.012536019525079
4.011384906309349
4.010244971445413
4.009116192306729
4.007998546312875
4.006892010929128
4.005796563666118
4.004712182079535
4.003638843769891
4.002576526382317
4.001525207606388
4.000484865175978
3.9994554768691177
3.998437020507879
3.997429473958267
3.996432815130116
3.995447021976996
3.9944720724961282
3.9935079447282904
3.9925546167577437
3.9916120667121455
3.990680272762481
3.9897592131229738
3.9888488660510224
3.987949209847116
3.987060222854768
3.986181883460437
3.985314170093456
3.9844570612259598
3.9836105353728093
3.982774571091525
3.981949146982207
3.9811342416874673
3.980329833892357
3.9795359023242907
3.97875242575298
3.977979382990355
3.9772167528904943
3.9764645143495554
3.9757226463057
3.974991127739017
3.9742699376714588
3.973559055166765
3.9728584593303857
3.972168129309417
3.9714880442925202
3.970818183509858
3.9701585262330137
3.9695090517749256
3.9688697394898096
3.9682405687730897
3.967621519061322
3.967012569832128
3.9664137006041162
