1400.1591826111276
3035.3266059719163
3044.72405280306
3054.2233419473396
3063.7054463354175
3073.1670307968616
3082.608235741545
3092.0292632853952
3101.430282034798
3110.8114313789474
3120.172827575594
3129.514568861476
3138.836739668265
3148.1394140852453
3157.422658691131
3166.6865348562137
3175.9311006025737
3185.1564120941744
3194.362524818705
3203.549494512985
3212.71737787395
3221.866233093375
3230.996120246509
3240.1071015589723
3249.1992415761906
3258.2726072507735
3267.3272679652146
3276.363295501244
3285.3807639678153
3294.3797496950065
3303.3603311035536
3312.322588554443
3321.2666041838506
3330.192461730227
3339.1002463536306
3347.990044450842
3356.8619434808134
3365.7160317651437
3374.552398325637
3383.371132702948
3392.1723247878367
3400.956064659574
3409.7224424293086
3418.4715480972854
3427.2034714028146
3435.9183017037526
3444.6161278462882
3453.2970380517913
3461.9611198100847
3470.6084597803865
3479.2391437014107
3487.8532563081744
3496.450881257311
3505.032101059694
3513.5969995069445
3522.145651622551
3530.678138683186
3539.194538082488
3547.694925832767
3556.1793765366983
3564.6479633650233
3573.1007580377086
3581.5378308110603
3589.959250469255
3598.3650843191695
3606.7553981900883
3615.130256436928
3623.4897219460913
3631.8338561455002
3640.162719016426
3648.4763691087733
3656.7748635579173
3665.0582581047056
3673.3266071160024
3681.579963608449
3689.8183792725354
3698.0419044984224
3706.2505884035345
3714.444478859762
3722.6236225229422
3730.7880648621554
3738.9378501898177
3747.0730216923457
3755.193621460582
3763.2996905214013
3771.3912688685796
3779.4683954936027
3787.5311084173254
3795.579444720358
3803.6134405741036
3811.633131270785
3819.6385512535576
3827.47565375338
3835.2640069188537
3842.983598972734
3850.6469231522115
3858.2608088702286
3865.840679190121
3873.3847186744574
3880.90013228416
3888.3905481948627
3895.858808946158
3903.307142418101
3910.7372954920183
3918.1506385844573
3925.548247424094
3932.930967041032
3940.299461845084
3947.654254824109
3954.9957582283428
3962.3242975917774
3969.6401305399468
3976.9434615133464
3984.234453304288
3991.513236070676
3998.7799144194837
4006.0345729347673
4013.277280513993
4020.508093762341
4027.727059650339
4034.9342175958027
4042.1296010934757
4049.3132389919583
4056.485156492872
4063.6453759343167
4070.793917403508
4077.9307992174363
4085.056038299033
4092.1696504715346
4099.271650689369
4106.362053219382
4113.440871782605
4120.50811966443
4127.563809801837
4134.60795485519
4141.640567255034
4148.661659247172
4155.67124293268
4162.669330281361
4169.655933161291
4176.631063351197
4183.5947325543
4190.54695240744
4197.487734490268
4204.417090329843
4211.335031407949
4218.241569162874
4225.136714993952
4232.020480263425
4238.892876299466
4245.753914397174
4252.603605820342
4259.441961802612
4266.2689935482595
4273.0847122337345
4279.8891290075035
4286.682254991702
4293.464101281938
4300.234678948308
4306.993999035792
4313.742072564418
4320.478910530358
4327.2045239054805
4333.918923638656
4340.622120655214
4347.314125857938
4353.994950127293
4360.664604321449
4367.323099277061
4373.970445809122
4380.606654711847
4387.231736758269
4393.845702701053
4400.448563272883
4407.040329186151
4413.6210111333585
4420.1906197886165
4426.749165805864
4433.296659820591
4439.833112449966
4446.358534292565
4452.872935929029
4459.376327921921
4465.8687208167685
4472.350125141217
4478.820551406306
4485.280010105895
4491.728511717569
4498.166066702373
4504.59268550514
4511.008378555067
4517.413156265346
4523.807029033965
4530.19000724352
4536.562101261561
4542.923321440911
4549.273678119576
4555.613181621415
4561.9418422558065
