0.001308167546483679
0.0013217914409249332
0.0013362040881281173
0.0013511008003435252
0.0013664205634098762
0.0013821539936039165
0.0013983026717453574
0.001414870230823683
0.0014318603993214835
0.0014492765726513358
0.0014671217216226339
0.0014853983767216638
0.001504108630737512
0.00152325414680017
0.0015428361685993507
0.001562855531661462
0.0015833126750301513
0.0016042076528187932
0.0016255401451616691
0.0016473094681428218
0.0016695145823379866
0.0016921540996657622
0.0017152262883069387
0.001738729075513769
0.0017626600481918447
0.0017870164511945444
0.0018117951833229594
0.0018369927910715982
0.001862605460202304
0.0018886287268390979
0.0019150583008721357
0.0019418892071655185
0.0019691160656548612
0.0019967330660785295
0.0020247339498303306
0.0020531119910232876
0.002081859976947108
0.0021109701881572153
0.0021404343784437885
0.0021702437549322795
0.002200388958567403
0.002230860045231654
0.002261646467747584
0.002292737059010049
0.002324120016490752
0.002355782888352553
0.0023877125614050355
0.002419895251125607
0.0024523164939622907
0.0024849611421242936
0.002517813361055533
0.002550856629773325
0.002584073744240015
0.002617446823919209
0.002650957321650135
0.002684586036953959
0.0027183131328641806
0.002752118156350015
0.002785980062376495
0.0028198772416185487
0.0028537875518184763
0.0028876883527470037
0.00292155654469829
0.0029553686104185476
0.0029891006603371606
0.0030227284809381193
0.0030562275860794327
0.003089573271038236
0.003122740669031091
0.003155704809931945
0.0031884406808855097
0.003220923288491205
0.003253127722212997
0.003285029218654116
0.003316603226321742
0.0033478254704974305
0.0033786720178229247
0.003409119340209033
0.003439144377677174
0.003468724599749349
0.0034978380650122235
0.0035264634784949594
0.0035545802465180524
0.0035821685286914298
0.0036092092867645244
0.003635684330057986
0.0036615763572363804
0.003686868994212998
0.003711546828011063
0.003735595436440268
0.0037590014134827204
0.0037817523903179153
0.00380383705195149
0.0038252451494475963
0.003845967507797671
0.0038659960294912666
0.00388532369643395
0.003903944556721822
0.0039218537260993554
0.00393904737085493
0.003955522692349975
0.003971277907810103
0.0039863122279240664
0.004000625831551844
0.004014219837801656
0.004027096275733709
0.004039258051950992
0.004050709032154698
0.00406145364172832
0.004071497209478338
0.0040808457951664896
0.004089506151442519
0.004097485684132761
0.004104792412147461
0.00411143492722257
0.004117422353696786
0.004122764308511695
0.00412747086160876
0.004131552496882548
0.00413502007383554
0.004137884790065095
0.004140158144698883
0.004141851902881048
0.004142978061397677
0.004143548815516608
0.0041435765271042166
0.004143073694069423
0.0041420529211739065
0.00414052689223654
0.004138508343750331
0.0041360100399206465
0.004133044749125251
0.004129625223889704
0.004125764170018781
0.004121474246514154
0.004116768029893811
0.00411165800496702
0.0041061565486539215
0.0041002759157051346
0.004094028225753904
0.004087425451552534
0.004080479408330264
0.00407320174422282
0.004065603931724857
0.004057697260116564
0.004049492828815296
0.004041001541603192
0.00403223410168225
0.004023201007508697
0.004013912549359442
0.004004378806584403
0.003994609645499556
0.003984614717876982
0.0039744034599894255
0.00396398509216855
0.003953368618837415
0.003942562828979644
0.00393157629700888
0.003920417384004402
0.003909094239279911
0.0038976148022544705
0.0038859868045961767
0.003874217911033978
0.0038623152054225386
0.0038502858946872455
0.003838136920040442
0.003825875016603104
0.003813506726911144
0.003801038402908755
0.003788476219867684
0.003775826167736317
0.003763094060518527
0.003750285539304676
0.0037374059398655427
0.0037244608042683175
0.003711455194361693
0.0036983940815103313
0.003685282294632946
0.003672124513737346
0.003658925271937335
0.0036456889588217492
0.003632419824011017
0.0036191219807089983
0.003605799409215593
0.0035924559603908077
0.0035790953590661293
0.003565721207399716
0.0035523369881727755
0.003538946068024746
0.003525551700625426
0.003512157029782405
0.003498765092482577
0.003485378821866739
0.0034720010501366775
0.003458634511394182
0.003445281844411834
0.003431945595335554
0.003418628220319126
0.0034053320880908975
