11.6633
9.754187937356702
9.791823127957963
9.836025583740446
9.883845528757892
9.933605638149283
9.984331226454323
10.035452005181263
10.08663062076815
10.13766388902337
10.188425866671539
10.238835018427784
10.288835267117658
10.33838504381917
10.387450947158504
10.436004056390615
10.484017770088963
10.531466519020034
10.578324976588727
10.624567548583535
10.67016801513662
10.71509925021314
10.759332973945517
10.802839510141819
10.845587530764076
10.887543774201076
10.928672726535547
10.968936255734986
11.008293188329887
11.046698816972869
11.08410432542166
11.120456114983869
11.155695013252021
11.18975534194812
11.222563815753396
11.254038237939078
11.284085951245359
11.312601993574594
11.339466897483213
11.364544060106853
11.387676963266525
11.408683970735307
11.427355938425446
11.443449465299238
11.456680874033633
11.466718749221972
11.473175325001892
11.475595992679915
11.473452051418677
11.46612606256441
11.452906583138017
11.432984766686397
11.405463141082198
11.369385918952254
11.323806432401838
11.267913450681053
11.20124134240326
11.123980420474814
11.037367843145503
10.944061199930118
10.848289580869665
10.755523340907128
10.67154300489399
10.601153769685487
10.547126673845199
10.509875953847091
10.487911579520818
10.478674395521521
10.47933024391559
10.487274449403056
10.500361376115572
10.516941023813954
10.535800617601446
10.55607535535724
10.57716118843643
10.598642288170913
10.620235480353058
10.641749648521056
10.663056923121276
10.684072607403536
10.704741355254688
10.725027724960867
10.744909755421636
10.764374611189732
10.78341563422535
10.802030350502662
10.820219122190762
10.837984236049563
10.85534476734495
10.872276418220043
10.88879685167265
10.904896393151324
10.92060972557049
10.935930379020988
10.95086421401934
10.965417264793526
10.97959567066998
10.99340682057887
11.006854876416655
11.019946829854899
11.0326889644867
11.045087528263693
11.05714873393816
11.068878757832627
11.080283737714801
11.091369770260885
11.102142908371693
11.112609158487865
11.12277447797884
11.132644772645033
11.14222589435026
11.151523638790671
11.160543743402151
11.169291885402906
11.177773679967562
11.185994678529042
11.193960367209986
11.201676165359828
11.209147424225385
11.216379425721218
11.223377381311792
11.230146430998968
11.236691642410872
11.243018009988042
11.249130454259081
11.25503382122145
11.260732881795803
11.266232331377498
11.27153678944238
11.276650799299494
11.28157882782755
11.286325265356737
11.290894425590782
11.295290545603745
11.299517785900342
11.303580230540284
11.307481887321973
11.311226688023885
11.314818488700604
11.318261070031964
11.3215581377219
11.324713322944842
11.32773018283778
11.330612201035626
11.333362788246976
11.335985282868991
11.338482951639083
11.340858990320097
11.343116524419585
11.34525860993851
11.347288234148618
11.349208316397188
11.351021708936177
11.352731197775109
11.354339503554353
11.355849282439413
11.357263127032956
11.35858356730286
11.35981307152628
11.36095404724665
11.36200884224347
11.362979745512282
11.363868988254758
11.364678744876707
11.36541113399322
11.366068219439734
11.366652011287586
11.367164466863434
11.367607491771269
11.367982940915766
11.368292619526693
11.368538284182678
11.368721643834137
11.368844360824015
11.368908051905859
