0.004698545363369356
0.004514213851532699
0.004506366503124283
0.0045039218387948965
0.00450174162633643
0.004499657618702737
0.004497654342538964
0.004495722800259598
0.004493855722918474
0.004492047154584892
0.0044902922133006045
0.004488586895898164
0.004486927916341068
0.004485312571945408
0.004483738632845973
0.0044822042508257335
0.004480707884260705
0.0044792482364640045
0.004477824205159694
0.004476434841191589
0.004475079314886301
0.004473756888752922
0.0044724668954217875
0.0044712087199089276
0.004469981785446421
0.00446878554224738
0.004467619458681248
0.004466483014424315
0.004465375695224751
0.004464296988983222
0.004463246382901626
0.004462223361495272
0.004461227405299364
0.004460257990130077
0.004459314586785126
0.004458396661088958
0.00445750367420449
0.004456635083147727
0.00445579034145235
0.004454968899941842
0.004454170207574112
0.004453393712330498
0.004452638862126188
0.0044519051057238706
0.004451191893636178
0.00445049867900528
0.004449824918450912
0.004449170072880078
0.004448533608253374
0.004447914996304359
0.004447313715209675
0.0044467292502084425
0.004446161094170313
0.004445608748112274
0.004445071720733952
0.004444549532796128
0.004444041711113745
0.00444354779350116
0.00444306732773683
0.004442599871824432
0.0044421449941854435
0.004441702273812095
0.004441271300383321
0.004440851674345973
0.004440443006963556
0.00444004492033449
0.004439657047382226
0.004439279031818977
0.0044389105280856125
0.004438551201268992
0.00443820072699927
0.0044378587913286634
0.0044375250905934315
0.004437199331260936
0.004436881229763143
0.0044365705123182945
0.0044362669147420515
0.004435970182249541
0.004435680069249514
0.004435396339131954
0.0044351187640501
0.00443484712469811
0.0044345812100851905
0.004434320817307274
0.004434065751316945
0.00443381582469251
0.004433570857406885
0.004433330676596986
0.004433095116334222
0.004432864017396664
0.004432637227043346
0.004432414598791243
0.0044231049427650715
0.004415828864032281
0.004410140965980502
0.004405692708719597
0.004402212674358609
0.004399488137483258
0.004397354013956063
0.004395681126975351
0.004394368597254563
0.004393337634406894
0.004392526691063069
0.004391887683562208
0.00439138304319934
0.004390983414651789
0.004390665859021032
0.004390412450533071
0.0043902091804619734
0.004390045100895553
0.004389911655786978
0.004389802158281224
0.004389711382303081
0.0043896352434106434
0.0043895705493931245
0.004389514805364535
0.004389466061441553
0.004389422793698884
0.00438938381113033
0.0043893481829335385
0.004389315181678122
0.004389284238887327
0.004389254910321457
0.004389226848843855
0.004389199783213181
0.004389173501507525
0.004389147838168696
0.004389122663876008
0.0043890978776315506
0.0043890734005739744
0.004389049171143272
0.004389025141301494
0.0043890012735788315
0.004388977538764749
0.00438895391410333
0.00438893038188275
0.0043889069283328174
0.004388883542763107
0.004388860216889506
0.004388836944307719
0.004388813720081767
0.004388790540422374
0.004388767402435566
0.004388744303926211
0.004388721243244427
0.004388698219165559
0.00438867523079639
0.0043886522775018096
0.0043886293588475235
0.00438860647455529
0.00438858362446792
0.004388560808521942
0.004388538026726254
0.004388515279145431
0.004388492565886703
0.004388469887089758
0.004388447242918833
0.0043884246335564765
0.0043884020591987505
0.004388379520051434
0.00438835701632709
0.004388334548242789
0.004388312116018334
0.004388289719874852
0.004388267360033767
0.004388245036715938
0.004388222750141036
0.004388200500527067
0.004388178288089978
0.004388156113043372
0.004388133975598333
0.0043881118759632135
0.004388089814343559
0.00438806779094202
0.00438804580595828
0.0043880238595890445
0.004388001952028001
0.0043879800834658225
0.004387958254090177
0.004387936464085702
0.004387914713634076
0.004387893002913983
0.004387871332101177
0.004387849701368477
0.004387828110885807
0.004387806560820229
0.004387785051335964
0.00438776358259442
0.0043877421547542355
0.00438772076797129
0.004387699422398757
0.004387678118187113
0.004387656855484183
0.004387635634435165
0.0043876144551826665
0.004387593317866725
0.004387572222624839
0.004387551169592002
0.004387530158900741
