12.11335928272919
12.255649890266948
12.329539624681182
12.389263172755244
12.445594456228475
12.501078231828618
12.556333781034745
12.611521183147847
12.666690286169738
12.721864007821253
12.777058275361181
12.832286835283265
12.887562443954316
12.942897189155921
12.998302600316558
13.053789705156218
13.109369070814225
13.165050838854281
13.2208447566395
13.2767602058894
13.332806228803669
13.388991552014605
13.44532460858209
13.501813558217615
13.558466305902948
13.615290519051252
13.67229364334334
13.729482917357863
13.786865386102368
13.844447913541229
13.902237194206984
13.960239763973116
14.018462010058613
14.076910180327998
14.135590391944167
14.194508639426374
14.253670802160475
14.313082651404077
14.372749856826003
14.432677992614966
14.49287254318983
14.55333890854116
14.614082409230132
14.675108291069918
14.736421729511491
14.798027833754283
14.859931650600554
14.922138168070369
14.98465231879296
15.047478983188952
15.11062299245642
15.174089131372977
15.237882140925247
15.302006720775571
15.366467531575706
15.431269197135977
15.496416306457773
15.561913415637234
15.627765049646046
15.693975703996395
15.760549846295326
15.827491917693862
15.894806334235888
15.962497488111158
16.030569748816557
16.099027464229483
16.167874961596645
16.237116548441776
16.306756513394927
16.376799126946107
16.44724864212585
16.518109295114815
16.589385305784578
16.661080878171344
16.733200200884482
16.805747447451246
16.87872677659917
16.952142332477212
17.025998244817107
17.10029862903543
17.175047586277728
17.250249203405026
17.32590755292378
17.402026692859444
17.47861066657446
17.555663502530685
17.633189213996936
17.71119179870155
17.78967523843025
17.868643498569316
17.948100527594153
18.028050256503096
18.10849659819641
18.18944344680029
18.270894676935477
18.352854142930607
18.435325677979467
18.518313093242224
18.601820176889888
18.685850693091698
18.77040838094511
18.85549695334746
18.9411200958091
19.02728146520734
19.113984688480432
19.20123336126116
19.28903104644925
19.37738127272193
19.46628753298208
19.55575328274303
19.645781938449453
19.736376875733544
19.82754142760581
19.919278882579615
20.011592482728826
20.104485421677722
20.197960842522512
20.292021835683595
20.38667143668801
20.481912623881144
20.577748316067073
20.67418137007694
20.771214578264622
20.868850665928857
20.96709228866161
21.065942029621773
21.16540239673366
21.265475819810103
21.366164647599163
21.467471144754555
21.569397488729056
21.67194576659073
21.775117971761723
21.87891600067935
21.983341649379522
22.088396610002192
22.194082467219175
22.30040069458422
22.407352650805624
22.514939575941685
22.62316258751946
22.73202267657717
22.841520703630955
22.95165739456686
23.0624333364586
23.173848973312356
23.28590460173953
23.398600366558828
23.511936256329
23.625912098813853
23.74052755638113
23.85578212133724
23.971675111199794
24.08820566391017
24.205372732988568
24.323175082633902
24.441611282771674
24.560679704052365
24.680378512803784
24.800705665940672
24.921658905835088
25.043235755151436
25.165433511650033
25.288249242963687
25.41167978135144
25.53572171843443
25.66037139991871
25.785624920310156
25.91147811762696
26.037926568115335
26.164965580974265
26.292590193095627
26.420795163825844
26.549574969755913
26.678923799546588
26.808835548795937
26.93930381495654
27.070321892310034
27.201882767006964
27.333979112179712
27.466603283137278
27.599747312650152
27.733402906334177
27.867561438142317
28.002213945973796
28.137351127409648
28.272963335584578
28.409040575204763
28.545572498721615
28.682548402671696
28.819957224192862
28.95778753772733
29.096027551921924
29.234665106736458
29.373687670770778
29.513082338821434
29.652835829678857
29.792934484176048
29.93336426349977
