99622.49999999999
51749.31206500186
49779.654217071664
48019.77291129412
46447.82374826999
45044.01953946105
43790.52362327762
42671.35123361652
41672.24470723094
40780.53030295428
39984.9670430151
39275.59618585583
38643.59728576086
38081.15443192381
37581.334473397845
37137.97780316959
36745.60148164878
36399.31400800331
36094.7407972443
35827.95931624511
35595.442819043834
35394.01166379137
35220.79126560865
35073.17582552072
34948.797065419
34845.497286776765
34761.30615322212
34694.42067233755
34643.18791998773
34606.09011067396
34581.731670621215
34568.8280171801
34566.195788883306
34572.7443064146
34587.46807590391
34609.440173120034
34637.80637112669
34671.779894320425
34710.63670004507
34753.711204462845
34800.39238298668
34850.12018727789
34902.382230872616
34956.710704180245
35012.67948696737
35069.90143259263
35128.02580356704
35186.73584231199
35245.746464510776
35304.80206544764
35363.67443192665
35422.160754180084
35480.08173355187
35537.27978326774
35593.61731832503
35648.97513497953
35703.250875717604
35756.357579571915
35808.2223157087
35858.784898768215
35907.99668414834
35955.819441270694
36002.22430276675
36047.190787153806
36090.70589260559
36132.76325903588
36173.362395739096
36212.50797157577
36250.20916468646
36286.47906863608
36321.33415175664
36354.79376662192
36386.87970642928
36417.61580521203
36447.02757881752
36475.14190368206
36501.986730533
36527.59083022981
36551.98356911242
36575.19471132097
36597.25424568978
36618.19223499257
36638.03868536738
36656.82343400329
36674.576053193116
36691.32576909774
36707.10139358898
36721.93126777501
36735.84321584189
36748.864508027305
36761.021831592996
36772.34126882283
36782.84828112189
36792.56769842181
36801.52371314596
36809.73987809807
36817.2391076672
36824.04368187312
36830.17525275074
36835.654852714055
36840.50290450659
36844.739232462234
36848.38307479264
36851.45309666549
36853.96740388476
36855.94355699024
36857.39858563134
36858.349003090625
36858.81082085479
36858.79956314651
36858.330281330615
36857.417568148136
36856.075571734895
36854.31800935938
36852.158180878236
36849.60898187871
36846.682916469435
36843.392109748704
36839.7483198998
36835.76294993985
36831.447059104816
36826.81137388558
36821.86629870509
36816.62192624556
36811.08804744911
36805.274161164416
36799.189483488306
36792.84295678003
36786.24325837309
36779.39880898574
36772.31778084753
36765.008105553585
36757.477481632355
36749.73338187218
36741.78306039711
36733.633559488066
36725.29171617949
36716.76416864424
36708.05736233799
36699.17755596508
36690.130827218796
36680.92307835226
36671.56004154166
36662.047255865495
36652.389889962826
36642.59353198403
36632.66326909172
36622.604045912834
36612.42066828111
36602.117806940994
36591.70000126509
36581.17166288654
36570.5370793058
36559.80041740868
36548.965726920724
36538.03694377799
36527.01789341433
36515.91229397252
36504.7237594093
36493.45580254268
36482.111837987286
36470.695185019584
36459.20907036459
36447.65663087547
36436.04091616966
36424.36489115197
36412.63143848662
36400.84336098133
36389.00338390139
36377.1141572188
36365.17825779099
36353.19819146785
36341.17639513852
36329.115238725455
36317.01702709489
36304.88400193745
36292.718343566856
36280.52217268071
36268.29755205486
36256.046488204
36243.770932969506
36231.47278507776
36219.15389164326
36206.81604962122
36194.461007229176
36182.09046531498
36169.70607868464
36157.309457398886
36144.90216801297
36132.48573479775
36120.06164091036
36107.63132954205
36095.1962050154
36082.75763385972
36070.31694585341
36057.8754350337
36045.43436066726
36032.994948205094
36020.558390203136
