8.49288172611962e-05
8.672109416181409e-05
8.706932532944595e-05
8.693132455012789e-05
8.657279651284403e-05
8.607936650140899e-05
8.548918276646848e-05
8.482461886437241e-05
8.41009364148685e-05
8.332933275777114e-05
8.251841262667614e-05
8.167500355127769e-05
8.080470413847484e-05
7.991224610539644e-05
7.900174073547339e-05
7.807684827618934e-05
7.71408949428955e-05
7.619695390219508e-05
7.524790129115158e-05
7.429645480711159e-05
7.334520003393218e-05
7.239660806386761e-05
7.145304688080301e-05
7.05167882254176e-05
