5.999
6.0109846957072195
6.022631186045614
6.034279154640579
6.0459272880344885
6.057575550838267
6.06922394556592
6.080872475071166
6.092521141521131
6.10416994645992
6.115818890890643
6.127467975345967
6.139117199948265
6.15076656446109
6.162416068333384
6.17406571073766
6.185715490603121
6.197365406644569
6.209015457387767
6.220665641191846
6.232315956269193
6.243966400703246
6.255616972464453
6.267267669424746
6.278918489370646
6.290569430015235
6.302220489009143
6.3138716639506285
6.325522952394895
6.337174351862686
6.348825859848236
6.360477473826658
6.372129191260809
6.383781009607598
6.395432926323873
6.407084938872067
6.418737044724307
6.430389241368835
6.442041526312607
6.453693897085909
6.465346351245928
6.476998886379955
6.48865150010847
6.5003041900872836
6.511956954011014
6.523609789614076
6.535262694673207
6.546915667008967
6.558568704487133
6.57022180501994
6.581874966567068
6.593528187136496
6.605181464785089
6.6168347976191235
6.6284881837948975
6.64014162151757
6.651795109043303
6.663448644677709
6.675102226776016
6.6867558537427785
6.6984095240314465
6.710063236143894
6.721716988629824
6.733370780086114
6.745024609156118
6.7566784745288695
6.76833237493827
6.7799863091622
6.791640276021624
6.803294274379629
6.814948303140456
6.826602361248497
6.838256447687284
6.849910561478441
6.861564701680664
6.873218867388652
6.884873057732052
6.896527271874425
6.908181509012173
6.919835768373511
6.931490049217417
6.943144350832608
6.954798672536528
6.966453013674345
6.978107373617965
6.989761751765059
7.001416147538124
7.013070560383538
7.024724989770656
7.036379435190918
7.048033896156988
7.059688372201897
7.071360188211978
7.083028676012458
7.094696615085991
7.106364109488329
7.118031247943072
7.129698063638171
7.14136463636846
7.1530309943623305
7.1646971677833635
7.176363180305993
7.188029050541311
7.19969479314818
7.21136041969967
7.223025939358876
7.234691359406245
7.246356685651152
7.258021922753178
7.269687074472934
7.28135214386792
7.293017133445492
7.304682045282433
7.316346881117555
7.328011642426013
7.339676330474761
7.351340946367806
7.363005491080763
7.374669965487989
7.3863343703838975
7.397998706499414
7.409662974515024
7.42132717507087
7.432991308774697
7.444655376208013
7.456319377930998
7.467983314486233
7.479647186401746
7.491310994193282
7.502974738366178
7.514638419416774
7.526302037833518
7.537965594097957
7.549629088685413
7.5612925220652265
7.572955894701821
7.584619207054819
7.5962824595785525
7.607945652723631
7.619608786936121
7.631271862658144
7.6429348803278465
7.6545978403796076
7.666260743244005
7.67792358934803
7.689586379115014
7.701249112964793
7.712911791313726
7.7245744145747395
7.736236983157361
7.7478994974677855
7.75956195790888
7.771224364880261
7.782886718778303
7.794549019996173
7.806211268923862
7.817873465948214
7.829535611452989
7.841197705818829
7.852859749423352
7.864521742641141
7.87618368584378
7.887845579399887
7.899507423675133
7.911169219032285
7.922830965831207
7.934492664428923
7.946154315179595
7.957815918434581
7.969477474542467
7.98113898384906
7.992800446697433
8.004461863427956
8.016123234378297
8.027784559883472
8.039445840275851
8.05110707588518
8.062768267038624
8.074429414060766
8.086090517273641
8.097751576996751
8.109412593547113
8.121073567239243
8.132734498385197
8.144395387294601
8.156056234274658
8.167717039630176
8.179377803663572
8.191038526674928
8.202699208961976
8.214359850820149
8.22602045254256
8.237681014420067
8.249341536741264
8.26100201979252
8.272662463857957
8.284322869219535
8.295983236157012
8.307643564947998
