9.73847
8.404868538445935
8.409129753835492
8.413269126924964
8.417297284246146
8.421219711068018
8.425041021533001
8.428765530573193
8.43239733899235
8.43594035428299
8.43939830243456
8.442774737993084
8.446073053362335
8.449296487514811
8.452448134170163
8.455530949481416
8.458524023523424
8.46147340102369
8.464386952557538
8.467222862282604
8.470001908921649
8.472727212735421
8.475401057851546
8.478025542532656
8.480602667088847
8.483134348934946
8.485622428047803
8.488068671000809
8.490474774641884
8.492842369563244
8.495173023391768
8.497468243913078
8.499729482039434
8.501958134631042
8.504155547179085
8.506323016358916
8.50846179246072
8.510573081704795
8.512658048447953
8.514717817287444
8.516753475067837
8.518766072796554
8.520756627472991
8.522726123836046
8.524675516034504
8.526605729224466
8.528517661097812
8.530412183345438
8.532290143058608
8.534152364071975
8.535999648251142
8.537832776727834
8.539652511085366
8.541459594497118
8.543254752820301
8.545038695647575
8.546812117318503
8.548575697893098
8.550330104089303
8.552075990186344
8.553813998895684
8.555544762201288
8.557268902170733
8.558987031738685
8.560699755464192
8.562407670263154
8.56411136611711
8.565811426759748
8.567508430342194
8.569202950078115
8.57089555486981
8.57258680991606
8.574277277302748
8.575967516577295
8.577658085308743
8.579349539630595
8.581042434771591
8.582737325572815
8.584434766992151
8.586135314596955
8.587839525045146
8.589547956555618
8.59126116936822
8.59297972619417
8.594704192656781
8.596435137723565
8.598173134129555
8.599918758792427
8.601672593220028
8.603435223910054
8.605207242741717
8.606989247364288
8.608781841569904
8.610585635671018
8.612401246862849
8.614229299583002
8.61607042586414
8.617925265680267
8.619794467287084
8.621678687555892
8.62357859230151
8.625494856603742
8.627428165122678
8.62937921240737
8.631348703198041
8.633337352721407
8.635345886979144
8.637375043029
8.639425569258423
8.641498225650526
8.643593784041599
8.645713028370402
8.647856754918186
8.65002577253955
8.652220902883167
8.654442980602171
8.656692853553393
8.658971382985095
8.661279443712168
8.663617924278405
8.66598772710495
8.668389768624134
8.67082497939788
8.67329430421969
8.675798702199405
8.678339146829632
8.680916626032824
8.683532142187909
8.686186712135296
8.688881367159107
8.691617152945291
8.694395129514378
8.697216371127372
8.700081966163657
8.702993016968914
8.328577218636134
8.341823143847188
8.350624197051914
8.35573963976619
8.357784634221236
8.357258886898597
8.354571664968729
8.350060968630732
8.344008103478648
8.33664885057009
8.328182117891805
8.318776708873722
8.308576668100487
8.29770554096694
8.286269796444383
8.274361599265504
8.262061072220163
8.249438155806164
8.236554147714878
8.223462986127796
8.21021232685859
8.196844453788438
8.183397053945862
8.169903882352997
8.156395336940077
8.142898960087688
8.129439880442884
8.11604120638856
8.102724380789232
8.089509505289588
8.076415641430534
8.063461095117917
8.05066369049555
8.038041039012436
8.025610809427803
8.013391004665374
8.001400251828251
7.989658112346909
7.978185420200794
7.967004657498529
7.956140378526571
7.945619695800242
7.935472844902298
7.9257338491968135
7.91644131128602
7.907639365847104
7.899378839044489
7.891718674198876
7.884727703502357
7.878486873839174
7.873092075102302
7.868657777843385
7.865321773310851
7.863251438605872
7.862652149030458
7.863778773680797
7.866951698646784
7.8725796711331
7.881193227267356
7.893495117251234
7.910439161614351
7.9333590452956955
7.964190239800165
8.005879191224098
