0.010877903259841356
0.01101541302771399
0.011152218660167324
0.011288315137471326
0.0114237042903422
0.011558389034378204
0.011692372478340318
0.011825657801265654
0.011958248222282362
0.01209014698363689
0.012221357336388282
0.012351882527324793
0.012481725786861079
0.012610890317834801
0.012739379285146174
0.012867195806188161
0.012994321601800127
0.01312077988473165
0.013246596782256181
0.013371754694941026
0.013496254917311093
0.013620099935825605
0.01374329230137567
0.013865834484820852
0.013987728854466542
0.014108977669757725
0.014229583077407265
0.014349547108144223
0.014468871673824903
0.014587558564853068
0.014705609447882932
0.014823025863783963
0.014939809225847443
0.015055960818216129
0.015171481794519886
0.015286373176700327
0.015400635854009472
0.01551427058216737
0.015627277982665545
0.015739658542202776
0.01585141261224177
0.01596254040867483
0.01607304201158855
0.01618291736511685
0.016292166277373833
0.016400788420457092
0.016508783330513966
0.016616150407862677
0.016722888917161588
0.016828997987619883
0.016934476613243796
0.017039323653112417
0.017143537831678133
0.017247117739086607
0.017350061831512175
0.017452368431504175
0.017554035728340647
0.01765506177838614
0.01775544450545009
0.017855181701143162
0.01795427102522915
0.018052710005969683
0.018150496040460203
0.018247626394955058
0.018344098205180105
0.018439908476631826
0.018535054084861394
0.01862953177574294
0.018723338165725172
0.018816469742065946
0.018908922863049005
0.019000693758183203
0.01909177852838357
0.019182173146134778
0.019271873455636822
0.019360875172933906
0.019449173886026287
0.019536765054966466
0.019623644011940233
0.0197098059613334
0.01979524597978564
0.0198799590162324
0.019963939891936306
0.0200471833005096
0.020129683807929108
0.02021143585254569
0.02029243374508962
0.020372671668674503
0.02045214367880105
0.020530843703363888
0.020608765542662826
0.020685902869421853
0.020762249228817947
0.02083779803852282
0.020912542588760186
0.020986476042381928
0.021059591434965958
0.021131881674939127
0.021203339543728984
0.021273957695947518
0.02134372865961059
0.021412644836397418
0.02148069850195338
0.021547881806241065
0.02161418677394312
0.0216796053049219
0.02174412917474035
0.021807750035248687
0.021870459415242228
0.021932248721194893
0.02199310923807419
0.02205303213024259
0.022112008442451286
0.022170029100931746
0.022227084914590977
0.022283166576316845
0.02233826466439937
0.022392369644074508
0.02244547186919681
0.02249756158404816
0.02254862892528858
0.022598663924057138
0.02264765650822949
0.02269559650483925
0.02274247364267131
0.022788277555034243
0.022832997782719577
0.022876623777155734
0.022919144903765013
0.022960550445531126
0.023000829606785986
0.02303997151722359
0.023077965236149578
0.023114799756974856
0.02315046401196157
0.02332113070201961
0.023485737456095335
0.023644143755047968
0.023796237323763066
0.023941942072946972
0.024081212359556965
0.024214027168783646
0.024340385412720808
0.02446030219850759
0.02457380584340007
0.024680935461825492
0.024781738994346533
0.024876271581505346
0.024964594209326542
0.025046772570548194
0.025122876098351198
0.0251929771387923
0.025257150235227108
0.02531547150336662
0.0253680180797006
0.02541486762915235
0.025456097900244515
0.025491786317912185
0.025522009605527765
0.02554684342878635
0.025566362054911865
0.02558063802122548
0.025589741807508788
0.02559374150681337
0.025592702489433183
0.02558668705467175
0.025575754064803287
0.025559958555236836
0.025539351314332565
0.025513978425565215
0.025483880763749935
0.02544909343579744
0.02540964515488796
0.025365557534971325
0.02531684429001077
0.02526351031925484
0.02520555065586441
0.025142949251200874
0.025075677560668315
0.025003692888755015
0.024926936440226415
0.024845331010431296
0.024758778229198006
0.02466715524810584
0.02457031072753642
0.02446805993418861
0.02436017869620164
0.02424639587330865
0.0241263838704791
0.023999746534438097
0.023866003489038667
0.02372456952984728
0.023574727009356013
0.023415588018274033
0.023246041256633845
0.023064675093534912
0.02286966195273775
0.022658576432783586
0.022428091924821945
