234.27756496700002
224.88410048736793
224.82115639624246
224.7690067366153
224.7241332899291
224.68449645232747
224.64887832061703
224.61653338313897
224.58698875978035
224.55992970538713
224.5351339060394
224.51243373141747
224.4916945176809
224.47280204811383
224.4556553139478
224.44016230803692
224.42623756171622
224.4138006844682
224.4027754812433
224.3930894032025
224.38467319153798
224.3774606337082
224.37138838570831
224.36639583372607
224.3624249798847
224.35942034332672
224.35732887169834
224.35609986030929
224.35568487757553
224.35603769617038
224.3571142298601
224.35887247641259
224.361272467323
224.3642762254778
224.36784773229513
224.37195290640864
224.3765595966207
224.38163759273053
224.3871586589871
224.39309659644036
224.39942846255337
224.40613033578987
224.41318397623803
224.4205728922386
224.42828378102692
224.43630706981415
224.44463764018988
224.45327337329957
224.46222566615145
224.47150769747748
224.48114510864488
224.49117644840968
224.50165609254557
224.51265725090025
224.52427432135798
224.53662308938644
224.54983615110703
224.56404972195025
224.57937769438533
224.59587156434614
224.61347308592113
224.63197920313726
224.65104630444787
224.6702482707513
224.68916967438614
224.70748920228104
224.72501818213564
224.74168379418293
224.75750168295306
224.77252892189352
224.78683811995742
224.8005009967801
224.81358096360628
224.82613106027188
224.83819450860236
224.84980624030618
224.8609946003352
224.87178288266932
224.88219058581973
224.8922343859845
224.90192886802978
224.91128706325784
224.92032083991322
224.9290411844994
224.93745840253342
224.94558226166404
224.95342209329004
224.96098686467857
224.968289338579
224.97533106858114
224.98212229452295
224.9886671086896
224.9949800608528
225.00106664434907
225.00693393334146
225.01258889156458
225.0180383445522
225.02328856514833
225.0283470492159
225.03321945438827
225.03791200281475
225.04243073439977
225.04678151598588
225.0509700480364
225.05500186983923
225.05888236383925
225.06261675945248
225.06621013657164
225.0696674288792
225.07299342703678
225.07619278179072
225.07927000701082
225.08222948267453
225.0850754578022
225.0878120533404
225.0904432649979
225.09297296602423
225.0954049099497
225.09774273325056
225.09998995797216
225.10214999428783
225.1042261429992
225.10622159797867
225.10813944854846
225.10998268179006
225.11175418481469
225.1134567469482
225.11509306187472
225.11666572967331
225.11817725890103
225.11963006848066
225.1210264896285
225.12236876768748
225.12365906391304
225.1248994572011
225.12609194576837
225.12723844877797
225.12834080791725
225.12940078892885
225.13042008309452
225.13140030867706
225.13234301231716
225.1332496703923
225.13412169033663
225.1349604119229
225.1357671085109
225.13654298826168
225.13728919532068
225.1380068109708
225.1386968547583
225.13936028559087
225.1399980028123
225.14061084725208
225.14119960225594
225.14176499469283
225.14230769594525
225.1428283228817
225.1433274388117
225.14380555442676
225.14426312872794
225.14470056993952
225.14511823641112
225.14551643751093
225.14589543450663
225.1462554414393
225.14659662599001
225.14691911033705
225.14722297200848
225.1475082447293
225.14777491926236
225.14802294424567
225.14825222702632
225.14846263448985
225.1486539938876
225.14882609366234
