4.6633
4.368291813198155
4.426673929321265
4.483065350027019
4.53693859296671
4.588302475369649
4.637282197391778
4.68402038754465
4.728654550960739
4.771312595161291
4.812112568343455
4.851163317958591
4.888565293373708
4.924411315258008
4.958787276532923
4.991772773036935
5.023441669387409
5.053862606667496
5.083099458268714
5.111211739622043
5.1382549769283665
5.164281039419962
5.189338439161798
5.213472601935705
5.236726112337354
5.25913893585145
5.280748620349352
5.301590479170643
5.321697757701819
5.341101785146859
5.359832112992497
5.37791664150263
5.395381735427468
5.412252329982788
5.4285520280396184
5.444303189362962
5.459527012649028
5.474243611031021
5.48847208165376
5.50223056985535
5.515536328439192
5.528405772470854
5.5408545299909395
5.552897488996476
5.564548841009017
5.575822121516939
5.586730247551918
5.597285552635253
5.607499819307446
5.6173843094351446
5.62694979247143
5.636206571830015
5.64516450951919
5.65383304916882
5.662221237571871
5.670337744851507
5.678190883355402
5.6857886253702254
5.693138619741467
5.700248207476944
5.70712443640559
5.713774074957604
5.7202036251266035
5.7264193346696555
5.732427208596634
5.738233019996408
5.743842320243615
5.749260448626588
5.754492541433701
5.759543540532908
5.764418201476353
5.769121101159912
5.773656645065023
5.778029074108483
5.782242471123839
5.786300766996494
5.790207746472893
5.7939670536629775
5.797582197253562
5.801056555449195
5.804393380655907
5.807595803922246
5.8106668391508824
5.813609387093472
5.816426239140356
5.819120080916033
5.821693495690687
5.824148967617244
5.826488884802995
5.828715542224101
5.830831144490855
5.832837808471101
5.834737565778654
5.836532365133198
5.838224074597849
5.839814483699907
5.841305305440381
5.842698178197098
5.843994667526348
5.845196267867343
5.8463044041538215
5.847320433336661
5.8482456458212635
5.849081266823167
5.849828457645264
5.850488316879623
5.851061881537021
5.851550128106714
5.851953973549381
5.852274276225376
5.852511836760893
5.852667398854131
5.852741650023544
5.852735222300255
5.852648692866394
5.852482584641228
5.852237366816793
5.851913455344554
5.851511213374697
5.8510309516495385
5.850472928852362
5.849837351913125
5.849124376272245
5.848334106103724
5.8474665944987745
5.8465218436111535
5.845499804765203
5.844400378527772
5.8432234147449735
5.841968712544857
5.840636020306952
5.839225035599605
5.837735405086231
5.8361667244011715
5.8345185379963445
5.832790338959433
5.830981568804625
5.8290916172368075
5.827119821890175
5.825065468042118
5.82292778830343
5.820705962285732
5.818399116247103
5.816006322716942
5.8135266001010715
5.8109589122680605
5.808302168117969
5.8055552211344965
5.802716868921764
5.799785852726812
5.7967608569491365
5.793640508638441
5.7904233769819555
5.787107972782624
5.783692747929656
5.780176094862808
5.776556346031967
5.772831773353593
5.769000587665728
5.765060938183136
5.7610109119545525
5.756848533323709
5.752571763396205
5.748178499514129
5.743666574740641
5.73903375735654
5.734277750371232
5.72939619105034
5.724386650462524
5.71924663304794
5.713973576211111
5.708564849940843
5.703017756460246
5.6973295299096085
5.69149733606545
5.6855182720988315
5.679389366376318
5.673107578307103
5.666669798239865
5.660072847413127
5.653313477963021
5.64638837299249
5.639294146706125
5.632027344614973
5.624584443815935
5.616961853350238
5.6091559146460614
5.601162902050204
5.592979023454088
5.584600421019444
5.5760231720093945
5.567243289730646
5.558256724592794
5.549059365291094
5.539647040118989
5.5300155184171365
5.520160512165811
5.510077677727783
5.499762617749029
