133951.07700000002
244369.3389441515
245127.4710288592
245886.2104138866
246643.65330833316
247400.05689660323
248156.21490781897
248913.0905524231
249671.72399854814
250433.19950614232
251198.62557831407
251969.11831041955
252745.7861299333
253529.71581737322
254321.9600070769
255123.5263670988
255935.36859012494
256758.37924834515
257593.38449028903
258441.1404925455
259302.33152677087
260177.56946362447
261067.39451018377
261972.2769651424
262892.61977507675
263828.7616833081
264780.9807783034
265749.49826896266
266734.4823375859
267736.03862136963
268754.256119297
269789.1634626139
270840.75296079036
271908.98081144853
272993.7696124538
274095.0105396126
275212.56519391557
276346.2671326399
277495.9231054404
278661.3140212199
279842.19567458966
281038.29926238884
282249.3317213647
283474.9759178614
284714.89071954397
285968.71097784623
287236.04744822235
288516.48667344893
289809.5908532635
291114.8977216372
292431.9204509566
293760.14760041545
295099.0431239738
296448.0464513775
297806.5726539033
299174.0127047632
300549.73384241335
301933.08004340006
303323.3726098013
304719.9108748318
306121.97302869963
307528.8170654146
308939.6818498781
310353.7883032696
311770.34070349927
313188.52809628507
314607.52581127227
316026.49707653996
317444.594723845
318860.96297601296
320274.7393070868
321685.05636508216
323091.0439465069
324491.83101151563
325886.54772774666
327274.32753098843
328654.3091904387
330025.6388663094
331387.4721476213
332738.9760582054
334079.3310192427
335407.7327571028
336723.39414575364
338025.54697366664
339313.44362582994
340586.3586723028
341843.59035559016
343084.4619700468
344308.3231274792
345514.5509041035
346702.5508650428
347871.7579635432
349021.63731311704
350151.68483180564
351261.4277587072
352350.42504385137
353418.2687473849
354464.5797028913
355489.0141723315
356491.2594045907
357471.0345004941
358428.09011317015
359362.20804743585
360273.2007666722
361160.9108140718
362025.2101550382
362865.9994476355
363683.21959654253
364476.80971573206
365246.7552633572
365993.06317898404
366715.76461230667
367414.9139071744
368090.58756093774
368742.8831652131
369371.9183338259
369977.82962336414
370560.77145144343
371120.91501743125
371658.4472300396
372173.56964581995
372666.4974222482
373137.45828871644
373586.6915384259
374014.44704379747
374420.9842977172
374806.5714826051
375171.48456898466
375516.0064449657
375840.4260777585
376145.0377081045
376430.14007826004
376696.03581551794
376943.03013490123
377171.43131657754
377381.54898446496
377573.69399379066
377748.17779157
377905.3118758313
378045.4072919509
378168.7741614148
378275.72124158574
378366.55551554944
378441.5818111295
378501.1024481514
378545.4169129977
378574.8215594786
378589.60933502344
378590.06953120226
378576.4875575692
378549.14473783626
378508.3181273933
378454.2803511946
378387.2994610617
378307.63881146
378215.55695283524
378111.307541623
377995.13926605746
377867.295786947
377728.0156926012
377577.53246713005
377416.07447135437
377243.8760044783
377061.1343594617
376868.0715508175
376664.8960782338
376451.8108880569
376229.01383435784
375996.69615724124
375755.0490478597
375504.25407346035
375244.4895962095
374975.92929431016
374698.73061169224
374413.08004070004
374119.1281373381
373817.0300955701
373506.937392411
373188.997465697
372863.35375269357
372530.14578960417
372189.50932293717
371841.57642451447
371486.47560853924
371124.33195019414
370755.2672054406
370379.3999317087
369996.845609196
369607.71676248603
369212.1230822194
368810.171546546
368401.96654210065
367987.6099842486
367567.2014363512
367140.83822782
366708.6155707203
366270.62667469704
365826.9628600166
365377.71366849955
