17.087702004491092
17.087986404511888
17.088030403944426
17.088066481351643
17.088101609846348
17.08813602892499
17.08816977183577
17.088202862899873
17.088235323924636
17.08826717479129
17.088298433796695
17.08832911792858
17.08835924308999
17.08838882428182
17.088417875750878
17.088446411109516
17.088474443431995
17.088501985331668
17.08852904902257
17.088555646368246
17.088581788920187
17.08860748794791
17.08863275446221
17.088657599232995
17.08868203280277
17.088706065496698
17.088729707429916
17.08875296851277
17.088775858454454
17.088798386765408
17.088820562758848
17.088842395551673
17.088863894064904
17.08888506702395
17.088905922958666
17.088926470203464
17.08894671689741
17.08896667098452
17.08898634021411
17.089005732141462
17.089024854128606
17.08904371334536
17.08906231677062
17.089080671193837
17.089098783216773
17.08911665925544
17.089134305542245
17.089151728128392
17.0891689328864
17.08918592551282
17.08920271153115
17.08921929629483
17.089235684990403
17.08925188264082
17.08926789410506
17.089283724092066
17.089299377155292
17.08931485769771
17.089330169976297
17.089345318105703
17.089360306061984
17.08937513768627
17.089389816688538
17.08940434665129
17.089418731033305
17.08943297317332
17.08944707629366
17.089461043503892
17.089474877804417
17.089488582089974
17.089502159153156
17.08951561168784
17.08952894229254
17.089542153473726
17.089555247649063
17.08956822715059
17.0895810942278
17.089593851050672
17.089606499712644
17.089619042233437
17.089631480561913
17.08964381657874
17.08965605209907
17.08966818887507
17.08968022859843
17.089692172902744
17.089704023365876
17.089715781512165
17.08972744881462
17.089739026697032
17.089750516535986
17.089761919662806
17.089770762758054
17.089777547259494
17.089782723266445
17.089786643215575
17.089789581695523
17.089791754009273
17.08979332729734
17.08979443238531
17.089795171466367
17.08979562437504
17.089795853486763
17.08979590754086
17.089795824624503
17.089795634502575
17.089795360437233
17.089795020609177
17.089794629228063
17.089794197400053
17.08979373380576
17.089793245230002
17.089792736975863
17.08979221318825
17.089791677106792
17.089791131263528
17.08979057763739
17.089790017774977
17.089789452884936
17.089788883911744
17.0897883115934
17.08978773650648
17.089787159101395
17.089786579729925
17.089785998666763
17.08978541612633
17.08978483227594
17.08978424724609
17.089783661138483
17.089783074032336
17.089782485989264
17.089781897057147
17.08978130727312
17.089780716665917
17.0897801252577
17.089779533065503
17.089778940102367
17.089778346378186
17.089777751900392
17.08977715667454
17.08977656070466
17.089775963993628
17.089775366543407
17.089774768355248
17.089774169429848
17.089773569767477
17.089772969368045
17.089772368231223
17.089771766356474
17.089771163743087
17.089770560390246
17.089769956297026
17.08976935146243
17.08976874588541
17.089768139564875
17.089767532499696
17.089766924688718
17.089766316130767
17.089765706824668
17.089765096769217
17.089764485963208
17.089763874405442
17.089763262094706
17.089762649029783
17.089762035209468
17.08976142063254
17.089760805297797
17.089760189204025
17.08975957235001
17.089758954734563
17.089758336356468
17.089757717214525
17.08975709730754
17.08975647663431
17.08975585519365
17.089755232984373
17.089754610005283
17.089753986255197
17.089753361732935
17.08975273643732
17.089752110367176
17.089751483521322
17.089750855898597
17.08975022749783
17.089749598317862
17.08974896835752
17.089748337615653
17.0897477060911
17.089747073782707
17.089746440689318
17.08974580680979
17.089745172142973
17.089744536687714
17.089743900442883
17.089743263407332
17.08974262557993
17.089741986959535
17.089741347545015
17.089740707335245
