2.49737630112
2.2349899496142047
2.3139198200258195
2.397098475843239
2.483375213647975
2.5720535680427754
2.6627045919834718
2.755057885733957
2.8489367121783227
2.944219272408562
3.0408155764837947
3.138653631359514
3.237671200788584
3.3378108985671577
3.439017275828144
3.541235100838935
3.6444083514972
3.7484796331874697
3.853389849751107
3.959078024061733
4.065481205701623
4.172534427619357
4.280170688090852
4.388320942774265
4.4969140965280685
4.6058769873586325
4.715134356214215
4.824608796837319
4.934220679797556
5.043888044306765
5.153526450529599
5.2630487838645665
5.37236500105455
5.481381805941704
5.590002240135091
5.698125170705574
5.805644653149799
5.91244914314412
6.018420524912449
6.1234329172772854
6.22735105812613
6.330029159220301
6.431307719178912
6.531011591327205
6.628946627920506
6.724895902753687
6.818615286102624
6.909828442137201
6.998221067534876
7.083435740563096
7.16506687078906
7.24265862275602
7.315708430940307
7.3836814815932375
7.446044533408264
7.502331057826351
7.552252004740048
7.5958628177266725
7.633778948819514
7.667389814784561
7.698959929047729
7.731469570840799
7.7681154185734975
7.811592800467202
7.863480136921793
7.924025097537701
7.992374716408372
8.067040961069456
8.14635410209205
8.228761742812985
8.312969028172725
8.397966289826062
8.482999332011856
8.567519833773794
8.651135585342855
8.733568483652466
8.814622003125145
8.894157214881412
8.972075630943934
9.048307159439691
9.122801745722969
9.19552361422783
9.266447315004957
9.335555012140494
9.40283462353536
9.468278538631738
9.53188272942529
9.593646127964423
9.653609645527192
9.711704151531556
9.767967242711661
9.82236693113124
9.874986094259949
9.925803150834126
9.974829632916501
10.022078570550043
10.067564339768989
10.111304164365006
10.153312137197753
10.19360684599799
10.232207150970686
10.269132781935307
10.304404288774252
10.338042988215276
10.370070909028783
10.400510736850494
10.429385759358503
10.45671981225583
10.482537226339392
10.506862775838677
10.529721628144202
10.551139295009623
10.571141585286677
10.58975455923495
10.607004484437134
10.622917793340884
10.637521042447625
10.65084087313915
10.662903974172922
10.673737045817214
10.683366765635208
10.691819755903262
10.699122552649554
10.70530157629402
10.710383103874447
10.714393242824109
10.717357906287535
10.719302789939304
10.720253350260906
10.720234784295275
10.719272010752755
10.717389652528347
10.714612020531927
10.710963098815288
10.706466530951914
10.701145607630002
10.695023255418285
10.68812202666273
10.680464090472482
10.672071224754635
10.662964809254662
10.653165819561705
10.642694822037392
10.631571969627199
10.619816998513244
10.607449225569022
10.59448754657671
10.580950435166713
10.566855942444196
10.552221697261936
10.537064907105272
10.521402359552777
10.505250424277989
10.48862505555858
10.471541795258922
10.454015776256576
10.436061726280295
10.417693972129063
10.39892644424571
10.37977268161524
10.360245836962594
10.340358682223313
10.320123614262918
10.29955266082155
10.27865748666107
10.25744939989304
10.235939358466933
10.214137976799654
10.19205553252657
10.169701973357101
10.147086924018323
10.124219693269477
10.101109280973626
10.077764385211529
10.054193409424053
