32.04498126003845
32.04738592072136
32.04973048562235
32.05201969971255
32.054258428219036
32.05645116342514
32.05860198634068
32.06071457425078
32.062792243947975
32.06483798168908
32.066854473808725
32.06884413507946
32.0708091348425
32.07275142098806
32.07467274188669
32.076574666384914
32.078458601929995
32.08032581122822
32.08217742698577
32.08401446543831
32.08583783848453
32.08764836461612
32.08944677871501
32.09123374085413
32.09300984417979
32.094775621966555
32.09653155392629
32.09827807184637
32.10001556462566
32.101744382770725
32.103464842409046
32.105177228871106
32.106881799886736
32.10857878843825
32.11026840530729
32.11195084134887
32.11362626952267
32.11529484670793
32.11695671532589
32.11861200479076
32.12026083280813
32.12190330653715
32.12353952363171
32.125169573173466
32.12679353650831
32.12841148799693
32.13002349568838
32.131629621924894
32.13322992388523
32.134824454072906
32.136413260755184
32.137996388357784
32.13957387781988
32.14114576691355
32.14271209053111
32.14427288094377
32.145828168034264
32.14737797950626
32.148922341072755
32.15046127662543
32.15199480838707
32.15352295704848
32.15504574189149
32.156563180899504
32.158075290856566
32.15958208743627
32.161083585281375
32.162579798075
32.164070738604366
32.165556418817495
32.16703684987393
32.16851204218968
32.16998200547719
32.17144674878067
32.17290628050733
32.17436060845482
32.1758097398353
32.177253681296435
32.17869243893961
32.18012601833567
32.18155442453832
32.18297766209562
32.184395735059404
32.18580864699331
32.18721640097905
32.188618999621475
32.19001644505234
32.191408738933
32.19279588245604
32.19417787634608
32.19555472085976
32.19692641578488
32.19829296043902
32.199654353667455
32.2010105938406
32.2023616788509
32.20370760610933
32.20504837254147
32.2063839745832
32.207714408176074
32.20903966876243
32.210359751280144
32.21167465015719
32.212984359305985
32.214288872117386
32.215588181454685
32.216882279647265
32.2181711584841
32.21945480920716
32.22073322250459
32.22200638850375
32.22327429676412
32.22453693627005
32.2257942954234
32.22704636203596
32.228293123321855
32.229534565889686
32.23077067573465
32.23200143823041
32.23322683812095
32.234446859512126
32.23566148586325
32.23687069997838
32.23807448399757
32.23927281938785
32.24046568693415
32.24165306673002
32.242834938168116
32.24401127993066
32.24518206997954
32.246347285546356
32.24750690312221
32.24866089844731
32.24980924650042
32.25095192148796
32.25208889683304
32.25322014516416
32.254345638303754
32.25546534725645
32.25657924219703
32.25768729245827
32.258789466518394
32.25988573198829
32.26097605559848
32.26206040318575
32.263138739679526
32.26421102908793
32.265277234483555
32.26633731798882
32.26739124076112
32.2684389629776
32.2694804438195
32.27051564145632
32.27154451302942
32.27256701463543
32.27358310130918
32.27459272700627
32.27559584458528
32.27659240578953
32.277582361228475
32.27856566035867
32.27954225146433
32.28051208163745
32.28147509675752
32.282431241470796
32.283380459169166
32.28432269196845
32.28525788068649
32.286185964820575
32.28710688252456
32.28802057058553
32.28892696439996
32.289825997949556
32.29071760377658
32.291601712958865
32.29247825508437
32.29334715834491
32.29420834914745
32.29506175245333
32.295907291628865
32.296744888418466
32.29757446291601
32.29839593353876
32.29920921699892
32.30001422814156
32.30081088032357
32.301599084974725
32.30237875170857
32.30314978829482
32.30391210063222
32.30466559272167
32.305410166640065
32.30614572251471
32.30687215849869
32.30758937074718
32.308297253395146
32.30899569853639
32.30968459620443
32.31036383435532
