387214.0324416
294165.0281398519
294362.54971637164
294553.92534699076
294739.28765412135
294918.85104120657
295092.8316624533
295261.43713487167
295424.8656422301
295583.3062406142
295736.93929636944
295885.9369184366
296030.46336863935
296170.67544921936
296306.7228688544
296438.7485885396
296567.0578828814
296691.316019872
296811.76293004333
296928.9983881218
297042.8548083877
297153.42464796884
297260.8097946808
297365.10940364236
297466.41851140425
297564.82803269866
297660.42492661765
297753.29237643984
297843.50996352144
297931.1538331732
298016.29685265786
298099.0087617099
298179.3563159779
298257.4034237907
298333.21127659176
298406.83847340103
298478.3411396125
298547.7730404351
298615.1856892557
298680.6284512025
298744.1486421443
298805.791623377
298865.60089221504
298923.6181687006
298979.8834786326
299034.43523309845
299087.3103046966
299138.5441006141
299188.17063271464
299236.2225848026
299282.7313771934
299327.7272287359
299371.23921641207
299413.2953326429
299453.9225404084
299493.1468263045
299530.993251634
299567.4860016393
299602.6484329672
299636.5031194617
299669.07189637114
299700.37590305216
299730.43562425085
299759.27093003574
299786.90111445705
299813.34493300284
299838.6206389105
299862.74601840554
299885.738424927
299907.6148123891
299928.39176754805
299948.08554150944
299966.7120804414
299984.2870555235
300000.825892287
300016.3437991306
300030.8557953283
300044.37673844193
300056.92135119037
300068.50424782775
300079.1399600484
300088.84296246833
300097.62769770296
300105.50860109174
300112.5001250712
300118.61676325614
300123.87307422917
300128.28370507585
300131.8634147037
300134.6270969418
300136.58980341756
300137.76676646277
300138.17342145316
300137.8254295516
300136.73869994754
300134.9294121693
300132.41403828707
300129.2093650428
300125.3325159414
300120.80097328435
300115.63260018354
300109.84566254076
300103.4588510176
300096.49130298494
300088.962624473
300080.89291210735
300072.3027750511
300063.21335693286
300053.64635777357
300043.62405590655
300033.1693298742
300022.30568031315
300011.0572517987
299999.4488546589
299987.50598672644
299975.2548550279
299962.72239738493
299949.9363039188
299936.92503842287
299923.7178595933
299910.34484208573
299896.8368973715
299883.22579436423
299869.54417977773
299855.825598188
299842.104511755
299828.4163195629
299814.7973765378
299801.2850118878
299787.9175470262
299774.7343129115
299761.7756667557
299749.08300803415
299736.6987937443
299724.6665528206
292520.3693306216
291752.21789414855
290853.7433344292
289854.1759624411
288776.6268070937
287639.5420201438
286457.74786959676
285243.2324539045
284005.73904167744
282753.2212366373
281492.19548127276
280228.0164773808
278965.0941661247
277707.0659990835
276456.9347147644
275217.17929022835
273989.8448779529
272776.61616659333
271578.8775839588
270397.76299502177
269234.1969691103
268088.9292497577
266962.5637229064
265855.5829187341
264768.36888046353
263701.22107644007
262654.3719091249
261628.00027889508
260622.24358589755
259637.2084954244
258672.98074815722
257729.63426388268
256807.23976425527
255905.8731257427
255025.623667557
254166.6025809067
253328.9517156869
252512.8529596522
251718.53847454206
250946.30209583548
250196.51226108056
249469.62691033
248766.21090803994
248086.95667727586
247432.70892761674
246804.49461570175
246203.55962861524
245631.41416404626
245089.88945504554
244581.20943800767
244108.08232376154
243673.8190114923
243282.48821637713
242939.1226069004
242649.9970762528
242423.01106954901
242268.22443918194
242198.62573506808
242231.26300482257
242388.95990265926
242703.01633068654
243217.64860370135
243997.69404156294
245142.9242468981
