48.80539004256971
48.572927987615195
48.345385632725296
48.12262991168585
47.90451959098684
47.69091241500898
47.48166901532847
47.27665503558502
47.07574220753412
46.878808794102156
46.68573964202645
46.496426039038546
46.310765367463304
46.12866086068382
45.95002097026031
45.77475919239108
45.60279360311843
45.43404648745936
45.268443991475856
45.105915799448866
44.94639483670473
44.78981699763304
44.63612089783127
44.48524764895604
44.3371406547016
44.19174542625637
44.04900941560629
43.90888186510975
43.77131367185018
43.636257265375356
43.503666497529075
43.3734965431945
43.24570381085885
43.1202458620209
42.997081338538706
42.876169897111524
42.757472150164055
42.640949612475005
42.52656465294902
42.41428045100777
42.304060957110295
42.19587085697811
42.08967553913376
41.98544106540623
41.88313414409215
41.78272210549237
41.68417287957521
41.587454975539586
41.49253746307704
41.39938995515666
41.30798259216577
41.21828602726688
41.13027141283865
41.04391038788838
40.95917506632895
40.87603802603206
40.79447229857128
40.71445135958435
40.6359491196877
40.558939915882995
40.4833985034063
40.409300047970376
40.336620118359576
40.26533467934138
40.19542008485899
40.12685307147804
40.05961075206049
39.99367060964228
39.9290104914945
39.86560860335103
39.8034435037837
39.74249409871525
39.68273963605363
39.6241597004386
39.566734208090644
39.51044340175444
39.45526784572829
39.40118842097402
39.34818632030183
39.29624304362465
39.24534039327828
39.19546046940438
39.14658566539144
39.09869866337381
39.05178242978373
39.00582021095708
38.96079552878956
38.91669217644331
38.87349421410155
38.83118596477238
38.78975201013906
38.74917718645799
38.70944658050266
38.67054552555435
38.63245959743904
38.59517461061024
38.558676614278056
38.52295188858432
38.487986940823866
38.45376850171214
38.42028352169912
38.38751916732938
38.355462817649276
38.32410206066035
38.29342468981955
38.263418700586556
38.234072287017554
38.205373838406466
38.17731193597292
38.149875349597345
38.12305303460292
38.096834128584646
38.07120794828556
38.04616398651918
38.021691909139236
37.997781552055805
37.97442291829797
37.95160617512233
37.92932165116828
37.907559833658325
37.886311365644495
37.86556704329982
37.845317813254546
37.82555476997741
37.80626915130513
37.78745234164291
37.76909586370139
37.75119137799302
37.73373068043069
37.71670569996865
37.70010849628527
37.68393125750724
37.66816629797468
37.65266873876422
37.637533101141024
37.622753760268104
37.60832527549308
37.59424236522708
37.580499889115586
37.56709283232615
37.55401629167403
37.54126546336151
37.5288356321462
37.51672216178096
37.50492048659071
37.4934261040672
37.482234568377066
37.471341484689646
37.460742504240315
37.45043332005416
37.440409663261384
37.43066729994292
37.42120202845014
37.41200967714825
37.403086102537245
37.39442718770892
37.38602884110209
37.377886995522104
37.36999760739351
37.36235665621804
37.35496014421247
37.34780409610381
37.340884559060925
37.33419760274418
37.32773931945639
37.321505824379976
37.31549325588697
37.30969777590966
37.304115570361134
37.29874284959603
37.29357584890298
37.28861082902098
37.283844076672956
37.27927190511057
37.274890654664915
37.270696693298554
37.26668641715473
37.26285625110024
37.25920264925907
37.25572209553389
37.25241110411337
37.2492662188016
37.2462840170278
37.24346110671316
37.240794128924435
37.23827975521899
37.23591469115464
37.2336956756031
37.231619481097106
37.229682914155006
37.227882815582596
37.22621606075229
37.22467955985976
37.22327025815812
37.22198513617003
37.22082120980329
37.21977553075029
37.21884518639659
37.218027300028936
