6.242556158107974
6.221565840767853
6.201638825219373
6.182794108266877
6.165050181405484
6.14841782474592
6.132898065804424
6.118482127640546
6.105151258109024
6.092877389658234
6.081624071554482
6.0713477877237425
6.061999219825044
6.053524836311795
6.045868329271219
6.038971989237481
6.0327779339821
6.02722915744355
6.022270383803732
6.017848727181378
6.013914168871989
6.0104198715739905
6.007322354086666
6.004581551253808
6.002160783208625
6.0000266559545485
5.99814891256505
5.996500251248665
5.995056123507393
5.993794522818831
5.992695771795934
5.9917423136719385
5.990918525063199
5.9902104747775295
5.98960582754149
5.989093627163533
5.988664161633863
5.988308827908949
5.98802000969245
5.9877909674792305
5.987615740012003
5.987489056247823
5.987406256918423
5.9873632247970745
5.987356322795669
5.987382339111811
5.9874384386837
5.987522120179998
5.987631178152769
5.987763669335855
5.987917883082319
5.988092315169202
5.98828564466653
5.988496713500771
5.9887245083923215
5.988968144884855
5.98922685321686
5.989499965815448
5.989786906218161
5.990087179268601
5.990400362342476
5.990726097693956
5.991064085525789
5.99141407786258
5.991775873162985
5.992149311364494
5.9925342695985915
5.992930659111176
5.993338418426387
5.993757515438834
5.99418794103444
5.994629707512218
5.995082846331223
5.9955474060845795
5.996023450676646
5.996511057682791
5.997010316873862
5.997521328889667
5.9980442040482185
5.998579061278995
5.999126026095525
5.999685234094257
6.00025682361607
6.000840939536946
6.001437731576512
6.002047353816708
6.0026699643025925
6.003305724723636
6.003954800174789
6.004617358997168
6.005293572699556
6.0059836159622115
6.006687666725976
6.007372660358655
6.008030187140488
6.0086617976750025
6.009268920175153
6.009852875241883
6.010414886981083
6.010956093337134
6.011477551257934
6.011980249246379
6.012465110549042
6.012932999952236
6.013384729039697
6.013821060874244
6.014242714170973
6.0146503661896675
6.0150446585701705
6.015426198580481
6.0157955602128235
6.01615328898479
6.016499903283648
6.016835896284897
6.017161737683494
6.017477875255105
6.017784736266146
6.018082728749547
6.018372242661253
6.018653650930655
6.018927310416991
6.019193562781977
6.019452735287969
6.01970514152982
6.019951082107742
6.020190845247486
6.0204247073735715
6.020652933640653
6.02087577842729
6.02109348579627
6.021306289924762
6.021514415507507
6.021718078135728
6.02191748465412
6.0221128334981175
6.022304315013208
6.022492111758073
6.022676398792962
6.022857343954485
6.023035108118194
6.023209845449799
6.023381703645866
6.02355082416495
6.023717342449779
6.023881388141016
6.024043085283326
6.024202552524074
6.024359903305137
6.024515246048309
6.024668684334436
6.0248203170768
6.024970238688856
6.025118539246728
6.025265304646488
6.025410616756623
6.025554553565761
6.025697189325786
6.025838594690617
6.0259788368507206
6.026117979663453
6.026256083779411
6.026393206764938
6.026529403220775
6.0266647248970795
6.026799220804839
6.026932937323799
6.027065918306993
6.027198205181977
6.0273298370487645
6.027460850774698
6.02759128108621
6.0277211606575705
6.027850520196746
6.027979388528392
6.028107792674106
6.028235757929919
6.028363307941219
6.028490464775077
6.028617248990073
6.028743679703687
6.028869774657348
6.0289955502791965
6.029121021744522
6.02924620303414
6.029371106990581
6.029495745372221
6.029620128905477
6.029744267334984
6.029868169471979
6.0299918432407855
6.030115295723548
6.0302385332033035
6.030361561205299
6.030484384536777
6.030607007325146
6.030729433054687
6.030851664601746
6.0309737042685345
6.031095553815615
