50623.18344
41929.637767839056
42245.96810296642
42580.280779858695
42921.993120521525
43269.47141083916
43622.54691447571
43981.30456140974
44345.86865712792
44716.37374386696
45092.958321741535
45475.76897201593
45864.95222823765
46260.66006339865
46663.048248223895
47072.276271622155
47488.50734809692
47911.90854062825
48342.651014420095
48780.91042611675
49226.86744508987
49680.70839785241
50142.62602352889
50612.82032713451
51091.49951812385
51578.88102297426
52075.19256293966
52580.673290443476
53095.57498027017
53620.1632738741
54154.718977609315
54699.53941756707
55254.88026776186
55821.25489357092
56398.84040317688
56988.07446625521
57589.359775790144
58203.12516385677
58829.827628173625
59469.95443228038
60124.02536008157
60792.59514391017
61476.25608866901
62175.64078280267
62891.425713661025
63624.33386066687
64375.13893305455
65144.669414794196
65933.81236682954
66743.51936051724
67574.81123275649
68428.78428792488
69306.61699762508
70209.57746706426
71139.0317746671
72096.45330916435
73083.43324873023
74101.69235037695
75153.09424618438
76239.65999875999
77363.5870118612
78527.26565337717
79733.30308933885
80984.54888764177
82284.12105031153
83635.4433615214
85042.28112012951
86508.75518555501
88039.51489512718
89639.6198482215
91314.72693791035
93071.14449153833
94915.92999263563
96857.0060092162
98903.29840588704
101064.9019944368
103353.28019221177
105781.50710970642
108364.56297321223
111119.69710414477
114066.98621871797
117229.472680306
120634.484557494
124314.13233351456
128306.55437808503
132657.40570050225
137421.8109198667
142666.95957014183
148475.60448570317
154950.85241065183
162222.84015883243
170458.22281034122
179873.95990737394
182157.36326834586
182060.8752029869
181953.96329947532
181836.9805353772
181710.067155658
181573.92576776244
181428.49818599617
181274.11266346538
181111.08406652376
180939.6946517357
180760.22557162182
180572.95730224779
180378.16843254684
180176.1363879939
179966.76282432032
179751.07423065833
179529.32653376696
179301.0566891407
179066.89906566008
178827.11701127738
178581.97045189523
178331.71587655763
178076.60610491253
177816.89007561828
177552.81264846562
177284.61442009613
177012.5315538938
176736.79562388395
176457.63347373405
176175.267090483
175889.91349322884
175601.78463643102
175311.08732788352
175018.02316083913
174722.7884597772
174425.57423988965
174126.5661788984
173825.94460162733
173523.8844758914
173220.55541963372
172916.12171844044
172610.7423528345
172304.5710348111
171997.75625268748
171690.44132392356
171382.7644553348
171074.85880949214
170766.8525774835
170458.8690571145
170151.02673570317
169843.4393773189
169536.21611402743
169229.46154007103
168923.27580917696
168617.75473423788
168312.98988864504
168009.06870972668
167706.07460291605
167404.08704710146
167103.18170024228
166803.43050560844
166504.90179756316
166207.66040728363
165911.7677680928
165617.28201973086
165324.25811189375
165032.74790675784
164742.8002801027
164454.46122098205
164167.77393011458
163882.7789164067
163599.51409185526
163318.01486464613
163038.314230302
162760.44286086966
162484.42919236948
162210.29950977015
161938.07803021584
161667.78698416485
161399.44669421544
161133.07565206554
160868.69059307053
160606.30656908048
160345.93701872608
160087.59383597496
159831.28743645467
159577.02682179262
159324.81964181515
159074.67225483622
158826.58978615107
158580.57618416546
158336.63427508948
158094.76581553367
157854.971543245
157617.251226267
157381.60371009208
157148.02696338808
156916.51812190632
156687.0735306953
156459.68878503703
156234.3587694817
156011.07769574833
155789.83913882275
155570.6360720369
155353.46090048662
155138.30549310424
