35.72284622173097
36.181851746656726
36.25391858570554
36.31322418510552
36.37115641791501
36.42809804674125
36.48409416410641
36.539175777877034
36.59337029175885
36.64670241492311
36.69919467778549
36.75086784759137
36.801741267461075
36.85183313205616
36.90116071069274
36.949740526955374
36.997588502380225
37.04472007052784
37.0911502667184
37.13689379782306
37.18196509576842
37.22637835779487
37.27014757599284
37.313286558210386
37.35580894206485
37.3977282034906
37.439057661004554
37.479810476661314
37.519999654496495
37.559638037111384
37.598738300931615
37.63731295057252
37.675374312660644
37.712934529391546
37.75000555204731
37.78659913464926
37.822726827882846
37.85839997339834
37.89362969856563
37.928426911738335
37.96280229806487
37.99676631586996
38.030329193617014
38.06350092745347
38.09629127933204
38.1287097756962
38.16076570671172
38.19246812602383
38.22382585101572
38.254847463542355
38.2855413111125
38.315915508490214
38.3459779396871
38.37573626031657
38.40519789745339
38.4343700635017
38.46325974394765
38.4918737105126
38.520218522789385
38.54830053212486
38.5761258857318
38.603700530953866
38.63103021965968
38.658120512745086
38.68497678472433
38.71160422839096
38.738007859531976
38.764192521677764
38.79016289087428
38.81592348046159
38.84147864584725
38.866832589261875
38.89198936448577
38.91695288153705
38.94172691131155
38.96631509016661
38.9907209244411
39.014947794905076
39.03899896113296
39.062877565795354
39.08658663886434
39.11012910172903
39.1335077712173
39.15672536352151
39.17978449802533
39.20268770103043
39.22543740938108
39.248035973986234
39.27048566323805
39.29278866632691
39.31494709645292
39.33696299393423
39.354053227433575
39.36717506131417
39.377191801780974
39.384781175862
39.39047225383993
39.39468052167512
39.39772890079902
39.399870384271374
39.4013027347325
39.40218053011021
39.4026245930455
39.402729361821365
39.40256865184194
39.402200159036255
39.40166897987494
39.401010362724385
39.40025185838401
39.39941500100487
39.39851662194039
39.397569876687314
39.39658504757065
39.395570171144996
39.394531528589354
39.39347402901524
39.39240150907235
39.39131696713071
39.39022274632568
39.389120677632945
39.38801219170145
39.38689840626691
39.3857801944778
39.3846582383022
39.38353307027312
39.38240510611868
39.38127467026763
39.38014201578575
39.37900733995934
39.377870796476095
39.37673250494647
39.375592558346064
39.37445102883316
39.373307972295954
39.37216343190721
39.371017440902406
39.36987002475163
39.368721202857294
39.36757098988088
39.3664193967803
39.3652664316206
39.36411210020768
39.36295640658363
39.36179935341394
39.36064094229012
39.35948117396614
39.35832004854346
39.357157565615395
39.35599372438005
39.35482852372859
39.35366196231416
39.35249403860578
39.35132475093043
39.350154097505865
39.348982076466434
39.34780868588293
39.346633923778434
39.34545778814032
39.34428027692995
39.34310138809002
39.34192111955028
39.34073946923212
39.339556435052046
39.338372014924296
39.33718620676308
39.335999008484066
39.33481041800569
39.333620433250125
39.332429052143965
39.33123627261878
39.33004209261156
39.328846510064956
39.32764952292754
39.32645112915397
39.32525132670508
39.32405011354789
39.32284748765574
39.32164344700819
39.32043798959111
39.31923111339657
39.31802281642286
39.31681309667447
39.31560195216195
39.31438938090198
39.3131753809172
39.31195995023623
39.31074308689359
39.30952478892963
39.308305054390495
39.30708388132803
39.30586126779977
39.30463721186882
39.303411711603864
39.30218476507905
39.30095637037397
39.29972652557358
39.298495228768175
39.297262478053284
39.296028271529714
