5.090135917777171
5.117985132134023
5.145651213855835
5.173132105389875
5.200426068763524
5.227531687991296
5.254447861804808
5.281173795417864
5.307708991642052
5.334053241413092
5.360206613783398
5.38616944543837
5.411942329795448
5.437526105745781
5.462921846098512
5.4881308457872215
5.513154609897133
5.537994841570161
5.562653429843098
5.587132437471914
5.611434088792671
5.635560757666733
5.6595149555549815
5.683299319762574
5.706916601892557
5.730369656543312
5.753661430281453
5.77679495091844
5.799773317115861
5.822599688341097
5.845277275191849
5.867809330105027
5.890199138462479
5.912450010103257
5.93456527124951
5.956548256850464
5.978402303346767
6.0001307418551795
6.021736891771663
6.043224054789062
6.064595509323914
6.0858545053454405
6.107004259598404
6.128047951210397
6.148988717673033
6.1698296511856725
6.190573795349578
6.211224142199721
6.231783629561036
6.252255138715474
6.272641492365974
6.292945452883277
6.313169720821386
6.3333169336875175
6.353389664950898
6.37339042328387
6.393321652006735
6.413185728737354
6.432984965225022
6.452721607357061
6.472397835325524
6.492015763941779
6.51157744308715
6.531084858288239
6.550539931405954
6.569944521427757
6.589300425353089
6.6086093791624005
6.627873058860663
6.647093081586724
6.666271006780321
6.685408337399006
6.704506521177708
6.7235669519240915
6.742590970843275
6.761579867885934
6.78053488311417
6.79945720807996
6.818347987211366
6.8372083192020385
6.856039258399898
6.874841816191266
6.893616962376951
6.912365626537175
6.93108869938249
6.949787034088099
6.9684614476093145
6.987112721976037
7.005741605564486
7.024348814344553
7.042935033101395
7.06150091663007
7.06161970748684
7.061750089943374
7.061892054980862
7.062045593752896
7.062210697553646
7.062387357765383
7.062575565874374
7.062775313427593
7.062986592025722
7.06320939331258
7.063443708966881
7.063689530695807
7.063946850229999
7.064215659319651
7.0644959497314765
7.064787713246345
7.065090941657449
7.065405626768894
7.065731760394584
7.066069334357387
7.0664183404884815
7.066778770626867
7.067150616618978
7.067533870318406
7.0679285235856915
7.068334568288169
7.068751996299854
7.069180799501372
7.069620969779911
7.070072499029191
7.070535379149449
7.071009602047447
7.071495159636471
7.071992043836356
7.072500246573502
7.073019759780904
7.073550575398177
7.074092685371585
7.074646081654082
7.075210756205331
7.07578670099175
7.0763739079865395
7.076972369169712
7.077582076528136
7.0782030220555585
7.078835197752644
7.0794785956270045
7.080133207693229
7.080799025972917
7.081476042494708
7.0821642492943075
7.082863638414524
7.083574201905284
7.084295931823672
7.085028820233946
7.085772859207576
7.086528040823252
7.087294357166927
7.088071800331824
7.088860362418468
7.089660035534705
7.090470811795726
7.0912926833240855
7.09212564224972
7.092969680709969
7.093824790849593
7.094690964820795
7.095568194783229
7.096456472904027
7.097355791357808
7.098266142326695
7.099187518000335
7.1001199105759
7.101063312258114
7.102017715259258
7.102983111799183
7.1039594941053315
7.104946854412732
7.105945184964024
7.10695447800946
7.107974725806914
7.1090059206218985
7.110048054727566
7.1111011204047205
7.112165109941823
7.113240015634996
7.114325829788034
7.115422544712411
7.116530152727282
7.117648646159488
7.118778017343559
7.119918258621728
7.121069362343917
7.1222313208677575
7.123404126558585
7.124587771789441
7.1257822489410785
7.126987550401956
7.128203668568251
7.129430595843848
7.1306683246403475
7.131916847377059
7.1331761564810074
7.13444624438693
7.135727103537272
7.13701872638219
7.13832110537954
