7641348.038574021
16457903.71573917
16517374.200208195
16576619.27226348
16635844.890079018
16695056.41101157
16754253.21418742
16813434.6197897
16872600.053348154
16931749.037401386
16990881.179937713
17049996.1644194
17109093.741257288
17168173.720497515
17227235.965523694
17286280.387597892
17345306.941108327
17404315.619400453
17463306.451098442
17522279.496838026
17581234.846336897
17640172.615756985
17699092.945312157
17757995.99707515
17816881.952969734
17875751.012907416
17934603.39306099
17993439.324250206
18052259.05043429
18111062.827290174
18169850.92088085
18228623.606396403
18287381.166962113
18346123.89252261
18404852.078779265
18463566.026178684
18522266.039022535
18580952.424474932
18639625.491822813
18698285.551648
18756932.915090334
18815567.893161982
18874190.796095178
18932801.93277256
18991401.61010867
19049990.132602654
19108567.801822796
19167134.915982418
19225691.769542404
19284238.65284646
19342775.851797357
19401303.647559524
19459822.31629847
19518332.128949273
19576833.35597729
19635326.24712679
19693811.06172512
19752288.048023064
19810757.44829022
19869219.49873057
19927674.429428544
19986122.464304954
20044563.821097285
20102998.711356536
20161427.340454176
20219849.907608863
20278266.60592576
20336677.622443903
20395083.138200432
20453483.32829959
20511878.3619951
20570268.40277653
20628653.608468696
20687034.131329924
20745410.118164342
20803781.710432585
20862149.044369042
20920512.251106244
20978871.456794336
21037226.782731347
21095578.34549017
21153926.257048685
21212270.62492117
21270611.552287467
21328949.138127487
21387283.477351267
21445614.660927147
21503942.776015352
21562267.9060934
21620590.131085318
21678909.527484965
21737226.168480445
21792209.35307123
21847527.210210636
21902946.89723136
21958447.54650658
22014012.362790618
22069630.496499207
22125290.089809027
22180984.01808961
22236706.19850929
22292451.869828608
22348217.304261353
22403999.582389265
22459796.417242948
22515606.016747404
22571426.976136822
22627258.193780992
22683098.805325214
22738948.132145073
22794805.64099909
22850670.912451714
22906543.61613947
22962423.491461672
23018310.332338933
23074203.975440115
23130104.290847417
23186011.174795073
23241924.543975845
23297844.33108049
23353770.4813109
23409702.949644953
23465641.698699646
23521586.697053738
23577537.91793938
23633495.33821294
23689458.937554237
23745428.697837543
23801404.602638207
23857386.636847813
23913374.786375348
23969369.03791222
24025369.378742404
24081375.79659965
24137388.27957687
24193406.815996412
24249431.394361343
24305462.00334403
24361498.63166865
24417541.26813528
24473589.901571892
24529644.52082261
24585705.11472732
24641771.672118198
24697844.181800637
24753922.63256078
24810007.01314719
24866097.312275227
24922193.518620335
24978295.620821264
25034403.60747488
25090517.46713731
25146637.188323308
25202762.759504963
25258894.16911601
25315031.40554658
25371174.45714978
25427323.31223753
25483477.959084064
25539638.385926336
25595804.580963
25651976.53235928
25708154.22824287
25764337.656710148
25820526.805821765
25876721.663607657
25932922.218066778
25989128.45716668
26045340.368846916
26101557.941017166
26157781.161561664
26214010.018335987
26270244.49917089
26326484.591873765
26382730.284226105
26438981.56398492
26495238.418890912
26551500.836657237
26607768.80497884
26664042.31153255
26720321.34397481
26776605.889944553
26832895.937062006
26889191.472934127
26945492.48514876
27001798.96128153
27058110.88889195
27114428.255528197
27170751.048724372
27227079.256002545
27283412.864875086
27339751.86284203
27396096.237395298
27452445.976016566
27508801.066179514
27565161.49535041
27621527.25098736
27677898.320543792
27734274.691465866
