0.03059430063723147
0.03064540355752633
0.030737619467193326
0.030831284506717446
0.03092481212681635
0.031018158624937092
0.031111326546385307
0.03120431916718278
0.03129713922692288
0.03138978898820191
0.03148227032006206
0.031574584768553425
0.0316667336154944
0.03175871792731232
0.03185053859557689
0.03194219637058509
0.03203369188913643
0.03212502569745858
0.03221619827008584
0.03230721002536424
0.03239806133814788
0.03248875255015911
0.032579283978406225
0.032669655921990906
0.03275986866757929
0.03284992249376785
0.03293981767453564
0.03302955448194325
0.03311913318821091
0.033208554067287885
0.033297817396004806
0.033386923454885635
0.03347587252868346
0.033564664906693346
0.033653300882884755
0.03374178075589361
0.033830104828894716
0.03391827340940176
0.03400628680898125
0.034094145342930246
0.03418184932991361
0.034269399091577266
0.034356794952147704
0.034444037238021
0.034531126277359485
0.034618062399680995
0.034704845935465946
0.034791477215771784
0.0348779565718619
0.03496428433485108
0.03505046083536795
0.035136486403235925
0.035222361367172716
0.03530808605450978
0.03539366080700741
0.03547908591622459
0.03556436172001091
0.03564948853774362
0.0357344666862889
0.03581929647984673
0.03590397822980125
0.03598851224458808
0.03607289882957778
0.03615713828697427
0.03624123091572804
0.03632517701146365
0.036408976866419876
0.03649263076940237
0.03657613900574847
0.03665950185730191
0.03674271960239872
0.03682579251586211
0.03690872086900635
0.03699150492964857
0.0370741449621285
0.03715664122733461
0.037238993982736716
0.03732120348242446
0.03740326997715077
0.037485193714380104
0.037566974938340804
0.03764861389008087
0.037730110807527466
0.037811465925548786
0.0378926794760189
0.037973751687883646
0.03805468278722967
0.038135472997353384
0.03821612253883184
0.03829663162959415
0.038377000484993665
0.03845722931787967
0.03854160657861378
0.03862488214156313
0.03870727864774943
0.03878895894124916
0.03887002165592762
0.03895064124217735
0.039030820625004126
0.039110644979297005
0.0391901616579464
0.039269407755554826
0.03934841234157253
0.0394271982059106
0.039505783224039685
0.039584181424837085
0.039662403826100444
0.03974045908839501
0.03981835402680506
0.0398960940115134
0.039973683281385924
0.04005112518946905
0.040128422395195124
0.04020557701486305
0.040282590739471415
0.04035946492696501
0.040436200674473906
0.04051279887487284
0.040589260261068176
0.04066558544067607
0.040741774923174545
0.040817829141165364
0.04089374846702203
0.04096953322592476
0.04104518370606827
0.041120700166653756
0.04119608284414677
0.04127133195717793
0.041346447710379174
0.04142143029738848
0.041496279903202093
0.041570996706016196
0.041645580878669756
0.041720032589773796
0.04179435200459387
0.04186853928574599
0.04194259459373577
0.04201651808738253
0.04209030992415507
0.042163970260428535
0.04223749925169014
0.042310897052698006
0.0423841638176066
0.042457299700064025
0.0425303048532894
0.0426031794301323
0.04267592358312023
0.04274853746449534
0.04282102122624297
0.04289337502011492
0.0429655989976467
0.04303769331017152
0.0431096581088316
0.043181493544586357
0.043253199768219064
0.04332477693034256
0.04339622518140308
0.04346754467168369
0.043538735551307085
0.04360979797023727
0.04368073207828148
0.04375153802509136
0.04382221596016404
0.04389276603284316
0.04396318839231949
0.04403348318763114
0.044103650567664736
0.0441736906811551
0.044243603676686075
0.04431338970269063
0.04438304890745129
0.04445258143909998
0.04452198744561857
0.04459126707483913
0.04466042047444371
0.04472944779196486
0.04479834917478587
0.044867124770140446
0.04493577472511329
0.045004299186640104
0.04507269830150757
0.04514097221635401
0.04520912107766893
0.04527714503179337
0.04534504422492003
0.045412818803093724
0.04548046891221096
0.04554799469802026
0.045615396306122914
0.04568267388197202
0.045749827570873536
0.045816857517985844
0.04588376386832016
0.04595054676674096
0.04601720635796518
0.046083742786563436
0.04615015619695951
0.04621644673343057
0.0462826145401073
