480886.0407
291746.9493631693
292938.6100995257
294087.8002844164
295189.7409021841
296239.61392595555
297232.78109016136
298164.88161600905
299031.8969550765
299830.20275155985
300556.6118042746
301208.4081264683
301783.37158949446
302279.7927736242
302696.47796589206
303032.7445893132
303288.4076695018
303463.7582200719
303559.53464367037
303576.88839407096
303517.345224954
303382.76336604345
303175.28992428345
302897.31671653315
302551.43661220546
302140.4013112259
301667.08131601964
301134.4286860899
300545.4429986864
299903.1417839332
299210.537734939
298470.5977164398
297686.24173520284
296860.32027967245
295995.6010840928
295094.75880143186
294160.3673050579
293194.8943270399
292200.6981402291
291180.0259990327
290135.01406782184
289067.688584416
287979.96802737215
286873.6660786796
285750.4951967795
284612.07063785364
283459.9147854009
282295.4616689042
281120.0615715241
279934.9856441616
278741.4304588275
277540.5224480407
276333.32218904176
275120.82850203366
273903.9823405848
272683.67045985546
271460.7288546315
270235.9459643225
269010.06564633735
267783.7899226109
266557.7815067307
265332.666121116
264109.03461521905
262887.4448967387
261668.42368852688
260452.4681242019
259240.04719560646
258031.60306511863
256827.55225556184
255628.2867300528
254434.17487360523
253245.56238774458
252062.7731087004
250886.10975914993
249715.8546426582
248552.27028935179
247395.6000605943
246246.06871972323
245103.88297521698
243969.23200197946
242842.28794577406
241723.20641520005
240612.12696502462
239509.17357409277
238414.4551205206
237328.06585637058
236250.085883544
235180.5816321988
234119.60634261364
233067.20055105528
232023.39257989425
230988.19903192585
229961.62528860426
228943.6660116772
227934.30564752652
226933.51893336637
225941.2716990128
224957.52017294188
223982.21332429227
223015.29211550043
222056.6903224111
221106.3350277895
220164.1471092123
219230.04171965134
218303.9287595114
217385.71333901398
216475.29622988895
215572.56652534447
214677.42403305302
213789.76066595328
212909.4641059175
212036.41976407287
211170.51115109806
210311.62023194827
209459.62776466293
208614.41362300335
207775.85710276416
206943.83721168284
206118.23294295088
205298.92353240773
204485.78869956575
203678.7088726813
202877.56539814628
202082.2407345251
201292.61863161664
200508.58429495533
199730.0245362108
198956.82790997054
198188.88483742028
197426.0877174578
196668.33102579223
195915.51140259462
195167.52771302374
194424.281192844
193685.6753530103
192951.61616975575
192222.01206120814
191496.77392646283
190775.81517010988
190059.05171902166
189346.40203260962
188637.787107167
187933.13047480403
187232.35819744875
186535.39885636736
185842.18353763025
185152.64581393858
184466.72172319356
183784.34974418028
183105.47076970682
182430.02807752287
181757.9672993198
181089.23638809114
180423.78558411368
179761.56737978672
179102.5364835494
178446.64978307337
177793.86630791333
177144.14719177558
176497.45563455013
175853.75686423326
175213.01809885353
174575.2085064398
173940.29888848815
173308.26259809404
172679.07435304162
172052.71074268268
171429.15013357153
170808.37239762387
170190.35979757193
169575.095539932
168962.56470147285
168352.7539477862
167745.65150321252
167141.24736985366
166539.53241490442
165940.499401369
165344.1424495011
164750.45705818522
164159.44008106252
163571.08969538516
162985.40536973305
162402.38783153385
161822.0390344965
161244.3621259308
160669.3614139104
160097.04233422963
159527.41141710905
158960.47625360827
158396.24546170057
157834.7286519758
157275.93639293557
156719.88017585027
156166.57237915223
155616.02623234273
155068.25577939654
154523.27584165047
153981.10198016855
153441.75045758422
