2.0468458120716577
2.0580187274011705
2.0690899844201502
2.0800865834907802
2.0910086581889207
2.101855660064482
2.112627141230494
2.1233227749588224
2.13394235292531
2.144485781512772
2.154953077871908
2.1653443657846756
2.175659871355271
2.185899918553459
2.1960649246348853
2.2061553954627233
2.2161719207545203
2.226115169277446
2.235985884014338
2.245784877321995
2.255513026102097
2.265171267004009
2.2747605916774742
2.284282042091934
2.293736705937895
2.3031257121244164
2.3124502263854363
2.321711447006305
2.33091060068057
2.3400489385057432
2.3491277321254915
2.3581482700245022
2.367111853981046
2.3760197956811804
2.384873413497443
2.3936740294338867
2.402422966238389
2.4111215446822807
2.4197710810065454
2.428372884533117
2.43692825543912
2.4454384826913174
2.4539048421374785
2.462328594750929
2.47071098502411
2.4790532395066402
2.4873565654830623
2.4956221497852122
2.5038511577339535
2.512044732204855
2.5202039928122892
2.528330035206351
2.5364239304769534
2.544486724659454
2.5525194383356045
2.560523066327071
2.5684985774707667
2.5764469144752034
2.5843689938509105
2.5922657059096883
2.600137914827815
2.6079864587683255
2.6158121500576517
2.6236157754120852
2.631398096209696
2.639159848803517
2.64690174487199
2.654624471802864
2.6623286931068972
2.6700150488579206
2.677684156155999
2.6853366096105966
2.692972981840847
2.7005938239901863
2.7081996662528023
2.7157910184094884
2.7233683703706784
2.7309321927245853
2.738482937288511
2.7460210376615546
2.753546909777075
2.761060952453403
2.768563547941425
2.776055062467779
2.7835358467725313
2.7910062366403032
2.798466553423923
2.8059171045597773
2.813358184074141
2.820790073079839
2.8282130402626837
2.8356273423572
2.8356288096522273
2.835629935374041
2.835630794205598
2.835631444625129
2.8356319321938925
2.8356322926361437
2.835632553684758
2.8356327370470353
2.8356328596794316
2.8356329348285305
2.835632972844009
2.835632981812962
2.8356329680550236
2.8356329365089468
2.8356328910345168
2.835632834648376
2.8356327697082677
2.835632698056988
2.8356326211348715
2.8356325400676936
2.83563245573537
2.8356323688256464
2.835632279876061
2.8356321893067427
2.835632097446048
2.8356320045505954
2.835631910820931
2.835631816413768
2.8356317214515587
2.835631626029972
2.835631530223743
2.8356314340912405
2.835631337678043
2.8356312410197284
2.835631144144059
2.835631047072687
2.835630949822488
2.8356308524066045
2.8356307548352624
2.835630657116405
2.8356305592561935
2.8356304612593957
2.83563036312969
2.835630264869902
2.8356301664821952
2.8356300679682116
2.8356299693291853
2.8356298705660365
2.835629771679434
2.835629672669856
2.8356295735376276
2.8356294742829564
2.8356293749059582
2.8356292754066774
2.8356291757850998
2.8356290760411706
2.8356289761748
2.835628876185871
2.835628776074247
2.8356286758397755
2.835628575482291
2.8356284750016196
2.8356283743975794
2.8356282736699843
2.835628172818642
2.835628071843358
2.835627970743937
2.8356278695201795
2.8356277681718853
2.8356276666988554
2.8356275651008884
2.835627463377783
2.835627361529338
2.8356272595553524
2.8356271574556255
2.8356270552299563
2.8356269528781444
2.8356268503999904
2.835626747795294
2.8356266450638556
2.8356265422054774
2.8356264392199595
2.8356263361071057
2.835626232866718
2.835626129498599
2.8356260260025525
2.835625922378382
2.8356258186258922
2.835625714744889
2.8356256107351756
2.835625506596559
2.835625402328846
2.835625297931843
2.8356251934053565
2.835625088749195
2.8356249839631658
2.8356248790470775
2.8356247740007388
2.835624668823959
2.835624563516548
2.835624458078315
2.835624352509071
2.835624246808627
2.8356241409767944
2.835624035013384
2.8356239289182086
2.8356238226910806
