5831248.5698688
5126944.989103592
5127569.4020937
5128149.915698425
5128683.134330086
5129169.965083395
5129611.821503484
5130010.123725477
5130366.235874369
5130681.460446417
5130957.04000275
5131194.159698694
5131393.9498105915
5131557.488156871
5131685.802405639
5131779.872273056
5131856.787666059
5131885.108805512
5131864.853827691
5131829.942809302
5131765.903958264
5131672.711525184
5131550.9653088935
5131401.316708942
5131224.395870077
5131020.803476653
5130791.110829191
5130535.860937333
5130255.569695424
5129950.727022896
5129621.79795649
5129269.223694755
5128893.422596818
5128494.791137707
5128073.704822134
5127630.51905886
5127165.569997428
5126679.175329064
5126171.6350534605
5125643.232213072
5125094.233596389
5124524.890411741
5123935.43893298
5123326.101118371
5122697.08520401
5122048.586272876
5121380.786800835
5120693.8571805535
5119987.956224431
5119263.231647622
5118519.820532006
5117757.849772119
5116977.436503884
5116178.688517024
5115361.704651914
5114526.5751817245
5113673.382180546
5112802.19987825
5111913.095002737
5111006.127110263
5110081.348904485
5109138.806544794
5108178.539944579
5107200.583059931
5106204.964169388
5105191.706145202
5104160.826716652
5103112.338725879
5102046.250376746
5100962.565477126
5099861.283675113
5098742.400689496
5097605.908535041
5096451.795742591
5095280.047575659
5094090.646241528
5092883.571099402
5091658.79886502
5090416.303812162
5089156.057971445
5087878.031326667
5086582.1920090355
5085268.506489591
5083936.939770136
5082587.455572875
5081220.016529165
5079834.584367511
5078431.120101141
5077009.584215476
5075569.936855602
5074112.138013858
5072636.147718953
5071141.926223708
5069629.434196468
5068098.632911725
5066549.484442972
5064981.951857025
5063395.999410068
5061791.592745796
5060168.699095584
5058527.2874811
5056867.328919307
5055188.796630189
5053491.666247184
5051775.916030628
5050041.527084161
5048288.483574407
5046516.772953853
5044726.386187154
5042917.317980926
5041089.567017054
5039243.136189662
5037378.03284573
5035494.269029461
5033591.861730373
5031670.833135179
5029731.210883418
5027773.028326864
5025796.324792633
5023801.145849984
5021787.543580718
5019755.576853122
5017705.311599335
5015636.8210959835
5013550.186248021
5011445.495875514
5009322.84700324
5007182.345152884
5005024.104637522
5002848.248858246
5000654.910602504
4998444.232343929
4996216.366543256
4993971.475949982
4991709.733904275
5055906.618675326
5029357.872490531
5003480.516112994
4978273.225293813
4953726.4926954815
4929827.9623825895
4906563.567360042
4883918.102900746
4861875.647557949
4840419.889306407
4819534.376078662
4799202.705213026
4779408.664277744
4760136.333707706
4741370.159750404
4723095.004511469
4705296.178462871
4687959.459617715
4671071.102651209
4654617.840517753
4638586.880543048
4622965.896524531
4607743.018027658
4592906.817797637
4578446.297999284
4564350.875839028
4550610.369001583
4537214.981242518
4524155.288410047
4511422.2251209095
4499007.072282563
4486901.445634932
4475097.285478281
4463586.847758287
4452362.696695873
4441417.699177984
4430745.0211681025
4420338.126455122
4410190.778139441
4400297.043362176
4390651.301925553
4381248.259639937
4372082.967484002
4363150.847998829
4354447.730789573
4345969.8996240245
4337714.154464709
4329677.892949977
4321859.217499505
4314257.076587789
4306871.452158677
4299703.610198101
4292756.439034329
4286034.911461362
4279546.724759797
4273303.201415237
4267320.580501481
4261621.909578673
4256239.8871439975
4251221.262040145
4246633.888331986
4242578.534972724
4239209.733246658
4236775.146123365
