659.7439588978299
656.2147923110298
652.6893502193055
649.1679327241948
645.6508454466639
642.1383905939165
638.6308659536171
635.1285637184967
631.6317693612634
628.1407606216344
624.6558066288004
621.1771671706227
617.7050921146895
614.2398209816113
610.7815826667793
607.3305953031756
603.8870662548028
600.451192227941
597.0231594857847
593.6031441510415
590.1913125807413
586.787821797741
583.39281996411
580.0064468826494
576.6288345141367
573.2601074993819
569.9003836767621
566.5497745874812
563.2083859623305
559.8763523320642
556.5537348260874
553.2406244125477
549.9371079339593
546.643268453146
543.3591855683128
540.0849356979636
536.8205923368072
533.5662262841101
530.3219058461757
527.087697014775
523.8636636234327
520.6498674834891
517.4463685018565
514.2532247823261
511.0704927122197
507.8982270360859
504.7364809180443
501.58530599427235
498.4447524170214
495.3148688914378
492.1957027063575
489.08729976013547
485.9897045824731
482.90296035310786
479.827108918141
476.762190804692
473.708245234491
470.6653101369442
467.6334221621385
464.61261669419036
461.60292786528174
458.6043885706744
455.61703048494263
452.6408840796194
449.67597864240815
446.7223422980766
443.7800020311112
440.8489837101806
437.92931211442857
435.0210109615892
432.12410293789543
429.2386097297301
426.364552056951
423.50194970780444
420.6508215753284
417.811185695132
414.9830592844311
412.1664587822065
409.3613998903491
406.5678976156454
403.7859663124569
401.0156197259417
398.25687103566685
395.5097328994562
392.77421749732366
390.05033657534085
387.3381014892906
384.63752324796224
381.9486125559499
379.2713798558177
376.605835369502
373.95198913883104
371.30985106504147
368.67943094718714
366.06073851933473
363.45378348645613
360.8585755608585
358.2751244894759
355.7034400910612
353.1435322842043
350.5954111155773
348.05908678648655
345.53456967769273
343.0218703724701
340.52099967788337
338.0319686442685
335.55478858290974
333.0894458194948
330.6359777415053
328.19439653145145
325.7647146855418
323.34694502245816
320.9411006904101
318.5471951725001
316.16524229043364
313.79525620661417
311.43725142466246
309.091242788405
306.757245479377
304.43527501288816
302.1253472326993
299.82747830436136
297.5416847072664
295.2679832254626
293.0063909372835
290.7569252038451
288.51960365645874
286.2944441830119
284.081464913366
281.88068420381904
279.6921206206814
277.51579292300937
275.35172004465124
273.19992107500474
271.06041524011505
268.9332218820751
266.81836043828275
264.7158504200151
262.62571139043933
260.5479629420957
258.48262467388497
256.42971616759155
254.38925696396964
252.3612665384223
250.345764276297
248.34276944782445
246.35230118272318
244.37437844449317
242.4090200044192
240.4562444153053
238.51606998495902
236.58851474944544
234.67359644612856
232.77133248651853
230.88173992894139
229.00483545104936
227.1406353221878
225.28915537563654
223.45041098074148
221.6244170149545
219.8111878357981
218.01073725277266
216.22307851428576
214.44822423476847
212.68618641060345
210.93697637776015
209.2006047835302
207.47708155846018
205.76641588572795
204.06861618123003
202.3836900579322
200.71164430091562
199.05248483997318
197.4062167073865
195.77284405562224
194.1523700865067
192.54479703908734
190.95012616366702
189.36835769606142
187.7994908322158
186.2435237032299
184.70045335082733
183.17027570330325
181.6529855519848
180.14857652823972
178.65704108106792
177.17837045531257
175.7125546705256
174.25958250052474
172.81944145367777
171.39211775395003
169.97759632275142
168.57586076161797
167.18689333576353
165.81067495853597
164.44718517681125
163.0964021573593
161.7583026742126
160.4328620970696
