31589.999999999996
29998.932127131302
29926.744521921475
29857.18230311073
29790.30485466195
29726.162038179697
29664.792272613722
29606.221808636154
29550.464439745985
29497.521463652283
29447.38184507304
29400.022561077818
29355.40911368538
29313.496192089722
29274.22846382408
29237.541471719498
29203.362612025063
29171.612168578802
29142.20437839633
29115.048505358718
29090.04990067667
29067.11103131585
29046.13246040725
29027.01376667671
29009.654392954264
28993.954416742738
28979.81523853912
28967.140186039225
28955.83503447028
28945.80861952926
28936.97257217949
28929.242414557357
28922.5373383274
28916.78043992286
28911.898818935115
28907.82362615845
28904.49006740839
28901.83736903059
28899.808710718076
28898.351130886487
28897.41540944781
28896.955932389883
28896.930542131748
28897.30037719094
28898.029704283697
28899.085745583558
28900.438503496658
28902.0605849748
28903.927027078833
28906.01512522984
28908.304265337883
28910.7757607806
28913.41269501226
28916.19977041726
28919.123163877248
28922.1703893965
28925.330168023815
28928.592305218244
28931.947575728565
28935.3876159916
28938.904823999248
28942.492266538025
28946.143593666802
28949.852960264798
28953.61495445635
28957.42453269572
28961.276961276322
28965.167764013757
28969.092675839016
28973.047602027353
28977.028582780815
28981.031762874973
28985.0533660735
28989.089674019127
28993.137009292615
28997.19172234504
29001.250182001477
29005.308769237698
29009.36387393488
29013.41189432171
29017.44923881827
29021.47233000356
29025.477610435602
29029.461550063334
29033.420654977625
29037.351477262073
29041.25062571397
29045.114777219973
29048.940688583865
29052.72520861717
29056.4652903188
29060.158002983324
29063.800544093156
29067.390250864348
29070.924611330352
29074.40127486291
29077.818107412015
29081.1730198384
29084.46424644436
29087.6901731859
29090.849388929226
29093.940691253218
29096.9630913338
29099.915817919657
29102.798320406433
29105.610271021887
29108.351566141908
29111.022377304947
29113.622977915424
29116.15395543519
29118.616099862662
29121.010419931485
29123.338139909665
29125.60069579184
29127.79973093137
29129.937091159874
29132.014819441312
29134.03515010712
29136.00050271857
29137.913475600744
29139.77683909146
29141.59352854666
29143.36663714172
29145.09940850664
29146.79522923021
29148.457621266654
29150.090234275784
29151.696837925316
29153.281314182077
29154.847649616204
29156.39992774075
29157.94232140647
29159.479085321847
29161.01454840492
29162.553106699525
29164.09921615322
29165.657385285325
29167.232168397335
29168.828158732318
29170.44998180807
29172.10228891072
29173.789750749875
29175.51705127819
29177.288881677807
29179.109934515105
29180.984898064842
29182.91845080375
29184.91525607313
29186.979956910072
29189.117171045425
29191.33148606728
29193.62745474793
29196.009590531936
29198.482363183066
29201.050194587446
29203.717454710124
29206.488457702413
29209.367458156987
29212.358647507943
29215.46615057293
29218.694022234453
29222.046244257537
29225.526510293137
29229.13907786428
29232.88746942934
29236.775347306564
29240.80628492082
29244.983765904373
29249.311124896383
29253.791773506462
29258.42885687564
29263.225478713528
29268.184642902354
29273.30947185032
29278.602318013847
29284.066105113485
29289.703419449088
29295.51674149066
29301.50844333601
29307.680787398564
29314.035925378925
29320.575897367635
29327.302631053968
29334.217941036783
29341.323528236066
29348.62097940493
29356.11176674148
29363.79724760036
29371.678664303756
29379.757144051324
29388.03369892907
29396.50922601663
29405.184507592945
29414.060211439533
29423.136891241582
29432.414987086042
29441.8948260562
29451.576622922617
29461.460480929316
