1.878860142258233
1.8338035917810944
1.8349377670300056
1.8374669031664104
1.8400222824073333
1.8425597096203257
1.845075852527347
1.847569102110019
1.8500383043332795
1.8524826532101768
1.8549016299342218
1.8572949526436953
1.8596625342925963
1.8620044473198278
1.8643208940361784
1.8666121818181443
1.8688787023406759
1.8711209142022038
1.8733393283978084
1.8755344961831035
1.8777069989446025
1.8798574397539793
1.8819864363356327
1.8840946152206255
1.8861826068968175
1.8882510417958207
1.8903005469832412
1.8923317434403653
1.894345243843529
1.8963416507626165
1.898321555212799
1.9002855355042203
1.9022341563431666
1.9041679681456982
1.9060875065308371
1.9079932919656013
1.9098858295384016
1.9117656088410995
1.9136331039427474
1.9154887734408212
1.9173330605777323
1.919166393412168
1.9209891850363923
1.9228018338317707
1.9246047237560113
1.9263982246562983
1.9281826926034984
1.9299584702430783
1.9317258871590441
1.9334852602476706
1.9352368940981677
1.9369810813778396
1.9387181032195937
1.9404482296098948
1.9421717201959872
1.9438888230527955
1.9455997773708116
1.9473048123982868
1.9490041481242397
1.9506979956500983
1.9523865575458066
1.9540700281977805
1.9557485941485624
1.9574224344277669
1.9590917208739838
1.9607566184474472
1.9624172855332325
1.9640738742349648
1.9657265306587743
1.9673753951877269
1.9690206027465122
1.9706622830565355
1.972300560881524
1.9739355562636522
1.9755673847504112
1.9771961576123098
1.9788219820516009
1.9804449614022013
1.9820651953210449
1.9836827799709997
1.9852978081956576
1.9869103696861463
1.988520551140257
1.9901284364140588
1.9917341066663201
1.9933376404958993
1.9949391140724066
1.9965386012603425
1.9981361737369812
1.9997319011042152
2.001325850994624
2.0029180891719713
2.0000823835825168
1.9979051366958365
1.9962431039956459
1.9949838332839356
1.994039538307939
1.9933412793507042
1.9928354755112931
1.992480148789016
1.992242485318309
1.992096836678749
1.992023155312855
1.9920057715010238
1.9920324373851952
1.9920935797393236
1.9921817159088384
1.9922909972908183
1.9924168525050083
1.9925557084865646
1.9927047724847071
1.9928618616670188
1.993025269933552
1.9931936638149441
1.993366001103407
1.9935414672521452
1.993719425663126
1.993899378830298
1.994080937967745
1.9942637992699097
1.9944477253556394
1.9946325307640789
1.9948180706176268
1.995004231760386
1.9951909258315512
1.9953780838512216
1.9955656519883964
1.9957535882530069
1.9959418599102248
1.9961304414593415
1.9963193130539352
1.9965084592669808
1.9966978681255787
1.9968875303564486
1.9970774387961332
1.9972675879300177
1.9974579735319633
1.9976485923826175
1.9978394420492653
1.998030520713708
1.998221827037751
1.998413360058046
1.99860511910391
1.9987971037330652
1.998989313681447
1.9991817488239445
1.9993744091437267
1.999567294708273
1.9997604056506388
1.9999537421548084
2.0001473044442566
2.000341092773014
2.000535107418679
2.000729348676966
2.0009238168574393
2.0011185122802004
2.0013134352732753
2.001508586170604
2.0017039653104507
2.0018995730341778
2.002095409685288
2.002291475608678
2.0024877711500517
2.0026842966554903
2.0028810524710816
2.0030780389426663
2.0032752564156295
2.0034727052347363
2.0036703857440172
2.00386829828668
2.0040664432050286
2.00426482084043
2.004463431533267
2.0046622756229135
2.0048613534477244
2.0050606653450176
2.0052602116510734
2.0054599927011276
2.0056600088293797
2.0058602603689963
2.006060747652108
2.0062614710098288
2.0064624307722507
2.006663627268464
2.0068650608265592
2.0070667317736386
2.0072686404358264
2.007470787138279
2.00767317220519
2.0078757959598064
2.008078658724436
2.0082817608204566
2.0084851025683235
2.0086886842875855
2.0088925062968865
2.00909656891398
2.009300872455736
2.009505417238154
2.0097102035763608
