0.2591430152528781
0.270225551410559
0.27198903789680956
0.2734437555258529
0.2748733875779395
0.2762871244007444
0.2776856866911864
0.279069460587736
0.2804387601089669
0.2817938478181294
0.2831349460269558
0.2844622459032595
0.2857759149837809
0.28707610334544154
0.2883629486454362
0.28963658020902994
0.29089712231705955
0.2921446968221549
0.29337942520310356
0.29460143015007983
0.29581083675922193
0.29700777340298395
0.298192372332399
0.29936477005869366
0.3005251075543001
0.30167353030704885
0.30281018825602773
0.3039352356330833
0.3050488307301482
0.30615113560934565
0.3072423157700875
0.3083225397850792
0.30939197891517173
0.3104508067113418
0.31149919861066944
0.31253733153198754
0.31356538347586277
0.3145835331326812
0.31559195950192054
0.31659084152502637
0.31758035773379595
0.3185606859157286
0.3195320027974004
0.32049448374662187
0.321448302493824
0.3223936308729354
0.3233306385817635
0.32425949296176915
0.3251803587969638
0.32609339813154814
0.3269987701058256
0.32789663080983045
0.32878713315406816
0.3296704267567004
0.3305466576787184
0.33141596899781794
0.3322784997844333
0.333134385660637
0.3339837586157052
0.3348267469747337
0.3356634753804003
0.3364940647852965
0.3373186324540642
0.33813729197462616
0.3389501532778052
0.33975732266467973
0.340558902841013
0.3413549929581353
0.3421456886596855
0.34293108213362994
0.34371126216901754
0.34448631421693826
0.3452563204552086
0.3460213598562957
0.34678150825804543
0.3475368384368011
0.34828742018251063
0.34903332037546103
0.34977460306429925
0.35051132954501074
0.35124355844056704
0.35197134578095673
0.3526947450833595
0.3534138074322169
0.35412858155898475
0.35483911392138207
0.35554544878195327
0.3562476282857661
0.35694569253713326
0.3576396796751896
0.3583296259482404
0.3590155657867558
0.3595151478639062
0.35986398003473247
0.3600946193567416
0.36023282549681646
0.36029882700522475
0.3603085817100565
0.3602745332054219
0.3602064544991426
0.3601119984649482
0.3599971540140472
0.3598666057936611
0.3597240169117607
0.35957225084634725
0.35941354543583176
0.35924964918550517
0.359081927983388
0.3589114486075591
0.3587390440469691
0.35856536458105054
0.35839091771361953
0.35821609938741006
0.358041218379649
0.357866515366208
0.35769217781823853
0.3575183516415679
0.35734515027062824
0.35717266177333223
0.357000954401793
0.3568300809287648
0.35666008203538496
0.35649098895774484
0.35632282555442557
0.3561556099216764
0.3559893556552047
0.35582407283589457
0.3556597687998587
0.3554964487400067
0.3553341161759965
0.3551727733213648
0.3550124213703321
0.35485306072186057
0.35469469115468705
0.35453731196406685
0.35438092206859234
0.3542255200936432
0.3540711044365851
0.35391767331768953
0.3537652248199226
0.35361375692002306
0.35346326751277934
0.35331375442999163
0.3531652154552887
0.3530176483356935
0.3528710507906626
0.3527254205191421
0.3525807552050763
0.35243705252171276
0.3522943101349589
0.3521525257060044
0.3520116968933648
0.3518718213544777
0.35173289674694413
0.35159492072950066
0.3514578909627685
0.3513218051098442
0.3511866608367523
0.3510524558128008
0.3509191877108512
0.3507868542075324
0.3506554529834004
0.3505249817230641
0.35039543811527696
0.350266819853011
0.35013912463350766
0.3500123501583175
0.34988649413332723
0.34976155426878
0.3496375282792858
0.3495144138838317
0.34939220880578215
0.3492709107728796
0.349150517517245
0.3490310267753682
0.348912436288107
0.34879474380067715
0.34867794706264665
0.348562043827926
0.34844703185475895
0.34833290890571483
0.34821967274767684
0.3481073211518346
0.34799585189367166
0.34788526275295784
0.347775551513737
0.3476667159643186
0.3475587538972661
0.3474516631093879
0.3473454414017281
0.3472400865795528
0.3471355964523435
0.3470319688337863
0.3469292015417606
0.3468272923983306
0.3467262392297346
0.3466260398663757
0.3465266921428106
0.3464281938977433
