0.00535963268945733
0.005729699730409753
0.006100811510110835
0.006470118704458739
0.006834615968070165
0.007191347077891595
0.007537529459247555
0.007870635721298161
0.008188476247411668
0.00848925130881225
0.008771583165079727
0.009034521379806737
0.009277535347398655
0.009500480548145332
0.00970355643316765
0.00988725504591056
0.010052305882665877
0.010199620849647338
0.010330242306505285
0.01044529626240911
0.01054595193035611
0.010633388121516285
0.010708766406309165
0.010773210583343486
0.010827791762427038
0.010873518254486628
0.010911329438263409
0.01094209281199445
0.010966603513879044
0.010985585689244569
0.010999695181875649
0.011009523123111438
0.011015599783332325
0.011018400238390567
0.011018347024069404
0.011015815936094736
0.011011140045263346
0.011004613835167966
0.010996497082886404
0.010987018460220847
0.010976378847215784
0.010964754359895683
0.010952299101293465
0.010939147649256069
0.010925417297995016
0.01091121007081866
0.010896614522326336
0.010881707350613067
0.01086655483092587
0.010851214098803547
0.010835734285809863
0.010820157530365214
0.010804519874336706
0.010788852057710548
0.010773180222302507
0.01075752653434749
0.010741909734819066
0.010726345625403203
0.010710847497230105
0.010695426508228236
0.010680092017291504
0.010664851874320248
0.0106497126781185
0.010634680001420175
0.010619758585780665
0.010604952515745796
0.01059026536688086
0.010575700315084442
0.010561260335711285
0.010546948167889954
0.010532766490347898
0.010518717970211275
0.010504805325381616
0.010491031378143188
0.010477399101273424
0.010463911657819527
0.010450572435615979
0.01043738507755242
0.010424353508530337
0.0104114819600102
0.010398775020406927
0.010386237548626063
0.01037387485867042
0.010361692635279082
0.010349696986002101
0.010337894469090931
0.010326292125051057
0.010314897512885968
0.010303718752167798
0.010292764572214392
0.010282044369817537
0.010271568277201043
0.010261347242151272
0.010251528731807647
0.010242111434932609
0.010233049613638237
0.010224303006494465
0.010215836114080955
0.010207617666570955
0.010199620131106694
0.010191819370475811
0.010184194167429656
0.010176725968766426
0.010169398572369582
0.01016219786479965
0.010155111586820692
0.010148129123819821
0.01014124131794296
0.010134440301939301
0.010127719348121013
0.010121072733516577
0.010114495622043147
0.01010798395598333
0.010101534360467046
0.01009514405793741
0.010088810791752154
0.01008253275800908
0.01007630854475993
0.010070137077862657
0.010064017572800633
0.010057949491857232
0.010051932506107013
0.010045966461731597
0.010040051350221735
0.010034187282066957
0.010028374463578182
0.010022613176520548
0.010016903760264536
0.010011246596198271
0.010005642094159295
0.010000090680678681
0.009994592788841178
0.009989148849590086
0.009983759284320357
0.00997842449861853
0.009973144877023664
0.00996792077869243
0.009962752533866444
0.009957640441050904
0.00995258476481564
0.009947585734147502
0.009942643541286211
0.009937758340980218
0.009932930250109032
0.009928159347625129
0.009923445674768008
0.009918789235513757
0.009914189997225
0.00990964789146664
0.00990516281496496
0.009900734630680277
0.009896363168974513
0.009892048228851301
0.009887789579255511
0.009883586960412383
0.009879440085195755
0.009875348640514403
0.009871312288703681
0.009867330668915252
0.009863403398498203
0.00985953007436351
0.009855710274326177
0.009851943558422189
0.009848229470194418
0.009844567537945378
0.009840957275953955
0.00983739818565381
0.009833889756771385
0.009830431468425127
0.009827022790180367
0.009823663183063236
0.009820352100532595
0.009817088989408647
0.009813873290760396
0.009810704440750145
0.009807581871438785
0.009804505011548833
0.009801473287189139
0.009798486122540875
0.009795542940506177
0.009792643163319742
0.009789786213124863
0.00978697151251702
0.00978419848505204
0.009781466555724011
0.009778775151412488
0.009776123701299247
0.00977351163725815
0.009770938394216383
0.009768403410491209
0.009765906128101567
0.009763445993055089
0.009761022455614199
0.009758634970539238
0.009756282997312519
0.009753966000341474
0.009751683449144987
0.009749434818521467
0.009747219588699237
