296.8986433966767
295.10786449546697
293.5139400966696
292.10019126309805
290.85014494290584
289.7481614941493
288.77973687637984
287.93161122245743
287.19176857924174
286.5493791436413
285.9947138864964
285.519048908955
285.1145686604253
284.7742737274025
284.49189445509273
284.26181316826455
284.07899344625264
283.93891700198606
283.8375274568876
283.77118039162946
283.7365990355447
283.7308349806716
283.75123334998773
283.7954019014006
283.86118360322257
283.94663226897916
284.04999088798667
284.1696723321763
284.30424215894897
284.452403264692
284.6129821740522
284.7849167768792
284.9672453478883
285.1590967045518
285.3596813761659
285.56828367251626
285.78425455387634
286.0070052157206
286.2360013115642
286.4707577464184
286.71083398083573
286.9558297925151
287.20538144824155
287.45915824421945
287.7168593774532
287.97821111486195
288.24296423042733
288.51089168377604
288.7817865164303
289.05545994450495
289.33173962868983
289.6104681044616
289.8915013571113
290.1747075278121
290.4599657382397
290.7471650226164
291.03620335703897
291.3269867770465
291.6194285752105
291.9134485713209
292.20897244852597
292.5059311493433
292.8042603260826
293.1038998407607
293.40479330998363
293.7068876907758
294.01013290366575
294.31448148968957
294.6198882982866
294.9263102033634
295.233705844978
295.5420353944577
295.85126034082157
296.1613432966648
296.4722478217998
296.7839382631069
297.0963796091725
297.40953735843294
297.72337739965946
298.0378659037051
298.3529692255414
298.66865381571415
298.98488614036745
299.30163260915054
299.61885951027125
299.93653295213096
300.2546188109395
300.5730826838215
300.891889846909
301.2110052180356
301.53039332358554
301.8500182691862
302.1698437138665
302.48983284741666
302.8099483706556
303.1301524783529
303.4504068445737
303.77067261024126
304.0909103727123
304.411080177201
304.7311415098742
305.0510532924742
305.37077387834563
305.6902610497237
306.0094720161778
306.32836341411587
306.6468913072346
306.96501118785403
307.28267797903914
307.59984603744755
307.9164691568303
308.2325005721375
308.5478929641751
308.86259846474525
309.1765686622576
309.4897546077542
309.80210682131616
310.11357529881656
310.4241095190147
310.7336584509337
311.04217056152993
311.34959382362166
311.65587572405747
311.9609632721291
312.26480303976643
312.5673410746508
312.8685230060668
313.16829402150194
313.4665988760901
313.76338190225
314.0585870195145
314.3521577445553
314.6440372014052
311.1370027635071
307.81393430244
304.6645824771707
301.6793586415905
298.84928576968997
296.16595418382093
293.6214806609846
291.20847067938536
288.9199835751268
286.74950038923015
284.6908941970542
282.73840272495994
280.88660307211416
279.13038836831316
277.46494621133417
275.8857387394362
274.38848420611197
272.9691399349766
271.62388654274724
270.3491133276122
269.141404728926
267.99752777212416
266.9144204200603
265.88918075867736
264.91905695105055
264.00143789945736
263.13384456024335
262.313921860929
261.5394311732663
260.8082432998353
260.1183319353177
259.46776756680987
258.8547117804833
258.27741194458434
257.7341962412103
257.2234690215348
256.74370646119
256.29345249437637
255.8713150069675
255.4759622704323
255.10611959981634
254.7605662203219
254.43813232821861
254.13769633290195
253.85818226791903
253.59855735969433
253.3578297435285
253.13504631721779
252.9292907815337
252.73968156552863
252.56537022213072
252.40553963643984
252.25940260284324
252.12620017753034
252.0052003323704
251.89569663619153
251.79700701279708
251.7084725711071
251.629456503134
251.55934304580083
251.4975365028932
251.443460323705
251.39655623211425
251.35628341902625
251.32211776291615
251.2935511096983
