1.5
1.4943037515554545
1.491942178460881
1.49057004432661
1.4897596901378332
1.48927169893622
1.488968832810538
1.4887723751616333
1.4886371641407463
1.4885372856366819
1.4884578703764877
1.4883903888862984
1.48832995181782
1.4882737604276826
1.4882202169375653
1.4881684136074667
1.48811783922079
1.4880682104170202
1.4880193747376715
1.4879712548764032
1.4879238166104143
1.487877050346096
1.4878309604937392
1.4877855593458653
1.4877408635471012
1.4876968920559364
1.4876536649657712
1.4876112028212802
1.487569526220658
1.4875286555832716
1.4874886110134151
1.4874494122204043
1.4874110784722452
1.4873736285699501
1.4873370808352782
1.487301453108007
1.487266762750818
1.4872330266610476
1.4872002612893405
1.4871684826656877
1.4871377067069447
1.4871079479954037
1.4870792220559201
1.487051543652427
1.487024927409657
1.4869993878976633
1.4869749397215237
1.4869515972888085
1.4869293762638616
1.4869082913051097
1.4868883577086804
1.486869590602802
1.4868520042851403
1.486835610919987
1.4868204181744764
1.4868064251891557
1.4867936161110917
1.4867819504425237
1.4867713500446695
1.4867616843446916
1.4867527584855043
1.4867443129173208
1.4867360438967354
1.4867276480293257
1.4867188804220357
1.4867096043746806
1.486699814682202
1.4866896138270769
1.4866791945989963
1.4866687831033691
1.4866586077696113
1.4866488762558419
1.4866397639239453
1.4866314107050158
1.4866239232101626
1.4866173795016475
1.4866118345309023
1.4866073252200076
1.4866038748042678
1.4866014963375733
1.4866001954157322
1.4865999722183645
1.4866008230217438
1.4866027413005543
1.4866057185110644
1.4866097446545683
1.4866148086763626
1.4866208987487848
1.4866283842033965
1.4866367130525302
1.4866459379398576
1.4866556988829376
1.4866665473097715
1.4866784163813187
1.4866912618777584
1.4867050520284044
1.486719762364505
1.4867354392188574
1.4867519709946477
1.4867693529776396
1.4867875764641898
1.4868066305869465
1.486826503230955
1.4868471815760447
1.4868686524200425
1.486890902372862
1.4869139179744377
1.4869376857676164
1.4869621923443352
1.486987424375833
1.487013368633259
1.4870400120024045
1.4870673414947593
1.4870953442561994
1.487124007574078
1.4871533188831862
1.4871832657708342
1.4872138359812825
1.4872450174195555
1.4872767981547583
1.4873091664229303
1.4873421106294675
1.4873756193511445
1.487409681337748
1.4874442855133916
1.4874794209774247
1.487515077005078
1.487551243047789
1.4875879087332151
1.4876250638650375
1.4876626984224421
1.4877008025594043
1.4877393666037406
1.4877783810559495
1.4878178365878643
1.4878577240411233
1.4878980344254789
1.4879387589169506
1.4879798888558433
1.4880214157446372
1.488063331245764
1.488105627179285
1.4881482955204681
1.4881913283972936
1.4882347180878848
1.4882784570178784
1.4883225377577403
1.4883669530200425
1.4884116956567
1.4884567586561863
1.4885021351407237
1.4885478183634617
1.4885938017056495
1.4886400786738072
1.488686642896902
1.4887334881235357
1.488780608219144
1.4888279971632195
1.4888756490465558
1.4889235580685196
1.488971718534355
1.4890201248525186
1.4890687715320596
1.4891176531800303
1.4891667644989457
1.4892161002842859
1.4892656554220427
1.4893154248863194
1.4893654037369726
1.4894155871173183
1.4894659702518709
1.489516548444156
1.4895673170745636
1.4896182715982589
1.4896694075431522
