2.4473432450973776
2.3869847211147897
2.3317692015830933
2.2816304161430634
2.2365009058420284
2.1962855468603864
2.1608591437707685
2.1300685390691103
2.1037362528655437
2.0816647443616936
2.0636410396026696
2.049441387969905
2.0388358778430113
2.0315926400096553
2.02748161190096
2.026277739981068
2.0277635845032953
2.0317313284464005
2.037984224361065
2.04633753481632
2.056619034866313
2.068669149979881
2.0823408020133476
2.09749903088314
2.1140204521856893
2.131792602431834
2.150713214734979
2.1706894593785444
2.1916371760617044
2.2134801180007804
2.2361492224753112
2.259581917839476
2.2837215318363198
2.3085164504845372
2.333919923855627
2.359889312433579
2.3863856874884166
2.413373413217142
2.440819770545758
2.4686946197607895
2.496970099017315
2.525620355771292
2.5546213082474503
2.5839504342408874
2.613586584488661
2.6435098185203176
2.6737012604965273
2.704142972788679
2.734817846568138
2.7657095055608516
2.796802223796299
2.828080854494206
2.8595307693012715
2.891137806714376
2.922888228671187
2.9547686843977123
2.986766180690064
3.018868057890159
3.051061970883886
3.083335874544604
3.1156780129399984
3.148076912077369
3.1805213754585275
3.213000482160742
3.245503587135424
3.2780203231864626
3.3105406045266066
3.343054630608868
3.3755528946965727
3.408026187279246
3.4404656041318415
3.4728625535617463
3.5052087638504394
3.537496290706375
3.5697175245943256
3.6018651978252687
3.6339323913066632
3.665912540866778
3.697799443083767
3.729587260561768
3.761270527131777
3.7928441502701418
3.824303416280557
3.855643992362579
3.8868619287880732
3.917953660409223
3.9489160075752885
3.979746176499592
4.0104417591290344
4.041000732576894
4.071421458193492
4.101702680355882
4.131843525072377
4.161567429547603
4.190797261971751
4.219538440658254
4.247796166365343
4.2755754950019735
4.302881383949595
4.329718729877565
4.356092400677889
4.382007260750192
4.407468192966485
4.4324801160721226
4.457047998513768
4.481176869074757
4.504871824707352
4.528138033699054
4.550980745514631
4.573405287717509
4.595417061592767
4.617021546727336
4.638224296310707
4.659030933333034
4.679447146014367
4.699478682575297
4.719131345478275
4.738410985258229
4.75732349404753
4.775874798887776
4.794070854913204
4.8119176384761255
4.829421140278371
4.846587358563012
4.863422292414297
4.879931935205131
4.8961222682264545
4.911999254527759
4.927568832990042
4.9428369126524005
4.957809367304578
4.972492030358091
4.986890690003008
5.001011084655296
5.0148588986972245
5.028439758510434
5.0417592288007675
5.054822809210811
5.067635931214252
5.080203955288124
5.092532168353936
5.10462578147954
5.11648992783422
5.128129660887217
5.139549952838929
5.150755693276402
5.161751688041639
5.172542658302356
5.183133239816274
5.193527982376073
5.203731349426984
5.213747717845268
5.223581377869022
5.233236533169542
5.242717301055984
5.252027712802716
5.261171714090098
5.270153165551372
5.278975843416557
5.287643440244928
5.2961595657392015
5.304527747634207
5.312751432652151
5.320833987518869
5.3287787000341895
5.336588780190648
5.344267361334991
5.3518175013673925
5.359242183972191
5.366544319877487
5.3737267481376385
5.380792237434718
5.387743487395904
5.394583129922201
5.4013137305263434
5.407937789675225
5.4144577441357935
5.4208759683203525
5.42719477562943
5.433416419789794
5.439543096185997
5.445576943183321
5.451520043439528
5.457374425205858
5.463142063613936
5.4688248819481755
5.474424752902915
5.479943499822262
5.485382897923041
5.490744675498729
5.496030515104513
5.50124205472316
5.506380888909984
5.51144856991798
5.516446608801434
5.521376476499034
5.526239604894873
5.5310373878583
5.535771182262668
