174.1522817043826
175.17221012895573
176.18492831951193
177.1903609315915
178.18844482638383
179.17912898697122
180.1623742354156
181.13815291851486
182.10644856926805
183.0672555462282
184.02057865287526
184.9664327392162
185.90484228786877
186.8358409869102
187.75947129177104
188.6757839784334
189.58483769015024
190.486698479845
191.38143935027486
192.26913979395562
193.14988533474641
194.0237670728854
194.89088123515378
195.75132873172396
196.60521472112404
197.45264818462584
198.29374151123355
199.12861009432535
199.95737194087434
200.78014729405137
201.59705826989256
202.4082285086002
203.21378284093228
204.01384697003286
204.8085471689536
205.59800999402427
206.38236201414108
207.1617295559611
207.936238464917
208.70601388189553
209.47118003536426
210.2318600486726
210.98817576220517
211.7402475700215
212.48819427057734
213.2321329310916
213.9721787650939
214.70844502266647
215.44104289287472
216.17008141786906
216.8956674181277
217.61790542830693
218.33689764316046
219.05274387298988
219.76554150810125
220.47538549168823
221.18236830072422
221.88657993423985
222.58810790854227
223.28703725887584
223.98345054704677
224.67742787455273
225.36904690077048
226.058382865774
226.74550861737092
227.43049464196145
228.11340909884467
228.79431785761017
229.47328453827492
230.15037055384062
230.8256351549638
231.49913547645068
232.17092658530254
232.8410615300564
233.50959139118098
234.17656533230402
234.84203065206182
235.50603283637744
236.16861561098756
236.82982099405268
237.4896893486972
238.1482594353402
238.80556846368864
239.46165214427614
240.11654473944307
240.77027911366199
241.42288678312408
242.07439796451018
242.72484162288026
243.374245518622
244.022636253408
244.6700393151185
244.6813724627937
244.6961670745654
244.7144009795844
244.7360522034853
244.76109895633502
244.78951961368492
244.821292720856
244.85639697720805
244.89481123276965
244.93651448369005
244.9814858685073
245.02970466505516
245.08115028786995
245.13580228598912
245.19364034105712
245.254644265672
245.318794001922
245.3860696200709
245.4564513173613
245.52991941691053
245.6064543666807
245.6860367385073
245.76864722717443
245.85426664952794
245.9428759436192
246.0344561678735
246.12898850027878
246.22645423759184
246.3268347945581
246.4301117031442
246.53626661178077
246.64528128461413
246.75713760076664
246.8718175536042
246.98930325001027
247.10957690966643
247.23262086433834
247.3584175571675
247.48694954196824
247.6181994825293
247.75215015192097
247.8887844318062
248.028085311757
248.17003588857466
248.31461936561513
248.46181905211816
248.611618362541
248.76400081589657
248.91895003509532
249.07644974629184
249.23648377823494
249.3990360616227
249.56409062846086
249.73163161142546
249.9016432432294
250.07410985599344
250.24901588062053
250.4263458461745
250.6060843792623
250.78821620342052
250.97272613850538
251.15959910008684
251.34882009884618
251.54037423997775
251.73424672259415
251.93042283913533
252.12888797478138
252.3296276068687
252.5326273043104
252.73787272701964
252.9453496253373
253.1550438394628
253.3669412988884
253.58102802183743
253.79729011470562
254.01571377150657
254.23628527331982
254.45899098774302
254.6838173683474
254.91075095413672
255.13977836900912
255.37088632122314
255.6040616028665
255.83929108932836
256.076561738775
256.3158605916287
256.5571747700498
256.8004914774223
257.04579799784267
257.2930816956109
257.5423300147265
257.7935304783859
258.0466706884846
258.30173832512105
258.55872114610446
258.8176069864654
259.07838375796985
259.34103944863557
259.60556212225225
259.8719399179044
260.140161049497
260.4102138052843
260.682086547402
260.9557677114016
261.2312458057882
261.50850941156096
261.7875471817566
