2.222655552
1.4052610923371804
1.4048877428930981
1.4045279746089674
1.404174261025939
1.4038254232494076
1.4034810706141507
1.4031409278624907
1.4028047465144653
1.4024722925685813
1.4021433442150022
1.401817690905197
1.4014951326432452
1.4011754793490605
1.4008585502690236
1.4005441734288484
1.4002568088547922
1.3999486097946126
1.3996166658924931
1.3993095870464145
1.3990054785211792
1.3987031991284407
1.3984024952220808
1.3981032324903786
1.3978052965508787
1.3975085798937594
1.3972129799773707
1.3969183987745537
1.396624742518878
1.396331921488488
1.3960398498060322
1.395748445251346
1.395457629084994
1.395167325882752
1.3948774633800791
1.394587972325253
1.3942987863417053
1.3940098417983975
1.393721077687449
1.3934324355091658
1.393143859164077
1.3928552948505672
1.3925666909692895
1.3922779980325322
1.3919891685793442
1.391700157095432
1.3914109199379212
1.3911214152646256
1.3908316029673449
1.3905414446097109
1.3902509033683108
1.3899599439778627
1.389668532679717
1.38937663717383
1.3890842265737267
1.3887912713647192
1.3884977433646981
1.3882036156883863
1.3879088627133225
1.3876134600495031
1.3873173845105993
1.3870206140880146
1.386723127927393
1.3864249063070682
1.3861259306187386
1.385826183350506
1.3855256480715878
1.385224309419509
1.3849221530887683
1.3846191658215907
1.3843153354008588
1.384010650644297
1.383705101400813
1.3833986785485788
1.3830913739949018
1.3827831806775608
1.3824740925679306
1.3821641046759279
1.3818532130565337
1.3815414148177123
1.3812287081303467
1.3809150922395814
1.380600567477691
1.3802851352786631
1.3799687981944215
1.3796515599125112
1.3793334252754894
1.3790144003016085
1.3786944922076614
1.3783737094328434
1.3780520616643985
1.377729559864732
1.3774062163010001
1.3770820445746406
1.3767570596539054
1.3764312779074903
1.3761047171396836
1.3757773966274258
1.3754493371588408
1.3751205610732353
1.3747910923029583
1.374460956416945
1.374130180665705
1.3737987940279517
1.373466827259333
1.3731343129419609
1.372801285536598
1.3724677814355497
1.3721338390180795
1.371799498706535
1.3714648030251635
1.3711297966594593
1.3707945265181452
1.3704590417958489
1.3701233940380806
1.3697876372073674
1.3694518277509193
1.36911602467015
1.3687802895912573
1.3684446868374787
1.368109283502631
1.36777414952624
1.3674393577695052
1.367104984093078
1.366771107435473
1.3664378098931136
1.3661051768009962
1.3657732968144463
1.3654422619917632
1.3651121678777203
1.364783113587628
1.3644552018916776
1.3641285393003137
1.3638032361493604
1.3634794066853813
1.396667538674946
1.3935449684639827
1.390390584607835
1.3872382426051852
1.3841086112821173
1.3810176411116146
1.3779781075732045
1.375000257174021
1.3720922688864476
1.3692606256845081
1.366510418438339
1.363845594808761
1.361269163195309
1.3587833600471926
1.3563897873550645
1.3540895258748775
1.3518832285819284
1.3497711979938616
1.3477534503037467
1.3458297687058265
1.3439997478456844
1.3422628309657536
1.3406183410274448
1.3390655068594781
1.3376034851939689
1.3362313793012321
1.3349482548140958
1.3337531532331812
1.3326451035266116
1.3316231321747494
1.3306862719590626
1.329833569755231
1.3290640935597269
1.3283769389561793
1.3277712352119873
1.3272461511869653
1.3268009012325739
1.3264347512655672
1.3261470252099172
1.325937112023458
1.325804473553173
1.325748653511545
1.325769287919236
1.3258661174505857
1.3260390022232007
1.326287939730006
1.3266130868203025
1.3270147869261406
1.3274936041360499
1.3280503662902299
1.3286862200947802
1.3294027024496051
1.3302018339653712
1.3310862433378365
1.3320593354125452
1.3331255223877703
1.3342905483818996
1.3355619557552945
1.3369497732843705
1.338467564070853
1.3401340817025018
1.3419760079714251
1.3440327363572115
1.346365338446804
