0.02381342903439837
0.023775268003327764
0.023738808259176934
0.023703983548302398
0.0236707124344463
0.023638915425388225
0.02360851694216053
0.0235794453580126
0.02355163279962185
0.023525014931715306
0.023499530752695768
0.023475122403789187
0.023451734991069055
0.023429316419391874
0.023407817237316296
0.023387190492155794
0.023367436842828642
0.023348470305690122
0.023330202261255345
0.023312637666431477
0.023295743464239647
0.023279485543204706
0.02326383113410557
0.023248749044374704
0.023234209617737974
0.023220184662593877
0.02320664738021009
0.023193572296480086
0.02318093519748416
0.023168713068668183
0.023156884037413096
0.023145427318780727
0.023134323164233563
0.023123552813144058
0.02311309844691979
0.02310294314558531
0.02309307084667168
0.02308346630627542
0.023074115062158902
0.023065003398772176
0.023056118314084835
0.02304744748812434
0.023038979253123367
0.023030702565186276
0.023022606977389636
0.023014682614237825
0.023006920147399936
0.022999310772658425
0.022991846188004532
0.022984518572819978
0.022977320568087187
0.022970245257574837
0.02296328614994816
0.022956437161756785
0.022949692601255067
0.02294304715301347
0.022936495863281278
0.022930034126063176
0.022923657669874954
0.022917362545144964
0.022911145112229823
0.02290500203001558
0.02289893024507534
0.022892926981358017
0.02288698973038222
0.022881116241912667
0.022875304515095656
0.02286955279003332
0.02286385953977598
0.022858223462713618
0.02285264347534839
0.02284711870543133
0.022841648485446092
0.022836232346425143
0.022830870012083018
0.022825561393252695
0.022820306582612082
0.02281510584968741
0.02280995963612157
0.022804868551196053
0.02279983336759504
0.02279485501740145
0.022789934588314735
0.022785073320080597
0.02278027260112391
0.022775533965375603
0.02277085908928511
0.022766249789010505
0.022761708017778354
0.022757235863405844
0.02275283554597801
0.022748509415673378
0.02274425995073082
0.022740089755551873
0.02273600155893169
0.022731998212413052
0.02272808268875752
0.022724258080527904
0.022720527598776838
0.022716894571835868
0.022713362444200226
0.022709934775503697
0.022706615239579158
0.022703407623599587
0.022700315827294808
0.02269734386223958
0.02269449585120779
0.022691776027588945
0.022689188734861785
0.02268673842612091
0.022684429663651837
0.0226822671185501
0.022680255570379778
0.022678399906867288
0.022676705123625723
0.022675176323905564
0.02267381871836694
0.022672637624868965
0.022671638468271985
0.02267082678024724
0.02267020819909028
0.02266978846953229
0.022669573442545346
0.022669569075136013
0.022669781430122642
0.022670216675890805
0.0226708810861221
0.02267178103949019
0.022672923019319387
0.022674313613199486
0.02267595951255077
0.02267786751213448
0.02268004450950079
0.02268249750436949
0.022685233597936002
0.022557045299763268
0.022435472414795824
0.02232048350647086
0.022212015642168032
0.022109968463836734
0.022014214051629555
0.02192460579987736
0.021840985146074684
0.02176318656898106
0.02169104129495336
0.021624380044431443
0.021563035061604004
0.021506841605981625
0.021455639038517927
0.021409271601604933
0.02136758896793914
0.021330446615316648
0.021297706071079253
0.02126923505994701
0.021244907581452258
0.021224603937499066
0.021208210726259752
0.021195620815347573
0.02118673330473215
0.02118145348801184
0.02117969281929218
0.0211813688919451
0.02118640543486963
0.021194732331490766
0.02120628566658589
0.02122100780609681
0.021238847515362192
0.021259760121693328
0.021283707727925778
0.02131065948454165
0.02134059192920312
0.021373489404128674
0.021409344563746064
0.021448158987577175
0.021489943916473613
0.021534721134311655
0.021582524022301347
0.0216333988194875
0.021687406131248817
0.021744622738223113
0.021805143771915475
0.02186908534141671
0.021936587719776458
0.022007819230941847
0.02208298102213048
0.022162312967001687
0.022246101029443115
0.02233468653758241
0.022428477990555168
0.02252796627510508
0.02263374455208263
0.022746534663579905
0.02286722284839488
0.022996909088588566
0.023136977021142046
0.023289195991445733
0.023455875528660967
0.02364010992741422
0.023846188358782775
