2.6613143154334336
2.698061809196102
2.736389575690838
2.776246319475061
2.8175856688510375
2.860365347891635
2.9045465170194134
2.950093274926475
2.996972254507113
3.0451522859349653
3.094604111592183
3.145300143220647
3.197214254594167
3.2503216046446766
3.304598486973246
3.3600222023446342
3.416570951248552
3.4742237439845534
3.532960326028705
3.5927611166905282
3.6536071592814356
3.7154800811996664
3.778362062497824
3.8422358116421336
3.9070845473009155
3.9728919851161724
4.039642328518764
4.107320262746003
4.175910951311701
4.245400034263825
4.3157736276446395
4.387018323642729
4.459121190996319
4.532069775272739
4.605852098709882
4.680456659362474
4.755872429348236
4.832088852037475
4.90909583807361
4.986883760151934
5.065443446519615
5.144766173191475
5.224843654903692
5.305668034851247
5.387231873274862
5.4695281349796305
5.5525501758806195
5.636291728680561
5.720746887791912
5.805910093619844
5.891776116324772
5.978340039182967
6.0655972416618855
6.15354338232218
6.242174381656854
6.3314864049662125
6.421475845366202
6.512139307016469
6.603473588647764
6.695475667459713
6.788142683451491
6.881471924239493
6.9754608104077676
7.0701068814289405
7.165407782185497
7.261361250114125
7.357965102988809
7.455217227352101
7.553115567598126
7.651658115705568
7.750842901614308
7.850667984235032
7.951131443077693
8.052231370481493
8.153965864426537
8.25633302190521
8.359330932829598
8.462957674450115
8.567211306259534
8.672089865356174
8.777591362239727
8.88371377701323
8.990455055965043
9.097813108505115
9.205785804430537
9.314370971496128
9.423566393266771
9.533369807229219
9.643778903142158
9.754791321604431
9.86640465282254
9.978616435559655
10.091424156249573
10.2048252482602
10.318817091292257
10.433397010900071
10.548562278122283
10.664310109211383
10.780637665451986
10.897542053058523
11.015020323144139
11.133069471753132
11.251686439950175
11.370868113960276
11.490611325353967
11.610912851272882
11.73176941469146
11.853177684710893
11.975134276882015
12.097635753554115
12.220678624247142
12.344259346045027
12.468374324008103
12.593019911603033
12.718192411148674
12.843888074276638
12.970103102405508
13.096833647227744
13.224075811208495
13.35182564809567
13.480079163440683
13.608832315129419
13.73808101392298
13.867821124007937
13.998048463555744
14.128758805291122
14.259947877069187
14.39161136246116
14.523744901348504
14.65634409052538
14.789404484309303
14.92292159515986
15.05689089430546
15.19130781237798
15.326167740055203
15.46146602871102
15.597197991073282
15.733358901889138
15.869943998597929
16.006948482011335
16.144367517000852
16.28219623319236
16.42042972566773
16.559062997974618
16.698091141025294
16.83750914947523
16.977311986530363
17.117494584637903
17.258051846191744
17.398978644250953
17.54026982326962
17.681920199836988
17.823924563426672
17.966277677154178
18.108974278541858
18.25200908029068
18.39537677105825
18.53907201624247
18.683089458770514
18.827423719892543
18.972069399979915
19.11702107932743
19.26227331895928
19.40782066143849
19.55365763167936
19.69977873776277
19.846178471753976
19.992851310522617
20.139791716564652
20.28699413882599
20.434453013527406
20.582162764990663
20.730117806465387
20.878312540956475
21.026741362051826
21.17539865474999
21.32427879628757
21.473376156966037
21.62268510097772
21.77219998723065
21.921915170172
22.071825000609863
22.221923826533054
22.37220599392869
22.522665847597267
22.673297731964922
22.82409599189268
22.975054973482294
23.126169024878543
23.27743249706766
23.428839744671563
23.580385126737703
23.732063007524246
23.883867757280296
24.035793753020943
24.18783537929683
24.33998702895802
24.492243103911942
24.644598015875072
