0.000273452
0.00028142249396643127
0.0002890690776533879
0.00029690599113723113
0.0003048680615099686
0.0003129135210280632
0.0003210167485906951
0.00032916167352190374
0.0003373378569519813
0.0003455381735756265
0.0003537574412980039
0.0003619916120960482
0.0003702372950429232
0.00037849147586153253
0.00038675135272628396
0.0003950142408181699
0.0004032775175485283
0.00041153859185274273
0.00041979488774892827
0.0004280438363734241
0.0004362828730791564
0.0004445094375862201
0.00045272097600372043
0.0004609149440329755
0.0004690888109536508
0.0004772400641683823
0.0004853662141864946
0.0004934647999924904
0.0005015333947868725
0.0005095696121161157
0.0005175711124311969
0.0005255356101340023
0.0005334608811907442
0.0005413447714129718
0.000549185205531508
0.0005569801972179243
0.0005647278602434951
0.0005724264210085047
0.0005800742327269266
0.0005876697916148626
0.000595211758643013
0.0006026989702292968
0.0006101304771900263
0.0006175055665253182
0.0006248237975848029
0.0006320850428557527
0.0006392895360156387
0.000646437926706949
0.0006535313529523322
0.0006605715064214578
0.0006675607218414852
0.0006745020640147345
0.0006813994124971527
0.0006882575261689601
0.0006950820583111324
0.000701879474264328
0.0007086568014950712
0.0007154211250929749
0.000722178752833638
0.0007289340494415997
0.0007356881080265505
0.0007424376493824693
0.0007491746585279022
0.0007558870839657768
0.0007625604473252883
0.0007691797710544947
0.0007757311661278288
0.0007822027985305554
0.0007885851121372578
0.0007948707165253596
0.000801054034284669
0.0008071309132128921
0.0008130982790314644
0.00081895385703339
0.0008246959618458844
0.0008303233441223135
0.0008358350814307268
0.0008412305016930109
0.0008465091297852216
0.0008516706503104826
0.0008567148815297581
0.0008616417569415717
0.0008664513120569586
0.0008711436747018056
0.0008757190577080164
0.0008801777532060727
0.0008845201279960776
0.0008887466196396299
0.0008928581103001727
0.0008968547014239941
0.0009007370583096799
0.0009045055078829264
0.0009081612834472722
0.0009117051550534236
0.0009151379542755251
0.0009184605680018334
0.0009216739330203309
0.0009247790721687722
0.0009277769541219006
0.0009306686490518899
0.0009334552611537435
0.0009361379268985812
0.0009387178132105065
0.000941196115465829
0.0009435740554039711
0.0009458528790047904
0.0009480338543656802
0.0009501182695991432
0.0009521074307639273
0.0009540026598383036
0.0009558052927412033
0.0009575166774052733
0.0009591381719047389
0.0009606711426402625
0.0009621169625824415
0.0009634770095751983
0.0009647526647000264
0.0009659453107017971
0.000967056330476591
0.0009680871056218467
0.0009690390150489283
0.0009699134336580491
0.0009707117310753148
0.0009714352704515609
0.0009720854073224282
0.0009726634885291347
0.0009731708511991356
0.0009736088217858548
0.0009739787151666103
0.0009742818337975099
0.0009745194669244712
0.0009746928898489766
0.000974803363247386
0.0009748521325424938
0.0009748404273259582
0.000974769460830198
0.0009746404294483196
0.0009744545123005738
0.0009742128708458815
0.0009739166485368488
0.000973566970516799
0.0009731649433572055
0.000972711654834048
0.0009722081737414751
0.000971655549741262
0.0009710548132465224
0.0009704069753381327
0.0009697130277123708
0.0009689739426582617
0.0009681906730631635
0.0009673641524451443
0.0009664952950107221
0.0009655849957365782
0.0009646341304738601
0.0009636435560737562
0.0009626141105330337
0.0009615466131582696
0.0009604418647475269
0.0009593006477883131
0.0009581237266706195
0.0009569118479139348
0.0009556657404071581
0.0009543861156603317
0.0009530736680672064
0.0009517290751776537
0.0009503529979789929
0.0009489460811853283
0.0009475089535340398
0.0009460422280886036
0.0009445465025469356
0.000943022359554542
0.0009414703670217097
0.0009398910784440934
0.0009382850332260321
0.0009366527570059764
0.0009349947619834428
0.0009509737411752888
0.0009528558864793122
0.0009502555781955017
0.0009459535234067702
0.0009407921031867548
0.0009351180806785816
0.0009291188256323293
0.0009229110478007833
0.0009165711913368832
0.0009101502070856329
0.0009036817923529027
0.0008971880810824872
0.0008906834251586242
0.0008841769760798931
0.0008776744565615701
0.0008711793791400584
0.0008646938858644371
0.0008582193279005579
0.0008517566663117314
0.0008453067495784348
0.0008388705057956701
0.0008324490753953027
0.0008260439019473169
0.0008196567929116984
0.0007898650890738436
0.0007887845445366756
0.0007885834156353426
0.0007884239173885147
0.0007882786536237649
0.0007881451496805323
0.0007880219870617088
0.0007879080291312528
0.0007878023535789232
0.0007877042136140623
0.0007876130062421756
0.0007875282459533567
0.0007874495429155817
0.0007873765849269756
0.0007873091225022803
0.0007872469565703344
0.0007871899283447766
0.000787137911001917
0.0007870908028599678
0.0007870485218043557
0.0007870110007461794
0.0007869781839363089
0.0007869500239873156
0.0007869264794801832
0.0007869075130534703
0.0007868930898898497
0.0007868831765294041
0.0007868777399509911
0.0007868767468730587
0.0007868801632335497
0.0007868879538155029
0.0007869000819906597
0.000786916509558203
0.0007869371966596995
0.0007869621017546321
0.0007869911816435896
0.0007870243915285578
0.0007870616851015004
0.0007871030146540903
0.0007871483312027047
0.000787197584623865
0.0007872507237962103
0.0007873076967458291
0.0007873684507924033
0.0007874329326940695
0.0007875010887894256
0.0007875728651353616
0.0007876482076397338
0.0007877270621881729
0.0007878093747644206
0.0007878950915638673
0.000787984159100024
0.0007880765243037753
0.0007881721345454951
0.0007882709380390926
0.0007883728833695919
0.0007884779199925682
0.0007885859981652633
0.0007886970690087497
0.0007888110845591793
0.0007889279978129244
0.0007890477627658602
0.0007891703344471606
0.0007892956689478891
0.0007894237234445892
0.0007895544562183425
0.0007896878266692981
0.0007898237953272978
0.0007899623238586032
0.0007901033750690416
0.0007902469129040256
0.0007903929024454173
0.0007905413099056853
0.0007906921026195166
0.0007908452490330865
0.0007910007186912819
0.0007911584822229786
0.0007913185113246689
0.0007914807787425221
0.0007916452582531728
0.0007918119246433111
0.0007919807536882311
0.0007921517221295691
0.0007923248076522477
0.0007924999888608817
0.0007926772452556426
0.0007928565572078025
0.0007930379059349638
0.0007932212734761562
0.0007934066426668216
0.0007935939971137963
0.0007921267020857817
0.0007910009802722895
0.0007901421487155137
0.0007894917291847895
0.0007890041604212304
0.0007886437181707157
0.0007883826695566036
0.0007881993072783736
0.0007880766748823999
0.0007880015257835708
0.0007879635103051965
0.0007879545413518827
0.0007879682992899699
0.0007879998453659469
0.0007880453197960399
0.0007881017059366858
0.0007881666460446518
0.0007882382973241432
0.0007883152194410025
0.0007883962866190818
0.0007884806189426851
0.0007885675286662959
0.0007886564782516425
0.0007887470475695872
0.0007888389082645984
0.0007889318037172554
0.0007890255333820887
0.0007891199405452042
0.0007892149027549209
0.0007893103243416802
0.0007894061305710776
0.0007895022630734097
0.0007895986762710202
0.0007896953345856036
0.0007897922102551936
0.0007898892816276975
0.0007899865318269757
0.0007900839477101013
0.0007901815190522636
0.000790279237909593
0.0007903770981210811
0.0007904750949192378
0.0007905732246257154
0.0007906714844134081
0.0007907698721204554
0.0007908683861048538
0.000790967025130824
0.0007910657882799538
0.0007911646748817641
0.0007912636844594138
0.000791362816687282
0.0007914620713577776
0.000791561448355424
0.0007916609476365945
0.000791760569213663
0.0007918603131426306
0.0007919601795134457
0.0007920601684424394
0.0007921602800664233
0.0007922605145380644
0.0007923608720222844
0.0007924613526934354
0.0007925619567331014
0.0007926626843283824
0.0007927635356705479
0.0007928645109539963
0.0007929656103754334
0.0007930668341332367
0.0007931681824269657
0.0007932696554569705
0.0007933712534240917
0.0007934729765294375
0.000793574824974188
0.0007936767989594733
0.0007937788986862566
0.0007938811243552518
0.00079398347616687
0.0007940859543211617
0.0007941885590177878
0.0007942912904559924
0.0007943941488345885
0.0007944971343519312
0.0007946002472059282
0.0007947034875940188
0.000794806855713177
0.0007949103517599133
0.0007950139759302674
0.0007951177284198201
0.0007952216094236907
0.0007953256191365398
0.0007954297577525752
0.0007955340254655547
0.0007956384224687962
0.000795742948955172
0.0007958476051171257
0.0007959523911466698
0.0007960573072353922
0.0007961623535744581
0.0007962675303546259
0.0007963728377662395
0.000796478275999242
0.0007965838452431744
0.0007966895456871874
0.000796795377520038
0.0007969013409300998
0.0007970074361053717
0.0007971136632334661
0.0007972200225016347
0.0008098040327426032
0.0008165176745101074
0.0008220206284827198
0.0008272446747475498
0.0008324108087210099
0.0008375730245565463
0.0008427453639324483
0.0008479322591657676
0.0008531357993442231
0.0008583574746383329
0.0008635985978713975
0.0008688604087425665
0.0008741441016515741
0.0008794508349380655
0.0008847817354369822
0.0008901379017116675
0.0008955204067928941
0.0009009303006407332
0.0009063686123973437
0.0009118363524611494
0.0009173345144023107
0.0009228640767355472
0.0009284260045642059
0.0009340212511079717
0.0009396507591252441
0.0009453154622401508
0.0009510162861830736
0.0009567541499527561
0.0009625299669071915
0.0009683446457898417
0.000974199091697081
0.000980094206992181
0.0009860308921706953
0.0009920100466815941
0.000998032569708164
0.0010040993609122591
0.0010102113211452124
0.0010163693531284293
0.001022574362106377
0.0010288272564744903
0.0010351289483843274
0.0010414803543280118
0.0010478823957039676
0.0010543359993657033
0.001060842098155254
0.0010674016314228664
0.0010740155455342514
0.0010806847943667524
0.0010874103397956192
0.0010941931521714857
0.0011010342107900975
0.0011079345043552935
0.0011148950314360773
0.0011219168009186941
0.001129000832454451
0.0011361481569040468
0.001143359816779148
0.001150636866681777
0.001157980373742249
0.0011653914180561548
0.0011728710931210124
0.0011804205062730792
0.0011880407791248458
0.0011957330480037091
0.0012034984643922646
0.0012113381953706582
0.0012192534240614613
0.0012272453500774265
0.0012353151899725551
0.0012434641776968493
0.0012516935650551096
0.0012600046221701545
0.0012683986379507751
0.0012768769205648222
0.0012854407979176938
0.0012940916181365897
0.001302830750060835
0.0013116595837385848
0.0013205795309302053
0.0013295920256186588
0.0013386985245271551
0.0013479005076443844
0.0013571994787576085
0.0013665969659939021
0.001376094522369812
0.00138569372634974
0.0013953961824132843
0.0014052035216318751
0.0014151174022548933
0.0014251395103056339
0.0014352715601873112
0.0014455152952994202
0.001455872488664682
0.0014663449435668662
0.0014769344941997515
0.0014876430063274736
0.0014984723779565227
0.0015094245400196651
0.001520501457072007
0.001531705127999539
0.0015430375867403075
0.0015545009030185509
0.0015660971830920164
0.0015778285705127164
0.0015896972469013504
0.001601705432735665
0.0016138553881529841
0.001626149413767134
0.001638589851500008
0.0016511790854280165
0.0016639195426436015
0.0016768136941321002
0.0016898640556641256
0.0017030731887036966
0.0017164437013323013
0.0017299782491891358
0.0017436795364276397
0.0017575503166885808
0.0017715933940898104
0.0017858116242328611
0.0018002079152265621
0.0018147852287278038
0.0018295465809995235
0.001844495043986141
0.0018596337464064142
0.0018749658748638905
0.0018904946749749808
0.0019062234525146944
0.001922155574580095
0.001938294470771452
0.0019546436343910625
0.0019712066236597593
0.0019879870629509523
0.002004988644042168
0.0020222151273839276
0.002039670343385803
0.00205735819371949
0.0020752826526385924
0.0020934477683149074
0.0021118576641908815
0.0021305165403478466
0.0021494286748896326
0.0021685984253411376
0.002188030230061275
0.0022077286096697595
0.002227698168487077
0.0022479435959869465
0.0022684696682604712
0.002289281249491167
0.002310383293439909
0.0023317808449387868
0.002353479041392773
0.0023754831142879956
0.0023977983907053474
0.002420430294837954
0.0024433843495110913
0.0024666661777027997
0.002490281504063535
0.0025142361564328875
0.002538536067351364
0.0025631872755650575
0.002588195927520829
0.0026135682788495157
0.0026393106958345035
0.0026654296568627226
0.0026919317538550962
0.0027188236936731077
0.0027461122994980043
0.0027738045121789828
0.0028019073915463368
0.0028304281176853865
0.002859373992166733
0.0028887524392280676
0.0029185710069025202
0.002948837368088146
0.0029795593215529584
0.003010744792869395
0.0030424018352719637
0.0030745386304312033
0.003107163489136969
0.003140284851883378
0.003173911289347552
0.0032080515027536585
0.0032427143241135193
0.003277908716334234
0.0033136437731831536
0.003349928719099676
0.0033867729088430075
0.003424185826964355
0.0034621770870914524
0.003500756431012778
0.00353993372754797
0.003579718971190682
0.003620122280508964
0.00366115389628798
0.0037028241793988577
0.0037451436083769363
0.0037881227766917436
0.0038317723896904
0.0038722577891019076
0.003915088953403018
0.00395937592852153
0.004004941522423915
0.004051759619434282
0.004099836225936698
0.004149183396451846
0.004199813508006661
0.0042517380054139355
0.004304967132700946
0.004359509886340955
0.004415374022112443
0.004472566077735274
0.004531091401828208
0.004590954185904771
0.00465215749749237
0.004714703312818118
0.004778592547673884
0.004843825085224258
0.004910399799684791
0.004978314574974036
0.005047566317625679
0.005118150963429802
0.005190063477449781
0.005263297847228615
0.005337847069152655
0.005413703128080102
0.005490856970463944
0.005569297632337418
0.005649014717558341
0.00572999581158348
0.005812227321993266
0.005895694400993174
0.005980380888989426
0.006066269255649238
0.006153340538975315
0.006241574283088025
0.006330948475441621
0.006421439484211376
0.006513021996591786
0.006605668958745367
0.006699351518137952
0.0067940389689898125
0.006889698701562726
0.006986296155990778
0.007083794781347801
0.0071821560006252675
0.007281339182272771
0.00738130161892637
0.0074819985139199146
0.007583382976138858
0.007685406023735778
0.007788016597181455
0.007891161582074119
0.007994785842073387
0.008098832262263232
0.008203241803181273
0.008307953565679227
0.008412904866702207
0.008518031325993106
0.008623266963643222
0.008728544308321883
0.008833794515927723
0.008938947498312385
0.009043932061635786
0.009148676053820578
0.009253106520484895
0.009357149868645909
0.009460732037405531
0.009563778674753118
0.009666215319550834
0.009767967587704885
0.009868961361474379
0.009969122980823968
0.010068379435695437
0.01016665855805024
0.010263889212525338
0.010360001484545567
0.010454926864749229
0.010548598428608787
0.010640951010165088
0.010731921368841286
0.010821448348360971
0.010909473026862784
0.010995938857380535
0.011080791797942156
0.01116398043063151
0.011245456069053113
0.011325172853740089
0.011403087835147575
0.011479161043978232
0.011553355548689513
0.011625637500134994
0.011695976163391361
0.011764343936918564
0.011830716367001214
0.011895072116621745
0.011957392978919356
0.012017663834626168
0.012075872614528152
0.012132010250644783
0.01218607061773241
0.012238050465977278
0.012287949345621165
0.012335769524258678
0.01238151589755642
0.012425196337763131
0.012466820215113746
0.012506399723433636
0.012543949273281852
0.012579485384594597
0.012613026573581819
0.012644593238110437
0.012674207542214147
0.012701893300329333
0.012727675861819065
0.012751581996307326
0.01277363978030616
0.01279387848557615
0.012812328469619976
0.012829021068666777
0.012843988493464804
0.012857263728159056
0.012868880432492645
0.012878872847532936
0.01288727570508759
0.012894124140942358
0.012899453612020197
0.012903299817531763
0.012905698624159608
0.012906685995293044
0.012906297930845627
0.012904570372985162
0.012901539207345663
0.012897240153159604
0.01289170873542073
0.012884980235139577
0.012877089645257037
0.01286807163046966
0.012857960490522399
0.01284679012678995
0.012834594012007658
0.012821405163016287
0.012807256116383796
0.012792178906765523
0.012776205047864739
0.012759365515854817
0.012741690735126515
0.012723210566224814
0.012703954295842932
0.01268395062874358
0.012663227681480956
0.012641812977801108
0.012619733445601414
0.012597015415335365
0.012573684619751946
0.0125497661948645
0.012525284682048016
0.012500264031168528
0.01247472760465319
0.012448698182413944
0.01242219840965695
0.012395249154028582
0.012367871750479936
0.01234008675897796
0.012311914152644337
0.012283373358952927
0.012254483264184537
0.012225262256084717
0.012195728194304265
0.012165898438581417
0.012135789856625478
0.012105418394989213
0.01207480072753657
0.012043952039961437
0.012012887284173398
0.011981621009257698
0.011950167338937704
0.011918539976409832
0.011886752213578164
0.01185481694093224
0.01182274665744847
0.011790553480402826
0.011758249155065516
0.011725845064263392
0.011693352237799015
0.011660781361717257
0.011628142787411411
0.011595446540562335
0.011562702329904553
0.0115299195558151
0.01149710731872078
0.011464274427321562
0.011431429406627247
0.011398580505806496
0.011365735705847051
0.011332902727027062
0.011300089036197773
0.01126730185387822
0.011246656564119141
0.011226791072448346
0.011207677083745364
0.011189280927433083
0.011171569843343202
0.01115451268130142
0.011138079905468468
0.011122243512466974
0.011106976944034485
0.011092255004238076
0.011078053782131803
0.011064350579586766
0.011051123843909251
0.011038353104878882
0.01102601891586935
0.011014120966985492
0.011002624036400227
0.0109914921443273
0.010980726910780007
0.010970314430971444
0.010960240506882782
0.010950491509467683
0.010941054460142194
0.010931917012540837
0.01092306742310966
0.010914494521827219
0.010906187684403355
0.010898136806033423
0.010890332276630272
0.01088276495744209
0.01087542615896904
0.010868307620097405
0.010861401488375994
0.01085470030136501
0.010848196968992333
0.01084188475685715
0.010835757270424393
0.010829808440058345
0.01082403250684617
0.010818424009166432
0.01081297776996007
0.010807688884664345
0.010802552709772881
0.01079756485198728
0.01079272115792788
0.010788017704373685
0.01078345078900288
0.01077901692160758
0.01077471281575776
0.010770535380891087
0.010766481714806698
0.010762549096542243
0.010758734979614883
0.010755036985607954
0.010751452898086142
0.010747980656823012
0.010744618352325614
0.010741364220641982
0.010738216638437716
0.010735174118329091
0.010732235304460614
0.01072939896831548
0.010726664004748419
0.010724029428230555
0.010721494369296751
0.010719058071186395
0.010716719886668901
0.010714479275045945
0.010712335799322487
0.010710289123539574
0.010708339010261664
0.010706485318212208
0.010704728000051051
0.01070306710028786
0.010701502753325853
0.010700035181630723
0.01069866469401939
0.01069739168406408
0.01069621662860688
0.010695140086380792
0.010694162696732666
0.010693285178444537
0.010692508328649368
0.010691833021837677
0.010691260208951718
0.010690790916563827
0.010690426246136033
0.010690167373357809
0.010690015547559209
0.010689972091196794
0.010690038399409478
0.010690215939642152
0.010690506251334483
0.010690910945672726
0.01069143170540232
0.010692070284699078
0.010692828509097125
0.01069370827547152
0.010694711552073577
0.01069584037861725
0.010697096866414615
0.010698483198558833
0.010700001630152955
0.010701654488582686
0.010703444173831834
0.010705373158838556
0.010707443989891086
0.010709659287061263
0.010712021744674368
0.010714534131813919
0.010717199292859659
0.010720020148057466
0.010722999694119672
0.010726141004854141
0.01072944723182082
0.010732921605014104
0.010736567433569407
0.010740388106492695
0.010744387093410994
0.01074856794534256
0.010752934295484937
0.01075748986001913
0.010762238438928477
0.010767183916829941
0.010772330263816458
0.010777681536308184
0.010783241877910663
0.010789015520278146
0.0107950067839796
0.0108012200793655
0.01080765990743308
0.010814330860687648
0.01082123762399759
0.010828384975440393
0.010773561288396157
0.010722117811306787
0.010673999512324374
0.010629145503770964
0.010587485782581176
0.010548944097337854
0.010513440633845156
0.01048089403774863
0.010451222893399715
0.010424346797337385
0.010400187132084553
0.010378667617810379
0.010359714698908392
0.010343257807812808
0.010329229537714505
0.010317565748052128
0.010308205620915509
0.010301091682239352
0.010296169798486032
0.01029338915713336
0.010292702237493227
0.010294064777045572
0.01029743573747059
0.010302777273824509
0.010310054709772204
0.010319236521424474
0.010330294332095577
0.010343202920180773
0.01035794024233714
0.01037448747422777
0.01039282907125593
0.010412952851974272
0.01043485010721048
0.01045851573841728
0.010483948429347438
0.010511150855898726
0.010540129939899716
0.010570897153759183
0.010603468884335361
0.010637866866169661
0.010674118696472777
0.010712258447078757
0.010752327392170793
0.01079437487516866
0.01083845934407614
0.010884649592263571
0.01093302625173115
0.010983683599240138
0.01103673175357556
0.011092299366438373
0.01115053694276013
0.011211620972629706
0.01127575912271185
0.011343196829682494
0.011414225777252903
0.011489194947145221
0.011568525255718871
0.011652729296570352
0.011742438540874317
0.011838441758294554
0.011941740924098882
0.012053635558202056
0.012175855776610713
0.012310784521962654
0.012461857913220353
0.013251361263262984
0.014056405735702809
0.014873222074099858
0.01569763593011455
0.016525359625367487
0.01735217711967282
0.018174058605488208
0.01898730120816068
0.019788625007592323
0.020575248584677065
0.021344921733662064
0.02209595503003945
0.022827195270965543
0.023537993148865094
0.0242281517749156
0.024897864900999787
0.025547650307975678
0.026178282963365933
0.02679073148285096
0.027386100334616418
0.02796557922833505
0.028530400302989485
0.029081803096715438
0.029621006842683883
0.030149189362947124
0.03066747169441017
0.0311769075428523
0.03167847669114773
0.032173081560210225
0.03266154621623009
0.03314461722080314
0.03362296483051837
0.03409719014691684
0.03456782271346074
0.03503532877282807
0.0355001144571674
0.03596253007182161
0.03642287429784391
0.036881398245596796
0.03733830931334521
0.03779377482334733
0.038247925422115386
0.03870085824071908
0.03915263982211537
0.039603308818924814
0.04005287847851345
0.04050133893298495
0.04094865928981749
0.04139478957549185
0.04183966250663822
0.0422831951285034
0.042725290326473084
0.043165838223987014
0.04360471747857344
0.04404179648651675
0.04447693450565787
0.04490998270477056
0.04534078514704314
0.04576917971372434
0.04619499897624889
0.04661807101647999
0.0470382202050034
0.04745526793835619
0.04786903333698275
0.04827933391092722
0.04868598619041135
0.04908880633461292
0.0494876106798678
0.04988221629315074
0.050272441492114676
0.050658106325541206
0.051039033032554484
0.05141504647525028
0.051785974544961505
0.05215164854225696
0.052511903530707255
0.052866578664436975
0.05321551748941036
0.05355856821843104
0.053895583986548826
0.05422642303995112
0.05455094899202213
0.05486903094565969
0.055180543650082244
0.05548536761761133
0.05578338921418273
0.056074500723647405
0.0563586003859261
0.056635592409115185
0.05690538695557202
0.05716790010204934
0.057423053773840396
0.05767518515342528
0.05792543766410615
0.058173647998015346
0.058419669397968825
0.05866336993939352
0.05890463125300693
0.05914334738702878
0.05937942385977792
0.059612776658300254
0.05984333147665023
0.06007102294673005
0.060295793952977766
0.06051759500622115
0.060736383670290744
0.060952124223121386
0.06116478660822839
0.06137434637490744
0.06158078462464449
0.0617840870818884
0.06198424392391622
0.06218124945494817
0.06237510180278337
0.06256580263652294
0.06275335690363164
0.06293777258472713
0.06311906046466016
0.0632972339186108
0.06347230871200277
0.06364430281322248
0.06381323621819089
0.06397913078594383
0.0641420100844411
0.06430189924591898
0.06445882483114321
0.06461281470197108
0.0647638979017182
0.06491210454280688
0.06505746570128107
0.06520001331775008
0.06533978010438692
0.06547679945762788
0.06561110537623964
0.0657427323844546
0.06587171545987613
0.06599808996589145
0.06612189158835793
0.06624315627629282
0.0663619201863725
0.06647821963103528
0.0665920910299719
0.06670357086482721
0.06681269563695351
0.06691950182802461
0.0670240258633745
0.06712630407791041
0.0672263726844397
0.06732426774431263
0.06742002514022313
0.06751368055106981
0.06760526942874259
0.06769482697675848
0.06778238813060877
0.06786798753974123
0.06795165955109042
0.06803343819404792
0.06811335716680143
0.06819144982397042
0.06826774916545131
0.06834228782640035
0.06841509806830061
0.06848621177103265
0.06855566042589799
0.06862347512953512
0.0686896865786703
0.06875432506564985
0.06881742047472193
0.06887900227899081
0.06893909953802162
0.06899774089605284
0.06905495458076391
0.06911076840257437
0.06916520975442338
0.0692183056120179
0.0692700825344909
0.0693205666654614
0.069369783734458
0.06941775905868253
0.06946451754508101
0.06951008369270306
0.06955448159533886
0.06959773494438394
0.06963986703193954
0.0696809007541175
0.0697208586145263
0.06975976272793634
0.0697976348240899
0.06983449625165972
0.06987036798233161
0.0699052706149924
0.06993922438002934
0.06997224914370763
0.07000436441263452
0.0700355893382807
0.07006594272157105
0.07009544301751698
0.070124108339883
0.07015195646590412
0.0697081872326566
0.06931192690333066
0.0689577565467771
0.06864157981750031
0.06835995683424878
0.06810992176776885
0.06788889225228331
0.0676946065095979
0.06752507293475485
0.06737852920034529
0.06725340856472108
0.06714831196174716
0.06706198476682118
0.06699329736773273
0.06694122884684661
0.066904853091881
0.06688332758602471
0.06687588293262378
0.06688181471733456
0.06690047620452537
0.06693127210144717
0.06697365319341594
0.06702711168617956
0.06709117716016658
0.06716541304122567
0.06724941351114717
0.06734280079381033
0.06744522276316232
0.06755635082783397
0.06767587805408155
0.06780351749522506
0.06793900069981257
0.0680820763755038
0.06823250918888663
0.06839007868426568
0.06855457830694126
0.06872581451852933
0.06890360599359513
0.0690877828883357
0.06927818617328826
0.06947466702309621
0.06967708625726726
0.06988531382663131
0.07009922834086407
0.07031871663301398
0.07054367335745881
0.07077400061814308
0.07100960762431463
0.0712504103712962
0.07149633134410747
0.0717472992419925
0.07200324872212235
0.07226412016092677
0.07252985943167171
0.07280041769704457
0.07307575121563506
0.07335582116131242
0.0736405934545988
0.07393003860522801
0.07422413156515724
0.07452285159136803
0.07482618211786002
0.07513411063629166
0.0754466285847781
0.07576373124439768
0.07608541764300202
0.07641169046596169
0.0767425559735112
0.07707802392439052
0.07741810750550322
0.07776282326734439
0.07811219106496477
0.07846623400426841
0.078824978393452
0.07918845369941889
0.07955669250901332
0.07992973049493608
0.08030760638621935
0.08069036194314887
0.08107804193653645
0.08147069413125513
0.08186836927396318
0.08227112108495196
0.0826790062540611
0.08309208444061829
0.08351041827736522
0.08393407337834412
0.08436311835072441
0.08479762481056123
0.08523766740248101
0.08568332382330161
0.0861346748496006
0.08659180436925203
0.08705479941696187
0.08752375021383947
0.0879987502110501
0.0884798961375997
0.08896728805231616
0.08946102940009376
0.08996122707247933
0.09046799147268594
0.09098143658512893
0.09150168004958863
0.09202884324011228
0.0925630513487781
0.09310443347445395
0.09365312271669446
0.09420925627492863
0.09477297555310511
0.0953444262699688
0.09592375857516053
0.09651112717133996
0.09710669144254512
0.097710615589021
0.0983230687687572
0.09894422524599654
0.0995742645469883
0.10021337162327887
0.10086173702285268
0.10151955706944985
0.1021870340504129
0.10286437641343274
0.10355179897258826
0.10424952312409669
0.10495777707221891
0.10567679606578603
0.10640682264584993
0.10714810690498021
0.10790090675877398
0.10866548823016489
0.1094421257471673
0.11023110245471998
0.11103271054133913
0.1118472515813319
0.1126750368933692
0.1135163879162634
0.11437163660285073
0.11524112583293328
0.1161252098462927
0.11702425469685535
0.11793863872915088
0.11886875307828439
0.11981500219471156
0.1207778043951958
0.12175759244140975
0.12275481414773928
0.12376993301994768
0.12480342892646457
0.1258557988041829
0.12692755740076447
0.12801923805559126
0.12913139352164082
0.1302645968307104
0.13141944220458518
0.13259654601491352
0.13379654779474065
0.13502011130485578
0.13626792565831886
0.13754070650676747
0.13883919729235283
0.1401641705694153
0.14151642940030648
0.14289680883006553
0.14430617744498983
0.1457454390205009
0.14721553426408462
0.1487174426595015
0.15025218441890317
0.15182082254997123
0.15342446504570828
0.15506426720506228
0.1567414340931579
0.15845722315056107
0.16021294696167046
0.1620099761930991
0.16384974766853996
0.16573374864768212
0.16766354782116757
0.16964078132656066
0.1716671611348826
0.1737444792731146
0.1758746120774804
0.1780595254003436
0.18030127276766306
0.1826020264215338
0.18496404648088213
0.18738971047802325
0.18988151437643144
0.19244207960219034
0.19507416054540125
0.1977806525647985
0.20056460053108013
0.2034292079468455
0.20637784668347184
0.209414067377829
0.21254161053433415
0.21576441838050678
0.2190866475268817
0.2225126824847641
0.22271654786791104
0.2230167793843084
0.22340670031727575
0.22388023347078398
0.2244318114725568
0.2250563087046768
0.22574898734911245
0.22650545309549552
0.2273216180197631
0.22819366906390687
0.22911804104278924
0.23009139339198195
0.23111059005180565
0.23217268200540142
0.2332748920768106
0.23441460166136077
0.23558933911229574
0.23679676954884618
0.23803468588456675
0.23930100090262899
0.24059374022816282
0.24191103606763195
0.24325112160231624
0.24461232593777826
0.24599306952412514
0.24739185997324212
0.24880728820921658
0.2502380248970782
0.25168281710290075
0.253140485145363
0.25460991960514573
0.25609007846412823
0.25757998435130586
0.25907872187673037
0.2605854350386377
0.2620993246922971
0.2636196460720459
0.2651457063604937
0.26667686230101456
0.2682125178514455
0.2697521218783816
0.2712951658926478
0.2728411818274578
0.2743897398614641
0.2759404462893917
0.27749294144325615
0.2790468976673116
0.28060201734989054
0.28215803101519316
0.2837146954778894
0.2852717920631274
0.28682912489421397
0.28838651924985476
0.28994381999245955
0.2915008900685775
0.2930576090821285
0.2946138719406695
0.29616958757453116
0.2977246777282763
0.2992790758235697
0.30083272589221416
0.30238558157780426
0.30393760520418367
0.30548876690864996
0.3070390438376553
0.3085884194025813
0.3101368825930337
0.31168442734499924
0.31323105196113776
0.31477675858043647
0.31632155269443657
0.3178654427072494
0.31940843953660475
0.3209505562532207
0.32249180775584685
0.32403221047940745
0.32557178213376115
0.32711054147068813
0.3286485080768227
0.33018570219035887
0.331722144539469
0.333257856200495
0.33479285847408524
0.3363271727775718
0.33786082055199257
0.3393938231822816
0.34092620192925754
0.3424579778721479
0.34398917186048933
0.3455198044743402
0.34704989599183683
0.34857946636320997
0.3501085351904619
0.3516371217119814
0.3531652447914441
0.35469292291041604
0.35622017416413476
0.35774701626000405
0.3592734665183864
0.3607995418753282
0.3623252588868924
0.3638506337348158
0.36537568223324257
0.36690041983631566
0.36842486164643956
0.3699490224230519
0.371472916591763
0.37299655825374667
0.37451996119527775
0.3760431388973345
0.37756610454519063
0.37908887103794153
0.3806114509979122
0.3821338567799104
0.3836561004802914
0.3851781939458108
0.38670014878224557
0.3882219763627706
0.3897436878360797
0.39126529413424593
0.39278680598031773
0.3943082338956497
0.3958295882069704
0.39735087905318894
0.3988721163919447
0.4003933100059066
0.4019144695088263
0.40343560435135284
0.4049567238266159
0.40647783707558494
0.4079989530922105
0.40952008072835727
0.411041228698535
0.4125624055844352
0.41408361983928077
0.4156048797919964
0.4171261936512057
0.41864756950906323
0.42016901534492695
0.42169053902887743
0.4232121483250909
0.42473385089507154
0.4262556536685627
0.42777756487677376
0.4292995918625961
0.4308217418838715
0.4323440221147736
0.4338664396473255
0.4353890014930097
0.4369117145844319
0.4384345857770162
0.43995762185070636
0.44148082951165774
0.4430042153939093
0.44452778606102195
0.44605154800767927
0.4475755076612424
0.4490996713832577
0.45062404547091284
0.45214863615844003
0.45367344961846584
0.45519849196330664
0.45672376924621094
0.45824928746254806
0.45977505255094425
0.46130107039436796
0.46282734682116394
0.4643538876060391
0.4658806984710004
0.4674077850862463
0.4689351530710136
0.4704628079943805
0.4719907553760278
0.4735190006869593
0.47504754935018284
0.4765764067413538
0.4781055781893814
0.4796350689770001
0.4811648843413068
0.4826950294742651
0.4842255095231787
0.48575632959113285
0.48728749473740796
0.4888190099778646
0.49035088028530066
0.491883110589784
0.49341570577895794
0.49494867069832477
0.4964820101515045
0.4980157289004728
0.49954983166577643
0.5010843231267296
0.5026192079215894
0.5041544906477138
0.5056901758617007
0.507226268079511
0.5087627717765744
0.5102996913878802
0.5118370313080531
0.23739512178229186
0.24118849524640243
0.24513023113013593
0.2492139228838399
0.2534330008879592
0.25778112212251963
0.2622523192085365
0.26684105205836384
0.27154221504017156
0.27635112259822636
0.28126348354402697
0.28627537273614834
0.2913831966570129
0.2965836699644283
0.3018737799429318
0.3072507616682204
0.3127120729620279
0.31825537145774596
0.32387849364706417
0.32957943577363763
0.33535633641798807
0.3412074606346686
0.3471311854729643
0.3531259867670575
0.35919042706096704
0.36532314456175646
0.3715228430262299
0.377788282485791
0.3841182707466628
0.39051165558068723
0.3969673175717124
0.40348416353256467
0.41006112048631604
0.41669713013350446
0.4233911437860809
0.43014211773565153
0.4369490090356127
0.44381077163089844
0.4507263528701869
0.45769469032205407
0.46471470891735306
0.4717853183753397
0.4789054109018555
0.48607385914743756
0.49328951440499186
0.5005512050466823
0.507857735169608
0.5152078834372406
0.5226004021383216
0.5300340164068438
0.5375074236283628
0.5450192930003214
0.5525682652619516
0.5601529525525254
0.5677719384263451
0.5754237779824225
0.5831069981294379
0.5908200979688176
0.5985615492742435
0.6063297970913588
0.6141232604249405
0.6219403330150244
0.629779384212531
0.6376387599182558
0.6455167836056649
0.6534117574130153
0.6613219632961744
0.6692456642377774
0.6771811055235323
0.6851265160401024
0.6930801096510669
0.7010400865906082
0.7090046348953367
0.716971931867832
0.7249401455712332
0.7329074363399992
0.7408719583084353
0.7488318609577853
0.7567852906683449
0.7647303922750972
0.7726653106384428
0.7805881921914353
0.7884971865086693
0.7963904478395183
0.8042661366505327
0.8121224211392712
0.81995747874231
0.8277694976028964
0.8355566780397176
0.8433172339645897
0.8510493942942448
0.8587514043075822
0.8664215269837
0.8740580443014778
0.8816592584992228
0.8892234932921804
0.8967490950538066
0.904234433947864
0.9116779050241884
0.9190779292613731
0.9264329545597724
0.9337414566986533
0.9410019402348943
0.9482129393516151
0.9553730186664495
0.9624807739741605
0.9695348329536075
0.9765338558152598
0.98347653590171
0.9903616002306094
0.9971878099942972
1.0039539610133763
1.0106588841214228
1.0173014455190994
1.0238805470744647
1.0303951265730942
1.0368441579136765
1.0432266512780803
1.04954165323237
1.0557882467994097
1.061965551483881
1.0680727232475689
1.0741089544577103
1.0800734744096423
1.0859655473048193
1.091784473977483
1.0975295910407739
1.1032002706472988
1.108795920213381
1.1143159821084134
1.1197599333171204
1.1251272850784586
1.13151531288578
1.1378782469199307
1.1442096862548947
1.1505036497671388
1.1567545478615833
1.1629571566513741
1.1691065954058162
1.1751983064542457
1.1812280369787598
1.1871918223352809
1.193085970626369
1.1989070483548074
1.2046518670041129
1.2103174704446373
1.2159011230879528
1.2214002987052723
1.2268126698718131
1.2321360979717613
1.2373686237322883
1.242508458245402
1.2475539744424078
1.252503699004462
1.2573563046563816
1.2621106028497082
1.2667655367896353
1.271320174799131
1.2757737039947197
1.280125424256121
1.2843747424825143
1.2885211671101229
1.2925643028832854
1.2965038458640508
1.3003395786695493
1.3040713659273744
1.3076991499344643
1.3112229465139762
1.3146428410564825
1.3179589847436957
1.3211715909386905
1.3242809317406905
1.3272873346948435
1.3301911796489352
1.332992895756221
1.3356929586085549
1.3382918875022953
1.340790242829733
1.3431886235865353
1.345487664995141
1.347688044181744
1.349790453856513
1.3517956247300307
1.3537043083507727
1.3555172963405964
1.3572353971746522
1.3588594417319109
1.3603902816742548
1.3618287879057898
1.3631758491044605
1.3644323703279184
1.3655992716882128
1.3666774870930793
1.3676679630522581
1.3685716576073226
1.36938953907799
1.370122585243468
1.3707717823305536
