1.4977
1.4998787477648148
1.499846849282701
1.4998380040306505
1.4998324124456481
1.4998274773500715
1.4998228492912227
1.4998184727286312
1.4998143309260585
1.4998104126443619
1.4998067077760575
1.4998032067549172
1.4997999004587275
1.49979678017747
1.4997938375911415
1.4997910647498667
1.4998544630771817
1.4998560086029635
1.4997881755372855
1.4997821161322362
1.499779581625215
1.4997776134345047
1.4997758246998587
1.4997741607033546
1.4997726097689565
1.4997711659619053
1.499769824271593
1.4997685799823604
1.4997674285842184
1.4997663657534819
1.4997653873427952
1.4997644893727307
1.499763668023941
1.499762919629711
1.4997622406688722
1.4997616277590586
1.499761077650282
1.4997605872188133
1.4997601534613494
1.4997597734894532
1.499759444524251
1.499759163891374
1.4997589290161306
1.4997587374188994
1.4997585867107284
1.4997584745891341
1.4997583988340857
1.4997583573041695
1.4997583479329204
1.499758368725318
1.4997584177544316
1.4997584931582126
1.4997585931364268
1.4997587159477161
1.499758859906788
1.499759023381722
1.4997592047913952
1.4997594026030108
1.4997596153297323
1.4997598415284206
1.4997600797974575
1.4997603287746684
1.4997605871353232
1.4997608535902254
1.4997611268838749
1.4997614057927102
1.4997616891234193
1.4997619757113223
1.4997622644188149
1.4997625541338822
1.4997628437686656
1.4997631322580929
1.4997634185585604
1.499763701646672
1.4997639805180247
1.4997642541860474
1.4997645216808855
1.4997647820483309
1.499765034348795
1.499765277656327
1.4997655110576678
1.4997657336513488
1.4997659445468257
1.4997661428636482
1.4997663277306685
1.4997664982852812
1.499766653672699
1.4997667930452607
1.4997669155617686
1.4997670203868603
1.4997671066904101
1.4997671736469578
1.499767220435167
1.4997672462373157
1.4997672502388106
1.49976723162773
1.4997671895943951
1.4997671233309688
1.4997670320310779
1.4997669148894657
1.4997667711016696
1.4997665998637233
1.4997664003718882
1.499766171822409
1.4997659134112968
1.499765624334138
1.4997653037859306
1.4997649509609465
1.499764565052622
1.4997641452534733
1.4997636907550447
1.4997632007478796
1.4997626744215224
1.499762110964551
1.499761509564635
1.4997608694086297
1.4997601896826944
1.499759469572448
1.4997587082631516
1.4997579049399286
1.4997570587880138
1.499756168993041
1.4997552347413619
1.4997542552204042
1.4997532296190648
1.499752157128139
1.4997510369407931
1.4997498682530717
1.4997486502644464
1.4997473821784093
1.4997460632031046
1.4997446925520046
1.4997432694446327
1.4997417931073265
1.4997402627740526
1.50040584657078
1.5004138270630027
1.500387469095465
1.5003568995067769
1.5003258211109016
1.5002947930414725
1.5002639760930996
1.5002334618110025
1.500203316087351
1.5001735880259666
1.5001443138407637
1.5001155195136926
1.500087222815698
1.500059434881435
1.5000321614475374
1.5000054038317878
1.4999791597103118
1.4999534237356624
1.4999281880282658
1.4999034425660112
1.4998791754910026
1.4998553733481261
1.4998320212667189
1.499809103094033
1.4997866014870926
1.4997644979679212
1.4997427729457087
1.4997214057083612
1.4997003743848536
1.4996796558788936
1.4996592257735346
1.4996390582055137
1.499619125707193
1.4995993990130068
1.4995798468262225
1.4995604355405465
1.4995411289095968
1.4995218876554113
1.4995026690048983
1.4994834261402832
1.4994641075460045
1.4994446562298964
1.4994250087905387
1.4994050942948571
1.4993848329197923
1.4993641342981545
1.4993428954903356
1.4993209984783846
1.4992983070442285
1.499274662845222
1.4992498804312042
1.4992237408476785
1.4991959833235002
1.4991662943224813
1.4991342929032136
1.4990995108059937
1.499061364839136
1.4990191177298746
1.4989718211818188
1.4989182305322482
1.4988566722121137
1.498784828870672
1.4986993720594972
1.498595290723955
