730323.6238512
715920.8285068953
716944.6459584314
718221.6920039634
719634.1373441548
721114.9740743533
722625.3995888772
724142.7792559859
725653.7439273248
727150.2252544002
728627.1764155953
730081.260189009
731510.092298926
732911.8034126619
734284.7838331544
735627.5327200877
736938.566851215
738216.3629855106
739459.3188233724
740665.7238272786
741833.7347511004
742961.3527645308
744046.4002044
745086.4956105
746079.0260242393
747021.1156655381
747909.5901245681
748740.9351477271
749511.2489796119
750216.1870527632
750850.8975941467
751409.9464382336
751887.228991298
752275.8668712295
752568.0862358579
752755.0741971474
752826.8089820207
752771.8586306138
752577.1420134612
752227.6448120535
751706.1043807911
750992.5198594107
750063.809141686
748893.1614068584
747449.4037788985
745696.2456936963
743591.4261937864
741085.730670833
738122.2525667344
734635.256193107
730549.8484468091
725782.1501304694
720240.9245268883
713831.7054293281
706465.034974394
698070.9260519533
688621.7232781104
678164.2137349732
666857.6756294476
655006.5177685823
643066.4776025432
631600.8854012537
621180.6864482536
612258.2171841691
605072.4154892664
599629.587278843
595756.5310899582
593185.0887915621
591628.2185627314
590826.5747262742
590568.491004279
590692.007380952
591078.348608529
591642.8398382305
592326.2515018142
593087.6806960776
593899.1275747978
594741.5435708223
595602.0302554041
596471.8882377065
597345.273346689
598218.2778533966
599088.3051935829
599953.6456976762
600813.1892857172
601666.2310843441
602512.3399988043
603351.2698652633
604183.2515496284
605007.6093929801
605824.6269575852
606634.0188829002
607436.5117430281
608231.9459616174
609020.4262044171
609802.0671319441
610576.989587114
611345.3470914828
612107.2181461215
612862.7454859238
613612.0582578458
614355.2846834295
615092.5519497171
615823.9861089897
616549.7119922187
617269.8531364659
617984.5317247689
618693.8685365897
619397.9829068626
620096.992692024
620791.0142416449
621480.162374582
622164.5503588791
622844.2898947311
623519.4911000665
624190.2624983427
624856.7110084322
625518.9419359752
626177.0589666374
626831.1641605691
627481.3579482447
628127.7391275464
628770.4048619452
629409.4506797983
630044.9704745291
630677.0565059688
631305.7994023839
631931.2881633363
632553.6101640795
633172.8511588974
633789.0952875344
634402.425080624
635012.9214664529
635620.6637782464
636225.7297620724
636828.1955853397
637428.1358458613
638025.6235814558
638620.7302800682
639213.5258904098
639804.0788330564
640392.4560120219
640978.7228267887
641562.9431847442
642145.1795140639
642725.4927769561
643303.9424833292
643880.586704797
644455.4820890601
645028.6838746275
645600.2459058589
646170.2206483359
646738.6592045352
647305.6113297928
647871.1254485507
648435.2486708739
648998.0268092346
649559.5043955212
650119.7246983162
650678.7297403732
651236.5603163277
651793.256010597
652348.8552154892
652903.3951494992
653456.9118757608
654009.4403206842
654561.0142927387
655111.6665013847
655661.4285761465
656210.3310858033
656758.4035577136
657305.674497232
657852.1714072407
658397.9208077813
658942.9482557357
