33.06972130866908
33.06600361360506
33.06239463288363
33.0588938978489
33.05550093662246
33.052215258215014
33.049036352414
33.04596369108883
33.04299672987845
33.0401349100094
33.037377660163656
33.03472439835444
33.032174533777294
33.02972746860904
33.02738259973038
33.02513932035198
33.02299702152797
33.020955093544934
33.01901292717864
33.01716991481428
33.0154254514298
33.01377893544463
33.01222976943874
33.01077736074908
33.00942112195169
33.00816047123921
33.00699483270379
33.005923636535975
33.00494631914997
33.004062332302034
33.00327111402666
33.00257211958973
33.00196481044024
33.00144865410826
33.00102312408093
33.000687699662535
33.00044186582374
33.000285113044676
33.00021693715556
33.00023683917807
33.000344325170204
33.000538906076436
33.00082009758516
33.00118741999431
33.00164039808622
33.00217856101219
33.00280144218708
33.00350857919401
33.00429951369902
33.00517379137536
33.00613096183724
33.00717057858216
33.008292198941646
33.00949538403942
33.010779698756586
33.012144711702945
33.01358999519375
33.01511512523127
33.01671968149035
33.01840324730723
33.02016540967103
33.02200575921713
33.023923890221866
33.025919400597935
33.02799189188984
33.03014096926897
33.03236624152773
33.03466732107229
33.03704382391351
33.03949536965568
33.04202158148281
33.044622086142006
33.047296513923946
33.050044498639906
33.052865677595534
33.05575969156096
33.058726184737296
33.06176480471941
33.064875202455
33.06805703219997
33.071309951470056
33.07463362098896
33.07802770463289
33.08149186937173
33.08502578520705
33.08862912510692
33.09230156493784
33.09604278339402
33.099852461924094
33.10373028465551
33.10767593831694
33.11168911215866
33.11576949787153
33.119916789504394
33.124130683380365
33.12841087801224
33.132757073985665
33.13716897396742
33.141646282525365
33.14618870607351
33.150795952785884
33.15546773251081
33.16020375668561
33.165003738252004
33.16986739157229
33.17479443234654
33.17978457753086
33.18483759708025
33.18995315968558
33.19513098558508
33.20037079595956
33.20567231285786
33.211035259124046
33.21645935832636
33.22194433468794
33.227489913019454
33.23309581865362
33.238761777381654
33.24448751539168
33.25027275920912
33.25611723563901
33.26202067171043
33.26798279462277
33.27400333169408
33.28008201031137
33.286218557882826
33.292412701792045
33.29866416935414
33.30497268777378
33.31133798410508
33.31775978521342
33.32423781773899
33.33077180806233
33.33736148227124
33.34400656613019
33.350706785050605
33.35746186406341
33.36427152779307
33.37113550043328
33.37805350572426
33.3850252669317
33.39205050682724
33.399128947670455
33.406260311192455
33.41344431858091
33.42068069046653
33.42796914691114
33.43530940739698
33.442701190817644
33.45014421547026
33.45763819904912
33.46518285864071
33.47277791071998
33.480423071148074
33.48811805517134
33.49586257742163
33.50365635191792
33.51149909206922
33.51939051067879
33.527330319949506
33.53531823149065
33.543353956325795
33.5514372049842
33.55956768726322
33.56774511249064
33.57596918945148
33.58423962640288
33.5925561310895
33.600918410802166
33.60932617226857
33.617779121798556
33.62627696526179
33.63481940810857
33.64340615530869
33.65203691162546
33.66071138138612
33.66942926859409
33.67819027695418
33.68699410989976
33.69584047062084
33.70472906209333
33.71365958710913
33.72263174830714
33.73164524820521
33.74069978923294
33.74979507376529
33.758930804157025
33.76810668277793
33.777322412048775
33.78657769447792
33.79587223269872
33.80520572950749
33.814577887902054
33.82398841112091
33.833437002682885
33.84292336642729
33.85244720655451
33.86200822766702
33.87160613481072
