0.985288
0.6473975318867574
0.6472833039759782
0.6471704594680714
0.6470593841531135
0.6469500756435123
0.6468424874808927
0.6467365699514123
0.6466322752884327
0.6465295582344605
0.6464283760048636
0.6463286881802276
0.6462304565955407
0.6461336452346965
0.6460382201310108
0.6459441492735009
0.6458499170781923
0.6457584247720898
0.6456697580026879
0.6455808979262793
0.645493187880271
0.6454066674894688
0.6453213241619412
0.6452371397570894
0.6451540965599376
0.6450721780059361
0.6449913687312291
0.6449116545383082
0.6448330223529708
0.6447554601822197
0.6446789570742472
0.6446035030805323
0.6445290892199537
0.6444557074448235
0.6443833506087282
0.6443120124360922
0.6442416874933625
0.644172371161747
0.6441040596114104
0.6440367497770686
0.6439704393349056
0.6439051266807415
0.6438408109094099
0.6437774917952616
0.6437151697737585
0.6436538459241031
0.6435935219528467
0.6435342001784425
0.6434758835166879
0.6434185754670319
0.643362280099684
0.6433070020435201
0.6432527464747194
0.6431995191061215
0.6431473261772621
0.6430961744450617
0.6430460711751331
0.6429970241336963
0.6429490415800524
0.6429021322596133
0.6428563053974542
0.6428115706923646
0.6427679383113877
0.6427254188848154
0.6426840235016245
0.6426437637053474
0.6426046514903339
0.6425666992984164
0.6425299200159383
0.6424943269711466
0.6424599339319267
0.6424267551038592
0.642394805128598
0.6423640990825507
0.6423346524758354
0.6423064812515284
0.6422796017851552
0.6422540308844513
0.6422297857893489
0.6422068841721935
0.6421853441381764
0.6421651842259741
0.6421464234085748
0.6421290810942921
0.6421131771279485
0.6420987317922209
0.6420857658091348
0.6420743003416941
0.6420643569956458
0.6420559578213673
0.642049125315832
0.6420438824247078
0.6420402525445362
0.6420382595249446
0.6420379276709713
0.6420392817454122
0.6420423469712153
0.6420471490339051
0.6420537140840185
0.6420620687395411
0.6420722400883354
0.6420842556905517
0.6420981435809912
0.6421139322714211
0.6421316507528354
0.6421513284976191
0.6421729954616301
0.6421966820861593
0.6422224192997773
0.6422502385200215
0.6422801716549388
0.642312251104432
0.6423465097614222
0.6423829810127868
0.6424216987400649
0.642462697319906
0.6425060116242364
0.6425516770201296
0.6425997293693559
0.6426502050275767
0.6427031408431858
0.6427585741557362
0.6428165427939625
0.6428770850733463
0.6429402397932122
0.6430060462333186
0.6430745441499183
0.6431457737712599
0.6432197757924843
0.6432965913699223
0.6433762621147066
0.6434588300857085
0.6435443377817567
0.6436328281330869
0.6437243444919903
0.6360766331382312
0.6364499858723699
0.6368260172731216
0.6372044835837964
0.6375856940029577
0.6379700326727747
0.6383578851724211
0.6387496210158982
0.6391455876571286
0.6395461087202615
0.6399514843765343
0.6403619928888702
0.6407778927686606
0.641199425218092
0.6416268166682018
0.6420602813067646
0.6425000235418802
0.6429462403791403
0.6433991237100196
0.6438588625213206
0.6443256450430822
0.6447996608571397
0.6452811029917729
0.6457701700302994
0.6462670682636441
0.6467720139192168
0.6472852355010607
0.6478069762795722
0.6483374969731762
0.6488770786695798
0.64942602604071
0.6499846709136174
0.6505533762698045
0.651132540758134
0.6517226038222238
0.6523240515630812
0.6529374234823744
0.6535633202829038
0.6542024129421314
0.6548554533247622
0.6555232866634736
0.6562068663209886
0.6569072713508365
0.6576257275164281
0.6583636326107698
0.6591225871659272
0.6599044319724723
0.6607112942808845
0.661545645180065
0.6624103715200059
0.6633088669831684
0.6642451486948028
0.665224008384585
0.6662512110407581
0.6673337600129765
0.6684802569602122
0.669701400270437
0.6710106909363901
0.6724254586411488
0.6739683995818094
0.6756699664672091
0.6775722495715799
0.6797356300004793
0.6822509967453654
