135250.8683471182
287751.93764149735
287737.22928396217
287721.9895803943
287706.20495516266
287689.87421442324
287672.9973054425
287655.5748330898
287637.6080160651
287619.0986601389
287600.04913201206
287580.4623331093
287560.3416732319
287539.69104403706
287518.5147924511
287496.817693921
287474.6049256967
287451.88204010867
287428.65493797377
287404.9298422316
287380.7132717602
287356.0120156063
287330.83310766914
287305.18380176823
287279.07154741645
287252.503966107
287225.4888283614
287198.03403146414
287170.14757804177
287141.83755536744
287113.1121156282
287083.97945700784
287054.4478056163
287024.5253984891
286994.2204673642
286963.5412232507
286932.49584299565
286901.0924541755
286869.33912422083
286837.2438481456
286804.81453784654
286772.059012334
286738.98498862097
286705.60007390624
286671.9117574129
286637.9274045887
286603.6542506866
286569.0993957187
286534.2697999333
286499.1722798914
286463.81350524357
286428.19999598566
286392.33812032425
286356.2340930543
286319.89405306225
286283.3237443658
286246.5289988023
286209.5154103561
286172.28841809026
286134.8533069116
286097.21520877443
286059.3791040271
286021.3498231134
285983.13204850024
285944.73031674547
285906.149020829
285867.3924126458
285828.4646055884
285789.36957734247
285750.1111727185
285710.693106639
285671.1189671478
285631.39221856376
285591.5162045764
285551.4941514996
285511.32917145756
285471.0242656192
285430.58232748514
285390.0061460623
285349.2984091411
285308.4617064787
285267.4985329815
285226.4112918566
285185.2022976864
285143.8737795294
285102.42788391304
285060.8666777595
285019.1921513335
284977.40622104023
284935.5107322275
284893.50746186887
284851.3981212152
284774.1938013408
284699.7268731563
284625.31707471167
284550.9942348608
284476.74071198155
284402.6809160211
284328.72171852353
284254.9081130735
284181.24740186334
284107.74499048834
284034.4047911593
283961.22954080236
283888.2210521567
283815.38041189534
283742.7081370122
283670.2042981628
283597.8686170356
283525.70054314664
283453.6993143602
283381.86400469847
283310.1935618564
283238.686837327
283167.34260888345
283096.1595998791
283025.13649326476
282954.2719430863
282883.5645834369
282813.0130354583
282742.61591288145
282672.371826315
282602.2793866488
282532.33720764116
282462.5439080042
282392.8981129466
282323.39845542354
282254.0435770639
282184.8321288627
282115.76277171297
282046.8341768226
281978.0450260044
281909.39401179913
281840.8798376221
281772.50121810404
281704.25687860773
281636.1455554728
281568.16599651723
281500.3169600471
281432.5972155018
281365.0055431004
281297.5407338543
281230.2015894195
281162.9869221021
281095.89555464184
281028.9263202852
280962.0780625297
280895.34963511745
280828.7399018935
280762.2477367615
280695.87202353944
280629.61165588663
280563.4655371954
280497.432580486
280431.51170835504
280365.7018528152
280300.0019552724
280234.4109663744
280168.92784595455
280103.5515629331
280038.28109520767
279973.1154296085
279908.05356175563
279843.09449603036
279778.23724543
279713.48083152855
279648.82428437873
279584.26664241584
279519.80695240106
279455.4442693103
279391.17765629437
279327.00618455146
279262.9289332839
279198.9449896243
279135.05344852404
279071.2534126829
279007.5439925533
278943.9243061354
278880.3934789963
278816.9506441889
278753.59494214895
278690.325520644
278627.14153468533
278564.042146505
278501.0265254204
278438.09384782927
278375.2432970944
278312.4740635209
278249.78534425324
278187.1763432246
278124.64627111
278062.1943452284
277999.81978951674
277937.52183443843
277875.299716939
277813.15268038464
277751.0799744873
277689.0808552754
277627.15458500065
