0.18168522734377976
0.18162648088681094
0.1816698586118704
0.18180704012800275
0.18202969464100896
0.1823298317962302
0.18269997807382893
0.18313324829452085
0.18362335723733253
0.18416459895447085
0.18475180985846523
0.1853803249681553
0.18604593276718226
0.1867448307340991
0.18747358497056232
0.18822909148588687
0.18900854212835125
0.1898093937326544
0.1906293405378913
0.1914662896056505
0.1923183389490282
0.19318375808772212
0.1940609707610023
0.19494853955257446
0.19584515220568288
0.196749609430759
0.19766081403063793
0.1985777611891599
0.19949952978765606
0.20042527463048632
0.20135421947538898
0.20228565077732658
0.20321891206562337
0.20415339888410863
0.2050885542323558
0.20602386445361898
0.20695885552149973
0.2078930896830163
0.20882616242057347
0.209757699699786
0.2106873554736677
0.2116148094171442
0.2125397648686273
0.21346194695796797
0.21438110090233678
0.21529699045353498
0.21620939648200993
0.2171181156843426
0.21802295940236513
0.21892375254333005
0.21982033259152106
0.22071254870276596
0.22160026087409654
0.22248333918162494
0.22336166308031744
0.22423512076005178
0.22510360855280032
0.22596703038635702
0.22682529728041995
0.22767832688123396
0.22852604303141355
0.22936837537181914
0.23020525897269156
0.23103663399152466
0.23186244535533626
0.23268264246527715
0.2334971789216723
0.23430601226776854
0.23510910375062632
0.2359064180977525
0.236697923308139
0.2374835904565996
0.23826339351027878
0.23903730915638702
0.23980531664027716
0.24056739761306065
0.24132353598801984
0.24207371780515424
0.24281793110325686
0.24355616579895573
0.2442884135722165
0.24501466775785835
0.24573492324262755
0.24644917636748945
0.24715742483473552
0.24785966761962702
0.24855590488624948
0.24924613790733063
0.24993036898774615
0.25060860139152524
0.2512808392721047
0.2519470876056821
0.25260735212745217
0.2532616392705975
0.25390995610787037
0.2545523102956298
0.2551887100202072
0.2558191639464909
0.2564436811686134
0.2570622711626527
0.2576749437412455
0.25828170901002945
0.2588825773258484
0.25947755925663096
0.26006666554288177
0.2606499070607302
0.26122729478646006
0.26179883976248824
0.2623645530647245
0.26292444577127433
0.26347852893243356
0.2640268135419436
0.2645693105094667
0.2651060306342296
0.26563698457982804
0.26616218285014437
0.26668163576635107
0.26719535344496936
0.26770334577697574
0.2682056224079027
0.26870219271893725
0.26919306580898333
0.26967825047766475
0.2701577552092649
0.27063158820682665
0.2710997572288773
0.2715622697263469
0.272019132779502
0.2724703530862758
0.2729159369514361
0.2733558902765771
0.27379021855092667
0.2742189268429607
0.2749389318581753
0.27566371101581955
0.27639178861134367
0.27712179525294156
0.2778524610253605
0.2785826088875065
0.27931114851008637
0.2800370705266795
0.2807594411717307
0.28147739727967774
0.28219014162049133
0.28289693854821346
0.2835971099404634
0.2842900314083279
0.2849751287574726
0.28565187468268494
0.28631978567938915
0.28697841915690003
0.2876273707393567
0.28826627174134983
0.2888947868062571
0.28951261169622494
0.2901194712235688
0.29071511731415983
0.29129932719405704
0.29187190169130944
0.2924326636454409
0.2929814564176772
0.29351814249547903
0.2940426021853935
0.2945547323886628
0.2950544454544105
0.2955416681055792
0.296016340433121
0.2964784149542357
0.2969278557307347
0.29736463754385584
0.2977887451220974
0.2982001724188515
0.2985989219368218
0.29898500409639917
0.29935843664533984
0.2997192441072598
0.3000674572665999
0.30040311268787034
0.30072625226710564
0.3010369228135876
0.30133517566001394
0.30162106641862296
0.3018946542801917
0.3021560020679866
0.3024051757170527
0.30264224431960884
0.30286727955113313
0.30308035554597806
0.3032815486811375
0.3034709373762362
0.30364860190876897
0.30381462424369055
0.3039690878765206
0.30411207768920623
0.3042436798180606
0.3043639815410933
0.30447307114400884
0.30457103784653994
0.3046579717055535
