0.31332
0.4598158891610203
0.46424881534439416
0.46868411954675016
0.4731213807106389
0.4775606088615962
0.48200186771888187
0.48644522476966656
0.49089074472719
0.49533848871674474
0.4997885142143357
0.5042408750813167
0.5086956216084709
0.5131528005582083
0.5176124552034586
0.5220746253631576
0.5265412301768991
0.5310085661744833
0.5354764937939503
0.5399489458303195
0.5444241648987237
0.5489020806334831
0.5533826976704678
0.5578660275662183
0.5623520799281477
0.5668408612628851
0.5713323748276546
0.5758266206098276
0.5803235953207673
0.5848232923892058
0.5893257019522377
0.5938308108437235
0.598338602580092
0.6028490573435561
0.6073621519627761
0.6118778598909745
0.6163961511815387
0.6209169924611138
0.6254403469002031
0.6299661741813012
0.6344944304645562
0.6390250683509873
0.6435580368432479
0.6480932813039689
0.6526307434116646
0.6571703611142276
0.661712068580001
0.6662557961464544
0.6708014702664431
0.675349013452079
0.6798983442161988
0.6844493770114392
0.68900202216693
0.6935561858225889
0.6981117698610423
0.7026686718371595
0.7072267849052107
0.7117859977436516
0.7163461944775331
0.7209072545985514
0.7254690528827311
0.7300314593057528
0.7345943389559398
0.7391575519448924
0.7437209533157997
0.7482843929494251
0.7528477154677852
0.757410760135529
0.7619733607590412
0.7665353455832826
0.7710965371863772
0.7756567523719978
0.780215802059541
0.7847734911721237
0.7893296185224558
0.7938839766966136
0.7984363519357338
0.8029865240156814
0.8075342661247389
0.8120793447393554
0.8166215194980256
0.8211605430733353
0.8256961610422603
0.8302281117547613
0.8347561262007739
0.83927992787565
0.8437992326441567
0.8483137486031173
0.852823175942782
0.8573272068070551
0.8618255251527067
0.8663178066075498
0.8708037183280902
0.8752829188562034
0.8797550579755566
0.8842197765675857
0.8886767064673217
0.8931254703192201
0.8975656814331809
0.9019969436409648
0.9064188511532122
0.91083098841729
0.9152329299761989
0.9196242403288
0.924004473791606
0.9283731743624293
0.9327298755861672
0.9370741004230287
0.9414053611195285
0.9457231590825784
0.9500269847570252
0.9543163175070087
0.9585906255015153
0.9628493656045365
0.9670919832702364
0.9713179124435856
0.975526575466884
0.9797173829926781
0.9838897339035266
0.9880430152391599
0.9921766021315197
0.9962898577482614
1.0003821332452516
1.0044527677286703
1.0085010882272913
1.0125264096755828
1.0165280349082555
1.0205052546669073
1.0244573476194487
1.0283835803929924
1.032283207620912
1.0361554720047863
1.039999604391979
1.0438148238695784
1.0476003378754988
1.1494563029627347
1.1686463449740414
1.1874234789915123
1.2058327311449577
1.223908866535186
1.2416798441661296
1.259168476906534
1.2763935466236587
1.2933706219516905
1.3101126748252445
1.3266305527419657
1.34293334514331
1.3590286707941193
1.3749229053502667
1.3906213630181903
1.4061284425125478
1.4214477448916152
1.4365821689573417
1.451533988524461
1.4663049148396288
1.4808961466637478
1.4953084099467024
1.5095419885730017
1.523596747303089
1.5374721477524163
1.5511672580190776
1.564680756376589
1.5780109292800701
1.5911556637824162
1.6041124343149726
1.616878283647918
1.6294497977030202
1.6418230737395616
1.6539936812666856
1.665956614844511
1.6777062377138898
1.6892362149300135
1.7005394343545157
1.7116079134681752
1.7224326894789532
1.7330036895888503
1.7433095775099938
1.753337571330906
1.7630732265586957
1.7725001765003545
1.7815998199590164
1.7903509433116784
1.7987292601208023
1.8067068461019549
1.8142514399147012
1.82132556994641
1.8278854526140609
1.83387958651506
1.839246935494439
1.843914546576901
1.847794375982853
1.8507789811138928
1.8527355478060858
1.85349740274487
1.8528515974661985
1.850520107605313
1.846130147983116
1.839164813601549
1.8288754329728107
