89.51456966399999
87.01489508001346
87.89954536663946
88.77950825791872
89.65480075218035
90.52549124060134
91.39165300729216
92.2533579822428
93.11067591878948
93.96367429080209
94.81241828706827
95.65697082041531
96.49739254050468
97.33374184867164
98.16607491443243
98.99444569346497
99.81895709425802
100.63938567004462
101.45593963266684
102.2689552945947
103.07825851445163
103.88387911914984
104.68585470256086
105.48422210506972
106.27901632402292
107.07027039391411
107.85801539298362
108.64228046634935
109.42309285129373
110.20047790281313
110.97445911910607
111.74505816693336
112.51229490678666
113.2761874178294
114.03675202256115
114.7940033111746
115.54795416557225
116.29861578300886
117.04599769933235
117.79010781181034
118.53095240150446
119.26853615518866
120.00286218678394
120.73393205830676
121.46174580031044
122.18630193181171
122.90759747970161
123.62562799762544
124.34038758433107
125.05186890148683
125.76006319096105
126.46496029156896
127.16654865528443
127.86481536292433
128.55974613930155
129.25132536786094
129.93953610479716
130.6243600926677
131.30577777350024
131.98376830141456
132.65830955476073
133.32937814778438
133.99694944183904
134.6609975561442
135.32149537811492
135.97841457326882
136.63172559472795
137.28139769232644
137.92739892134952
138.56969615090637
139.20825507196463
139.84304020505783
140.47401490768843
141.10114138143322
141.72438067881106
142.34369270985715
142.9590362484944
143.57036893869315
144.1776473004451
144.78082673556784
145.3798615333768
145.9747048762291
146.5653088449785
147.15162442436028
147.73360150832784
148.31118890537402
148.88433434385576
149.45298447735362
150.0170848900945
150.57658010246243
151.13141357661996
151.681527722308
152.22686390276093
152.7673624409066
153.30296262575064
153.83360271905607
154.35921996232574
154.87975058411652
155.39512980773745
155.90529185934318
156.41016997648364
156.90969641712147
157.40380246917744
157.89241846061927
158.375473770154
158.85289683854307
159.32461518059708
159.7905553978771
160.25064319214945
160.7048033796409
161.15295990612213
161.59503586287883
162.03095350359806
162.46063426223083
162.88399877185444
163.3009668846007
163.71145769267665
164.11538955053732
164.51268009824446
164.903246286066
165.28700440035624
165.66387009076595
166.03375839882787
166.39658378795858
166.75226017492972
167.10070096284923
167.44181907569575
167.7755269944579
168.1017367949088
168.42036018707432
168.7313085564249
169.0344930068353
169.32982440535375
169.61721342881935
169.89657061235567
174.80617735991044
175.291062615124
175.7475245742958
176.17491057912318
176.57272700669716
176.94068957614115
177.27868065136494
177.58670997389888
177.8648850473591
178.11338893058164
178.3324632772439
178.5223951204413
178.68350638462323
178.81614542404344
178.9206800941063
178.99749200004183
179.04697166113985
179.06951439373483
179.06551676201497
179.03537347855172
178.97947466039065
178.89820336410645
178.79193333624795
178.66102692530296
178.50583310844746
178.3266855915741
178.1239009447313
177.89777673748935
177.6485896399935
177.3765934557445
177.08201705145757
176.76506214771425
176.42590093154098
176.06467344834164
175.68148472574265
175.27640157561908
174.84944901262438
174.40060621758343
173.92980196170282
173.4369093920562
172.92174005946734
172.3840370457776
171.823467016934
171.23961098996304
170.63195355280206
169.99987021317457
169.34261247145966
168.65929010656487
167.94885002428884
167.2100508319027
166.44143205246442
165.64127655104414
164.80756427265112
163.93791472788533
163.02951471330366
162.07902637067792
161.082468631032
160.03506195172127
158.93102134135864
157.76327473376648
156.52307050590613
155.19941483961463
153.77823750454328
152.24110357584712
