13.278
27.175031109484546
27.26185207066019
27.370363342579832
27.498449245686825
27.644277680022732
27.806259148414863
27.983007852984112
28.173308719239824
28.376089927552698
28.59040018846572
28.815389979852227
29.05029604903509
29.29442859191618
29.547160624980908
29.80791915578887
30.076177831932174
30.351450808864954
30.6332876256419
30.921268916587636
31.215002818143898
31.514121955196345
31.81828091131833
32.12715410362125
32.44043399607101
32.75782959586075
33.07906518622512
33.40387925631699
33.732023594805675
34.06326251887741
34.397372214556704
34.73414016788776
35.07336466956812
35.414854378299324
35.75842793040223
36.10391358522849
36.45114889767962
36.79998041061646
37.15026336131996
37.50186139730414
37.85464629781239
38.208497698206905
38.563302815222194
38.91895617170949
39.27535932005695
39.632420563918224
39.99005467827923
40.348182628188574
40.70673128671179
41.065633152865814
41.42482607039797
41.78425294835852
42.14386148445472
42.503603892253636
42.86343663299877
43.22332015330828
43.58321862929699
43.94309971809865
44.30293431742496
44.6626963337837
45.02236245985674
45.381911961443365
45.74132647429195
46.100589811014586
46.45968777823102
46.818608003962396
47.177339775249976
47.53587388587745
47.89420249403006
48.25231898966432
48.61021787129582
48.967894631906205
49.3253456536031
49.68256811066175
50.03955988054793
50.39631946251022
50.75284590332343
51.109138729754534
51.465197887331904
51.82102368499665
52.176616745223704
52.53197795921909
52.88710844679464
53.24200952056071
53.59668265406897
53.95112945357845
54.30535163311166
54.65935099251129
55.013129398206054
55.36668876642862
55.720031048632826
56.073158218890256
56.426072263050884
56.7787751694804
57.13126892119387
57.48355548922897
57.835636827106285
58.187514866254226
58.53919151226808
58.89066864190599
59.241948100716
59.59303170121547
59.943921221542944
60.29461840451346
60.6451249570198
60.99544254972458
61.34557281699661
61.69551735705093
62.04527773225796
62.39485546959089
62.744252061181264
63.093468964963385
63.442507605388904
63.7913693741879
64.14005563117007
64.4885677050513
64.83690689429055
65.18507446793915
65.53307166648395
65.88089970268736
66.22855976241468
66.57605300544886
66.9233805662863
67.2705435549122
67.61754305755869
67.96438013743489
68.31105583543928
68.65757117084556
69.00392714196582
69.35012472678928
69.69616488359847
70.04204855156424
70.38777665131299
70.73335008547724
71.07876973922463
71.42403648076207
71.76915116182232
72.1141146181346
72.45892766986923
72.80359112207289
73.14810576507894
73.49247237490803
73.83669171364606
74.18076438670897
74.52469128185894
74.86847314275933
75.21211067273997
75.5556045642561
75.89895549891314
76.24216414752357
76.58523117021073
76.92815721652464
77.27094292558688
77.61358892624177
77.95609583722023
78.29846426730776
78.64069481551547
78.98278807125467
79.32474461450413
79.6665650159849
80.00824983732322
80.34979963121495
80.69121494158748
81.03249630374829
81.3736442445419
81.71465928248932
82.0555419279318
82.39629268316445
82.73691204256596
83.07740049272502
83.41775851256132
83.75798657343971
84.0980851392811
84.43805466667243
84.77789560496375
85.11760839637142
85.45719347606814
85.7966512722751
86.13598220634552
86.475186692851
86.81426513965594
87.1532179479956
87.49204551254755
87.83074822149828
88.16932645661149
88.50778059328944
88.84611100063194
89.18431804149587
89.52240207254542
89.86036344430688
90.19820250121599
90.53591958166756
90.87351501805676
91.21098913682269
91.5483422584895
91.88557469770538
92.22268676327593
92.55967875820129
92.8965509797092
