5.0
1.693379919758076
1.70531034937764
1.717271826762082
1.7293152176368458
1.7414499513251698
1.7536797520373322
1.7660084540435579
1.7784408592997012
1.7909827680952561
1.8036408585687846
1.8164225036511388
1.8293356256391766
1.842388503993331
1.8555896153929492
1.868947484383797
1.882470553236478
1.8961670730574662
1.910045016466737
1.9241120108312255
1.9383752901044868
1.9528416627753473
1.967517493202427
1.9824086936349965
1.9975207243840165
2.012858599907293
2.0284268988884135
2.044229776735874
2.060270979239148
2.0765538564275747
2.0930813759105007
2.1098561351996703
2.1268806070516297
2.14415597604798
2.1616844944512668
2.1794671379979067
2.1975047871297346
2.215797994649618
2.2343469877006177
2.2531516686189805
2.2722116148306597
2.291526077980993
2.3110939824649823
2.330913923664027
2.3509841654984975
2.3713026388111498
2.3918669390846072
2.41267432420223
2.433721714560061
2.455005690067333
2.4765224916844
2.498268021414617
2.5202378438659956
2.5424271887260774
2.5648309542721655
2.5874437119954172
2.610259712384956
2.6332728919183417
2.6564768812785977
2.6798650148933305
2.703430341356423
2.727165635829281
2.7510634129101756
2.7751159410426056
2.7993152582326495
2.8236531883183362
2.8481213588511616
2.872711216362048
2.897414059064933
2.92222103719807
2.94712318743406
2.972111451131827
2.9971766964843924
3.0223097410890465
3.047501374847989
3.0727423829991176
3.098023569503586
3.12333578014051
3.148669925772609
3.174017005371068
3.1993681310654587
3.224714541668778
3.250047638329292
3.275358997263605
3.300640393325587
3.325883820863901
3.3510815141207893
3.3762259671903387
3.401309953581499
3.4263265454434824
3.4512691325556606
3.4761314411980737
3.5009075530748506
3.5225162158016063
3.5430406593053823
3.5633723774127297
3.5835057827031065
3.6034357115760476
3.623157370290284
3.6426663205859406
3.6619584779066656
3.681030105001163
3.699877806323375
3.7184985209243
3.736889516811194
3.7550483817813225
3.7729730159990686
3.790644482954765
3.8080956956642527
3.825325041714051
3.842297686790612
3.8590299677310647
3.8755214634006956
3.8917719971886475
3.9077816267251113
3.9235506333948145
3.939079511818835
3.954368959357773
3.9694198656724535
3.984233302373937
3.998810512802297
4.013152901951091
4.027262026570023
4.041139585464732
4.054787410016574
4.0682074549356235
4.081401789265387
4.0943725876530355
4.107122121888719
4.119652752733449
4.131966922030697
4.144067145116035
4.155956003523153
4.167636137988531
4.179110241756681
4.19038105418269
4.201451354633855
4.212323956683797
4.2230017025934705
4.233487458083114
4.243784107378924
4.2538945485326884
4.263821689010984
4.273568441542897
4.283137720216878
4.292532436825707
4.301755497444841
4.310809799238192
4.319698227487559
4.328423652826336
4.336988928682109
4.3453968889088275
4.353650345608953
4.361752087127081
4.369704876219531
4.377511448380777
4.385174510322498
4.392696738601721
4.400080778384641
4.40732924233959
4.414444709655843
4.421429725178894
4.4282867986530166
4.435018404070015
4.441626979113135
4.448114924693153
4.454484604569595
4.460738345052635
4.4668784347758885
4.472907124545416
4.47882662724779
4.484639117819751
4.490346733275592
4.4959515727833965
4.50145569779235
4.506861132199272
4.512169862561228
4.517383838340758
4.5225049721865425
4.527535140244839
4.532476182500061
4.537329903140318
4.542098070942265
4.546782419683635
4.551384648567795
4.555906422666558
4.560349373379616
4.564715098902065
4.569005164708092
4.573221104038279
4.577364418398275
4.581436578064485
4.585439022590567
4.589373161323255
4.5932403739161
4.597042010849662
4.600779393947539
4.6044538168963856
4.6080665457659356
