0.02352
0.04765397022915253
0.04782094007239472
0.04797440442461358
0.04811454531454645
0.04824112127575531
0.04835385246970089
0.04845250693705165
0.0485369203180736
0.04860700006903268
0.04866272538629227
0.04870414534774225
0.04873137590122166
0.048744595938440105
0.0487440426215469
0.048730006122140825
0.04870282393346835
0.04866287491416723
0.04861057321435202
0.04854636222259194
0.04847070865647545
0.0483840969011865
0.0482870236810074
0.048179993128953005
0.0480635123007135
0.047938087161422956
0.04780421905796802
0.04766240167590261
0.047513118468688026
0.04735684237760522
0.04719402842596869
0.04702511860168774
0.04685053828118088
0.046670695893612
0.04648598256209474
0.046296771985328014
0.04610342052444339
0.04590626746160466
0.04570563539932038
0.0455018307721326
0.04529514444516539
0.04508585237684779
0.04487421632588635
0.044660484585203754
0.04444489272803477
0.04422766435366282
0.04400901182237019
0.04378913697106414
0.043568231802727064
0.04334647914433381
0.04312405326919135
0.042901120480798
0.04267783965630711
0.04245436274852729
0.04223083524611099
0.04200739659219067
0.041784180562230135
0.04156131560227686
0.041338925129145165
0.04111712779433322
0.04089603771369528
0.04067576466505231
0.0404564142560474
0.04023808806463195
0.04002088375461657
0.03980489516873892
0.0395902124016926
0.03937692185553161
0.039165106279813476
0.038954844798778934
0.03874621292778078
0.03853928258107941
0.038334122073031204
0.03813079611452867
0.03792936580650942
0.03772988863214201
0.037532418449202194
0.03733700548400332
0.03714369632810102
0.036952533938850944
0.036763557644755133
0.03657680315638978
0.036392302583571116
0.03621008445927853
0.03603017377072576
0.03585259199784647
0.035677357159342234
0.035504483866331864
0.035333983383538034
0.03516586369785396
0.03500012959404771
0.034836782737287235
0.034675821762101836
0.03451724236733951
0.03436103741663262
0.034207197043844784
0.03405570860487061
0.03390655741693316
0.03375972594814152
0.03361519454693666
0.03347294141439068
0.03333294272698251
0.033195172760618605
0.033059604015056046
0.03292620733814818
0.032794952049398196
0.03266580606234106
0.032538734392506465
0.03241370460849623
0.03229068067687449
0.03216962607096887
0.03205050343812
0.03193327470686879
0.03181790119059797
0.031704343687421324
0.031592562576156204
0.03148251790824685
0.03137416949553834
0.03126747699383001
0.03116239998216399
0.031058898037831385
0.030956930807100422
0.030856458071694907
0.030757439811067745
0.030659836260535107
0.03056360796534978
0.030468715830807687
0.030375121168492423
0.030282785738773195
0.030191671789680095
0.03010174209228759
0.03001295997274178
0.02992528932578273
0.029838694715570685
0.029753141252232496
0.029668594752077473
0.029585021690360272
0.02950238922639942
0.02942066521672057
0.029339818225496285
0.02925981753283515
0.029180633141120585
0.029102235779539763
0.029024596906930586
0.02894768871306802
0.028871484118506405
0.028795956773090357
0.028721081053240165
0.028646832058114465
0.028573185604746795
0.028500118222248096
0.028427607145161904
0.02835563030605454
0.028284166327417395
0.028213194512953933
0.028142694838319222
0.02807264794137545
0.028003035112022793
0.02793383828166049
0.02786504001232901
0.027796623485580787
0.027728572491122892
0.02766086891674073
0.02759350258731544
0.027526456763006767
0.02745971749195638
0.027393271419590436
0.02732710573629749
0.027261208336470513
0.027195567102086017
0.027130170934624998
0.02706500905570386
0.027000071163903717
0.026935349935144053
0.026870831104207037
0.026806508032665224
0.02674237226883834
0.026678415732725433
0.026614630744689647
0.026551010020727434
0.02648754666243731
0.026424234146238117
0.026361066312571717
0.02629803735520978
0.0262351418106849
0.026172374547849216
0.0261097307575616
0.02604720594250268
0.025984795907117733
0.025922496747686
0.025860304842515894
0.02579821684226473
0.025736229660381745
0.02567434046367317
0.025612546662987977
0.025550845904023175
0.025489236058247308
0.025427715213940764
0.02536628166735261
