248505.9048
544117.6075961121
545933.265482431
547741.6866440182
549549.4895894292
551356.8471253772
553163.7399970824
554970.1470471064
556776.0504892701
558581.435638418
560386.2905372495
562190.6056344333
563994.3735096559
565797.588637892
567600.2471865346
569402.3468396711
571203.8866452291
573004.866881006
574805.2889365712
576605.1552084867
578404.4690064557
580203.234468926
582001.4564866322
583799.1406326024
585596.2930981503
587392.9206335539
589189.0304931613
590984.6303841235
592779.7284185787
594574.3330686114
596368.4531241101
598162.0976529764
599955.2759634933
601747.9975691297
603540.2721550603
605332.1095463658
607123.5196798866
608914.5125733487
610705.0983018769
612495.2869721595
614285.088699377
616074.5135857472
617863.5717001512
619652.2730603677
621440.6276137785
623228.6452234813
625016.3356522536
626803.7085494003
628590.7734384494
630377.5397058775
632164.0165911268
633950.2131774578
635736.138383957
637521.8009584609
639307.209633521
641092.3724652695
642877.2978238069
644661.9937185905
646446.4679652331
648230.7281830455
650014.7817935324
651798.6360191967
653582.297883104
655365.7742089679
657149.0716215443
658932.1965476429
660715.155217535
662497.9536666024
664280.5977375204
666063.093082576
667845.4451664105
669627.6592688757
671409.7404883015
673191.6937447138
674973.5237835003
676755.2351790104
678536.8323383608
680318.3195054636
682099.7007648896
683880.9800460682
685662.1611273835
687443.2476403575
689224.243073877
691005.1507783392
692785.9739699658
694566.7157349723
696347.3790336703
698127.9667047444
699908.4814692592
701688.9259347909
703469.3025993629
705249.6138554191
706925.0775645857
708611.2525776215
710300.6900105206
711992.7273839412
713686.8307037685
715382.6577699775
717079.8300135299
718778.1220156645
720477.3407043923
722177.3349549904
723877.9864409993
725579.2024881238
727280.9104897255
728983.053540685
730685.5870229057
732388.4759341405
734091.692798217
735795.2160296506
737499.0286536837
739203.1173046463
740907.47144148
742612.0827353544
744316.9445863768
746022.0517502755
747727.4000424597
749432.9861078201
751138.8072402535
752844.8612412912
754551.1463095805
756257.6609542151
757964.4039270108
759671.3741693685
761378.5707708071
763085.9929363639
764793.6399612137
766501.5112107538
768209.6061049562
769917.9241061859
771626.4647097217
773335.2274363049
775044.211826142
776753.4174343676
778462.8438281016
780172.4905824695
781882.357279003
783592.443505094
785302.7488505677
787013.2729082159
788724.0152723632
790434.9755384567
792146.1533024342
793857.5481605787
795569.1597089389
797280.9875435267
798993.0312597535
800705.2904525565
802417.7647161711
804130.4536442317
805843.3568295998
807556.4738643854
809269.8043399346
810983.347846769
812697.1039747193
814411.0723127519
816125.2524491674
817839.6439714724
819554.2464664688
821269.0595202724
822984.0827182672
824699.3156452556
826414.7578853193
828130.4090220155
829846.2686382275
831562.3363163148
833278.6116381049
834995.0941848686
836711.783537421
838428.6792760658
840145.7809807169
841863.0882307988
843580.6006053616
845298.3176831199
847016.2390423698
848734.3642610259
850452.6929168729
852171.2245872106
853889.9588491411
855608.8952795634
857328.0334550998
859047.3729521864
860766.9133470198
862486.6542157348
864206.5951342072
865926.7356782719
867647.0754235934
869367.6139458097
871088.3508204471
872809.2856229753
874530.4179288797
876251.7473135714
877973.2733525154
879694.9956211675
881416.9136950291
883139.0271496673
884861.3355606905
886583.8385038497
888306.5355549532
