29775.172799999997
23994.905577863046
23783.532958921685
23583.434661358053
23389.72494771313
23200.260044915947
23014.09329812466
22830.80037024701
22650.184377175505
22472.14700150442
22296.632159103443
22123.601396081183
21953.023171420224
21784.86822181616
21619.107594282534
21455.71185088345
21294.65078909215
21135.893388551936
20979.40785604877
20825.16171136053
20673.121888025362
20523.254837117573
20375.526628515832
20229.903047135904
20086.34968303455
19944.83201501362
19805.31548772193
19667.765582438813
19532.147881828703
19398.42812899195
19266.572281151646
19136.546558312133
19008.317487206376
18881.851940831442
18757.11717384975
18634.080854105257
18512.711090498935
18392.976457434022
18274.8460160375
18158.28933234975
18043.27649266265
17929.778116182235
17817.765365182226
17707.209952812234
17598.084148722293
17490.36078265886
17384.01324618368
17279.01549267177
17175.342035727535
17072.967946169756
16971.868847721027
16872.020911535135
16773.40084969205
16675.985907815844
16579.75385682263
16484.682984107334
16390.752084064494
16297.94044817932
16206.227854725581
16115.594558164103
16026.021278320955
15937.48918941248
15849.979908981495
15763.475486800087
15677.95839379039
15593.41151100726
15509.818118721338
15427.161885635122
15345.426858260847
15264.597450487014
15184.658433345934
15105.594925008183
15027.392381007734
14950.036584713653
14873.513638051289
14797.809952479598
14722.912240226979
14648.807505784804
14575.48303765973
14502.926400380999
14431.125426759663
14360.068210397276
14289.743098435301
14220.138684544183
14151.243802141762
14083.047517838417
14015.53912509833
13948.708138114063
13882.54428588386
13817.037506488281
13752.177941555756
13687.955930913082
13624.362007411972
13561.386891927004
13499.021488517183
13437.256879745624
13376.084322150313
13315.49524186213
13255.481230361836
13196.0340403734
13137.14558188586
13078.807918300552
13021.013262698643
12963.753974223087
12907.022554572732
12850.81164460255
12795.114021026919
12739.922593221616
12685.230400121342
12631.030607209366
12577.316503595079
12524.081499176664
12471.319121887065
12419.023015017647
12367.186934619162
12315.804746976975
12264.870426155889
12214.378051615578
12164.321805890864
12114.695972337002
12065.49493293617
12016.71316616474
11968.34524491761
11920.385834488367
11872.829690604705
11825.671657514387
11778.906666123454
11732.529732182506
11686.535954520798
11640.920513325691
11595.67866846697
11550.805757864697
11506.29719589718
11462.148471850762
11418.355148408751
11374.912860177043
11331.817312247156
11289.064278795728
11246.649601716608
11204.56918928874
11162.819014874342
11121.395115650415
11080.2935913691
11039.510607668713
10999.042375698422
10958.8851817782
10919.035363977171
10879.489317284433
10840.243492461123
10801.294394967386
10762.638583932374
10724.272671149056
10686.19332009569
10648.397244978352
10610.881209795698
10573.642027424701
10536.676558726414
10499.981711672335
10463.554440488215
10427.391744819013
10391.49066890964
10355.848300804644
10320.461771565544
10285.328254502607
10250.444964426024
10215.80915691004
10181.418127574432
10147.269211380033
10113.359781938934
10079.687250839264
10046.24906698386
10013.042715941772
9980.065719313247
9947.315634108454
9914.790052136712
9882.486599410173
9850.402935557455
9818.536753250193
9786.88577763974
9755.44776580652
9724.22050621818
9693.201818199714
9662.389551413431
9631.781585348184
9601.375828819715
9571.170219479576
9541.1627233334
9511.351334269206
9481.734073592961
9452.308989574458
9423.074157000607
9394.027676738151
9365.167675303013
9336.49230443863
9307.999740702064
9279.688185057552
9251.555862476822
9223.601021547764
9195.821934089874
