0.001140816
0.0011454510103058727
0.0011486220258564237
0.0011524142175500334
0.0011565379775794792
0.001160817438564062
0.0011651513189827292
0.0011694813158401572
0.00117377386362554
0.0011780096344684951
0.0011821774927224678
0.0011862710137023284
0.0011902864789615794
0.001194221722055221
0.0011980754643045712
0.0012018469329453246
0.0012055356420574278
0.001209141267367677
0.0012126635752177691
0.0012161023828165236
0.0012194575365923022
0.0012227289010523492
0.0012259163537801426
0.0012290197840626408
0.0012320390937148203
0.0012349741992914497
0.0012378250352384327
0.0012405915577487837
0.0012432737492153042
0.0012458716232507364
0.0012483852302981001
0.001250814663891435
0.001253160067658611
0.001255421643187302
0.0012575996589064716
0.001259694460170874
0.0012617064807772924
0.0012636362561907364
0.0012654844388180373
0.0012672518157379098
0.0012689393301612106
0.0012705481037403213
0.001272079466230071
0.0012735349892911954
0.0012749165259099153
0.0012762262572441861
0.0012774667478459086
0.0012786410106540482
0.001279752581535276
0.0012808056058366652
0.0012818049320223808
0.0012827562111645736
0.0012836659906358594
0.0012845417831552624
0.0012853920775388375
0.0012862262370482182
0.0012870542073263234
0.0012878859393374079
0.0012887304489278173
0.0012895945234588702
0.0012904812754762432
0.0012913889839673738
0.0012923107749282213
0.001293235463650367
0.0012941493456046784
0.0012950382635941945
0.001295889249001262
0.001296691469723328
0.0012974363960755696
0.0012981176301700898
0.001298730512359071
0.001299271710825646
0.0012997388661858842
0.001300130314220773
0.001300444881597673
0.0013006817402647312
0.0013008403061436974
0.0013009201697329407
0.0013009210489420442
0.0013008427571528684
0.001300685181597991
0.0013004482687171083
0.00130013201417571
0.001299736456011116
0.0012992616698872896
0.0012987077657428707
0.001298074885376252
0.0012973632006547857
0.0012965732447951723
0.0012957047855606894
0.0012947581289804778
0.0012937332527608457
0.0012926309434705867
0.001291451490849842
0.001290195224208989
0.0012888625063983714
0.0012874537289598907
0.0012859693665184981
0.0012844097804354648
0.001282775442273878
0.0012810668412130194
0.0012792844843670756
0.0012774288969427414
0.0012755006220967256
0.0012735002206172633
0.001271428270504028
0.0012692853664902713
0.001267072119533143
0.001264789156287825
0.0012624371185745913
0.0012600166628446165
0.0012575284596479728
0.001254973193105984
0.0012523515603894205
0.0012496642712035433
0.0012469120472805098
0.0012440956218798432
0.0012412157392971289
0.0012382731543812908
0.0012352686320606405
0.0012322029468778597
0.0012290768825339465
0.0012258912314412657
0.0012226467942857318
0.0012193443795979857
0.001215984803333803
0.0012125688884633968
0.0012090974645697337
0.0012055713674557268
0.0012019914387600467
0.0011983585255816575
0.0011946734801127953
0.0011909371592801828
0.0011871504243944463
0.0011833141408074265
0.001179429177577297
0.0011754964071411932
0.0011715167049952543
0.001167490949381786
0.0011634200209834022
0.0011593048026238945
0.0011551461789756153
0.0011509450362732297
0.0011467022620335462
0.0011424187447812626
0.0011380953737804669
0.0011337330387715917
0.0011293326297137365
0.001124895036532131
0.001120421148870547
0.0011159118558484726
0.0011113680458229725
0.001106790606154956
0.0011021804229797796
0.0010975383809820054
0.0010928653631742315
0.0010881622506797794
0.001083429922519223
0.001078669255400537
0.001073881123512898
0.0010690663983238878
0.0010642259483801748
0.0010593606391114355
0.0010544713326376021
0.0010495588875792448
0.0010446241588711067
0.0010396679975787334
0.0010346912507181074
0.0010296947610783508
0.001024679367047362
0.001019645902440431
0.0010145951963317873
0.0010095280728890982
0.0010044453512108643
0.000999347845166769
