0.081443
0.09617406028168787
0.09551132750662558
0.09490830833297882
0.0943370961122035
0.09378992230702349
0.09326385418302284
0.0927571923039894
0.09226861045951933
0.09179694457904627
0.09134113598942903
0.09090021186416677
0.0904732750610828
0.09005949671356815
0.08965810995846753
0.08926840437433717
0.08888972098781549
0.08852144777553203
0.08816301560828935
0.08781389459180798
0.08747359076312361
0.08714164310577162
0.08681762085059476
0.08650112103243487
0.08619176627609579
0.08588920278782072
0.0855930985310901
0.08530314156785396
0.08501903854837703
0.08474051333470395
0.08446730574438885
0.08419917040258393
0.08393587569186542
0.08367720279031567
0.08342294478939467
0.083172905884024
0.08292690062811099
0.08268475324943536
0.08244629701845545
0.08221137366614423
0.0819798328464586
0.0817515316394904
0.08152633409173278
0.08130411079025505
0.08108473846787985
0.08086809963674603
0.0806540822478815
0.08044257937464054
0.08023348891805425
0.0800267133323274
0.07982215936887127
0.07961973783741431
0.07941936338285267
0.07922095427663184
0.07902443222154648
0.07882972216894872
0.07863675214743937
0.078445453102191
0.07825575874413074
0.0780676054082687
0.07788093192051687
0.07769567947240177
0.07751179150311432
0.0773292135883918
0.07714789333576177
0.07696778028571703
0.07678882581842272
0.07661098306558796
0.07643420682716229
0.07625845349254075
0.0760836809659886
0.07590984859601402
0.07573691710843934
0.07556484854293961
0.07539360619283061
0.0752231545479094
0.0750534592401578
0.07488448699213847
0.07471620556792069
0.07454858372638601
0.07438159117677365
0.07421519853633611
0.07404937728998076
0.07388409975178613
0.07371933902828467
0.0735550689834133
0.07339126420503962
0.07322789997297392
0.07306495222838925
0.07290239754456965
0.07274021309891768
0.07257837664615331
0.07241686649263912
0.07225566147177723
0.07209474092041836
0.0719340846562326
0.07177367295599413
0.07161348653473139
0.07145350652570254
0.07129371446115279
0.07113409225381805
0.07097462217913662
0.07081528685813765
0.07065606924097288
0.0704969525910624
0.07033792046982702
0.07017895672197967
0.07002004546135267
0.06986117105723672
0.0697023181212085
0.06954347149442967
0.06938461623539521
0.06922573760811289
0.06906682107069982
0.06890785226437698
0.06874881700284902
0.0685897012620542
0.06843049117027251
0.06827117299857946
0.06811173315163384
0.06795215815878992
0.067792434665524
0.06763254942516604
0.06747248929092879
0.06731224120822593
0.06715179220727371
0.0669911293959677
0.0668302399530307
0.06666911112142583
0.06650773020203012
0.06634608454756385
0.0661841615567742
0.06602194866886638
0.06585943335818308
0.06569660312912755
0.06553344551132924
0.06536994805505078
0.06520609832683413
0.06504188390538625
0.0648772923777031
0.06471231133543212
0.06454692837147345
0.06438113107681985
0.06421490703763658
0.06404824383258231
0.06388112903037177
0.06371355018758179
0.06354549484670251
0.06337695053443566
0.06320790476024095
0.06303834501513485
0.06286825877074094
0.06269763347859682
0.06252645656971863
0.06235471545442616
0.062182397522430446
0.06200949014318707
0.06183598066651725
0.06166185642349909
0.061487104727631775
0.061311712876274176
0.06113566815236124
0.06095895782639897
0.06078156915874007
0.06060348940214323
0.060424705804614995
0.06024520561253741
0.06006497607408126
0.05988400444290574
0.059702277982144586
0.059519783968677666
0.05933650969768909
0.059152442487508845
0.05896756968473682
0.058781878669647875
0.058595356861873824
0.058407991726359965
0.05821977077959171
0.05803068159608646
0.05784071181514579
0.05764984914786173
0.05745808138436949
0.05726539640133983
0.05707178216970232
0.056877226762589335
0.0566817183634909
0.05648524527460961
0.05628779592540179
0.056089358881293655
0.055889922852555535
0.0556894767033211
0.055488009460733505
0.05528551032420104
0.055081968674743825
0.054877374084410346
0.05467171632574381
0.054464985381274554
0.054257171453014896
0.05404826497193091
