202.45404650400002
183.43185470580798
183.29716388541266
183.2871028774998
183.34543288337943
183.44067929459717
183.55484078791102
183.67763538141665
183.80320923476592
183.9282495528696
184.05090178246832
184.17014801324214
184.2854500282644
184.3965442893393
184.50332417970415
184.60577237391564
184.70392201167056
184.79783442643424
184.88758639067828
184.97326283287174
185.0549527013257
185.1327466385829
185.20673569841222
185.27701066440235
185.34366171733257
185.40677830688438
185.46644914588802
185.52276228154471
185.57580521932806
185.62566508782794
185.67242884064268
185.71618349644146
185.75701642221654
185.79501566774067
185.8302703624698
185.86287118947627
185.89291095499613
185.92048527702258
185.94569342237767
185.96863932912674
185.98943481490596
186.00819327732873
186.0250434187256
186.04012365120587
186.05358698811673
186.06560458486334
186.0763700472737
186.08610209152457
186.0950603437414
186.1035378340311
186.1118774340721
186.12047573445096
186.12978605494777
186.14031394669829
186.15259773181853
186.16716240747957
186.1844311437318
186.20457866915757
186.2273237749145
186.25169575186808
186.27587358731273
186.29725157043032
186.3128475561967
186.3199850232844
186.31695335852274
186.30331584735617
186.27976446130003
186.24769132892305
186.2087376701343
186.1644690944358
186.1162147735329
186.0650240095228
186.01168732064443
185.95678261863011
185.90072458060837
185.84380761232745
185.786239774635
185.72816817707522
185.6696973684898
185.6109023808155
185.5518378370032
185.49254428983028
185.4330525770433
185.37338679583812
185.3135663614099
185.25360740236857
185.19352371564258
185.13332741837954
185.07308450338166
185.01272428642363
184.9522694856751
184.89167847526517
184.83104312983383
184.77035949248042
184.70963097051373
184.6488623116501
184.58805892873627
184.52723469751518
184.46638420048606
184.40551407241807
184.3446307574778
184.28374017996254
184.2228478727643
184.16195905437652
184.10107867689595
184.04021145692846
183.97936189639714
183.91853429736392
183.8577327732835
183.7969612581091
183.7362235140759
183.6755231386545
183.61486357095325
183.55424809773504
183.49367985914537
183.4331618542042
183.37269694607548
183.31228786718313
183.25193722410035
183.1916475022934
183.13142107067955
183.07126018601923
183.01116699712364
182.95114354889688
182.89119178627806
182.83131355785858
182.77151061950258
182.7117846377849
182.65213719291697
182.59256978247134
182.5330838236698
182.47368065651446
182.41436154636799
182.35512768648206
182.2959802003893
182.2369201441741
182.1779485086224
182.11906622126148
182.0602741482882
182.00157309639962
181.94296381452202
181.88444699544974
181.82602327739752
181.7676932454735
181.7094574330684
181.65131632318665
181.5932703496948
181.53531989852013
181.47746530878814
181.419706873906
181.36204484259682
181.30447941989402
181.2470107680877
181.18963900764237
181.1323642180731
181.07518643879953
181.01810566996477
180.9611218732406
180.90423497260224
180.84744485509083
180.79075137155965
180.73415433740468
180.6776535332876
180.62124870584688
180.5649395684028
180.50872580165924
180.45260705439773
180.39658294417256
180.34065305800362
180.28481695306942
180.22907415740167
180.17342417058103
180.11786646443963
180.0624004837588
180.00702564698315
