6.0523
6.943547546849896
6.944591926594668
6.945960636850974
6.947635957992034
6.949605307139843
6.951857292097965
6.9543811658305685
6.9571667280230285
6.960204286858476
6.96348463030393
6.966999000157264
6.970739067859715
6.974696911839628
6.978864996261526
6.98323615107638
6.9878289305259385
6.9925951563385835
6.997518291103539
7.00263502602419
7.0079247772184505
7.013381427630594
7.018999798237671
7.024775041485678
7.0307025528869715
7.036777950107532
7.042997061285333
7.049355915025767
7.0558507310700875
7.0624779114782195
7.069234032280435
7.076115835567075
7.08312022199028
7.090244243652951
7.0974850973626795
7.104840118229233
7.112306773585924
7.119882657216565
7.127565483870874
7.135353084051955
7.143243399061287
7.151234476286738
7.159324464720844
7.16751161069658
7.175794253829374
7.184170823154485
7.192639833449185
7.201199881730683
7.209849643920379
7.2185878716661165
7.227413389314472
7.236325091025479
7.245321938022797
7.254402955972559
7.2635672324846166
7.272813914730377
7.282142207171272
7.291551369392916
7.301040714039839
7.31060960484579
7.320257454755545
7.329983724133698
7.339787919056381
7.349669589682385
7.359628328699731
7.369663769844545
7.379775586488806
7.389963490294065
7.400227229927979
7.410566589841219
7.420981389101769
7.431471480284438
7.4420367484128445
7.452677109951968
7.463392511849819
7.474182930623684
7.485048371491923
7.495988867548026
7.507004478975272
7.518095292300776
7.52926141968665
7.540502998257525
7.551820189462371
7.563213178469766
7.574682173594842
7.5862274057571
7.597849127967608
7.609547614844562
7.621323162156325
7.633176086390531
7.645106724348183
7.657115432764455
7.669202587947664
7.681368585447749
7.693613839741439
7.705938783940745
7.718343869521336
7.730829566070613
7.743396361054733
7.756044759604051
7.768775284316088
7.781588475075899
7.794484888892704
7.807465099752725
7.820529698487356
7.833679292656318
7.846914506445254
7.860235980577217
7.873644372237742
7.887140355012773
7.900724618839198
7.914397869967513
7.9281608309360285
7.9420142405562295
7.9559588539090695
7.969995442351232
7.984124793531501
7.998347711416301
8.012665016324208
8.027077544968856
8.04158615050976
8.05619170261051
8.070895087503859
8.085697208063158
8.100598983879514
8.115601351344115
8.130705263735143
8.14591169130835
8.161221621391174
8.176636058478977
8.192156024333105
8.207782558079861
8.223516716309371
8.239359573173644
8.255312220482688
8.591951232772047
8.688353798987631
8.77790897295823
8.861812768343942
8.941028839110253
9.016344653482578
9.088409873144126
9.157764848402289
9.224862298289626
9.290084035820142
9.353754018574778
9.416148636958999
9.477504901538943
9.538027015369257
9.597891692591638
9.657252494907935
9.716243392234617
9.774981705770069
9.833570555939975
9.892100910822942
9.95065331029703
10.009299325587683
10.068102801914549
10.127120922640433
10.186405126073767
10.246001900384801
10.305953477611645
10.366298444187034
10.427072282611864
10.4883078566844
10.550035850951803
10.61228517369741
10.675083331749054
10.73845678464568
10.802431285200637
10.867032213231274
10.932284909181188
10.998215014547965
11.064848826465676
11.132213674509686
11.20033832884839
11.269253450324813
11.33899209504515
11.409590288694348
11.481087689340578
11.553528362201916
11.62696169616516
11.701443500375154
11.777037330831545
11.85381611294279
11.93186414834295
12.011279625944548
12.092177802806997
12.17469508729148
12.25899435712796
12.345271998485844
12.43376739353578
12.52477597519152
12.618667623817803
12.715913325814151
12.81712510868915
12.923118320277945
13.035013717963183
13.154415792084485
