4.5031e-05
5.062247345163557e-05
5.062433843409376e-05
5.064548241760074e-05
5.0677819353912195e-05
5.0716754478962684e-05
5.075963758081185e-05
5.080493602694442e-05
5.0851759600703624e-05
5.0899587275324855e-05
5.0948110079932746e-05
5.099714070080358e-05
5.104656144630489e-05
5.109629426705507e-05
5.114628345567375e-05
5.119648563485662e-05
5.124686393250577e-05
5.129738455898246e-05
5.134801475828804e-05
5.139872153998276e-05
5.144947084866857e-05
5.150022697140421e-05
5.1550952065693196e-05
5.160160573759144e-05
5.1652144625961156e-05
5.1702521963502775e-05
5.175268709280861e-05
5.180258491911755e-05
5.1852155282238054e-05
5.190133222913965e-05
5.195004316637637e-05
5.1998207868033915e-05
5.2045737310204855e-05
5.209253229711884e-05
5.213848183667473e-05
5.218346121409591e-05
5.222732970141185e-05
5.226992782719308e-05
5.23110741151483e-05
5.2350561181736557e-05
5.238815046212677e-05
5.242356892189178e-05
5.2456499012382353e-05
5.248657283969418e-05
5.251336217261969e-05
5.253636732891624e-05
5.255500434996876e-05
5.25685922156207e-05
5.257633124060841e-05
5.2577296959070115e-05
5.2570422360749436e-05
5.25544954749316e-05
5.2528172758164066e-05
5.249002459530401e-05
5.243863591228964e-05
5.237279371697758e-05
5.229179750605423e-05
5.219591480484401e-05
5.208695025262707e-05
5.196878217097096e-05
5.1847567293270214e-05
5.1731244197132116e-05
5.162817577592768e-05
5.1545298278461414e-05
5.14866118573796e-05
5.145273044090411e-05
5.144153367335346e-05
5.144936602831879e-05
5.1472160963137165e-05
5.1506171070456254e-05
5.154829714159921e-05
5.159614464512094e-05
5.1647943689848916e-05
5.170242365190633e-05
5.1758689581979214e-05
5.181611882066637e-05
5.187428140154577e-05
5.193288162977173e-05
5.199171644167002e-05
5.205064626997095e-05
5.210957490059728e-05
5.2168435651709124e-05
5.222718193852126e-05
5.228578085261305e-05
5.234420880026273e-05
5.240244854371793e-05
5.246048719502554e-05
5.2518314856047546e-05
5.25759411146391e-05
5.263332986197982e-05
5.26904860565237e-05
5.2747388268466133e-05
5.280406286777084e-05
5.286049601555572e-05
5.291668366638139e-05
5.297262228381127e-05
5.3028308689287e-05
5.3083743198337514e-05
5.3138917524088585e-05
5.319383112338395e-05
5.3248481737931666e-05
5.3302867178743566e-05
5.335698533860662e-05
5.341083419815978e-05
5.346441182825233e-05
5.351771639019428e-05
5.357074613482187e-05
5.362349940091149e-05
5.367597461324284e-05
5.3728170280484514e-05
5.3780084993000624e-05
5.383171742063132e-05
5.388306631048385e-05
5.393413048474733e-05
5.3984908838544594e-05
5.403540033782384e-05
5.408560401731472e-05
5.4135518978495543e-05
5.418514438766043e-05
5.4234479474007416e-05
5.42835235277914e-05
5.4332275898534454e-05
5.4380735993291375e-05
5.4428903274972114e-05
5.447677726071845e-05
5.452435752034745e-05
5.4571643674843044e-05
5.4618635394892874e-05
5.4665332399585795e-05
5.4711734454902825e-05
5.4757841372616304e-05
5.480365300897827e-05
5.484916926357231e-05
5.4894390078197994e-05
5.493931543580786e-05
5.498394535949619e-05
5.502827991153688e-05
5.507231919246872e-05
5.511606334022769e-05
5.515951252932465e-05
5.5202666970065804e-05
5.524552690781487e-05
5.5288092622296134e-05
5.53303644269346e-05
5.537234266823471e-05
5.541402772519126e-05
5.5455420008736703e-05
5.5496519961216924e-05
5.5537328055898555e-05
5.5577844796504303e-05
5.561807071677329e-05
5.565800638004713e-05
5.5697652378879154e-05
5.5737009334664245e-05
5.577607789728866e-05
5.5814858744798495e-05
5.58533525830855e-05
5.589156014558596e-05
5.592948219299638e-05
5.596711951299993e-05
5.600447292000468e-05
5.604154325489176e-05
5.607833138477224e-05
5.611483820275289e-05
5.6151064627706234e-05
5.618701160404818e-05
5.6222680101519506e-05
5.625807111497074e-05
5.629318566415034e-05
5.632802479349468e-05
5.636258957191936e-05
5.639688109261046e-05
5.6430900472816436e-05
5.6464648853639804e-05
5.649812739982486e-05
