0.0038317723896904
0.0038722577891019076
0.003915088953403018
0.00395937592852153
0.004004941522423915
0.004051759619434282
0.004099836225936698
0.004149183396451846
0.004199813508006661
0.0042517380054139355
0.004304967132700946
0.004359509886340955
0.004415374022112443
0.004472566077735274
0.004531091401828208
0.004590954185904771
0.00465215749749237
0.004714703312818118
0.004778592547673884
0.004843825085224258
0.004910399799684791
0.004978314574974036
0.005047566317625679
0.005118150963429802
0.005190063477449781
0.005263297847228615
0.005337847069152655
0.005413703128080102
0.005490856970463944
0.005569297632337418
0.005649014717558341
0.00572999581158348
0.005812227321993266
0.005895694400993174
0.005980380888989426
0.006066269255649238
0.006153340538975315
0.006241574283088025
0.006330948475441621
0.006421439484211376
0.006513021996591786
0.006605668958745367
0.006699351518137952
0.0067940389689898125
0.006889698701562726
0.006986296155990778
0.007083794781347801
0.0071821560006252675
0.007281339182272771
0.00738130161892637
0.0074819985139199146
0.007583382976138858
0.007685406023735778
0.007788016597181455
0.007891161582074119
0.007994785842073387
0.008098832262263232
0.008203241803181273
0.008307953565679227
0.008412904866702207
0.008518031325993106
0.008623266963643222
0.008728544308321883
0.008833794515927723
0.008938947498312385
0.009043932061635786
0.009148676053820578
0.009253106520484895
0.009357149868645909
0.009460732037405531
0.009563778674753118
0.009666215319550834
0.009767967587704885
0.009868961361474379
0.009969122980823968
0.010068379435695437
0.01016665855805024
0.010263889212525338
0.010360001484545567
0.010454926864749229
0.010548598428608787
0.010640951010165088
0.010731921368841286
0.010821448348360971
0.010909473026862784
0.010995938857380535
0.011080791797942156
0.01116398043063151
0.011245456069053113
0.011325172853740089
0.011403087835147575
0.011479161043978232
0.011553355548689513
0.011625637500134994
0.011695976163391361
0.011764343936918564
0.011830716367001214
0.011895072116621745
0.011957392978919356
0.012017663834626168
0.012075872614528152
0.012132010250644783
0.01218607061773241
0.012238050465977278
0.012287949345621165
0.012335769524258678
0.01238151589755642
0.012425196337763131
0.012466820215113746
0.012506399723433636
0.012543949273281852
0.012579485384594597
0.012613026573581819
0.012644593238110437
0.012674207542214147
0.012701893300329333
0.012727675861819065
0.012751581996307326
0.01277363978030616
0.01279387848557615
0.012812328469619976
0.012829021068666777
0.012843988493464804
0.012857263728159056
0.012868880432492645
0.012878872847532936
0.01288727570508759
0.012894124140942358
0.012899453612020197
0.012903299817531763
0.012905698624159608
0.012906685995293044
0.012906297930845627
0.012904570372985162
0.012901539207345663
0.012897240153159604
0.01289170873542073
0.012884980235139577
0.012877089645257037
0.01286807163046966
0.012857960490522399
0.01284679012678995
0.012834594012007658
0.012821405163016287
0.012807256116383796
0.012792178906765523
0.012776205047864739
0.012759365515854817
0.012741690735126515
0.012723210566224814
0.012703954295842932
0.01268395062874358
0.012663227681480956
0.012641812977801108
0.012619733445601414
0.012597015415335365
0.012573684619751946
0.0125497661948645
0.012525284682048016
0.012500264031168528
0.01247472760465319
0.012448698182413944
0.01242219840965695
0.012395249154028582
0.012367871750479936
0.01234008675897796
0.012311914152644337
0.012283373358952927
0.012254483264184537
0.012225262256084717
0.012195728194304265
0.012165898438581417
0.012135789856625478
0.012105418394989213
0.01207480072753657
0.012043952039961437
0.012012887284173398
0.011981621009257698
0.011950167338937704
0.011918539976409832
0.011886752213578164
0.01185481694093224
0.01182274665744847
0.011790553480402826
0.011758249155065516
0.011725845064263392
0.011693352237799015
0.011660781361717257
0.011628142787411411
0.011595446540562335
0.011562702329904553
0.0115299195558151
0.01149710731872078
0.011464274427321562
0.011431429406627247
0.011398580505806496
0.011365735705847051
0.011332902727027062
0.011300089036197773
