6.026801076567568
6.0248234968764915
6.022856674549531
6.020900511416975
6.018954929148006
6.017019855711285
6.015095222279375
6.013180962378044
6.01127701157043
6.009383307272798
6.00749978860695
6.005626396267381
6.003763072398481
6.001909760480731
6.000066405225571
5.998232952478624
5.996409349130873
5.994595543037334
5.992791482942697
5.990997118413464
5.98921239977604
5.987437278060307
5.985671704948223
5.983915632726997
5.9821690142464545
5.980431802880226
5.9787039524903935
5.9769854173953085
5.975276152340291
5.973576112470949
5.97188525330889
5.970203530729593
5.968530900942281
5.96686732047159
5.965212746140886
5.963567135057091
5.9619304445968835
5.960302632394159
5.9586836563286285
5.957073474515492
5.955472045296057
5.953879327229256
5.952295279083976
5.950719859832135
5.949153028642443
5.947594744874808
5.946044968075322
5.94450365797178
5.942970774469716
5.941446277648882
5.939930127760173
5.938422285222938
5.936922710622665
5.935431364709014
5.933948208394157
5.932473202751439
5.931006309014294
5.929547488575447
5.9280967029863385
5.926653913956796
5.925219083354923
5.923792173207173
5.922373145698639
5.920961963173523
5.91955858813576
5.9181629832498315
5.916775111341719
5.915394935400013
5.914022418577163
5.912657524190874
5.911300215725617
5.90995045683428
5.908608211339938
5.90727344323774
5.9059461166969065
5.904626196062848
5.903313645859382
5.9020084307910565
5.900710515745582
5.899419865796357
5.898136446205097
5.896860222424556
5.89559116010135
5.894329225078866
5.893074383400266
5.891826601311588
5.890585845264936
5.8893520819217455
5.888125278156164
5.886905401058499
5.885692417938759
5.884486296330291
5.88328700399349
5.882094508919617
5.880908779334678
5.879729783703414
5.878557490733361
5.8773918693790055
5.876232888846026
5.8750805185956185
5.873934728348915
5.872795488091476
5.871662768077891
5.870536538836446
5.869416771173894
5.8683034361803
5.867196505233991
5.8660959500065735
5.865001742468055
5.8639138548920515
5.862832259861075
5.861756930271915
5.860687839341115
5.859624960610525
5.85856826795295
5.8575177355778845
5.856473338037341
5.855435050231755
5.854402847415985
5.853376705205407
5.8523565995820785
5.8513425069010045
5.850334403896484
5.849332267688544
5.848336075789449
5.847345806110312
5.846361436967771
5.845382947090766
5.844410315627373
5.8434435221517464
5.8424825466711185
5.841527369632888
5.8405779719317765
5.839634334917071
5.838696440399929
5.837764270660756
5.836837808456658
5.8359170370289615
5.835001940110784
5.834092501934689
5.833188707240384
5.832290541282486
5.831397989838334
5.830511039215863
5.829629676261523
5.828753888368242
5.827883663483433
5.8270189901170415
5.826159857349636
5.825306254840519
5.824458172835866
5.823615602176912
5.822778534308129
5.82194696128544
5.82112087578444
5.820300271108624
5.819485141197625
5.818675480635442
5.817871284658669
5.8170725491647195
5.8162792707200195
5.815491446568203
5.814709074638264
5.813932153552697
5.813160682635588
5.812394661920672
5.811634092159355
5.810878974828671
5.810129312139203
5.809385107042933
5.8086463632410315
5.807913085191583
5.807185278117233
5.806462948012761
5.805746101652577
5.805034746598119
5.804328891205172
5.803628544631092
5.802933716841926
5.80224441861944
5.80156066156804
5.800882458121577
5.800209821550061
5.79954276596625
5.798881306332128
5.798225458465276
5.797575239045116
5.796930665619054
5.796291756608484
5.795658531314706
5.795031009924709
5.79440921351684
5.793793164066378
5.793182884450986
5.792578398456066
5.791979730780004
5.791386907039337
5.790799953773805
5.790218898451342
