10.923588394801548
10.514424316741977
10.391039851545774
10.275247055962918
10.166373769586686
10.063791174487626
9.966917994126897
9.87522275308725
9.78822320178293
9.705483854404337
9.626612545792627
9.551256635463265
9.47909916815831
9.409855284582546
9.343268763120644
9.279109055334725
9.217168513361019
9.157259944841115
9.099214442378289
9.042879461169356
8.988117118309743
8.934802688590322
8.882823273110795
8.832076620205813
8.782470079401287
8.73391967215325
8.686349264777723
8.63968983084585
8.593878792211123
8.548859428786768
8.504580349117115
8.460995014000167
8.418061307541654
8.375741149367693
8.334000143984436
8.292807262783075
8.252134555075292
8.211956884851281
8.172251691204028
8.132998768948012
8.09418006831134
8.05577951109529
8.017782822076418
7.980177374103354
7.94295204554859
7.906097089069618
7.8696040104691125
7.833465457030004
7.797675114524468
7.762227611707605
7.727118432321816
7.692343833523608
7.657900770537529
7.623786826734329
7.59000014914819
7.556539388562418
7.523403644262898
7.490592412776514
7.458105540439311
7.425943179701836
7.3941057485585135
7.362593893195971
7.331408453553751
7.300550431421432
7.270020961238762
7.239821283136679
7.20995271817154
7.180416645643939
7.151214482356866
7.122347663528175
7.093817625654731
7.0656257905968864
7.037773551347425
7.01026225913155
6.983093211769407
6.9562676431838595
6.929786714074022
6.903651503623036
6.877863002127188
6.852422104566877
6.827329605032686
6.802586191817014
6.77819244341593
6.754148824973055
6.730455685572171
6.707113255927672
6.6841216467167435
6.661480847301347
6.639190725052529
6.617251024891272
6.595661369399292
6.57442125909798
6.553530073217968
6.532987070644627
6.5127913911437965
6.4929420568373715
6.473437973906537
6.454277934446487
6.43546061853283
6.416984596380361
6.3988483306840385
6.381050179091589
6.363588396693363
6.346461138661999
6.329666462965172
6.3132023330729465
6.2970666208094155
6.281257109141439
6.265771495047509
6.250607392377039
6.235762334758052
6.2212337784579255
6.207019105211257
6.193115625147438
6.179520579583291
6.166231143821151
6.153244429928824
6.140557489525859
6.12816731641004
6.116070849278376
6.104264974310319
6.0927465277281305
6.0815122983491605
6.070559030007576
6.059883422888929
6.049482139163654
6.039351802014886
6.029488998949195
6.019890283990345
6.01055217980009
6.001471179759817
5.99264374997946
5.984066331222796
5.982751029456146
5.981848167164025
5.981322560221729
5.9811415321363
5.981274768209734
5.981694165754168
5.982373685918772
5.983289210413799
5.984418405052135
5.985740590925217
5.987236623597855
5.988888780201918
5.99068065426247
5.992597057880009
5.9946239308294915
5.9967482562251275
5.998957982230708
6.001241949479653
6.00358982375537
6.005992033576123
6.008439712342603
6.010924644658318
6.01343921664061
6.01597636979671
6.018529558312008
6.021092709444037
6.023660186829906
6.026226756502119
6.028787555380586
6.031338062111845
6.033874070063699
6.036391662332713
6.038887188617965
6.041357243823659
6.043798648287461
6.046208429502127
6.048583805245685
6.05092216799158
6.053221070543668
6.055478212785526
6.057691429475951
6.059858679022636
6.06197803314042
6.064047667373683
6.066065852386396
6.068030945972235
6.069941385752023
6.07179568248852
6.073592383590548
6.075330160024385
6.077007707473083
6.07862379984566
6.0801772045997815
6.081666760771814
6.083091347884621
6.084449882897244
6.085741317463267
6.086964635495866
6.088118850996835
6.089203006141886
6.090216169603319
6.091157435091223
6.092025920152181
6.092820764937145
6.093541131508166
6.0941862030826135
