0.009745037245473957
0.009450803822598525
0.009178972883613613
0.008927048056516647
0.008693074829366335
0.008475384001770659
0.00827251822832911
0.008083194451892466
0.007906276822576523
0.0077407550584783
0.007585726726566753
0.00744038253798656
0.007303994065467453
0.00717590342210434
0.0070555145395247015
0.006942285758312862
0.006835723441311574
0.0067353767915294405
0.006640832794317102
0.00655171242813107
0.006467667076315255
0.006388375453787086
0.006313540915987351
0.006242889092051154
0.006176165797137049
0.006113135184736921
0.006053578106340308
0.005997290650906261
0.0059440828407971375
0.0058937774643169445
0.005846209027883139
0.005801222813328345
0.0057586740278021105
0.005718427035503425
0.005680354661909764
0.0056443375623911555
0.005610263648148863
0.005578027563309924
0.005547530207774173
0.005518678301067727
0.005491383983024147
0.0054655644476044605
0.005441141606592503
0.005418041780271856
0.005396195412512735
0.005375536807979107
0.005356003889413242
0.005337537973171702
0.005320083561377803
0.005303588149223906
0.005288002046106173
0.005273278209405902
0.005259372089849071
0.005246241487479783
0.005233846417375929
0.005222148984318347
0.005211113265698646
0.005200705202017168
0.005190892494381698
0.005181644508471192
0.005172932184476231
0.005164727952571443
0.005157005653513517
0.0051497404639939855
0.0051429088264071075
0.005136488382722023
0.00513045791217438
0.0051247972725156936
0.005119487344580466
0.005114509979949981
0.0051098479515094865
0.005105484906711435
0.005101405323371797
0.005097594467840003
0.005094038355394816
0.0050907237127297035
0.005087637942401236
0.005084769089123331
0.005082105807798366
0.00507963733318422
0.0050773534511031615
0.005075244471104941
0.005073301200502637
0.005071514919705065
0.005069877358774672
0.005068380675144497
0.005067017432432027
0.005065780580291688
0.005064663435251456
0.005063659662482237
0.005062763258452086
0.005061968534419761
0.005061270100725355
0.005060662851837646
0.0050601419521205
0.005059702822282701
0.005059341126477394
0.005059052760019485
0.0050588338376907705
0.005058680682604463
0.005058589815601978
0.0050585579451565025
0.005058581957759137
0.005058658908764514
0.005058786013674038
0.005058960639836126
0.005059180298543447
0.005059442637508671
0.005059745433700597
0.005060086586523826
0.005060464111325605
0.005060876133214528
0.0050613208811762355
0.00506179668247209
0.00506230195730747
0.005062835213756702
0.005063395042932587
0.00506398011438864
0.005064589171743031
0.005065221028513378
0.005065874564152304
0.005066548720273861
0.0050672424970614844
0.005067954949848559
0.005068685185862943
0.0050694323611272085
0.005070195677506709
0.005070974379897946
0.005071767753549864
0.005072575121511164
0.005073395842196929
0.005074229307068009
0.005075074938417082
0.005075932187255379
0.005076800531294248
0.0050776794730160585
0.005078568537829116
0.005079467272301266
0.005080375242467438
0.005081292032205852
0.005082217241678688
0.005083150485832105
0.005084091392951632
0.005085039603268169
0.005085994767610655
0.005086956546101014
0.005087924606887436
0.00508889862491185
0.005089878280707719
0.005090863259224093
0.005091853248672128
0.0050928479393901
0.005093847022723055
0.005094850189913104
0.005095857130996603
0.0050968675337040165
0.005097881082358616
0.005098897456769821
0.005099916331116984
0.00510093737281938
0.005101960241387881
0.005102984587253838
0.005104010050570352
0.005105036259981073
0.005106062831351319
0.005107089366456202
0.005108115451620066
0.005109140656301301
0.005110164531616307
0.0051111866087959245
0.005112206397567398
0.005113223384454357
0.005114237030986876
0.0051152467718133246
0.005116252012704853
0.005117252128443178
0.005118246461175172
0.005119234334084571
0.005120214995016441
0.0051211876714523305
0.005122151546832081
0.005123105756987154
0.005124049389840424
0.005124981478198457
0.005125900998761325
0.005126806843768455
0.005127697886400784
0.005128572905567939
0.005129430605271008
0.00513026960934701
0.005131088455845468
0.005131885591001359
0.005132659362773177
0.00513340801391425
0.005134129674543782
0.005134822354182616
0.005135483933217167
0.005136112153753225
0.005136704609820845
