291.8563283180164
292.95268249036013
293.96830739894057
294.9142903918125
295.79585030551976
296.61709169499665
297.38180519649507
298.09359564898244
298.7558986226322
299.3719804537984
299.94493754914276
300.47769716727566
300.9730199750523
301.43350377951606
301.86158839806524
302.25956129267365
302.6295637708169
302.9735975640405
303.29353162962883
303.5911090489462
303.8679539205299
304.12557816710677
304.3653881957871
304.58869135253804
304.79670215897227
304.99054828279577
305.17127623800843
305.33985680323474
305.49719015446254
305.644110712847
305.7813917116556
305.90974990344745
306.02984829473644
306.14230087840565
306.24767689628214
306.3465028739433
306.43926613533944
306.52641766407953
306.6083747684585
306.6855235607196
306.75822126167685
306.82679834158483
306.89156050774
306.95279054882934
307.0107500455578
307.06568116183763
307.11780731883823
307.16733567616876
307.2144577518071
307.25935067558794
307.3021782923501
307.3430921659577
307.38223250557274
307.4197290221376
307.45570172053823
307.49026163222874
307.5235114927106
307.5555463679507
307.5864542335223
307.61631650999243
307.64520855781916
307.67320013478957
307.7003558188083
307.72675178567874
307.7523965836724
307.777383667587
307.8017506583169
307.82553994149396
307.8487920012453
307.8715445433659
307.89383253915133
307.9156884039349
307.93714218437407
307.958221735123
307.9789528826793
307.9993595768952
308.0194640310123
308.0392868510858
308.0588471556012
308.0781626860361
308.0972499090531
308.1161241109661
308.13479948506756
308.1532892123623
308.1716055362107
308.1897598313464
308.20776266769656
308.22562386940155
308.24335256940105
308.26095725992184
308.2784458391827
308.2958256546013
308.31310354277144
308.33028586645526
308.3473785488173
308.36438710511084
308.38131667200696
308.39817203475036
308.41495765229996
308.43167768061306
308.4483359942081
308.4649362061415
308.4814816865114
308.49797557960756
308.51442081980093
308.53082014627523
308.5471761166811
308.5634911197984
308.5797673872784
308.59600700453495
308.6122119208489
308.62838395874417
308.64452482268905
308.66063610717333
308.67671930420846
308.6927758102904
308.70880693287035
308.7248138963625
308.7407978477294
308.7567598616719
308.7727009454548
308.78862204339276
308.8045240410242
308.8204077689923
308.8362740066585
308.85212348546304
308.8679568920558
308.8837748712104
308.89957802853854
308.91536693301873
308.93114211935324
308.946904090164
308.962653318041
308.97839024745144
308.9941152965213
309.0098288586973
309.0255313042986
309.0412229819637
309.0569042200034
309.0725753276631
309.0882365963028
309.1038883004996
309.1195306990774
309.13516403607133
309.15078854162795
309.16640443284837
309.18201191457666
309.19761118013804
309.21320241202955
309.22878578256683
309.2443614544909
309.25992958153455
309.27549030895517
309.29104377403326
309.30659010653966
309.32212942917397
309.33766185797583
309.35318750271097
309.36870646723236
309.3842188498215
309.3997247435062
309.41522423636115
309.43071741178903
309.4462043487848
309.4616851221847
309.4771598029001
309.4926284581363
309.5080911516
309.52354794369325
309.53899889169605
309.5544440499391
309.56988346996496
309.5853172006813
309.6007452885038
309.6161677774916
309.6315847094752
309.64699612417564
309.66240205931814
309.67780255073865
309.6931976324846
309.7085873369093
309.7239716947619
309.7393507352713
309.75472448622565
309.77009297404874
309.78545622386895
309.80081425958826
309.8161671039441
309.8315147785696
309.8468573040505
309.86219469997775
309.8775269849982
309.89285417686267
309.9081762924705
309.9234933479127
309.938805358512
309.9541123388608
309.96941430285796
309.9847112637425
