3.9
3.921666778575876
3.943053862399557
3.964163898731516
3.9849986455436435
4.00555934156877
4.0258469149349
4.04586210357843
4.065605524846477
4.08507771579847
4.104279156564957
4.123210283853401
4.141871498663038
4.160263170531869
4.178385639639773
4.1962392175167365
4.213824186773399
4.2311408000781805
4.248189278491785
4.2649698092012756
4.281482542652571
4.297727589050667
4.313705014174254
4.32941483443194
4.344857011068048
4.36003144340564
4.374937960991381
4.389576314479977
4.403946165064134
4.418047072217736
4.431878479473837
4.445439697903094
4.4587298868901835
4.471748031722613
4.484492917404751
4.4969630979854776
4.5091568605354695
4.521072182723619
4.532706682714325
4.544057559830455
4.555121526004783
4.565894716138208
4.576372593808771
4.586549829899556
4.596420159860587
4.605976213356178
4.615209311600829
4.624109227714783
4.632663907627772
4.640859147183374
4.648678235957578
4.656101582520021
4.663106361908617
4.669666263513824
4.675751478483431
4.6813291537834205
4.686364646568064
4.690823994225464
4.694677964088493
4.697907682922936
4.7005110239019094
4.702507826599785
4.703941424299205
4.704874858823292
4.705382563170811
4.705540525181876
4.705418233665923
4.705074123484769
4.704554374827309
4.703893897170773
4.703118301750106
4.702246037378818
4.701290277438959
4.7002604228289755
4.6991632285644584
4.698003617027961
4.696785251020406
4.695510931282787
4.694182869456405
4.692802874277013
4.691372478047549
4.689893022321859
4.688365715868703
4.6867916738573765
4.685171944348924
4.683507526215322
4.681799381274495
4.680048442523512
4.678255623246882
4.676421811069442
4.674547879332061
4.672634683023633
4.670683069776691
4.66869387201191
4.666667909962709
4.664605992186367
4.66250891594958
4.660377466623998
4.658212420851426
4.656014543585135
4.653784589439194
4.651523302845797
4.649231418202258
4.646909660010318
4.644558743009834
4.642179372308259
4.639772243506919
4.637338042824714
4.634877447219705
4.632391124508899
4.629879733486417
4.627343924040186
4.624784337267251
4.622201605587758
4.619596352857647
4.616969194480067
4.614320737515532
4.611651580790834
4.60896231500668
4.606253522844092
4.603525779069528
4.600779650638734
4.598015696799339
4.59523446919214
4.592436511951139
4.589622361802232
4.586792548160628
4.583947593226377
4.58108801208149
4.578214312779878
4.575326996441879
4.572426557344448
4.569513483010657
4.566588254297836
4.563651345484374
4.560703224355178
4.557744352285807
4.554775184325235
4.551796169277291
4.54880774978074
4.545810362388036
4.54280443764273
4.539790400155531
4.536768668679039
4.533739656181143
4.5307037699171
4.527661411500274
4.524612976971575
4.521558856867573
4.518499436287322
4.5154350949578665
4.512366207298479
4.509293142483605
4.50621626450454
4.503135932229845
4.500052499464504
4.496966315007851
4.493877722710261
4.490787061528622
4.4876946655806025
4.484600864197732
4.481505981977299
4.478410338833078
4.475314250044918
4.472218026307182
4.469121973776079
4.466026394115882
4.462931584544061
4.459837837875345
4.456745442564728
4.453654682749435
4.450565838289878
4.447479184809596
4.444394993734224
4.441313532329497
