6.3290086732748465
6.337888348797034
6.349270894973163
6.363060303115028
6.379087100891033
6.3971609786269195
6.417091451942753
6.438696514618174
6.461806188536811
6.486263698907084
6.511925469745068
6.538660555637437
6.566349787958064
6.59488485685702
6.624167343858156
6.654107801751698
6.684624903807657
6.715644656705632
6.74709968566321
6.778928588790076
6.81107535567436
6.843488847682246
6.876122329061872
6.908933049908038
6.941881871018668
6.974932928153555
7.0080533314201885
7.0412128942126255
7.074383891528858
7.1075408402130185
7.140660304384986
7.1737207156592016
7.206702216270408
7.2395865124544025
7.272356744090706
7.304997366775422
7.337494046182226
7.36983355697506
7.402003698709821
7.433993212061155
7.465791708027767
7.4973896004012905
7.528778044825024
7.5599488836405495
7.590894594740651
7.621608246524855
7.652083454392514
7.682314340637122
7.712295501929701
7.7420219736099884
7.771489201273479
7.8006930117463344
7.829629589465198
7.85829545047153
7.88668742309436
7.914802625664302
7.94263844946331
7.97019254168315
7.997462787647674
8.024447298196622
8.051144394605002
8.077552595430157
8.103670606450036
8.129497307317841
8.155031742423164
8.180273111219197
8.205220758690833
8.229874166513579
8.254232946866969
8.278296831177366
8.302065667703166
8.325539411891056
8.348718120509329
8.37160194591783
8.39419113113135
8.416486003737434
8.438486970877651
8.460194515190748
8.481609189648024
8.502731612923847
8.523562467207721
8.54410249117203
8.564352480165537
8.584313278756902
8.60398578046442
8.623370922576658
8.642469684949006
8.661283084162621
8.679812174572726
8.698058041874212
8.716021804180786
8.733704605976664
8.751107618091313
8.768232035077519
8.785079072765605
8.80164996581712
8.817945966629766
8.833968342442803
8.84971837490371
8.865197357102815
8.880406591403819
8.895347389940797
8.910021071400726
8.924428959406034
8.938572382866075
8.952452671825684
8.966071158943803
8.97942917665893
8.992528056750794
9.005369127886617
9.0179537159391
9.030283143830744
9.042358726739348
9.054181774895907
9.065753591698213
9.07707547240439
9.088148701735888
9.098974557553843
9.109554305040463
9.119889199440161
9.129980484489135
9.139829390027282
9.149437134611876
9.158804922618158
9.167933945899
9.17682537814257
9.185480380364138
9.193900097924972
9.202085660639694
9.210038181423787
9.217758756702022
9.225248467543386
8.819575720841234
8.837984578590524
8.856366777255817
8.874683947495184
8.892901242401267
8.910986921806849
8.928912018821581
8.946650074874528
8.96417691405356
8.981470454254477
8.99851053777589
9.015278786368992
9.031758466550508
9.047934368986086
9.06379270092109
9.079320981817059
9.094507953904674
9.109343493433014
9.123818532285686
9.137924983621756
9.151655671755714
9.165004272512933
9.177965246404566
9.190533789385439
9.202705776789651
9.21447771710913
9.225846705742967
9.236810381218362
9.247366888908441
9.257514841721662
9.267253286385095
9.276581670712446
9.2854998136206
9.294007878123889
9.302106343504756
9.309795981975373
9.317077833868433
9.323953189195805
9.3304235649986
9.336490688152187
9.342156477783863
9.347423027736214
9.352292595147471
9.356767581513406
9.360850521986631
9.364544074466396
9.367851005084008
9.370774179509585
9.373326723991156
9.375491408093938
9.377281434684438
9.378689572639983
9.379739773883712
9.380424986800103
9.380748527167182
9.38071374445907
9.380324019236383
9.379582751741939
9.37849335921225
9.377059267831171
9.375283903855834
9.373170684692024
9.370723010705705
9.367944245890788
9.36483769630175
9.361406580589081
9.35765396965808
