473.8152351859999
512.4333155757266
511.773975707592
511.4165309528776
511.2952084186748
511.3633151213821
511.586379649453
511.9381960528545
512.3983612049366
512.9506685455516
513.5820220782509
514.281683679539
515.0407367892914
515.8516958276502
516.7082187070207
517.6048868489839
518.5370385689553
519.5006382314842
520.4921730955883
521.5085708201555
522.5471327610841
523.6054795003051
524.6815059210726
525.7733439112948
526.8793310912164
527.9979844646009
529.1279780551283
530.2681238147487
531.4173552616065
532.5747133507074
533.7393342723373
534.9104388004785
536.0873230576782
537.2693503570598
538.4559441028462
539.6465815068055
540.8407880371908
542.0381324867573
543.2382226671734
544.440701475968
545.6452434908067
546.8515518559866
548.059355539534
549.2684068683271
550.4784793111728
551.6893654981
552.900875415913
554.112834814372
555.3250837731568
556.5374753511929
557.7498744458383
558.9621567022112
560.1742075654057
561.3859213802021
562.5972006320923
563.8079551961081
565.0181017145011
566.227562983802
567.4362674143409
568.6441485654393
569.8511446702367
571.057198247963
572.2622557389692
573.4662671425713
574.6691857396859
575.8709677953576
577.0715723020348
578.2709607513265
579.4690969243326
580.6659466714223
581.8614777834352
583.0556597650195
584.2484637245203
585.4398622305623
586.6298291832319
587.8183396890986
589.0053699653859
590.1908972422018
591.3748996633258
592.5573562123877
593.7382466414235
594.9175513756711
596.095251491513
597.2713286050221
598.4457648701072
599.6185428867449
600.7896456809873
601.9590566372468
603.126759497594
604.292738274031
605.4569772647247
606.6194609744683
607.7801741335738
608.9391016404481
610.0962285418285
611.2515400138856
612.4050213461404
613.5566579102203
614.7064351550534
615.8543385717854
617.0003536944935
618.1444660925088
619.2866613294233
620.4269249731389
621.5652425864984
622.7015996937213
623.8359818077362
624.9683743848716
626.0987628377565
627.227132518166
628.3534687276458
629.4777566928909
630.5999815485111
631.7201283822357
632.8381821810323
633.9541278400586
635.0679501649553
636.1796338897044
637.2891636150171
638.3965238732301
639.5016990808856
640.6046735491858
641.7054315061986
642.8039570536021
643.9002343204547
644.9942469919226
646.0859789632489
647.1754139239454
648.2625354632063
649.3473270645586
650.4297721198849
651.5098539214872
652.5875556449937
731.0227572578071
729.3252379629431
727.7638153918851
726.3301308390211
725.0163990588529
723.8153670742288
722.7202746888618
721.7248171505892
720.8231104106404
720.0096589061812
719.2793259476716
718.6273064336859
718.0491018898614
717.5404975673432
717.0975414177664
716.7165249033661
716.3939653007372
716.1265895498884
715.911319366709
715.7452575816691
715.6256755874226
715.5500016995929
715.5158105909095
715.5208133582548
715.5628484948585
715.6398734607782
715.7499569294507
715.8912716176492
716.0620875768241
716.2607660477852
716.4857537154861
716.7355773894465
717.0088390505841
717.3042112300122
717.620432743339
717.9563046800336
718.3106867072822
718.6824935556855
719.0706918160947
719.4742968920868
719.8923701740268
720.3240164125731
720.768381191706
721.2246486797042
721.692039424385
722.1698082998311
722.6572426410256
723.1536604245416
723.6582523090533
724.1707041427629
724.6902608486425
725.2165067505515
725.7485714756594
726.2860833761414
726.8285329020702
727.3754300862848
727.9263033959753
728.4806987406339
729.0381783754854
729.5983198739253
730.1607150724064
730.7249689284126
731.2906982363279
731.857530037061
732.4250998669293
732.9930488640651
