16.738643602882558
16.73843799795983
16.738232253099667
16.738026297312626
16.73782006380909
16.737613489660966
16.73740651566766
16.737199086167408
16.736991148849764
16.736782654577002
16.736573557216488
16.736363813483926
16.73615338279668
16.735942227136146
16.735730310918182
16.735517600870807
16.73530406591836
16.735089677071493
16.734874407322465
16.734658231545257
16.734441126400068
16.73422307024186
16.734004043032655
16.733784026257318
16.733563002842608
16.733340957079292
16.73311787454718
16.732893742042968
16.732668547510745
16.732442279975093
16.732214929476708
16.73198648701045
16.731756944465843
16.731526294569903
16.731294530832322
16.73106164749289
16.730827639471265
16.730592502318903
16.730356232173257
16.730118825714086
16.72988028012199
16.72964059303899
16.72939976253122
16.729157787053637
16.728914665416745
16.728670396755202
16.728424980498378
16.72817841634272
16.727930704225923
16.727681844302772
16.727431836922676
16.727180682608786
16.726928382038647
16.726674936026267
16.72642034550564
16.726164611515536
16.72590773518556
16.72564971772341
16.725390560403216
16.72513026455497
16.724868831554904
16.72460626281681
16.7243425597842
16.724077723923294
16.72381175671669
16.723544659657783
16.72327643424579
16.723007081981322
16.722736604362538
16.72246500288177
16.722192279022554
16.721918434257145
16.7216434700443
16.721367387827463
16.72109018903323
16.720811875070055
16.720532447327233
16.720251907174063
16.719970255959215
16.719687495010263
16.719403625633383
16.719118649113124
16.718832566712358
16.718545379672292
16.71825708921256
16.717967696531407
16.717677202805902
16.717385609192263
16.717092916826132
16.71679912682298
16.716504240278482
16.71620825826892
16.715911181851634
16.71561301206544
16.71531374993109
16.71501339645173
16.714711952613357
16.71440941938527
16.71410579772053
16.71380108855641
16.713495292814827
16.713188411402804
16.712880445212868
16.712571395123494
16.712261261999522
16.711950046692532
16.711637750041252
16.711324372871946
16.711009915998776
16.71069438022417
16.710377766339153
16.710060075123717
16.70974130734713
16.709421463768276
16.709100545135932
16.70877855218911
16.708455485657325
16.708131346260878
16.70780613471114
16.707479851710822
16.707152497954215
16.706824074127447
16.706494580908736
16.706164018968625
16.705832388970183
16.705499691569262
16.705165927414686
16.70483109714847
16.70449520140602
16.70415824081633
16.703820216002168
16.703481127580268
16.7031409761615
16.702799762351056
16.702457486748607
16.70211414994848
16.701769752539814
16.701424295106715
16.7010777782284
16.700730202479367
16.700381568429513
16.700031876644292
16.69968112768485
16.69932932190214
16.698976460058354
16.698622542702374
16.698267570379304
16.69791154363058
16.697554462994084
16.697196329004267
16.696837142192262
16.696476903085973
16.6961156122102
16.69575327008673
16.695389877234454
16.695025434169445
16.694659941405064
16.694293399452075
16.69392580881871
16.693557170010777
16.69318748353175
16.692816749882855
16.69244496956314
16.69207214306959
16.691698270897188
16.691323353539016
16.6909473914863
16.690570385228536
16.690192335253528
16.689813242047485
16.68943310609509
16.68905192787957
16.688669707882777
16.68828644658525
16.687902144466285
16.687516802004005
16.687130419675448
16.686742997956586
16.68635453732245
16.68596503824715
16.68557450120395
16.685182926665334
16.68479031510308
16.684396666988288
16.684001982791486
16.68360626298265
16.68320950803128
16.68281171840646
16.682412894576892
16.682013037010996
16.68161214617693
16.681210222542653
16.68080726657598
16.68040327874465
16.679998259516356
16.679592209358823
16.67918512873983
16.678777018127292
16.678367877989277
