162350.5367982
66735.55992366646
66858.16223526649
67019.19873759645
67188.85722845934
67353.39444185176
67505.76912016471
67642.27872309186
67761.1061552443
67861.5749529572
67943.7184636605
68008.012454314
68055.20250270607
68086.19039712368
68101.9586037393
68103.52012688958
68091.88514700075
68068.03942134483
68032.93049496827
67987.45943892625
67932.47635599386
67868.77842643177
67797.10987459274
67718.16287487678
67632.57947051754
67540.9538521784
67443.83495475934
67341.72922540974
67235.10333579917
67124.38699903135
67009.9755309593
66892.2325407699
66771.49217475925
66648.06160605708
66522.22302538855
66394.23565777829
66264.3376420986
66132.7478511602
65999.66723246808
65865.28055132997
65729.75751911371
65593.25418446348
65455.91401542364
65317.868935659804
65179.24030470001
65040.13977034093
64900.67015505191
64760.926129577834
64620.994819419444
64480.95661253302
64340.88555213651
64200.849956666556
64060.91281964954
63921.13235430717
63781.56225121844
63642.25218047091
63503.24800168832
63364.59215613876
63226.323954847576
63088.47973648113
62951.09322242364
62814.19566117602
62677.816009199145
62541.98121136285
62406.716251106256
62272.044370111646
62137.98721092172
62004.56492380924
61871.79627064458
61739.6988251423
61608.28888706963
61477.58180730126
61347.59192410709
61218.33266323921
61089.8166209609
60962.05566256797
60835.06094657168
60708.84298238571
60583.41171609887
60458.776548741494
60334.94636633541
60211.92966831797
60089.73446239907
59968.36847718213
59847.83901773738
59728.15313573466
59609.31757002933
59491.338855405374
59374.22322008401
59257.97677675769
59142.60538108997
59028.11480869344
58914.5106200354
58801.79827787512
58689.98314734122
58579.07049926634
58469.06550933587
58359.97330837595
58251.79895450288
58144.547501552835
58038.22396076915
57932.83329263354
57828.38050073335
57724.87057412922
57622.30849156801
57520.69929888284
57420.04800844646
57320.35971465572
57221.63953943109
57123.89266798656
57027.12430587318
56931.3397386537
56836.54436975784
56742.743585442346
56649.942899551424
56558.14792148136
56467.36434470869
56377.5978954228
56288.85449708855
56201.14009230996
56114.460770385245
56028.822738264455
55944.23226310869
55860.695788015364
55778.21983039313
55696.8110767885
55616.47630105932
55537.22243172746
55459.056522074905
55381.985770040235
55306.017487656994
55231.15912896589
55157.4183396612
100561.25086418027
99674.8568834985
98812.62505896876
97974.35612865414
97159.68188687421
96368.12979511452
95599.16462797661
94852.21592679944
94126.6958136222
93422.01093412389
92737.57014083769
92072.78980412743
91427.09710315046
90799.93220626666
90190.74976106409
89599.01954583552
89024.22707377249
88465.8736274632
87923.476300089
87396.56782701137
86884.69628327555
86387.42497464085
85904.33176651932
85435.00899018075
84979.06286019213
84536.11316281055
84105.79279675549
83687.74729390211
83281.63454101032
82887.12426796238
82503.89767669284
82131.64702516506
81770.07524683919
81418.89561902075
81077.83133398718
80746.61519179276
80424.98918116432
80112.70426278835
79809.51994170286
79515.20401331554
79229.5322559254
78952.28809255296
78683.26245417348
78422.25333100019
78169.065611424
77923.51088832178
77685.4071137188
77454.57844565395
77230.55519101604
77013.7724317301
76803.77249294159
76600.70531079789
76403.81843320953
76213.27152721642
76028.92730931535
75850.65350297719
75678.32295332718
75511.81349056818
75351.0081759826
75195.79547975118
75046.06960774287
74901.73109305493
74762.6878302474
74628.85635125871
74500.16422801743
74376.55397775192
