10.8
10.7841405916069
10.768296991643297
10.752469921775146
10.736660088656421
10.720868183003706
10.705094879292057
10.689340835794807
10.673606694810756
10.657893082989636
10.642200611705244
10.626529877447537
10.610881462217538
10.595255933915922
10.579653846720245
10.564075741447981
10.548522145903856
10.532993575210586
10.517490532122551
10.50201350732205
10.486562979697878
10.471139416605883
10.455743274111196
10.440374997211618
10.425035020041612
10.409723766056137
10.394441648193432
10.379189069015586
10.36396642082555
10.348774085758889
10.3336124358483
10.318481833058446
10.303382629288217
10.288315166336956
10.273279775830453
10.258276779101736
10.24330648702065
10.228369199765003
10.213465206524637
10.198594785127938
10.183758201542743
10.168955709411637
10.154187549257408
10.139453947677959
10.12475511633582
10.110091250744
10.095462528811163
10.08086910913349
10.066311128830188
10.051788701191708
10.037301912768859
10.022850820035849
10.008435445598474
9.994055774025302
9.979711747512878
9.965403261816896
9.951130163210902
9.936892247654164
9.922689263740452
9.90852092106614
9.894386904955283
9.880286896713699
9.866220596174493
9.852187741630473
9.83818812276501
9.824221584836208
9.810288025486065
9.79638738670321
9.782519645855253
9.768684806749476
9.754882892233642
9.741113938458675
9.727377990639917
9.71367510001514
9.700005321705484
9.686368713234744
9.672765333513297
9.659195242143545
9.645658498945737
9.632155163633966
9.61868529559422
9.605248953731275
9.591846196362233
9.578477081141736
9.565141665008346
9.551840004145395
9.538572153951613
9.525338169018415
9.512138103098748
9.498972009119615
9.485839939154685
9.47274194442562
9.459678075264275
9.44664838111829
9.433652910542515
9.42069171119047
9.407764829806304
9.394872312211472
9.382014203309005
9.36919054707001
9.35640138652664
9.343646763765236
9.33092671991964
9.318241295164649
9.305590528709617
9.292974458792203
9.280393122672253
9.267846556625805
9.25533479593924
9.242857874903535
9.230415826808663
9.218008683938095
9.205636477563425
9.193299237939119
9.180996994297358
9.168729774843019
9.156497606748749
9.144300516150151
9.132138528141088
9.12001166676908
9.10791995503083
9.095863414867829
9.08384206716209
9.071855931731978
9.05990502732814
9.04798937162955
9.036108981239652
9.024263871682612
9.01245405739967
9.000679551745606
8.988940366985293
8.977236514290382
8.965568003736065
8.953934844297965
8.942337043849124
8.930774609157094
8.919247545881149
8.907755858569592
8.896299550657176
8.884878624462639
8.873493081186338
8.86214292090801
8.85082814258463
8.839548744048392
8.828304722004793
8.817096072030848
8.8059227885734
8.794784864947557
8.783682293335254
8.772615064783912
8.761583169205235
8.750586595374115
8.739625330927659
8.728699362364345
8.71780867504329
8.706953253183647
8.696133079864122
8.685348137022624
8.674598405456027
8.663883864820077
8.653204493629401
8.642560269257672
8.631951167937885
8.621377164762766
8.610838233685314
8.600334347519478
8.589865477940958
8.57943159548814
8.569032669563176
8.558668668433183
8.548339559231584
8.538045307959587
8.527785879487796
8.517561237557965
8.50737134478488
8.49721616265839
8.487094201993523
8.47702739134444
8.467025000390388
8.457095772357002
8.447247884213724
8.437488937502618
8.427825964812799
8.418265443104909
8.408813309495915
8.399474977495933
8.390255352963262
8.381158849502864
8.372189403317966
8.363350487613681
8.3546451266862
8.346075909837795
8.337645005252451
8.329354173956457
8.321204783975611
8.31319782478707
8.305333922149448
8.297613353379925
8.290036063131392
8.28260167970642
8.281601666943837
8.280606881112057
8.279617232116701
8.278632631485909
8.277652992384521
8.276678229625382
8.275708259677799
8.274743000673247
8.273782372408435
8.272826296345828
8.271874695611722
8.270927494992
8.269984620925653
8.26904600149619
8.268111566421032
8.26718124703903
8.266254976296176
8.265332688729655
8.264414320450323
8.263499809123731
8.262589093949812
8.261682115641312
8.260778816401096
8.25987913989842
8.258983031244272
8.258090436965876
8.257201304980462
8.256315584568387
8.255433226345705
8.254554182236257
8.253678405443381
8.25280585042131
8.251936472846337
8.251070229587812
8.250207078679056
8.249346979288228
8.248489891689243
8.247635777232757
8.24678459831731
8.245936318360643
8.245090901771261
8.244248313920274
8.243408521113544
8.242571490564204
8.241737190365546
8.240905589464335
8.240076657634557
8.239250365451639
8.238426684267154
8.237605586184024
8.236787044032258
8.235971031345207
8.235157522336374
8.234346491876783
8.233537915472896
8.232731769245108
8.231928029906804
8.231126674743994
8.230327681595519
8.22953102883382
8.228736695346289
8.227944660517169
8.22715490421003
8.226367406750787
8.22558214891127
8.22479911189333
8.224018277313482
8.22323962718807
8.222463143918942
8.221688810279627
8.220916609402007
8.220146524763472
8.219378540174537
8.218612639766933
8.21784880798213
8.217087029560298
8.216327289529705
8.215569573196506
8.214813866134945
8.21406015417794
8.21330842340804
8.212558660148755
8.211810850956219
8.211064982611216
8.21032104211151
8.20957901666451
8.208838893680229
8.20810066076454
8.207364305712717
8.206629816503247
8.205897181291897
8.205164480088463
8.204431712879567
8.203698879651828
8.20296598039186
8.202233015086279
8.201499983721686
8.200766886284686
8.200033722761878
8.199300493139855
8.198567197405207
8.19783383554452
8.197100407544376
8.19636691339135
8.195633353072017
8.194899726572944
8.194166033880697
8.193432274981834
8.192698449862913
8.191964558510485
8.191230600911098
8.190496577051293
8.189762486917612
8.189028330496587
8.18829410777475
8.187559818738627
8.18682546337474
8.186091041669606
8.185356553609738
8.184621999181646
8.183887378371834
8.183152691166804
8.182417937553051
8.181683117517068
8.180948231045342
8.180213278124358
8.179478258740593
8.178743172880523
8.178008020530617
8.177272801677343
8.176537516307164
8.175802164406536
8.175066745961912
8.174331260959743
8.173595709386474
8.172860091228545
8.172124406472392
8.171388655104447
8.170652837111138
8.169916952478887
8.169181001194115
8.168444983243237
8.167708898612663
8.166972747288797
8.166236529258043
8.165500244506799
8.164763893021457
8.164027474788407
8.163290989794032
8.162554438024713
8.161817819466828
8.161081134106746
8.160344381930836
8.159607562925459
8.158870677076974
8.158133724371737
8.157396704796097
8.1566596183364
8.155922464978987
8.155185244710196
8.154447957516359
8.153710603383804
8.152973182298854
8.15223569424783
8.151498139217047
8.150760517192815
8.150022828161442
8.14928507210923
8.148547249022474
8.147809358887471
8.147071401690509
8.146333377417873
8.145595286055842
8.144857127590694
8.1441189020087
8.143380609296127
8.142642249439238
8.141903822424291
8.141165328237541
8.140426766865238
8.139688138293625
8.138949442508945
8.138210679497435
8.137471849245328
8.13673295173885
8.135993986964225
8.135254954907673
8.134515855555406
8.133776688893638
8.133037454908573
8.132298153586412
8.131558784913352
8.130819348875587
8.130079845459305
8.129340274650689
8.12860063643592
8.127860930801171
8.127121157732615
8.126381317216417
8.12532461140488
8.124268113012885
8.123211820264633
8.122155731397111
8.121099844659
8.120044158310119
8.118988670621018
8.117933379872632
8.116878284355959
8.11582338237177
8.11476867223034
8.113714152251198
8.112659820762898
8.111605676102815
8.110551716616948
8.109497940659741
8.108444346593922
8.10739093279035
8.106337697627884
8.105284639493243
8.104231756780898
8.103179047892958
8.102126511239073
8.101074145236332
8.10002194830919
8.09896991888937
8.097918055415805
8.096866356334559
8.095814820098758
8.094763445168539
8.093712230010986
8.09266117310008
8.091610272916641
8.09055952794829
8.089508936689398
8.088458497641046
8.087408209310981
8.086358070213583
8.085308078869822
8.084258233807226
8.083208533559851
8.082158976668241
8.081109561679401
8.080060287146768
8.079011151630182
8.077962153695852
8.076913291916336
8.07586456487051
8.074815971143543
8.07376750932687
8.07271917801817
8.071670975821336
8.070622901346454
8.069574953209779
8.068527130033708
8.06747943044676
8.066431853083548
8.06538439658476
8.064337059597129
8.063289840773416
8.062242738772383
8.061195752258769
8.060148879903265
8.059102120382494
8.058055472378983
8.057008934581141
8.055962505683231
8.054916184385352
8.053869969393403
8.05282385941907
8.051777853179788
8.050731949398724
8.049686146804751
8.048640444132413
8.047594840121905
8.046549333519039
8.045503923075225
8.044458607547437
8.04341338569818
8.042368256295468
8.04132321811279
8.040278269929082
8.039233410528691
8.03818863870135
8.037143953242136
8.036099352951453
8.03505483663498
8.034010403103654
8.032966051173622
8.031921779666211
8.030877587407897
8.029833473230257
8.02878943596994
8.027745474468631
8.026701587573001
8.025657774134679
8.024614033010204
8.023570363060989
8.022526763153273
8.021483232158086
8.0204397689512
8.01939637241308
8.018353041428853
8.017309774888247
8.016266571685552
8.015223430719569
8.014180350893561
8.013137331115205
8.01209437029654
8.01105146735391
8.010008621207923
8.008965830783387
8.007923095009255
8.006880412818576
8.005837783148431
8.00479520493988
8.003752677137898
8.002710198691318
8.00166776855277
8.000625385678612
7.999583049028878
7.998540757567201
7.997498510260752
7.996456306080174
7.9954141439995094
7.994372022996134
7.993329942050684
7.992287900146981
7.991245896271964
7.990203929415611
7.989161998570861
7.9881201027335385
7.9870782409022745
7.986036412078425
7.9849946152659905
7.983952849471532
7.982911113704084
7.981869406975075
7.980827728298231
7.9797860766894955
7.978744451166933
7.97770285075064
7.976661274462648
7.9756197213268365
7.9745781903688275
7.973536680615893
7.972495191096854
7.971453720841982
7.970412268882893
7.969370834252446
7.968329415984636
7.967288013114488
7.966246624677948
7.965205249711775
7.964163887253424
7.963122536340938
7.962081196012832
7.961039865307974
7.9599985432654705
7.958957228924544
7.957915921324415
7.956874619504176
7.955833322502669
7.954792029358362
7.953750739109218
7.952709450792566
7.951668163444977
7.950626876102123
7.9495855877986505
7.948544297568043
7.947503004442484
7.9464617074527215
7.945420405627926
7.9443790979955535
7.943337783581198
7.942296461408452
7.941255130498759
7.940213789871272
7.939172438542698
7.9381310755271555
7.93708969983602
7.936048310477773
7.9350069064578514
7.93396548677849
7.932924050438569
7.931882596433451
7.930841123754831
7.929799631390572
7.928758118324544
7.9277165835364665
7.926675026001741
7.9256334446912895
7.9245918385713905
7.923550206603509
7.922508547744134
7.921466860944606
7.920425145150951
7.919383399303707
7.918341622337756
7.917299797499273
7.91625793083574
7.915216023104729
7.914174077700068
7.913132098002771
7.912090087380353
7.91104804918618
7.910005986758879
7.908963903421809
7.907921802482584
7.90687968723266
7.90583756094698
7.904795426883684
7.90375328828386
7.902711148371363
7.901669010352673
7.900626877416803
7.899584752735243
7.898542639461946
7.897500540733342
7.896458459668385
7.89541639936862
7.894374362918268
7.893332353384332
7.892290373816715
7.891248427248347
7.890206516695319
7.889164645157021
7.888122826285362
7.887081052376771
7.886039326381311
7.884997651232919
7.883956029849547
7.882914465133298
7.881872959970557
7.880831517232126
7.879790139773346
7.878748830434217
7.87770759203952
7.8766664273989235
7.875625339307098
7.874584330543819
7.873543403874067
7.8725025620481315
7.871461807801701
7.870421143855959
7.869380572917673
7.868340097679286
7.867299720819002
7.866259445000871
7.865219272874876
7.864179207077013
7.863139250229379
7.862099404940249
7.861059673804164
7.860020059402006
7.85898056430109
7.857941191055237
7.856901942204862
7.855862820277056
7.854823827785668
7.85378496723139
7.852746241101841
7.851707651871652
7.850669202002549
7.849630893943439
7.848592730130498
7.847554712987255
7.8465168449246745
7.84547912834125
7.844441565623082
7.8434041591439705
7.842366911265496
7.841329824337107
7.840292900696202
7.839256142668217
7.838219552566707
7.837183132693427
7.836146885338418
7.835110812780081
7.83407491728526
7.8330392011093215
7.832003666496225
7.830968315678602
7.829933150877829
7.828898174304096
7.827863388156478
7.826828794623003
7.825794395880715
7.824760194095738
7.82372619142334
7.822692390007988
7.821658791983405
7.82062539947263
7.819592214588061
7.818559239431512
7.817526476094259
7.816493926657081
7.815461593190308
7.814429477753859
7.813397582397279
7.812365909159776
7.811334460070253
7.810303237147338
7.809272242399419
7.8082414778246605
7.807210934857559
7.806180626034187
7.805150553322253
7.804120718679333
7.803091124052882
7.802061771380251
7.8010326625887
7.800003799595404
7.7989751843074675
7.797946818621925
7.796918704425752
7.795890843595863
7.7948632379991185
7.793835889492321
7.792808799922218
7.791781971125498
7.7907554049287855
7.789729103148641
7.788703067591549
7.787677300053917
7.786651802322063
7.785626576172209
7.784601623370471
7.783576945672848
7.782552544825209
7.781528422563284
7.780504580612648
7.779481020688711
7.778457744496699
7.777434753731646
7.776412050078372
7.775389635211472
7.7743675107953
7.77334567848395
7.772324139921243
7.771302896740709
7.770281950565569
7.769261303008721
7.76824095567272
7.767220910149763
7.766201168021671
7.765181730859873
7.764162600225388
7.76314377766881
7.762125264730288
7.761107062939514
7.760089173815706
7.759071598867588
7.7580543395933805
7.757037397480782
7.756020774006955
7.755004470638512
7.753988488831502
7.752972830031398
7.751957495673081
7.7509424871808354
7.749927805968329
7.748913453438606
7.747899430984076
7.746885739986508
7.745872381817017
7.744859357836062
7.743846669393432
7.742834317828244
7.741822304468939
7.740810630633274
7.73979929762832
7.738788306750461
7.737777659285394
7.736767356508124
7.73575739968297
7.734747790063562
7.733738528892846
7.732729617403089
7.731721056815882
7.730712848342149
7.7297049931821515
7.728697492525499
7.7276903475511585
7.726683559427466
7.725677129312139
7.72467105835229
7.723665347684443
7.722659998434546
7.721655011717994
7.720650388639643
7.719646130293836
7.71864223776442
7.71763871212477
7.716635554437815
7.715632765756064
7.7146303471216315
7.713628299566269
7.713127645077934
7.712627361590396
7.712127449531692
7.711627909329635
7.711128741411823
7.710629946205649
7.71013152413831
7.70963347563682
7.709135801128015
7.708638501038564
7.708141575794975
7.707645025823602
7.707148851550654
7.706653053402196
7.706157631804157
7.7056625871825615
7.705167919963073
7.704673630571002
7.704179719431769
7.703686186970682
7.703193033612932
7.7027002597835965
7.702207865907639
7.701715852409913
7.701224219715158
7.700732968248002
7.700242098432963
7.699751610694446
7.699261505456742
7.698771783144028
7.698282444180363
7.6977934889896895
7.69730491799583
7.696816731622483
7.696328930293219
7.695841514431481
7.69535448446058
7.6948678408036875
7.694381583883836
7.693895714123912
7.693410231946652
7.692925137774637
7.692440432030288
7.691956115135861
7.6914721875134395
7.69098864958493
7.690505501772054
7.690022744496344
7.689540378179133
7.689058403241552
7.68857682010452
7.688095629188734
7.687614830914665
7.687134425702551
7.686654413972383
7.686174796143901
7.685695572636584
7.685216743869641
7.6847383102619995
7.684260272232299
7.6837826301988805
7.683305384579774
7.68282853579269
7.68235208425501
7.681876030383773
7.681400374595665
7.680925117307009
7.680450258933753
7.679975799891457
7.67950174059528
7.679028081459971
7.678554822899852
7.6780819653288095
7.677609509160275
7.6771374548072195
7.676665802682133
7.676194553197012
7.675723706763349
7.675253263792111
7.674783224693732
7.67431358987809
7.673844359754499
7.673375534731687
7.672907115217786
7.6724391016203075
7.671971494346134
7.671504293801496
7.671037500391958
7.6705711145224
7.670105136597
7.669639567019213
7.669174406191756
7.6687096545165865
7.668245312394886
7.667781380227036
7.667317858412604
7.666854747350317
7.666392047438045
7.665929759072779
7.665467882650611
7.6650064185667075
7.664545367215295
7.66408472898963
7.663624504281984
7.663164693483612
7.662705296984736
7.662246315174519
7.661787748441039
7.661329597171267
7.660871861751041
7.660414542565041
7.659957639996762
7.659501154428488
7.659045086241271
7.658589435814895
7.658134203527858
7.657679389757336
7.65722499487916
7.656771019267788
7.656317463296276
7.655864327336244
7.655411611757852
7.65495931692977
7.654507443219143
7.654055990991565
7.653604960611045
7.653154352439977
7.652704166839109
7.652254404167507
7.6518050647825255
7.651356149039775
7.650907657293086
7.650459589894475
7.650011947194115
7.649564731555674
7.64911794334797
7.648671582933686
7.648225650669333
7.647780146905175
7.647335071985163
7.646890426246853
7.646446210021344
7.6460024236332105
7.645559067400444
7.645116141634402
7.644673646639759
7.64423158271446
7.643789950149682
7.6433487492297925
7.642907980232312
7.64246764342788
7.642027739080216
7.641588267446089
7.641149228775276
7.640710623310527
7.640272451287528
7.639834712934856
7.639397408473936
7.638960538118997
7.638524102077017
7.6380881005476695
7.63765253372326
7.637217401788663
7.636782704921246
7.636348443290788
7.635914617059393
7.635481226381386
7.6350482714032095
7.634615752263295
7.634183669091932
7.633752022011112
7.633320811134364
7.632890036566559
7.632459698403707
7.632029796732709
7.631600331631096
7.63117130316672
7.630742711397419
7.630314556370622
7.62988683812291
7.629459556679507
7.629032712053702
7.628606304246178
7.62818033324424
7.627754799020908
7.627329701533862
7.626905040724194
7.626480816514923
7.626057028809217
7.625633677488233
7.625210762408478
7.624788283398521
7.6243662402548535
7.623944632736553
7.623523460558274
7.623102723380757
7.622682420797532
7.622262552315392
7.621843117323911
7.615817131755056
7.609822568042035
7.6038592417402215
7.597926962129122
7.592025532193368
7.586154748568119
7.5803144014706225
7.574504274622358
7.568724145163649
7.562973783562406
7.557252953518771
7.551561411867451
7.545898908479564
7.540265186165695
7.534659980581752
7.529083020139014
7.52353402591958
7.518012711598241
7.51251878337159
7.507051939895016
7.50161187222809
7.496198263788691
7.490810790316129
7.485449119843427
7.480112912678847
7.474801821396703
7.469515490837436
7.464253558116928
7.4590156526449825
7.4538013961528895
7.448610402729982
7.443442278869051
7.438296623520645
7.433173028155897
7.428071076837937
7.422990346301704
7.417930406042005
7.412890818409675
7.407871138715691
7.402870915343041
7.3978896898662025
7.392926997177992
7.387982365623613
7.383055317141654
7.378145367411803
7.373252026009028
7.368374796563942
7.363513176929079
7.358666659350756
7.35383473064622
7.349016872385737
7.344212561079264
7.339421268367355
7.334642461215904
7.3298756021143445
7.325120149276894
7.32037555684644
7.31564127510063
7.310916750659741
7.306201426695904
7.301494743143214
7.296796136908305
7.2921050420809435
7.287420890144179
7.282743110183624
7.278071129095428
7.273404371792504
7.268742261408581
7.264084219499688
7.259429666242648
7.254778020630189
7.250128700662319
7.245481123533579
7.240834705815836
7.236188863636306
7.231543012850469
7.226896569209625
7.222248948522785
7.217599566812686
7.212947840465679
7.208293186375301
7.203635022079348
7.198972765890286
7.1943058370188595
7.1896336556907965
7.184955643256495
7.1802712222936265
7.175579816702608
7.1708808517948865
7.166173754374039
7.161457952809666
7.156732877104103
7.151997960745639
7.147252640182442
7.142496354540715
7.137728545664927
7.132948658151062
7.1281561393730035
7.123350439502216
7.118531011520956
7.113697311229213
7.108848797245615
7.103984931002514
7.099105176735491
7.094209001467512
7.089295874987964
7.084365269832444
7.079416661240895
7.074449527122973
7.069463348030047
7.06445760710657
7.059431790043324
7.054385385027167
7.049317882687496
7.044228776039636
7.039117560425376
7.033983733450844
7.028826794921913
7.023646246777347
7.01844159301986
7.013212339645258
7.007957994569856
7.002678067556314
6.997372070138062
6.992039515542462
6.986679918612848
6.981292795729581
6.975877664730259
6.97043404482919
6.964961456536257
6.959459421575282
6.953927462801987
6.948365104121667
6.942771870406642
6.937147287413601
6.931490881700892
6.925802180545858
6.920080711862268
6.914326004117922
6.908537586252478
6.902714987595567
6.896857737785236
6.890965366686775
6.885037404311957
6.879073380738746
6.87307282603149
6.867035270161639
6.860960242929018
6.854847273883668
6.848695892248289
6.842505626841292
6.8362760060004835
6.830006557507392
6.8236968085122465
6.817346285459617
6.810954514014725
6.804521018990422
6.798045324274849
6.791526952759767
6.784965426269567
6.778360265490945
6.77171098990326
6.765017117709548
6.7582781657681945
6.7514936495252655
6.744663082947482
6.737785978455825
6.730861846859778
6.723890197292174
6.716870537144656
6.709802372003732
6.702685205587407
6.695518539682395
6.688301874081871
6.681034706523788
6.67371653262971
6.666346845844164
6.658925137374503
6.651450896131245
6.643923608668899
6.636342759127239
6.628707829173032
6.621018297942191
6.61327364198235
6.605473335195834
6.597616848783015
6.589703651186049
6.58173320803296
6.573704982082068
6.5656184331667555
6.557473018140532
6.549268190822408
6.5410034019425565
6.5326780990882325
6.524291726649967
6.515843725767989
6.507333534278888
6.498760586662486
6.4901243139889155
6.488957295295679
6.487794334751763
6.486635149824538
6.485479479205797
6.484327081299457
6.483177732821081
6.48203122748433
6.480887374763762
6.4797459987346935
6.478606936987519
6.477470039614003
6.476335168262663
6.475202195260058
6.4740710027946395
6.472941482159694
6.471813533051906
6.470687062922097
6.469561986374748
6.46843822461303
6.467315704926225
6.466194360216479
6.46507412856212
6.463954952814813
6.462836780228034
6.461719562114513
6.460603253530427
6.459487812984316
6.45837320216879
6.457259385713269
6.456146330956115
6.455034007734646
6.453922388191614
6.4528114465968756
6.4517011591830355
6.4505915039939845
6.4494824607452985
6.44837401069557
6.44726613652781
6.446158822240122
6.445052053044916
6.443945815275994
6.442840096302882
6.441734884451833
6.440630168932985
6.439525939773178
6.438422187753997
6.437318904354616
6.436216081699075
6.435113712507637
6.434011790051912
6.4329103081134384
6.431809260945466
6.4307086432376765
6.429608450083626
6.428508676950679
6.427409319652257
6.426310374322204
6.4252118373911244
6.424113705564513
6.423015975802563
6.421918645301507
6.420821711476378
6.419725171945071
6.418629024513619
6.417533267162578
6.416437898034441
6.415342915421993
6.414248317757553
6.41315410360301
6.4120602716406125
6.410966820664443
6.409873749572528
6.408781057359534
6.407688743110009
6.406596805992119
6.405505245251848
6.404414060207632
6.4033232502453785
6.402232814813856
6.401142753420421
6.400053065627055
6.398963751046691
6.397874809339809
6.396786240211275
6.395698043407409
6.394610218713265
6.393522765950112
6.392435684973084
6.391348975669012
6.390262637954398
6.389176671773543
6.388091077096809
6.387005853918992
6.385921002257825
6.384836522152578
6.383752413662761
6.382668676866917
6.381585311861496
6.380502318759816
6.379419697691091
6.37833744879953
6.377255572243497
6.376174068194729
6.375092936837613
6.374012178368509
6.3729317929951215
6.371851780935917
6.37077214241958
6.369692877684504
6.3686139869783265
6.367535470557488
6.366457328686827
6.365379561639199
6.364302169695129
6.363225153142483
6.36214851227616
6.361072247397816
6.359996358815599
6.358920846843906
6.357845711803154
6.356770954019577
6.355696573825023
6.354622571556782
6.353548947557414
6.352475702174594
6.351402835760974
6.350330348674047
6.349258241276027
6.34818651393373
6.347115167018484
6.346044200906019
6.344973615976389
6.343903412613888
6.342833591206976
6.341764152148215
6.340695095834203
6.33962642266552
6.338558133046682
6.337490227386087
6.33642270609598
6.335355569592414
6.334288818295218
6.3332224526279655
6.33215647301795
6.331090879896163
6.330025673697274
6.328960854859614
6.32789642382516
6.326832381039526
6.325768726951949
6.324705462015289
6.323642586686015
6.322580101424208
6.321518006693557
6.320456302961357
6.319394990698514
6.318334070379544
6.317273542482576
6.316213407489361
6.315153665885272
6.314094318159314
6.31303536480413
6.31197680631601
6.3109186431948965
6.309860875944396
6.308803505071785
6.307746531088022
6.306689954507758
6.30563377584934
6.304577995634826
6.303522614389993
6.302467632644345
6.301413050931121
6.300358869787304
6.299305089753628
6.298251711374605
6.297198735198494
6.296146161777322
6.295093991666888
6.294042225426767
6.292990863620309
6.291939906814641
6.2908893555806635
6.289839210493025
6.288789472130157
6.287740141074245
6.286691217911221
6.285642703230747
6.2845945976261985
6.283546901694648
6.282499616036839
6.281452741257159
6.280406277963609
6.2793602267677695
6.278314588284759
6.277269363133187
6.276224551935107
6.275180155315955
6.274136173904489
6.273093154244148
6.272051545396124
6.271011760221794
6.2699741804545
6.268939156849317
6.267907011418693
6.266878039120807
6.265852509448698
6.264830667933148
6.263812737568222
6.262798920165939
6.261789397645125
6.260784333258556
6.25978387276181
6.258788145526785
6.257797265602465
6.25681133272522
6.2558304332807095
6.254854641219278
6.253884018926542
6.252918618050817
6.251958480288841
6.2510036381312535
6.25005411556917
6.249109928763145
6.2481710866758045
6.247237591669345
6.246309440069123
6.245386622694499
6.244469125358106
6.243556929334683
6.242650011800639
6.241748346245453
6.24085190285606
6.239960648875329
6.239074548935756
6.238193565369463
6.237317658495614
6.236446786886308
6.235580907612041
6.234719976467767
6.233863948180605
6.233012776600201
6.232166414872737
6.231324815599559
6.230487930981349
6.22965571294877
6.228828113280463
6.2280050837092364
6.227186576017284
6.2263725421212035
6.225562934147578
6.2247577044998295
6.223956805917037
6.223160191525362
6.222367814882689
6.22157963001708
6.220795591459564
6.2200156542717915
6.219239774069026
6.218467907038916
6.217700009956482
6.216936040195673
6.216175955737896
6.215419715177803
6.2146672777266785
6.213918603213682
6.21317365208522
6.2124323854026695
6.211694764838676
6.210960752672219
6.210230311782605
6.20950340564258
6.208779998310665
6.208060054422878
6.207343539183929
6.20663041835801
6.205920658259257
6.2052142257419725
6.204511088190679
6.203811213510055
6.203114570114819
6.202421126919604
6.201730853328858
6.201043719226814
6.2003596949675535
6.199678751365177
6.199000859684132
6.198325991629679
6.197654119338537
6.196985215369702
6.196319252695457
6.195656204692575
6.194996045133718
6.194338748179035
6.1936842883679715
6.193032640611266
6.1923837801831585
6.191737682713793
6.191094324181816
6.19045368090717
6.189815729544078
6.189180447074206
6.188547810800018
6.187917798338303
6.187290387613869
6.186665556853416
6.186043284579566
6.18542354960505
6.184806331027051
6.184191608221702
6.183579360838716
6.182969568796169
6.182362212275409
6.181757271716103
6.181154727811409
6.180554561503268
6.179956753977823
6.179361286660947
6.1787681412138795
6.178177299528984
6.177588743725595
6.177002456145979
6.176418419351383
6.175836616118188
6.175257029434145
6.174679642494708
6.174104438699448
6.173531401648552
6.172960515139407
6.172391763163257
6.171825129901938
6.17126059972469
6.1706981571850354
6.170137787017736
6.169579474135803
6.1690232036275905
6.168468960753936
6.167916730945374
6.167366499799408
6.166818253077834
6.16627197670413
6.165727656983852
6.165185279931837
6.16464483194161
6.16410629955842
6.1635696694768995
6.163034928538763
6.16250206373055
6.161971062181419
6.161441911160982
6.160914598077176
6.160389110474188
6.159865436030412
6.159343562556443
6.158823477993122
6.158305170409608
6.157788628001486
6.1572738390889254
6.156760792114853
6.156249475643176
6.155739878357033
6.155231989057075
6.1547257966597835
6.154221290195817
6.153718458808386
6.153217291751663
6.152717778389215
6.152219908192469
6.151723670739205
6.151229055712071
6.150736052897133
6.150244652182441
6.149754843556628
6.149266617107529
6.148779963020829
6.148294871578725
6.147811333158624
6.147329338231854
6.146848877362398
6.146369941205655
6.145892520507215
6.145416606101661
6.144942188911387
6.144469259945438
6.143997810298364
6.143527831149106
6.143059313759882
6.1425922494751095
6.142126629720331
6.141662446001167
6.14119968990228
6.140738353086358
6.140278427293117
6.139819904338309
6.139362776112763
6.138907034581421
6.1384526717824075
6.137999679826103
6.136562315322851
6.1351078741820295
6.1336368003798425
6.1321494899021864
6.130646289280872
6.129127496158882
6.127593361025453
6.126044089580896
6.124479845391005
6.122900752554863
6.1213068985895305
6.119698336582163
6.118075088660494
6.116437146113497
6.114784473445769
6.113117009604083
6.111434669696586
6.109737346551509
6.108024912125692
6.106297218773699
6.104554100388216
6.102795373422029
6.101020837801361
6.0992302777396725
6.097423462460356
6.095600146836074
6.0937600719518175
6.091902965598137
6.090028542700401
6.088136505689385
6.086226544817975
6.084298338428329
6.082351553173386
6.08038584419622
6.078400855270411
6.076396218904245
6.074371556411284
6.072326477949568
6.070260582531469
6.068173458005992
6.066064681015136
6.063933816925698
6.061780419737791
6.059604031971143
6.0574041845301405
6.055180396548418
6.0529321752137095
6.050659015573532
6.048360400322203
6.046035799569567
6.043684670591751
6.041306457564158
6.038900591276843
6.036466488832356
6.034003553326024
6.031511173508645
6.028988723431434
6.026435562073053
6.023851032948471
6.0212344636993445
6.018585165665571
6.015902433437589
6.013185544388955
6.010433758188685
6.007646316292754
6.004822441414149
6.001961336970761
5.999062186510382
5.996124153111983
5.993146378762433
5.990127983707703
5.987068065777574
5.983965699682797
5.980819936283559
5.977629801828079
5.974394297160033
5.971112396893465
5.96778304855375
5.964405171683071
5.960977656908797
5.957499364973052
5.953969125721636
5.950385737050385
5.946747963806921
5.943054536645609
5.939304150833437
5.935495465004366
5.931627099859564
5.927697636810773
5.923705616563898
5.919649537639705
5.915527854828352
5.911338977574243
5.907081268287487
5.902753040578012
5.898352557408112
5.893878029158953
5.889327611606266
5.8846994038001155
5.87999144584335
5.875201716562922
5.870328131067895
5.865368538187558
5.860320717782565
5.855182377921578
5.849951151915322
5.844624595199418
5.839200182056731
5.833675302169294
5.828047256989162
5.822313255916753
5.816470412274385
5.810515739061793
5.804446144479403
5.798258427204065
5.791949271400714
5.785515241452196
5.7789527763880155
5.772258183991268
5.765427634561309
5.758457154307869
5.7513426183503125
5.7440797432935184
5.736664078590056
5.729091000437259
5.721355700636959
5.713453177885464
5.705378227710674
5.697125431754257
5.6886891463472535
5.680063490322668
5.671242332003295
5.662228947164619
5.653017410294053
5.643601481101619
5.633974602171883
5.6241298799232196
5.614060067171018
5.603757544233778
5.593214298457122
5.582421902017527
5.571371487852455
5.56005372354652
5.548458782983986
5.53657631555594
5.52439541268563
5.511904571407179
5.499091654700701
5.485943848250198
5.472447613248684
5.458588634827032
5.4443517656279745
5.429720963983391
5.414679226079979
5.399208511414032
5.383289660738172
5.366902305589174
5.350024768353382
5.332633951671193
5.314705215800137
5.296212242342038
5.277126882486881
5.257418987626415
5.237056219834073
5.216003839282186
5.194224465157139
5.171677806018667
5.148320354806334
5.124105042793282
5.09898084568481
5.072892333706213
5.045779155854671
5.017575446417919
4.98820913927557
4.957601172248674
4.925664559651754
4.8923033059635825
4.857411126808923
4.820869934741335
4.782548035957563
4.7422979691234035
4.699953897497682
4.655328438912576
4.608208781562001
4.558351883515759
4.505478483633962
4.449265552438133
4.38933666849768
4.325249596493405
4.256480030266323
4.18239998660011
4.102248588795689
4.015091779718772
3.9197655178673103
3.8147935977766743
3.6982651992565954
3.5676458058846157
3.419472806188213
