43234.035652881794
92957.13301493369
93021.46850547739
93080.79801885209
93139.97258005156
93199.12459953119
93258.24572850192
93317.3256932551
93376.35612167041
93435.33033762255
93494.24308635654
93553.0903019896
93611.8689132071
93670.57668091412
93729.21206257342
93787.77409874591
93846.26231817242
93904.67665826197
93963.0173984263
94021.28510411338
94079.48057970755
94137.60482885203
94195.6590209498
94253.64446275949
94311.56257432282
94369.41486842782
94427.20293308822
94484.92841650751
94542.59301416978
94600.19845766666
94657.74650505644
94715.23893247079
94772.6775267833
94830.06407925067
94887.40037990261
94944.68821257382
95001.92935086695
95059.1255538285
95116.2785631166
95173.3900998578
95230.4618620824
95287.49552249929
95344.49272650234
95401.45509060349
95458.38420070271
95515.28161113731
95572.14884345113
95628.98738557586
95685.79869112687
95742.58417883387
95799.34523213957
95856.08319889268
95912.79939117937
95969.49508525865
96026.17154008454
96082.8299224688
96139.47142121299
96196.09717038645
96252.70826923258
96309.30578252317
96365.89074103937
96422.46414205714
96479.02694990607
96535.58009656682
96592.12448227577
96648.66097618514
96705.19041704407
96761.71361388342
96818.23134674324
96874.74436739068
96931.25340006816
96987.75914222957
97044.2622653086
97100.76341545365
97157.26321430219
97213.76225972209
97270.26112656052
97326.76036740298
97383.26051328842
97439.7620744549
97496.265541051
97552.77138384465
97609.2800549211
97665.79198835594
97722.30760089724
97778.82729261609
97835.35144753345
97891.88043426335
97948.41460660647
98004.95430415196
98061.49985284344
98118.05156554286
98151.75013752884
98188.86655685765
98227.94007602047
98268.55707629539
98310.42735668014
98353.22502910155
98396.82784958706
98441.05918802704
98485.79986958821
98530.95671118921
98576.45681924833
98622.24314316413
98668.27100618438
98714.50539774924
98760.91885954834
98807.48983468124
98854.20137826401
98901.04015016995
98947.99562806796
98995.05949256079
99042.22514666407
99089.48734050772
99136.84187757366
99184.28538570825
99231.81513771591
99279.42891131293
99327.12487963343
99374.90152563347
99422.7575752011
99470.69194485003
99518.70370084509
99566.79202722826
99614.95620083965
99663.19557176522
99711.50954806567
99759.89758382365
99808.35916978851
99856.89382606235
99905.5010963841
99954.18054364942
100002.93174637707
100051.75429596222
100100.6477946094
100149.61185346545
100198.64609137227
100247.75013399217
100296.92361267
100346.16616401516
100395.4774292908
100444.85705403597
100494.30468771729
100543.8199835004
100593.40259799681
100643.05219115182
100692.76842605008
100742.55096883382
100792.39948859117
100842.31365729513
100892.29314971974
100942.33764338863
100992.44681852081
101042.62035798123
101092.85794725557
101143.1592743895
101193.52402997937
101243.95190712032
101294.442601387
101344.99581080419
101395.61123581154
101446.2885792533
101497.02754633312
101547.82784461079
101598.68918395649
101649.61127654434
101700.593836824
101751.63658149388
101802.73922948753
101853.90150194218
101905.12312219013
101956.40381572212
102007.74331017822
102059.14133532882
102110.59762304174
102162.11190726425
102213.68392403101
102265.31341139908
102317.00010946029
102368.74376031994
102420.54410806613
102472.40089875844
102524.31388040283
102576.2828029504
102628.30741825514
102680.38748007802
102732.52274405315
102784.71296768505
102836.95791031783
102889.25733312419
102941.61099909373
102994.01867300457
103046.48012141937
103098.99511265873
103151.56341679134
103204.18480561713
103256.85905264666
103309.58593309621
103362.36522386
