113.95242698289282
113.35229710390595
112.75308109342213
112.15482371020528
111.55757065731373
110.96136704421636
110.36625721569175
109.7722845559808
109.17949130257641
108.58791837945375
107.99760525349457
107.40858981592324
106.82090828954765
106.2345951617994
105.6496831428667
105.06620314760283
104.48418429938691
103.90365395372109
103.32463773907553
102.74715961233656
102.17124192616588
101.59690550562594
101.02416973155381
100.45305262835377
99.88357095411118
99.31574029118967
98.74957513574493
98.18508898485982
97.62229442026688
97.06120893900798
96.5018377389146
95.9441911130256
95.38827872715318
94.8341096786968
94.2816925500825
93.73103545696914
93.18214609143273
92.63503176039288
92.08969941957997
91.54615570336642
91.00440695079486
90.46445922814037
89.92631834833891
89.38998988760525
88.85547919954976
88.32279142708786
87.79193151241797
87.262904205325
86.73571407004685
86.21036549092274
85.68686267702297
85.16520966594142
84.64541032691487
84.12746836341655
83.61138731535578
83.0971705610008
82.5848213187285
82.07434264869208
81.56573745448543
81.05900848487298
80.55415833564327
80.05118945163531
79.55010412897872
79.05090451758048
78.55359262388427
78.05817031392203
77.56463931667139
77.07300122772713
76.58325751329038
76.09540951447448
75.60945845192283
75.1254054307304
74.6432514456575
74.16299738662164
73.68464404445103
73.2081921168806
72.73364221477078
72.26099486852655
71.79025053469387
71.32140960270921
70.85447240177749
70.38943920785267
69.926310250696
69.46508572098531
69.00576577745036
68.54835055400844
68.09284016687529
67.63923472162692
67.18753432018858
66.73773906772784
66.28984907942986
65.84386448713366
65.39978544580983
64.95761213986056
64.51734478922465
64.0789836552714
63.64252904674783
63.20798132437665
62.77534090685361
62.34460827549059
61.91578397885653
61.48886863713834
61.06386294621497
60.64076768143877
60.21958370112032
59.8003119497135
59.38295346069892
58.96750510038631
58.553972386272235
58.14235663323106
57.73265925368461
57.32488175898816
56.91902576052518
56.51509297051557
56.11308520254267
55.71300437180494
55.31485249509876
54.918631690539236
54.52434417702601
54.13199227346206
53.7415783977328
53.353105065453825
52.966574888495266
52.58199057329098
52.199354918940834
51.81867081511431
51.43994123976364
51.063169256654525
50.68835801272241
50.31551073526208
49.94463072895838
49.57572137276522
49.20878611665978
48.843828478163196
48.48085203891973
48.11986044096706
47.760857382976965
47.4038466163681
47.048831941311946
46.69581720263761
46.34480628564067
45.995803111800946
45.64881163441377
45.30383583413923
44.96087971447338
44.61994729714553
44.2810426174451
43.94416971948196
43.609332651383184
43.27653546042987
42.94578218813684
42.617076865278285
42.290423506862304
41.96582610705711
41.64328863407159
41.32281502499305
41.004409180584766
40.688074960046116
40.373816175737865
40.06163658787555
39.75153989919361
39.44352974958323
39.137609713529415
38.83378328631899
38.53205388688924
38.23242484971614
37.93489941933887
37.639480744901704
37.34617187426153
37.05497574983165
36.76589520183813
36.478932943307406
36.194091564639436
35.911373525377506
35.630781157217605
35.35231665035761
35.075982050866784
34.801779255428215
34.529710006104374
34.25977588515012
33.99197830988186
33.72631852760965
33.46279761063853
33.20141645134558
32.94217575733934
32.68507604670819
32.430117643364646
32.17730067249225
31.926625056102132
31.678090508706173
31.43169653311377
31.18744241635916
30.945327225766363
30.70534980515851
30.467508771218643
30.231802510008432
29.998229173651755
29.766786677189394
29.537472695611342
