191.46190593294378
191.42444615804715
191.38699058477428
191.349538966484
191.31209115294658
191.27464699507905
191.23720634492875
191.19976905565196
191.16233498148804
191.12490397773033
191.08747590069427
191.0500506076836
191.01262795695527
190.975207807684
190.9377900199276
190.90037445459268
190.86296097340193
190.82554943886336
190.7881397142418
190.75073166353226
190.7133251514366
190.67592004334196
190.63851620530207
190.60111350402127
190.56371180684033
190.52631098172498
190.48891089725586
190.45151142262085
190.4141124276087
190.37671416560252
190.33931612457246
190.30191817608815
190.26452019230655
190.22712204597056
190.18972361040818
190.15232475953212
190.1149253678397
190.07752531041254
190.04012446291682
190.00272270160312
189.9653199033063
189.92791594544545
189.89051070602343
189.8531040636261
189.81569589742165
189.77828608715967
189.7408745131694
189.7034610563586
189.66604559821133
189.62862802078615
189.59120820671367
189.5537860391938
189.51636140199315
189.4789341794419
189.4415042564305
189.40407151840654
189.36663585137072
189.32919714187344
189.29175527701074
189.25431014442051
189.2168616322783
189.17940962929308
189.14195402470318
189.10449470827186
189.0670315702831
189.02956450153715
188.9920933933464
188.95461813753099
188.91713862641444
188.87965475281953
188.8421664100641
188.80467349195678
188.7671758927933
188.72967350735195
188.6921662308903
188.6546539591412
188.6171365883089
188.57961401506583
188.5420861365488
188.50455285035616
188.46701405454414
188.42946964762407
188.39191952855936
188.35436359676254
188.3168017520929
188.27923389485372
188.2416599257899
188.20407974608554
188.16649325736216
188.1289003616762
188.09130096151748
188.05369495980702
188.01608225989588
187.9784627655631
187.94083638101458
187.90320301088147
187.86556256022004
187.82791493450782
187.790260039645
187.7525977819529
187.71492806817287
187.6772508054655
187.63956590141
187.6018732640037
187.56417280166102
187.52646442321347
187.48874803790903
187.45102316952156
187.41329011386034
187.37554878141788
187.33779908310203
187.3000409302358
187.2622742345572
187.2244989082193
187.18671486379006
187.14892201425243
187.11112027300442
187.07330955385922
187.03548977104512
186.99766083920588
186.9598226734008
186.92197518910513
186.88411830220997
186.8462519290229
186.80837598626803
186.77049039108644
186.73259506103645
186.69468991409403
186.65677486865317
186.61884984352625
186.58091475794453
186.54296953155838
186.50501408443805
186.46704833707395
186.42907221037703
186.39108562567955
186.3530885047352
186.31508076972
186.27706234323256
186.23903314829462
186.2009931083517
186.16294214727367
186.12488018935497
186.08680715931558
186.0487229823014
186.01062758388446
185.97252089006415
185.9344028272671
185.89627332234812
185.85813230259058
185.81997969570688
185.78181542983933
185.7436394335601
185.70545163587212
185.66725196620945
185.6290403544378
185.59081673085484
185.5525810261909
185.51433317160928
185.47607309870645
185.43780073951274
185.39951602649265
185.36121889254255
185.32290927099854
185.28458709562923
185.24625230063882
185.20790482066684
185.1695445907887
185.13117154651465
185.09278562379316
185.05438675900783
185.01597488897858
184.97754995096153
184.93911188265173
184.90066062217537
184.86219610809744
184.82371827941884
184.78522707557636
184.74672243644238
184.70820430232467
184.66967261396613
184.63112731254438
184.59256833967137
184.55399563739292
184.51540914818813
184.476808814969
184.43819458107976
184.39956639029623
184.36092418682512
184.32226791530317
184.2835975207964
184.2449129487994
184.20621414523413
184.16750105644925
184.12877362921878
184.09003181074132
184.05127554863859
184.01250479095467
183.97371948615438
