0.0009942363632409416
0.001010649522131286
0.0010079415407522761
0.0009986854440265018
0.0009860968602070006
0.0009712767930311814
0.0009547676843784283
0.0009369231276904685
0.0009180084697148591
0.0008982362913976046
0.0008777836526371139
0.0008568017452343496
0.000835422391312923
0.0008137623457728679
0.000791926230537583
0.0007700085593257
0.0007480951493695002
0.000726264117956669
0.000704586597801392
0.0006831272626500908
0.0006619447257336059
0.0006410918540835233
0.0006206160283433827
0.0006005593685311591
