7.152505426458819
7.16422884266976
7.16608530578955
7.167714051515042
7.169422637163784
7.1712042049639315
7.1730439907187185
7.174929253808082
7.176849257310913
7.178794968254595
7.180758794721735
7.182734363211143
7.184716330310033
7.186700223386954
7.188682305837939
7.190659463114204
7.1926291063428955
7.19458909084229
7.1965376472457985
7.198473323297802
7.200394934679291
7.2023015234713075
7.204192323075996
7.2060667285950535
7.207924271817974
7.209764600102276
7.211587458537943
7.213392674881847
7.215180146827386
7.216949831241847
7.218701735061214
7.220435907580568
7.222152433919264
7.223851429474849
7.225533035209046
7.2271974136340145
7.228844745388085
7.230475226307856
7.232089064918554
7.233686480277038
7.235267700112541
7.236832959219046
7.2383824980607665
7.239916561573018
7.241435398029067
7.2429392582583
7.244428394682098
7.245903060667978
7.247363509877644
7.2488099957021275
7.2502427707596535
7.251662086448382
7.253068192547518
7.2544613368611435
7.255841764900136
7.257209719598136
7.258565441058186
7.259909166327099
7.261241129195034
7.2625615600181375
7.26387068556227
7.265168728866205
7.26645590912278
7.2677324415766815
7.268998537437637
7.270254403807978
7.271500243623513
7.272736255606871
7.273962634232381
7.27517956970177
7.276387247929884
7.277585850539764
7.2787755548664075
7.279956533968578
7.28112895664809
7.282292987475992
7.28344878682511
7.284596510908433
7.285736312782112
7.286868338527017
7.287992733153282
7.289109636715853
7.290219185375588
7.291321511460966
7.292416743534843
7.293505006463801
7.29458642148969
7.295661106303069
7.296729175118223
7.2977907387495105
7.298845904688751
7.299894777183433
7.300732916141407
7.301396397255991
7.301919678580199
7.302330577938632
7.302651374177023
7.302900078696222
7.303090983698808
7.303235590730386
7.303343115830252
7.303420941097082
7.303474978591009
7.30350996241951
7.3035296830221474
7.303537175007578
7.303534867697353
7.30352470574617
7.303508245764361
7.303486733702921
7.303461166822175
7.303432343309493
7.30340090200399
7.3033673541984205
7.303332109096836
7.3032954941927235
7.303257771580475
7.303219151011397
7.303179800343676
7.303139853906375
7.303099419193725
7.303058582222982
7.3030174118226086
7.302975963064315
7.302934280009875
7.302892397909508
7.302850344961335
7.3028081437195365
7.30276581222134
7.302723364889004
7.302680813251683
7.302638166523183
7.3025954320643365
7.302552615753069
7.302509722280578
7.302466755388358
7.302423718057922
7.30238061266261
7.302337441089123
7.302294204834763
7.302250905085266
7.302207542777091
7.302164118647276
7.3021206332733355
7.302077087105194
7.302033480490737
7.301989813696256
7.301946086922835
7.301902300319431
7.301858453993364
7.301814548018698
7.30177058244297
7.3017265572925405
7.301682472576905
7.301638328292136
7.301594124423615
7.30154986094826
7.301505537836264
7.3014611550525155
7.301416712557723
7.301372210309314
7.301327648262146
7.301283026369107
7.301238344581544
7.301193602849655
7.301148801122766
7.301103939349571
7.301059017478318
7.30101403545696
7.300968993233264
7.3009238907549125
7.300878727969576
7.30083350482497
7.300788221268904
7.300742877249317
7.300697472714299
7.30065200761212
7.300606481891251
7.300560895500365
7.30051524838836
7.300469540504354
7.300423771797694
7.300377942217966
7.300332051714989
7.300286100238817
7.300240087739745
7.300194014168302
7.300147879475257
7.300101683611607
7.300055426528587
7.300009108177663
7.299962728510529
7.299916287479108
7.299869785035547
7.299823221132218
7.299776595721709
7.299729908756833
7.299683160190613
7.299636349976289
