0.06184423505995084
0.062095603621242716
0.06233274672973381
0.06255655804687014
0.06276788265228748
0.06296752676082785
0.06315625817884078
0.06333480601863245
0.0635038604733777
0.06366407314537194
0.06381605772060737
0.06396039094111915
0.06409761380496827
0.06422823293343412
0.0643527220544278
0.06447152355973067
0.06458505010140309
0.06469368619854539
0.06479778983402416
0.06489769402133402
0.06499370833025349
0.065086120358941
0.06517519715000467
0.0652611865413012
0.06534431845106019
0.06542480609557741
0.06550284713937037
0.06557862477859473
0.06565230875920615
0.06572405633185849
0.0657940131458926
0.06586231408501397
0.06592908404741553
0.0659944386731776
0.06605848502180627
0.06612132220274954
0.06618304196168005
0.06624372922525572
0.06630346260697634
0.06636231487664773
0.06642035339585099
0.06647764052169569
0.06653423398101599
0.06659018721704804
0.06664554971050868
0.06670036727687963
0.06675468234158946
0.06680853419467822
0.06686195922642571
0.0669149911453269
0.06696766117970461
0.06701999826416113
0.06707202921198774
0.06712377887457241
0.06717527028877274
0.06722652481315221
0.06727756225391304
0.06732840098129933
0.06737905803718693
0.06742954923452511
0.067479889249245
0.06753009170520535
0.06758016925270331
0.06763013364103827
0.06767999578558134
0.06772976582976784
0.0677794532023997
0.06782906667061524
0.06787861438885641
0.06792810394413903
0.06797754239790824
0.06802693632473958
0.06807629184812695
0.06812561467357948
0.06817491011923313
0.06822418314416635
0.06827343837459567
0.06832268012811225
0.0683719124361093
0.06842113906453806
0.06847036353311987
0.06851958913313151
0.06856881894387272
0.06861805584791582
0.06866730254523
0.06871656156626546
0.06876583528407655
0.06881512592555629
0.06886443558184947
0.06891376621800668
0.06896311968193579
0.06901249771270451
0.06906190194824212
0.06911133393248588
0.06916079512201327
0.06921028689219903
0.06925981054293182
0.06930936730392363
0.0693589583396422
0.06940858475389404
0.06945824759408437
0.06950794785517733
0.0695576864833789
0.06960746437956247
0.06965728240245629
0.06970714137160994
0.06975704207015587
0.06980698524738119
0.06985697162112293
0.0699070018800001
0.06995707668549368
0.07000719667388597
0.07005736245806901
0.07010757462923159
0.07015783375843326
0.07020814039807369
0.07025849508326416
0.07030889833310881
0.07035935065190137
0.07040985253024351
0.07046040444609025
0.07051100686572738
0.0705616602446857
0.07061236502859637
0.07066312165399133
0.0707139305490526
0.07076479213431396
0.07081570682331807
0.0708666750232322
0.07091769713542527
0.07096877355600874
0.07101990467634367
0.0710710908835165
0.0711223325607851
0.07117363008799749
0.07122498384198471
0.07127639419692958
0.07132786152471297
0.07137938619523877
0.07143096857673924
0.07148260903606161
0.07153430793893738
0.07158606565023498
0.07163788253419741
0.07168975895466506
0.07174169527528507
0.07179369185970766
0.07184574907177056
0.07189786727567171
0.0719500468361313
0.07200228811854335
0.07205459148911766
0.07210695731501243
0.07215938596445785
0.07221187780687154
0.07226443321296544
0.07231705255484541
0.07236973620610282
0.0724224845418992
0.07247529793904378
0.072528176776064
0.07258112143326952
0.07263413229280957
0.07268720973872372
0.07274035415698636
0.07279356593554455
0.07284684546434983
0.07290019313538322
0.07295360934267393
0.07300709448231156
0.0730606489524513
0.07311427315331268
0.07316796748717079
0.07322173235834073
0.07327556817315405
0.07332947533992766
0.07338345427013407
0.0734375053749195
0.07349162906824765
0.0735458257658883
0.07360009588531001
0.07365443984555552
0.07370885806725004
0.0737633509723893
0.07381791898289684
0.07387256252436046
0.07392728202219988
0.07398207790265561
0.07403695059260937
0.07409190051938375
0.07414692811052216
0.07420203379354846
0.07425721799570466
0.07431248114366491
0.07436782366322439
0.07442324597896081
0.07447874851386692
0.0745343316889512
0.07458999592280513
