-351.9632029902099
-351.1915746058562
-350.58965378499653
-350.08111707911195
-349.626472392348
-349.20502543688775
-348.8059485334987
-348.42359689652943
-348.05505378485805
-347.6988448009425
-347.3542651603102
-347.02102836735713
-346.6990835481376
-346.38852145409817
-346.0895272822027
-345.8023584438237
-345.5273358993629
-345.26484318597574
-345.01533017495495
-344.77932014708057
-344.5574196217688
-344.3503308630863
-344.1588672950884
-343.98397228922835
-343.82674199266154
-343.6884530813165
-343.57059656759895
-343.4749190851506
-343.4034734242806
-343.35868050669484
-343.3434054598878
-343.3610509470373
-343.4156713398496
-343.51211149580797
-343.6561734248869
-343.85481223543707
-344.116357950467
-344.45074935062826
-344.86974510903735
-345.3870380325866
-346.01812790328336
-346.77969228506925
-347.6880257739295
-348.75593213430756
-349.9874088911882
-351.36995724894786
-352.8659933543396
-354.40778321900757
-355.90262732567123
-357.25211422985683
-358.3792123408856
-359.2481026515841
-359.8657535465981
-360.26813133703115
-360.50252356441655
-360.6143980041352
-360.6412981695352
-360.6114981506205
-360.5451189046089
-360.4559747296995
-360.3533357321001
-360.24333268030097
-360.12998283432313
-360.0159033209749
-359.90279306826216
-359.79175268431004
-359.6834944540986
-359.5784792672219
-359.47700551906223
-359.3793710527635
-359.28552659001065
-359.1955026850511
-359.10953829025027
-359.0276184756553
-358.9497614244376
-358.87601049643814
-358.8063216787841
-358.7407232532477
-358.6792222530713
-358.62182380860077
-358.56853178663937
-358.51934916429275
-358.4742782431475
-358.4333207667952
-358.3964779795115
-358.3637506490393
-358.33513906753296
-358.3106430393299
-358.2902618609436
-358.2739942966123
-358.2618385516246
-358.25379224465155
-358.249852379939
-358.2500153201492
-358.25427675953546
-358.26263169848033
-358.27507441889617
-358.2915984607966
-358.31219660001983
-358.3368608270846
-358.36558232718613
-358.3983514612896
-358.4351577482812
-358.47598984816096
-358.52083554619804
-358.5696817380541
-358.6225144157807
-358.6793186547004
-358.740078601094
-358.80477746066344
-358.87339748776145
-358.9459199753106
-359.02232524542194
-359.1025926406527
-359.18670051590686
-359.2746262309286
-359.36634614339295
-359.4618356025558
-359.56106894348085
-359.6640194817814
-359.77065950893297
-359.8809602880999
-359.9948920504927
-360.11242399226137
-360.2335242719076
-360.35816000826105
-360.48629727894416
-360.61790111944896
-360.7529355227095
-360.89136343928755
-361.0331467781136
-361.178246407834
-361.3266221587362
-361.4782328253446
-361.63303616961366
-361.7909889247755
-361.95204679987256
-362.11616448498097
-362.2832956571122
-362.4533929868547
-362.62640814575184
-362.8022918144206
-362.9809936914586
-363.16246250311605
-363.34664601379023
-363.53349103733433
-363.7229434491681
-363.91494819927163
-364.10944932601245
-364.3063899708514
-364.5057123939105
-364.7073579904468
-364.9112673082157
-365.1173800657402
-365.3256351714625
-365.5359707438718
-365.7483241324601
-365.9626319396794
-366.178830043762
-366.39685362248014
-366.6166371778012
-366.83811456148015
-367.0612190015144
-367.2858831295206
-367.51203900898855
-367.73961816438737
-367.9685516111372
-368.19876988644717
-368.43020308091354
-368.6627808709911
-368.89643255218806
-369.1310870730378
-369.3666730697968
-369.6031189018489
-369.84035268777086
-378.990293369163
-378.09828503569565
-377.37636453448283
-376.7466539109411
-376.16881861251875
-375.62165279787496
-375.09398104956836
-374.5798875226951
-374.07621538128916
-373.58125663363774
-373.09406564748434
-372.6140993038552
-372.1410281996753
-371.6746374291932
-371.21477429194385
-370.7613205990065
-370.3141778886444
-369.87325943160965
-369.4384858213664
-369.0097824701655
-368.5870781303771
-368.1703039783888
-367.75939301697514
-367.354279666571
-366.9548994756439
-366.56118891178664
-366.1730852115476
-365.7905262756397
-365.4134506007716
-365.0417972417606
-364.67550579899785
-364.3145164270937
-363.9587698610648
-363.60820745679973
-363.2627712428069
-362.92240398055674
-362.5870492309362
-362.25665142457933
-361.9311559340931
-361.61050914637747
-361.294658533505
-360.98355272077475
-360.67714155082245
-360.37537614279984
-360.07820894582426
-359.78559378611476
-359.4974855387596
-359.21384153918365
-358.9346197293435
-358.6597797549905
-358.3892827759023
-358.1230914668035
-357.86117001122386
-357.60348408974676
-357.3500008623247
-357.100688944685
-356.85551837907974
-356.61446059967517
-356.3774883930235
-356.1445758540076
-355.91569833808825
-355.6908324084557
-355.46995578220293
-355.2530472736568
-355.0400867329283
-354.8310549853583
-354.62593376858644
-354.42479009285955
-354.2274646493816
-354.0339865532999
-353.8442614098191
-353.6584226339077
-353.4764119242574
-353.2982100496433
-353.12380086175773
-352.95316994496744
-352.78630389076096
-352.62318989505576
-352.4638155241428
-352.30816856919324
-352.1562369478157
-352.0080332328634
-351.86350091910276
-351.7226454526609
-351.5854557707668
-351.4519201271599
-351.32202631733566
-351.19576177974346
-351.0731136340382
-350.9540686877912
-350.83861342792125
-350.7267340051891
-350.61841621610716
-350.5136454843122
-350.41240684276755
-350.31468491694625
-350.2204639095527
-350.12972758667206
-350.04245926543143
-349.95864180305836
-349.8782575873548
-349.8012885284559
-349.72771605181777
-349.65752109232676
-349.5906840896294
-349.52718498417653
-349.4670032144799
-349.4101177150899
-349.35650691540457
-349.3061487392113
-349.25902060490864
-349.2150994263669
-349.174361614353
-349.1367830785096
-349.1023392298111
-349.0710049834843
-349.04275476235637
-349.01756250058537
-348.99540164776494
-348.976245173374
-348.96006557153066
-348.94683486607744
-348.9365246159253
-348.92910592069416
-348.924549426609
-348.9228253326565
-348.92390339698187
-348.9277529435302
-348.93434286894046
-348.9436416496566
-348.9556173492835
-348.9702376261706
-348.9874697412383
-349.00728056601787
-349.0296365909395
-349.05450393385365
-349.0818483487747
-349.11163523486744
-349.1438296456754
-349.178396298565
-349.2152995844257
-349.254503577591
-349.2959720460019
-349.3396684615948
-349.38555601093174
-349.43359760604903
-349.48375589552546
-349.5359932757964
-349.59027190265573
-349.6465537029859
-349.7048003866835
-349.76497345880864
-349.8270342318881
-349.8909438384365
-349.9566632436369
-350.0241532581996
-350.09337455136523
-350.1642876640718
-350.2368530222505
-350.3110309502562
-350.3867816843944
-350.46406538658835
-350.54284215810185
-350.623072053363
-350.70471509385436
-350.7877312820478
-350.8720806153925
-350.95772310032845
-351.0446187663099
-351.13272767984046
-351.22200995848846
-351.312425784892
-351.40393542070393
-351.49649922050395
-351.590077645652
-351.9632029902099
-351.1915746058562
-350.58965378499653
-350.08111707911195
-349.626472392348
-349.20502543688775
-348.8059485334987
-348.42359689652943
-348.05505378485805
-347.6988448009425
-347.3542651603102
-347.02102836735713
-346.6990835481376
-346.38852145409817
-346.0895272822027
-345.8023584438237
-345.5273358993629
-345.26484318597574
-345.01533017495495
-344.77932014708057
-344.5574196217688
-344.3503308630863
-344.1588672950884
-343.98397228922835
-343.82674199266154
-343.6884530813165
-343.57059656759895
-343.4749190851506
-343.4034734242806
-343.35868050669484
-343.3434054598878
-343.3610509470373
-343.4156713398496
-343.51211149580797
-343.6561734248869
-343.85481223543707
-344.116357950467
-344.45074935062826
-344.86974510903735
-345.3870380325866
-346.01812790328336
-346.77969228506925
-347.6880257739295
-348.75593213430756
-349.9874088911882
-351.36995724894786
-352.8659933543396
-354.40778321900757
-355.90262732567123
-357.25211422985683
-358.3792123408856
-359.2481026515841
-359.8657535465981
-360.26813133703115
-360.50252356441655
-360.6143980041352
-360.6412981695352
-360.6114981506205
-360.5451189046089
-360.4559747296995
-360.3533357321001
-360.24333268030097
-360.12998283432313
-360.0159033209749
-359.90279306826216
-359.79175268431004
-359.6834944540986
-359.5784792672219
-359.47700551906223
-359.3793710527635
-359.28552659001065
-359.1955026850511
-359.10953829025027
-359.0276184756553
-358.9497614244376
-358.87601049643814
-358.8063216787841
-358.7407232532477
-358.6792222530713
-358.62182380860077
-358.56853178663937
-358.51934916429275
-358.4742782431475
-358.4333207667952
-358.3964779795115
-358.3637506490393
-358.33513906753296
-358.3106430393299
-358.2902618609436
-358.2739942966123
-358.2618385516246
-358.25379224465155
-358.249852379939
-358.2500153201492
-358.25427675953546
-358.26263169848033
-358.27507441889617
-358.2915984607966
-358.31219660001983
-358.3368608270846
-358.36558232718613
-358.3983514612896
-358.4351577482812
-358.47598984816096
-358.52083554619804
-358.5696817380541
-358.6225144157807
-358.6793186547004
-358.740078601094
-358.80477746066344
-358.87339748776145
-358.9459199753106
-359.02232524542194
-359.1025926406527
-359.18670051590686
-359.2746262309286
-359.36634614339295
-359.4618356025558
-359.56106894348085
-359.6640194817814
-359.77065950893297
-359.8809602880999
-359.9948920504927
-360.11242399226137
-360.2335242719076
-360.35816000826105
-360.48629727894416
-360.61790111944896
-360.7529355227095
-360.89136343928755
-361.0331467781136
-361.178246407834
-361.3266221587362
-361.4782328253446
-361.63303616961366
-361.7909889247755
-361.95204679987256
-362.11616448498097
-362.2832956571122
-362.4533929868547
-362.62640814575184
-362.8022918144206
-362.9809936914586
-363.16246250311605
-363.34664601379023
-363.53349103733433
-363.7229434491681
-363.91494819927163
-364.10944932601245
-364.3063899708514
-364.5057123939105
-364.7073579904468
-364.9112673082157
-365.1173800657402
-365.3256351714625
-365.5359707438718
-365.7483241324601
-365.9626319396794
-366.178830043762
-366.39685362248014
-366.6166371778012
-366.83811456148015
-367.0612190015144
-367.2858831295206
-367.51203900898855
-367.73961816438737
-367.9685516111372
-368.19876988644717
-368.43020308091354
-368.6627808709911
-368.89643255218806
-369.1310870730378
-369.3666730697968
-369.6031189018489
-369.84035268777086
-350.24997893506793
-349.4716284354195
-348.86397991473075
-348.3492274271392
-347.887435048642
-347.4578144967287
-347.04956834165546
-346.65711622639014
-346.27760750401234
-345.90962635110856
-345.552518456642
-345.20604172172375
-344.87018599023673
-344.54508114375295
-344.23095161379223
-343.9280955426504
-343.6368773485984
-343.3577279534591
-343.0911498231785
-342.83772551277553
-342.5981292533233
-342.3731416145377
-342.1636676054186
-341.9707588357355
-341.7956406101884
-341.6397450997552
-341.5047520562072
-341.3926389253289
-341.3057426862152
-341.24683630274336
-341.2192233032889
-341.2268546437285
-341.2744724999568
-341.3677856322147
-341.5136797541937
-341.720462502921
-341.9981333839758
-342.3586493790961
-342.81611779667435
-343.38677483554847
-344.0884811845875
-344.93926840617445
-345.95422530984257
-347.13988097496764
-348.4856795163205
-349.95395743132406
-351.4734340499884
-352.94441658613647
-354.2607539451056
-355.3410644670689
-356.15070916017964
-356.7018083301541
-357.03615243449894
-357.2052070561558
-357.25645672623637
-357.2278183136144
-357.14704005507764
-357.0333761426826
-356.89974946466685
-356.75465410866246
-356.60360048951594
-356.4501345079231
-356.2965268231862
-356.14422759980977
-355.99416204503706
-355.8469207137711
-355.7028813540527
-355.5622866400849
-355.42529365860844
-355.2921108199099
-355.16262779889576
-355.03684291091145
-354.91497915833094
-354.7970074317845
-354.6829423336415
-354.5727980824155
-354.4665884487208
-354.36432684933646
-354.2660264664218
-354.17173104684423
-354.081398025926
-353.9950623112244
-353.9127381694294
-353.8344391566947
-353.7601784121833
-353.6899687902885
-353.62382290798087
-353.5617531478552
-353.5037716382937
-353.4498902221315
-353.4001204199459
-353.35447339117053
-353.3129598948582
-353.2755902509547
-353.24237430267317
-353.2133213801443
-353.18844026575874
-353.1677391605502
-353.151225652571
-353.13890668653835
-353.1307885349992
-353.1268767708935
-353.1271762414958
-353.1316910436441
-353.1404245002186
-353.1533791377733
-353.17055666528944
-353.1919579539602
-353.217583017959
-353.2474309961108
-353.28150013441734
-353.31978776938627
-353.3622903120897
-353.40900323291424
-353.45992104694227
-353.5150372999431
-353.5743445549056
-353.6378343790876
-353.7054973315578
-353.7773229511846
-353.85329974505294
-353.933415177299
-354.01765565832306
-354.1060065343936
-354.19845207760085
-354.2949754761853
-354.3955588252093
-354.50018311758924
-354.60882823548116
-354.7214729420289
-354.8380948734795
-354.9586705316697
-355.0831752769121
-355.21158332126726
-355.34386772224093
-355.48000037691344
-355.6199520165122
-355.76369220145244
-355.9111893168632
-356.06653050433755
-356.21723165782373
-356.37581376913965
-356.5380110063268
-356.70378705864647
-356.8731039356278
-357.0459221390741
-357.22220080771524
-357.4018977955804
-357.5849697153114
-357.7713719631324
-357.961058734289
-358.1539830337898
-358.3500966848675
-358.5493503366516
-358.75169347174955
-358.9570744141679
-359.16544033781696
-359.3767372757338
-359.5909101301225
-359.8079026832533
-360.0276576092841
-360.2501164869843
-360.4752198134525
-360.7029070187908
-360.9331164817804
-361.1657855465749
-361.4008505404045
-361.63824679231544
-361.8779086529772
-362.11976951552504
-362.3637618374712
-362.6098171636862
-362.85786615049494
-363.10783859077617
-363.3596634402423
-363.61326884473215
-363.86858216862186
-364.1255300243429
-364.38403830292606
-364.6440322056897
-364.9054362769381
-365.1681744377495
-365.43217002084333
-365.69734580639783
-365.96362405897
-366.23092656539126
-366.4991746736064
-366.76828933252716
-367.03819113276484
-367.3088003482879
-367.58003697894793
-367.8518207938218
-368.1240713753755
-368.3967081643278
-368.66965050528387
-368.94281769298533
-369.21612901919275
-369.4895038201125
-369.76286152430345
-350.25003422503437
-349.4716334591955
-348.8639829587147
-348.34922929433714
-347.8874346573474
-347.4578133178128
-347.04956664821077
-346.657114175958
-346.277605184078
-345.90962380820747
-345.5525157128075
-345.20603878377966
-344.87018285502165
-344.54507780099283
-344.23094804761456
-343.9280917322465
-343.63687326835174
-343.35772357269934
-343.09114510563046
-342.8377204157556
-342.5981237266417
-342.3731355991148
-342.1636610315099
-341.9707516207266
-341.79563265581146
-341.6397362886087
-341.50474224739105
-341.39262794898093
-341.3057303366225
-341.246822329545
-341.219207399673
-341.2268544112975
-341.2744725474161
-341.3677858747013
-341.5136801467897
-341.7204630284672
-341.99813404541857
-342.3586501942048
-342.8161187936211
-343.3867760487801
-344.0884826502132
-344.939270156424
-345.95422736689545
-347.1398833438324
-348.4856821683663
-349.95396025188154
-351.47343673698265
-352.9444186188156
-354.26075484186384
-355.3410641900544
-356.1507081400513
-356.701790989411
-357.03615647609877
-357.20520558832015
-357.25645496255254
-357.2278173226963
-357.1470395633229
-357.0333758204048
-356.8997491743751
-356.7546538090606
-356.6036001706523
-356.45013416913525
-356.2965264661888
-356.14422722249935
-355.99416165329296
-355.8469203130425
-355.70288094176505
-355.5622862168774
-355.4252932249905
-355.29211039741693
-355.16262735019217
-355.03684242674774
-354.91497868650214
-354.7970069510442
-354.68294184424224
-354.57279758458037
-354.46658794266864
-354.36432633527664
-354.2660259445692
-354.1717305210249
-354.0813974892009
-353.9950617673535
-353.9127376186126
-353.83443859913916
-353.76017784810074
-353.6899682198813
-353.6238223314587
-353.56175256541417
-353.50377105012745
-353.44988962843547
-353.400119820909
-353.3544727869724
-353.3129592856756
-353.2755896369587
-353.24237368398724
-353.21332075709546
-353.1884396383738
-353.167738528975
-353.15122501694253
-353.13890604699134
-353.1307878916606
-353.1268761238873
-353.1271755909393
-353.1316903896526
-353.1404238429006
-353.1533784772387
-353.1705560016411
-353.1919572873056
-353.21758234840075
-353.2474303237518
-353.2814994593641
-353.3197870917429
-353.362289631963
-353.40900255041083
-353.4599203621726
-353.5150366130182
-353.5743438659363
-353.6378336881852
-353.7054966388354
-353.77732225674777
-353.85329904900703
-353.93341447974257
-354.01765495935155
-354.10600583409087
-354.19845137604193
-354.2949747734318
-354.39555812131226
-354.50018241258346
-354.60882752938704
-354.7214722348513
-354.8380941652068
-354.9586698222746
-355.08317456635154
-355.21158260948647
-355.3438670091688
-355.4799996624668
-355.61995130059904
-355.76369148396554
-355.91118859769324
-356.06651514406366
-356.21723111630166
-356.3758131410067
-356.53801032525695
-356.70378634634005
-356.8731032058711
-357.0459214004689
-357.2222000654777
-357.401897052731
-357.5849689734554
-357.7713712229672
-357.9610579959583
-358.1539822970697
-358.3500959493349
-358.5493496017703
-358.7516927369305
-358.9570736788004
-359.1654396013052
-359.37673653750306
-359.59090938963635
-359.80790194001327
-360.0276568628337
-360.2501157369143
-360.4752190593917
-360.7029062604151
-360.93311571881077
-361.16578477877067
-361.40084976755776
-361.63824601426523
-361.877907869587
-362.11976872669396
-362.3637610431239
-362.60981636378466
-362.8578653450121
-363.10783777972404
-363.359662623641
-363.61326802261607
-363.86858134105705
-364.12552919139125
-364.38403746467543
-364.6440313622339
-364.9054354283709
-365.1681735841896
-365.4321691623869
-365.6973449431627
-365.96362319107266
-366.2309256929376
-366.49917379671365
-366.7682884512998
-367.03819024730467
-367.30879945869737
-367.5800360853172
-367.8518198962446
-368.1240704739189
-368.39670725905387
-368.6696495962543
-368.942816780242
-369.2161281027808
-369.4895029000385
-369.7628606005829
-350.24997893506793
-349.4716284354195
-348.86397991473075
-348.3492274271392
-347.887435048642
-347.4578144967287
-347.04956834165546
-346.65711622639014
-346.27760750401234
-345.90962635110856
-345.552518456642
-345.20604172172375
-344.87018599023673
-344.54508114375295
-344.23095161379223
-343.9280955426504
-343.6368773485984
-343.3577279534591
-343.0911498231785
-342.83772551277553
-342.5981292533233
-342.3731416145377
-342.1636676054186
-341.9707588357355
-341.7956406101884
-341.6397450997552
-341.5047520562072
-341.3926389253289
-341.3057426862152
-341.24683630274336
-341.2192233032889
-341.2268546437285
-341.2744724999568
-341.3677856322147
-341.5136797541937
-341.720462502921
-341.9981333839758
-342.3586493790961
-342.81611779667435
-343.38677483554847
-344.0884811845875
-344.93926840617445
-345.95422530984257
-347.13988097496764
-348.4856795163205
-349.95395743132406
-351.4734340499884
-352.94441658613647
-354.2607539451056
-355.3410644670689
-356.15070916017964
-356.7018083301541
-357.03615243449894
-357.2052070561558
-357.25645672623637
-357.2278183136144
-357.14704005507764
-357.0333761426826
-356.89974946466685
-356.75465410866246
-356.60360048951594
-356.4501345079231
-356.2965268231862
-356.14422759980977
-355.99416204503706
-355.8469207137711
-355.7028813540527
-355.5622866400849
-355.42529365860844
-355.2921108199099
-355.16262779889576
-355.03684291091145
-354.91497915833094
-354.7970074317845
-354.6829423336415
-354.5727980824155
-354.4665884487208
-354.36432684933646
-354.2660264664218
-354.17173104684423
-354.081398025926
-353.9950623112244
-353.9127381694294
-353.8344391566947
-353.7601784121833
-353.6899687902885
-353.62382290798087
-353.5617531478552
-353.5037716382937
-353.4498902221315
-353.4001204199459
-353.35447339117053
-353.3129598948582
-353.2755902509547
-353.24237430267317
-353.2133213801443
-353.18844026575874
-353.1677391605502
-353.151225652571
-353.13890668653835
-353.1307885349992
-353.1268767708935
-353.1271762414958
-353.1316910436441
-353.1404245002186
-353.1533791377733
-353.17055666528944
-353.1919579539602
-353.217583017959
-353.2474309961108
-353.28150013441734
-353.31978776938627
-353.3622903120897
-353.40900323291424
-353.45992104694227
-353.5150372999431
-353.5743445549056
-353.6378343790876
-353.7054973315578
-353.7773229511846
-353.85329974505294
-353.933415177299
-354.01765565832306
-354.1060065343936
-354.19845207760085
-354.2949754761853
-354.3955588252093
-354.50018311758924
-354.60882823548116
-354.7214729420289
-354.8380948734795
-354.9586705316697
-355.0831752769121
-355.21158332126726
-355.34386772224093
-355.48000037691344
-355.6199520165122
-355.76369220145244
-355.9111893168632
-356.06653050433755
-356.21723165782373
-356.37581376913965
-356.5380110063268
-356.70378705864647
-356.8731039356278
-357.0459221390741
-357.22220080771524
-357.4018977955804
-357.5849697153114
-357.7713719631324
-357.961058734289
-358.1539830337898
-358.3500966848675
-358.5493503366516
-358.75169347174955
-358.9570744141679
-359.16544033781696
-359.3767372757338
-359.5909101301225
-359.8079026832533
-360.0276576092841
-360.2501164869843
-360.4752198134525
-360.7029070187908
-360.9331164817804
-361.1657855465749
-361.4008505404045
-361.63824679231544
-361.8779086529772
-362.11976951552504
-362.3637618374712
-362.6098171636862
-362.85786615049494
-363.10783859077617
-363.3596634402423
-363.61326884473215
-363.86858216862186
-364.1255300243429
-364.38403830292606
-364.6440322056897
-364.9054362769381
-365.1681744377495
-365.43217002084333
-365.69734580639783
-365.96362405897
-366.23092656539126
-366.4991746736064
-366.76828933252716
-367.03819113276484
-367.3088003482879
-367.58003697894793
-367.8518207938218
-368.1240713753755
-368.3967081643278
-368.66965050528387
-368.94281769298533
-369.21612901919275
-369.4895038201125
-369.76286152430345
-370.0361217010623
-350.25003422503437
-349.4716334591955
-348.8639829587147
-348.34922929433714
-347.8874346573474
-347.4578133178128
-347.04956664821077
-346.657114175958
-346.277605184078
-345.90962380820747
-345.5525157128075
-345.20603878377966
-344.87018285502165
-344.54507780099283
-344.23094804761456
-343.9280917322465
-343.63687326835174
-343.35772357269934
-343.09114510563046
-342.8377204157556
-342.5981237266417
-342.3731355991148
-342.1636610315099
-341.9707516207266
-341.79563265581146
-341.6397362886087
-341.50474224739105
-341.39262794898093
-341.3057303366225
-341.246822329545
-341.219207399673
-341.2268544112975
-341.2744725474161
-341.3677858747013
-341.5136801467897
-341.7204630284672
-341.99813404541857
-342.3586501942048
-342.8161187936211
-343.3867760487801
-344.0884826502132
-344.939270156424
-345.95422736689545
-347.1398833438324
-348.4856821683663
-349.95396025188154
-351.47343673698265
-352.9444186188156
-354.26075484186384
-355.3410641900544
-356.1507081400513
-356.701790989411
-357.03615647609877
-357.20520558832015
-357.25645496255254
-357.2278173226963
-357.1470395633229
-357.0333758204048
-356.8997491743751
-356.7546538090606
-356.6036001706523
-356.45013416913525
-356.2965264661888
-356.14422722249935
-355.99416165329296
-355.8469203130425
-355.70288094176505
-355.5622862168774
-355.4252932249905
-355.29211039741693
-355.16262735019217
-355.03684242674774
-354.91497868650214
-354.7970069510442
-354.68294184424224
-354.57279758458037
-354.46658794266864
-354.36432633527664
-354.2660259445692
-354.1717305210249
-354.0813974892009
-353.9950617673535
-353.9127376186126
-353.83443859913916
-353.76017784810074
-353.6899682198813
-353.6238223314587
-353.56175256541417
-353.50377105012745
-353.44988962843547
-353.400119820909
-353.3544727869724
-353.3129592856756
-353.2755896369587
-353.24237368398724
-353.21332075709546
-353.1884396383738
-353.167738528975
-353.15122501694253
-353.13890604699134
-353.1307878916606
-353.1268761238873
-353.1271755909393
-353.1316903896526
-353.1404238429006
-353.1533784772387
-353.1705560016411
-353.1919572873056
-353.21758234840075
-353.2474303237518
-353.2814994593641
-353.3197870917429
-353.362289631963
-353.40900255041083
-353.4599203621726
-353.5150366130182
-353.5743438659363
-353.6378336881852
-353.7054966388354
-353.77732225674777
-353.85329904900703
-353.93341447974257
-354.01765495935155
-354.10600583409087
-354.19845137604193
-354.2949747734318
-354.39555812131226
-354.50018241258346
-354.60882752938704
-354.7214722348513
-354.8380941652068
-354.9586698222746
-355.08317456635154
-355.21158260948647
-355.3438670091688
-355.4799996624668
-355.61995130059904
-355.76369148396554
-355.91118859769324
-356.06651514406366
-356.21723111630166
-356.3758131410067
-356.53801032525695
-356.70378634634005
-356.8731032058711
-357.0459214004689
-357.2222000654777
-357.401897052731
-357.5849689734554
-357.7713712229672
-357.9610579959583
-358.1539822970697
-358.3500959493349
-358.5493496017703
-358.7516927369305
-358.9570736788004
-359.1654396013052
-359.37673653750306
-359.59090938963635
-359.80790194001327
-360.0276568628337
-360.2501157369143
-360.4752190593917
-360.7029062604151
-360.93311571881077
-361.16578477877067
-361.40084976755776
-361.63824601426523
-361.877907869587
-362.11976872669396
-362.3637610431239
-362.60981636378466
-362.8578653450121
-363.10783777972404
-363.359662623641
-363.61326802261607
-363.86858134105705
-364.12552919139125
-364.38403746467543
-364.6440313622339
-364.9054354283709
-365.1681735841896
-365.4321691623869
-365.6973449431627
-365.96362319107266
-366.2309256929376
-366.49917379671365
-366.7682884512998
-367.03819024730467
-367.30879945869737
-367.5800360853172
-367.8518198962446
-368.1240704739189
-368.39670725905387
-368.6696495962543
-368.942816780242
-369.2161281027808
-369.4895029000385
-369.7628606005829
-370.03612077369166
-353.7359588586563
-352.97543052389125
-352.3826447209936
-351.88339749647895
-351.4389020878815
-351.0286638552994
-350.6418599019771
-350.27278537340726
-349.9184492716531
-349.5773058559415
-349.2485857214114
-348.9319436019377
-348.62727357680944
-348.3346129077176
-348.05409296799843
-347.78591538396176
-347.5303418931765
-347.2876919194743
-347.0583447815783
-346.84274501264264
-346.6414101169621
-346.4549405691321
-346.2840321523157
-346.1294909335599
-345.992251339439
-345.8733979557483
-345.77419184979493
-345.6961024162722
-345.64084598704244
-345.6104327267971
-345.60722365945685
-345.6340000206294
-345.694047470111
-345.7912579393125
-345.9302518471632
-346.1165474468306
-346.35663341820435
-346.65829077938486
-347.0306956015213
-347.4846046724276
-348.03243221404335
-348.68812259136104
-349.4666162430219
-350.38258305859085
-351.44796220712067
-352.6678015910279
-354.03418545820057
-355.5190832282061
-357.06897155271696
-358.6061548575827
-360.0410051729028
-361.2933222063248
-362.31291051110935
-363.08811094981655
-363.63966582226715
-364.00626881834773
-364.231064161957
-364.35304624414147
-364.40357628571894
-364.40612579357355
-364.377472695484
-364.3292590199313
-364.2694085008841
-364.20324675222275
-364.134323904869
-364.0649937296194
-363.99681104425775
-363.9308001045479
-363.8677367082506
-363.80789256545575
-363.7516348703717
-363.69900271656445
-363.65031342487373
-363.6055968645605
-363.5648946365408
-363.52823188797026
-363.49562243846185
-363.46707229654726
-363.44258205415906
-363.42214850226225
-363.4057657120459
-363.39342575256535
-363.3851191628038
-363.3808352586442
-363.38056232948617
-363.38428776141035
-363.3919981116075
-363.403679150778
-363.4193158844948
-363.4388925611972
-363.4623926709757
-363.4897989398581
-363.5210933201421
-363.5562569793076
-363.5952702880617
-363.6381128081819
-363.68476328057614
-363.73519961381265
-363.7893988732907
-363.8473372711387
-363.90899015689985
-363.9743320090517
-364.0433364273382
-364.11597612593346
-364.1922229274274
-364.2720477576176
-364.35542064108193
-364.44231069752266
-364.53268613887946
-364.6265142671657
-364.7237614730224
-364.824393235015
-364.9283741195753
-365.0356677816738
-365.1462369661457
-365.2600435096864
-365.3770483435142
-365.4972114966933
-365.62049210009974
-365.7468483910605
-365.87623771861803
-366.0086165494774
-366.1439404745965
-366.28216421643236
-366.42324163685123
-366.5671257457205
-366.71376871015616
-366.86312186446054
-367.0151357207298
-367.1697599801797
-367.32694354513654
-367.4866345317519
-367.6487802834249
-367.8133273849225
-367.9802216772476
-368.1494082732015
-368.3208315736913
-368.49443528477985
-368.67016243544055
-368.8479553960672
-369.0277558977209
-369.20950505209964
-369.3931433722572
-369.5786107940296
-369.7658466982091
-369.9547899334277
-370.1453788397472
-370.33755127295433
-370.5312446295686
-370.7263958724809
-370.9229415573257
-371.1208178594339
-371.3199606014765
-371.5203052816673
-371.7217871026306
-371.9243410007516
-372.12790167613844
-372.3324036230896
-372.5377811610447
-372.74396846595124
-372.9508996021898
-373.1585085547188
-373.36672926174896
-373.5754956476211
-373.7847416560156
-373.9944012834114
-374.2044086127195
-374.4146978471265
-374.6252033439676
-374.83585964874345
-375.0466015291401
-375.2573640089472
-375.4680824020177
-375.67869234594747
-375.8891298357403
-376.0993312570067
-376.30923341916105
-376.5187735879232
-376.727889517729
-376.9365194834899
-377.14460231183097
-377.3520774118954
-377.5588848053177
-377.76496515564713
-377.97025979693984
-378.1747107616258
-378.37826080736227
-378.5808534431133
-378.782432954176
-378.9829457632737
-379.182333773342
-379.3805477372532
-379.57753394474634
-379.7732409000592
-379.9676180104419
-380.16061560279684
-380.3521849390076
-380.5422782297814
-380.7308486470303
-380.91785033482546
