61.64664320105309
61.43762797966448
61.23809372506941
61.04381187891119
60.85240504932614
60.662557894426264
60.473576221377236
60.28513173810579
60.097113706593255
59.90954287899435
59.72252168715249
59.53620540375724
59.35078531887693
59.16647871502979
58.9835226294993
58.8021696852939
58.6226850236076
58.4453438029832
58.27042897657534
58.098229197305955
57.92903677756215
57.76314567219228
57.60084947621752
57.44243944074159
57.288202516807026
57.13841944016686
56.99336287149758
56.8532956072465
56.71846887650195
56.589120739072335
56.465474599477446
56.347737850795056
56.23610066123381
56.13073491491846
56.031793316701545
55.939408668805946
55.85369332491072
55.77473882480238
55.70261571018126
55.63737351954386
55.57904095747104
55.52762623112718
55.483117544437256
55.44548373834647
55.41467506375787
55.390624072318374
55.373246609145575
55.36244289090368
55.35809865231277
55.36008634421703
55.36826636673519
55.38248832165673
55.402592269187224
55.428409975294535
55.45976613714717
55.49647957560901
55.538364385141435
55.58523103303809
55.63688740132297
55.69313976613128
55.753793710732545
55.81865496961966
55.88753020227597
55.96022769625728
56.03655800014931
56.11633448777447
56.199373855673215
56.285496556450916
56.37452717101806
56.466294723084744
56.56063293952288
56.65738046033341
56.75638100208795
56.857483478670076
56.96054208314698
57.06541633449944
57.17197109280764
57.28007654635044
57.38960817391101
57.50044668535705
57.61247794340581
57.725592869250725
57.83968733453409
57.95466204193493
58.0704223964498
58.186878369247005
58.30394435578483
58.42153902971375
58.53958519391429
58.65800962986361
58.776742946387394
58.89571942870404
59.014876888573546
59.13415651620839
59.25350273455214
59.37286305639668
59.49218794474438
59.61143067675455
59.73054721152556
59.84949606192151
59.968238170595505
60.08673679031695
60.204957368658604
60.322867437089755
60.44043650445817
60.557635954850504
60.674438949774306
60.790820334597385
60.90675654916527
61.02222554250246
61.13720669148548
61.25168072339132
61.36562964218106
61.47903665841567
61.591886122661066
61.70416346226552
61.81585512137259
61.92694850404214
62.03743192035626
62.147294535371145
62.25652632080143
62.36511800930926
62.47306105127918
62.580347573957134
62.68697034285519
62.79292272529061
62.89819865597454
63.00279260453203
63.10669954486417
63.20991492625493
63.31243464613163
63.41425502439018
63.51537277920599
63.61578500425099
63.71548914723119
63.81448298968846
63.91276462798178
64.0103324553925
64.10718514528615
64.20332163527334
64.2987411123114
64.39344299869735
64.48742693889233
64.58069278714295
64.67324059583902
64.76507060457874
64.85618322988415
64.94657905554716
65.03625882355362
65.12522342555815
65.21347389487603
65.30101139896433
65.38783723235413
65.47395281001857
65.55935966114166
65.64405942326674
65.72805383680209
65.81134473986339
65.89393406342714
65.97582382678259
66.05701613326184
66.13751316622665
66.21731718530617
66.29643052285753
66.37485558064654
66.45259482673163
66.52965079253381
66.60602607008865
66.68172330946268
66.7567452163296
66.83109454969106
66.90477411973937
66.97778678584343
67.05013545466309
67.12182307837372
67.19285265299648
67.26322721683225
67.33294984898606
67.40202366797935
67.47045183044614
67.53823752990321
67.60538399559474
67.67189449140103
67.73777231480939
67.80302079594738
67.86764329666295
67.93164320966049
67.9950239576799
68.05778899271921
68.11994179529731
68.18148587375201
68.24242476357207
68.30276202675796
68.36250125121222
68.42164605015414
68.48020006155285
68.53816694758699
68.59555039411605
68.65235411016909
