-67.66002984823224
-69.19713132745392
-70.53207530503197
-71.91906125336337
-73.33678115494502
-74.776283207632
-76.23110417457252
-77.69564046103592
-79.16483109405345
-80.63406028296525
-82.0991055765868
-83.5561020400373
-85.00151586752358
-86.43212479712513
-87.84500359982299
-89.23751328406021
-90.60729289482897
-91.95225296762946
-93.27056986137109
-94.56068029001923
-95.8212755513201
-97.05126557501968
-98.24988536666247
-99.41652226712374
-165.46501176082356
-170.5848181942053
-173.0680992055088
-174.59165449851824
-175.68200152867098
-176.570886741049
-177.3535246305865
-178.06869499332848
-178.73244963021617
-179.35164801783722
-179.92938669726823
-180.46722576638084
-180.96613737121686
-181.42692936271897
-181.85044285744482
-182.23764556803312
-182.5896728518768
-182.90784004059785
-183.19363764266254
-183.44871571643915
-183.67486123704793
-183.8739710520386
-184.04802236426053
-184.19904229037107
-67.66002984823224
-69.19713132745392
-70.53207530503197
-71.91906125336337
-73.33678115494502
-74.776283207632
-76.23110417457252
-77.69564046103592
-79.16483109405345
-80.63406028296525
-82.0991055765868
-83.5561020400373
-85.00151586752358
-86.43212479712513
-87.84500359982299
-89.23751328406021
-90.60729289482897
-91.95225296762946
-93.27056986137109
-94.56068029001923
-95.8212755513201
-97.05126557501968
-98.24988536666247
-99.41652226712374
