48.06541702199999
71.26532527720725
71.08253513186898
70.75020182772444
70.40635507947836
70.0955629751754
69.83480087144433
69.63396569241867
69.50310970680998
69.45165752861676
69.48424833528237
69.59763392474497
69.78033791766184
70.01474008764599
70.2804351072747
70.55761186804554
70.82953964743086
71.08380540878132
71.31244038421247
71.51132696217684
71.67929325604445
71.81718947739074
71.92710330871685
72.01176644238974
72.07414401432804
72.11717281056005
72.14360907935932
72.1559515628369
72.15641299410662
72.14692096456321
72.1291351971556
72.10447280411489
72.07413645020814
72.0391423285957
72.00034633751321
71.95846770692648
71.91410977492829
71.86777800161856
71.81989539384567
71.77081559092868
71.72083394782909
71.67019682992103
71.61910946227451
71.56774246183367
71.5162373466293
71.46471113210431
71.41326019547402
71.3619635102504
71.310885360757
71.26007763069337
71.20958172296865
71.15943018563567
71.10964808068573
71.06025414702381
71.011261768892
70.96267982540896
70.91451339555549
70.86676435195312
70.81943189332561
70.77251295757974
70.7260026352165
70.67989444556339
70.63418065496617
70.58885247855622
70.54390030446034
70.49931385953315
70.45508235373156
70.41119461924028
70.36763920194619
70.32440448032595
70.28147871337042
70.23885013759701
70.19650701090198
70.15443765638666
70.11263051651994
70.07107418876497
70.02975743587379
69.98866923147598
69.94779876793253
69.9071354740664
69.86666903349065
69.82638938838141
69.78628675031007
69.74635160698158
69.7065747183662
69.66694713313457
69.62746017649755
69.58810545387838
69.54887486149488
69.50976056673773
69.47075500904913
69.43185091288048
69.39304126507483
69.354319328688
69.31567861531485
69.27711290971405
69.23861625273021
69.20018291979447
69.1618074451356
69.12348461092238
69.08520942510503
69.04697713543692
69.00878322506428
68.97062339581628
68.93249358292762
68.89438993386815
68.8563088137365
68.81824681057815
68.78020071268485
68.742167530934
68.70414447344649
68.6661289579342
68.62811860802924
68.59011125700162
68.55210493046248
68.51409786808611
68.47608850532498
68.43807548570257
68.40005765752615
68.36203407564294
68.32400400361057
68.28596692140806
68.2479225134305
68.20987069685941
68.17181159184493
68.13374556017905
68.09567319057506
68.05759531825714
68.01951300795378
67.98142759553112
67.94334066666053
67.9052540831538
67.86716998931645
67.82909081402109
67.79101930588772
67.75295851858274
67.7149118562053
67.67688305495835
67.63887623634484
67.60089590626798
67.5629469747574
67.52503479141964
67.48716516299679
67.44934438696986
67.41157927382825
67.37387718951032
67.33624608515129
67.29869453963653
67.2612317986632
67.22386783644501
65.69999665119718
65.93654498053894
66.12812774391604
66.27592655795557
66.38554491031235
66.46359033060489
66.51626795217783
66.54889260420768
66.56394090341281
66.56644443969435
66.55985624666823
66.546204816064
66.52704965137981
66.50359560672763
66.4767769861927
66.44732142246065
66.41579856930416
66.38265723086003
66.34825372321951
66.31287358663043
66.27674823161254
66.24006777896572
66.20299101636631
66.16565317425604
66.12817206295219
66.09065297449771
66.05319266012455
66.01588263117944
65.97881198939275
65.94206988511117
65.90574777780986
65.86994157991904
65.8347537622041
65.80029553274858
65.76668912122359
65.73407029536821
65.70259116451255
65.672423369125
65.64376175687673
65.61682869868415
65.59187915296073
65.56920670475874
65.54915078157617
65.53210531174784
65.51852922954173
65.50895918248546
65.50402509652682
65.50446916922787
65.5111692534938
