-3.2825997399967424
-3.1042867025110663
-3.0289634134529413
-3.0032539517985337
-2.9977319845883863
-3.000013222395048
-3.005275063626471
-3.011695140040416
-3.018588635669539
-3.0256925330472293
-3.032898110044672
-3.0401527860119844
-3.0474247887126804
-3.0546907668068948
-3.061931620089154
-3.0691311812719335
-3.076275829863523
-3.0833543714104454
-3.090357962429198
-3.097280016428486
-3.104116077735941
-3.110863665419539
-3.11752209350614
-3.1240922741598376
-5.261513506789069
-5.259317037264042
-5.258122794745097
-5.256905515930091
-5.2556251345470315
-5.254265817570159
-5.25281622878994
-5.2512663662851855
-5.249607087629414
-5.247830095292992
-5.245928007771243
-5.243894443193857
-5.24172409591462
-5.239412798856293
-5.236957568499366
-5.234356631261533
-5.231609430974458
-5.228716617698505
-5.2256800184387435
-5.222502590589422
-5.219188359125014
-5.21574227755954
-5.212170364747056
-5.208479292393418
