78.33770583777107
76.71791200837583
75.20692105531259
73.80029976891875
72.48996092075946
71.26793572466958
70.12691418808998
69.06027177708576
68.06201667108556
67.12672827758848
66.24949882486396
65.42588002030246
64.65183495273108
63.923694998218096
63.238121358815526
62.59207082071597
61.982765313953244
61.40766487183841
60.86444361515982
60.35096841803639
59.86527994565054
59.40557578681008
58.97019543519518
58.55760690162827
58.16639476552124
57.7952494967772
57.4429578999706
57.10839455077074
56.790514110534296
56.48834441897968
56.200980277101756
55.92757784318183
55.66734957409329
55.419559652258386
55.1835198457304
54.958585755098795
54.744153406342186
54.53965615351104
54.34456185927558
54.15837032501887
53.98061094534866
53.81084056470417
53.64864151620051
53.49361982501987
53.345403560570674
53.20364132332082
53.06800085370101
52.93816775178872
52.813844672747926
52.69474874008812
52.58061278613138
52.471182928834935
52.36621808545949
52.26548917687699
52.16877838986854
52.075878492570915
51.98659219865933
51.900731576258494
51.81811749794467
51.73857912853491
51.66195344765762
51.58808480436929
51.51682450132393
51.44803040622094
51.38157318676256
51.31730347747873
51.255115036129375
51.19488342971318
51.13649398219117
51.07983701759053
51.0248073659488
50.97130408907238
50.919230255086376
50.86849273180895
50.81900199310726
50.77067193657156
50.72341971161476
50.67716555727962
50.63183264911164
50.587346954504675
50.54363709597274
50.500634221842084
50.45827147385712
50.41648550294753
50.375213924623985
50.334396830135226
50.29397628590687
50.253896240065025
50.214102433660415
50.17454231636132
50.1351649663622
50.09592101426664
50.05676257071743
50.01764315756075
49.978517642348095
49.93934217599013
49.90007413338981
49.86067205689385
49.82109560241101
49.78130548805685
49.74126344519217
49.70093217173174
49.66027528760752
49.61925729227818
49.577843524183415
49.53600012204666
49.493693987939416
49.4508927520207
49.407564738875635
49.363678935378374
49.31920496001063
49.27411303357171
49.22837395121849
49.18195905577967
49.134840212290186
49.08698978369616
49.03838060768362
48.98898597458706
48.938779606336716
48.88773563640661
48.83582859072609
48.783033369522876
48.72932523006485
48.67467977027109
48.61907291316554
48.56248089214734
48.50488023705218
48.44624776098516
48.38656054790163
48.32579594091782
48.26393153133319
48.20094514834675
48.136814849452016
48.07151891149655
48.005035822390894
47.93734427345561
47.86842315239359
47.798251536876855
47.72680868873698
47.65407404875021
47.580027232006586
47.50464802385584
47.42791637642042
47.349812405668416
47.270316389038584
47.189408763609336
47.107070124804935
47.02328122563139
46.93802297643473
46.85127644517403
46.76302285820177
46.67324360154396
46.581920222671215
46.48903443275317
46.394568109386185
46.29850329978622
46.20082222443524
46.10150728117103
46.000541049708644
45.89790629658127
45.793585980485865
45.68756325802023
45.579821489794895
45.470344246903196
45.359115317730556
45.24611871508444
45.13133868362212
45.01475970755383
44.89636651859702
44.776144104154355
44.6540777156871
44.53015287725319
44.404355394177024
44.276671361815715
44.14708717438385
44.015589533796415
43.882165458486966
43.74680229215374
43.60948771238584
43.47020973911522
43.32895674283912
43.18571745255202
43.04048096332262
42.89323674344758
42.74397464110715
42.59268489044422
42.439358116981744
42.2839853422871
42.12655798778582
41.967067877618035
41.805507240424575
41.64186870993777
41.476145324245124
41.308330523578405
41.13841814647074
40.96640242410945
40.79227797269437
40.61603978359559
40.43768321108186
85.40020270692808
83.97028349949734
82.60439464400177
81.30478384793109
80.06877347020371
78.89288384965121
77.77364249909175
76.70774224435816
75.69206832970998
74.72369790081689
73.79989291973055
72.91809113812378
72.07589638423939
71.27106865772392
70.50151430397337
69.76527644127266
69.06052575391625
68.38555172242815
67.73875433153455
67.11863627446283
66.52379565634222
65.952919188389
65.40477585700248
64.87821104696154
64.37214109491187
63.88554824775226
63.41747599995673
62.967024784032354
62.53334798896187
62.11564828247068
61.713174214156254
61.32521707783485
60.9511080128352
60.590215325350016
60.24194201231445
59.90572347159256
59.58102538350387
59.26734174990482
58.964193078148014
58.67112469827687
58.387705202770874
58.11352499904656
57.848194965732915
57.591345204494736
57.342623879868775
57.10169614020418
56.868243113387166
56.64196097154987
56.42256005945572
56.209764081689734
56.003309344191436
55.802944046032906
55.60842801873442
55.41953050129459
55.236031973548954
55.05772200470775
54.88439914820464
54.71587046599692
54.55195108231616
54.39246376484654
54.237238531415905
54.08611228042775
53.93892844339509
53.79553665806007
53.65579246070275
53.51955699634564
53.38669674565717
53.25708326744841
53.1305929557367
53.007106810427025
52.88651022073077
52.76869276050345
52.653547994744315
52.54097329655237
52.43086967388476
52.3231416055075
52.21769688557368
52.114446476300444
52.013304368253664
51.91418744778297
51.817015371179075
51.72171044515664
51.628197513289216
51.53640384804928
51.446259048129065
51.35769494073835
51.27064548859543
51.18504670134477
51.1008365511532
51.01795489225131
50.936343384200605
50.85594541868224
50.776706049615
50.698571926420435
50.62149123026757
50.545413613136624
50.47029013955105
50.396073230838994
50.32271661178957
50.25017525958069
50.17840535485904
50.10736423486321
50.03701034848445
49.96730321316665
49.89820337355315
49.829672361791864
49.76167265941669
49.69416730857252
49.62712163791914
49.5604993409997
49.49426742207023
49.42839222753097
49.36284121365193
49.29758255732304
49.23258512805591
49.167818460992805
49.10325273087473
49.03885872692328
48.97460782859308
48.91047198215441
48.846423678067126
48.78243592910985
48.71848224922859
48.65453663307249
48.59057353618473
48.52656785581892
48.46249491235263
48.39833043127014
48.33405052569039
48.26963167941301
48.20505073046196
48.14028485510183
48.075311552307575
48.01010862866631
47.94465418369235
47.87892659553681
47.81290450707462
47.746566812351695
47.6798926433766
47.612861357241115
47.54545252355579
47.47764591218523
47.40942148127121
47.34075936552956
47.27163986480985
47.20204343290478
47.13195066659913
47.06134229494685
46.990199168766615
46.918502250344666
46.846232603337036
46.773371382860525
46.69989982576418
46.62579924107306
46.551051000594946
46.47563652968339
46.39953729814789
46.32273481130467
46.24521060116022
46.16694621772077
46.08792322041991
46.00812316965787
45.9275276184464
45.846118104150335
45.76387614032146
45.680783208616326
45.596820750791785
45.511970160771774
45.42621277677704
45.33952987351271
45.25190265440484
45.16331224387918
45.07373967967445
44.98316590518177
44.89157176180236
44.79893798131419
44.705245178238414
44.61047384219643
44.51460433024615
44.41761685918697
44.31949149782143
44.22020815916071
44.119746592560965
44.01808637577401
43.9152069068989
43.81108739621466
43.705706857877715
43.5990441014617
43.491077723319655
43.38178609774274
43.271147367890904
43.15913943646645
43.04573995609961
42.930926319411796
42.81467564872129
42.69696478534875
42.57777027848051
42.457068373540125
42.33483500001614
