13.278
13.652161931450268
13.852148018044138
14.085268603060952
14.337778654644168
14.601667597041844
14.872223988011154
15.146666188781785
15.423349712718686
15.701300578789198
15.979938880920178
16.258915137869206
16.5380138705294
16.81709720199088
17.096072158837366
17.374871899243722
17.653445047003785
17.931749692463516
18.20975004774339
18.487414591091742
18.76471503396794
19.04162573497192
19.318123352043397
19.594186619449935
19.869796189362777
20.14493450710855
20.419585704916905
20.693735507141263
20.967371143925202
21.240481272097565
21.513055902721447
21.785086334841615
22.05656509486653
22.327485880863414
22.59784351091378
22.867633874617628
23.136853886825104
23.405501442762038
23.673575373805246
23.94107540332778
24.20800210217721
24.474356843519786
24.740141756924977
25.005359681691985
25.270014119539386
25.534109186850465
25.79764956673519
26.060640461203533
26.323087543769454
26.58499691280097
26.846375045920496
27.107228755750246
27.36756514725127
27.627391576879567
27.886715613756465
28.14554500298183
28.40388763122406
28.661751494634682
28.9191446691513
29.17607528317476
29.432551492611513
29.688581458232182
29.944173325271247
30.19933520518941
30.454075159494018
30.70840118550061
30.962321203922002
31.215843048153673
31.46897445512711
31.721723057601938
31.974096377766518
32.22610182202817
32.47774667685684
32.72903810558812
32.979983146055666
33.230588708962586
33.480861576895464
33.730808403888744
33.980435715459514
34.229749909051414
34.47875725480506
34.72746389660981
34.975875853379726
35.223999020511485
35.47183917148197
35.7194019595529
35.96669291955622
36.21371746973149
36.460480913597664
36.706988441842235
36.95324513421281
37.19925596140402
37.44502578692321
37.690559368943745
37.93586136212015
38.18093631938371
38.42578869370296
38.670422839809724
38.914843015898825
39.159053385293014
39.403058018077665
39.64686089270761
39.89046589758975
40.13387683263439
40.377097410791905
40.620131259560544
40.862981922481055
41.10565286061252
41.348147453991594
41.59046900308001
41.83262073020157
42.074605780962386
42.31642722567272
42.55808806074936
42.799591210120184
43.04093952661709
43.282135793366514
43.52318272517468
43.76408296990705
44.004839109869444
44.245453663179944
44.4859290851397
44.72626776960482
44.966472050346084
45.206544202425384
45.44648644354123
45.68630093539712
45.92598978505554
46.16555504629127
46.40499872094033
46.644322760249636
46.88352906622197
47.12261949295381
47.36159584797521
47.60045989358515
47.83921334817748
48.077857887570495
48.31639514632565
48.55482671906502
48.79315416178246
49.03137899315008
49.26950269581782
49.50752671771097
49.745452473314344
49.98328134495949
50.22101468409515
50.45865381256172
50.69620002384488
50.93365458433424
51.171018734567156
51.4082936904642
51.64548064455655
51.88258076720747
52.11959520781732
52.3565250960254
52.59337154289764
52.830135642103166
53.066818471081206
53.303421092197965
53.53994455387961
53.77638989175725
54.01275812976981
54.24905028127048
54.48526735011793
54.72141033174615
54.957480214222066
55.19347797929128
55.42940460339971
55.665261058704814
55.90104831406376
56.136767336008084
56.37241908969468
56.608004539844174
56.843524651648586
57.07898039166852
57.31437272870433
57.54970263464244
57.784971085285854
58.020179061155375
58.25532754826801
58.490417538893546
58.7254500322809
58.96042603536454
59.195346563439585
59.43021264080839
59.66502530140862
59.89978558940057
60.13449455973469
60.36915327868561
60.6037628243564
60.838324287154144
61.07283877023218
61.30730738990345
61.5417312760183
61.77611157231395
62.01044943673174
62.24474604169317
62.47900257435577
62.713220236825165
