1117.34865
1096.1813206504437
1075.261634761651
1054.604951486494
1034.2008348228017
1014.0534943793207
994.1721547734138
974.5672418537463
955.2489324331954
936.226622806908
917.5087540113904
899.1027744803486
881.0151541777532
863.2514184803259
845.8161878448382
828.7132192556227
811.945447548471
795.5150260609685
779.4233664647452
763.6711777772418
748.2585045890465
733.1847645446661
718.4487851052256
704.04883961038
689.9826826467225
676.2475847219796
662.8403662380912
649.7574307515869
636.9947975059904
624.548133218032
612.4127830969026
600.583801073514
589.0559792146353
577.8238762948271
566.8818454973698
556.2240612139141
545.8445449114853
535.7371900348614
525.8957859122751
516.3140406329921
506.9856028665954
497.9040825958373
489.0630707376342
480.45615763055014
472.076941069405
463.9190766770452
455.97624955171995
448.2422073227335
440.7107730400306
433.3758563661159
426.23146341988684
419.27170585586106
412.4908089330308
405.8831185500246
399.4431072633994
393.16537818232024
387.0446714865152
381.0758669053003
375.2539850818811
369.57418942920543
364.03178707833234
358.62222908526456
353.3411099946035
348.1841668313763
343.1472775818997
338.2264592193638
333.4178653270897
328.71778336939445
324.1226316573032
319.6289560532595
315.2334264556165
310.9328331000136
306.724082710738
302.604194530821
298.5702962548674
294.61961988337805
290.74949751147284
286.95735705824654
283.24071793520744
279.59718664291955
276.0244522734892
272.52028188199216
269.0825156710211
265.70906190728834
262.3978914547404
259.1470317605158
255.9545600615241
252.8185954798709
249.73728952801613
246.70881432235703
243.73134746242619
240.8030519978094
237.92204904999443
235.08637926411745
232.29394599767133
229.5424347913925
226.82918382059063
224.15098647053918
221.50377846237308
218.88215024648957
216.27864644468136
213.6830536914221
211.08291898764156
208.46891902248595
205.84716878186978
203.2442274316976
200.69071461626285
198.20543642458637
195.7951258183496
193.45986825330635
191.19699248325264
189.0029325471446
186.8739894429866
184.80661446724744
182.79750100318304
180.84360275648945
178.94212496306193
177.09050655870266
175.28640016174262
173.52765241158542
171.81228554876134
170.13848048824198
168.50456139849257
166.9089817114972
165.35031146033305
163.82722583477715
162.3384948479706
160.8829740129332
159.45959593458056
158.06736272999038
156.70533919664638
155.37264665508908
154.06845739876823
152.7919896898778
151.54250324556037
150.31929516408613
149.12169624545322
147.94906766533148
146.80079796539968
145.67630032691395
144.57501009782786
143.49638254696194
142.4398908216329
141.40502408779727
140.39128583418344
139.39819232407618
138.42527118041014
137.47206009163656
136.53810562745937
135.62296215501536
134.72619084740884
133.8473587777047
132.9860380925667
132.14180526068947
131.31424039202656
130.50292662458182
129.7074495761948
128.9273968593299
128.16235765737807
127.41192236139605
126.6756822665516
125.95322932781256
125.24415597461568
124.54805498438127
123.86451941480796
123.19314259487173
122.53351817440391
121.88524023198399
121.24790344072022
120.62110329123907
120.00443637093133
119.39750069816631
118.79989610980913
118.21122469997539
117.63109130751106
117.0591040492279
116.94077641768327
116.30755572844367
115.46774700550286
114.45673332105079
113.29160566792804
111.98492424083895
110.54742520497427
108.988937258195
107.31875451532065
105.54580772791208
103.67875105883287
101.72601122511942
99.6958137956238
97.59620394899737
95.43505079549325
93.22004362949929
90.95868643547912
88.65828788688444
86.32594805375338
83.96854517526107
81.59271339048148
79.2048274932834
76.81098748110941
74.41700093322814
74.3023657218951
74.29096663747777
74.2822191932854
74.27443266311457
74.26693110558253
74.25935550259818
74.25150496300127
74.24325993595983
74.23454441061715
74.22530697602438
74.2155110775627
74.20512979031086
74.19414285205207
74.18253486692352
74.17029412184452
74.15741177234908
74.14388124026168
74.12969775581638
74.11485800044713
74.09935982398748
74.08320201888937
74.06638413915736
74.04890635483936
74.03076933501069
74.01197415368229
73.99252221418332
73.9724151884374
73.95165496824002
73.93024362619853
73.90818338444194
73.88547658957134
73.862125692615
73.83813323299177
73.81350182567964
73.78823415094368
73.76233294610456
73.73580099893094
73.70864114232322
73.68085625002126
73.65244923312382
73.62342303724948
73.59378064020436
73.56352505004885
73.53265930347845
73.501186464451
73.4691096230068
73.43643189423966
73.40315641738543
73.3692863550019
73.3348248922195
73.2997752360467
73.26414061471756
73.22792427707141
73.19112949051872
73.15375954830577
73.1158177516052
73.07730742853967
73.03823192224634
72.99859459315171
72.95839881841219
72.91764799136718
72.87634552100346
72.8344948314253
72.79209936132742
72.74916256347014
72.70568790415543
72.66167886270311
72.61713893093324
72.57207165872326
72.52648049252609
72.48036897105084
72.43374063657619
72.38659903811327
72.33894773266022
72.29079028547103
72.24213026988899
72.1929712669889
72.14331686513633
72.09317065951147
72.04253625161894
71.99141724879286
71.93981726370144
71.88773991385317
71.83518882110533
71.7821676111756
71.72867991315677
71.67472935903504
71.62031958321195
71.5654542220301
71.51013691330287
71.45437129584815
71.40395945771444
71.3559423588279
71.30903180717137
71.26266538565558
71.21660190315876
71.17073573850416
71.12502379311506
71.0794438721375
71.0339868393314
70.98864819003724
70.94342541574507
70.8983168704376
70.85332128165862
70.80843753972911
70.76366460696673
70.71900147867711
70.67444716647584
70.63000069123756
70.58566108019008
70.54142736578889
70.4972985853507
70.45327378100683
70.4093519997862
70.36553229374722
70.32181372012302
70.27819534146599
70.23467622578539
70.19125544667573
70.14793208343546
70.10470522117595
70.0615739509208
70.01853736969656
69.97559458061437
69.93274469294394
69.88998682217964
69.84732009009939
69.8047436248168
69.76225656082683
69.7198580390454
69.67754720684331
69.63532321807487
69.59318523310134
69.55113241880976
69.50916394862739
69.46727900253181
69.42547676705719
69.38375643529695
69.34211720690277
69.30055828808061
69.25907889158339
69.21767823670109
69.17635554924813
69.13511006154832
69.09394101241769
69.05284764714513
69.01182921747119
68.97088498156502
68.93001420399946
68.8892161557247
68.84849011404017
68.80783536256534
68.76725119120911
68.72673689613805
68.68629177974364
68.64591515060837
68.60560632347128
68.56536461919225
68.52518936471594
68.48507989303484
68.4450355431517
68.4050556600416
68.36513959461323
68.32528670366999
68.28549634987056
68.24576790168916
68.20610073337548
68.16649422491433
68.1269477619852
68.08746073592144
68.04803254366942
68.00866258774747
67.96935027620478
67.9300950225803
67.89089624586146
67.85175337044295
67.81266582608552
67.77363304787474
67.73465447617988
67.6957295566128
67.65685773998698
67.61803848227653
67.57927124457555
67.54055549305724
67.50189069893358
67.4632763384148
67.42471189266922
67.3861968477832
67.34773069472124
67.30931292928632
67.27094305208044
67.23262056846525
67.19434498852306
67.15611582701797
67.11793260335727
67.07979484155292
67.04170207018353
67.00365382235626
66.9656496356693
65.89128731765787
64.81303111845405
63.750773706950625
62.7040501177742
61.671508297795874
60.65195876635412
59.644399507013034
58.647986366267666
57.662006547720495
56.685857218240805
55.71902822045841
54.76108799266626
53.81167201313873
52.87047325034834
51.93723422131765
51.011740349765006
50.09381438268744
49.18331167475225
48.280116188676956
47.38413708535453
46.49530583163296
45.613573676175214
44.73890953235808
43.871298114944565
43.010738345153705
42.15724196606283
41.31083234005486
40.47154340205058
39.63941874623591
38.814510827329386
37.9968802601972
37.186595203916305
36.3837308182963
35.588368782468194
34.800596866487254
34.02050854802327
33.24820266716169
32.483783113141584
31.727358537537864
30.979042088972857
30.238951164936058
29.507207176711223
28.783935323771896
28.069264374316
27.363326448878198
26.666256804190688
25.978193614664544
25.2992777490391
24.629652539901038
23.969463543908386
23.31885829067227
22.67798601835058
22.04699739409451
21.42604421756151
20.815279105766514
20.214855157586566
19.624925596262685
19.045643388254916
18.477160836803243
17.919629148527314
17.373197971363627
16.838014902092084
16.31422496164879
15.801970036365798
15.30138828323054
14.812613497231887
14.335774438873758
13.870994120014148
13.41838904635509
12.978068415201049
12.550133267557795
12.134675594302646
11.731777397064768
11.341509705653683
10.963931555404425
10.599088929697814
10.247013675177602
9.907722399813705
9.581215366913757
9.267475401387914
8.96646682790649
8.678134463893382
8.40240269336235
8.13917465018141
7.888331541170495
7.64973214021795
7.423212484080043
7.208585798487855
7.00564267949002
6.814151549576814
6.633859401160153
6.464492831664191
6.305759365188276
6.157349045930749
6.018936262894778
5.890181851368792
5.770735276152618
5.660236994619794
5.5583208857296516
5.464616698950611
5.378752473361372
5.300356878406725
5.229061432634941
5.1645025631626815
5.10632347604485
5.054175815673209
5.007721099317988
4.966631920551441
4.930592922221561
4.89930154564425
4.872468567612189
4.8498184406255636
4.831089454454082
4.816033738818345
4.804417127748822
4.796018906182257
4.790631458737582
4.788059839523194
4.78812128040193
4.790644653499981
4.795469922977758
4.8024474907177614
4.811437660475561
4.822310041742245
4.834942924336042
4.849222721166328
4.865043404685669
4.882305968554039
4.900917913301209
4.920792757708439
4.9418495770011965
4.964012568377031
4.987210643927912
5.0113770506437785
5.036449016891531
5.062367424540182
5.089076505737371
5.116523563225984
5.144658713013556
5.173434648163892
5.20280642246409
5.232731252724719
5.2631683384923
5.2940786979867935
5.325425019120094
5.357171524501013
5.389283929624856
5.421728900498715
5.4544747711751995
5.487490805057595
5.520747292680135
5.5542154884966415
5.587867548154192
5.62167647269481
5.655615970072629
5.68966087538134
5.723786258864986
5.7579680617248465
5.792182888430867
5.826407975146825
5.860621169508293
5.894800914158796
5.928926233399796
5.962976722623335
5.99693254022784
6.03077440173502
6.064483575841256
6.098041882150955
6.131431690351924
6.164635920604765
6.197638044929113
6.230422089380074
6.2629726368182075
6.295274830086311
6.327314375415932
6.359077545896439
6.390551184849481
6.421722708961871
6.452580111040463
6.48311196226341
6.513307413813322
6.54315619778929
6.572648627306373
6.6017755957031055
6.630528574789446
6.658899612079849
6.686881326967893
6.714466905811077
6.741650095905847
6.768425198344381
6.794787059755736
6.820731062944236
6.846253116448259
6.8713496430516745
6.896017567289107
6.920254301994037
6.944057733946122
6.967426208680496
6.990358514527548
7.014149630929508
7.037937976327151
7.061572104570342
7.084923430071142
7.107883595665386
7.130361253432594
7.152279595219026
7.173574293584171
7.194191768185633
7.214087718178741
7.233225873757168
7.2515769293449965
7.269117628229953
7.28582997413029
7.301700549690335
7.316719781313159
7.330881871871032
7.344183891908913
7.356625545269461
7.368208825578009
7.378937714548799
7.388817916564426
7.397856624791308
7.40606231479811
7.413444562229111
7.42001388157394
7.425781577842635
7.430759635808239
7.43496059553388
7.438397454280736
7.441083580263565
7.443032634978169
7.44425850441417
7.4447752382309496
7.444596996034133
7.443737999987797
7.442212493084031
7.440034702467397
7.437218807277763
7.4337789105332535
7.429729014626028
7.425083000048821
7.419854607009974
7.414057419630253
7.407704852446137
7.40081013897243
7.393386322102057
7.3854462461434895
7.377002550316231
7.368067663543014
7.358653800393528
7.348772958049112
7.338436914171185
7.327657225567848
7.316445227564023
7.304812033990037
7.292768537712406
7.28032541163837
7.26749311013295
7.254281870793693
7.240701716534023
7.226762457931561
7.2124736958021805
7.197844823965185
7.1828858170393435
7.16760490072699
7.152010867229595
7.1361123132894075
7.11991764417448
7.103435077087632
7.086672644598319
7.069638198093697
7.0523394112384015
7.034783783433458
7.016978643266105
6.998931151943265
6.9806483067024425
6.962136944194679
6.9434037438349785
6.924455231116243
6.905297780883425
6.8859376205651515
6.866380833360426
6.846633361378614
6.826701008731102
6.806589444573485
6.786304206097353
6.765850701470951
6.74523421272831
6.724459898606544
6.703532797331204
6.682457829349692
6.6612398000129405
6.639883402205522
6.61839321892459
6.59677372580805
6.575029293612412
6.55316419064087
6.531182585122195
6.509088547541027
6.486886052920225
6.464578983055934
6.442171128706065
6.419666191732855
6.397067787200283
6.374379445427006
6.351604613995548
6.328746659718516
6.30580887056251
6.282794457530549
6.259706556503594
6.23654823004207
6.213322469147975
6.190032194988353
6.166680260580821
6.143269452441856
6.119802492198539
6.0962820381644764
6.0727106868804865
6.049090974620836
6.025425378865623
6.001716319739972
5.977999048054262
5.954174239708235
5.9303788649758795
5.9064834589493715
5.882594374604691
5.858670617529586
5.834718717057401
5.810767756950929
5.786764639580568
5.762738559084885
5.7386922877881
5.71459480869641
5.690516649137055
5.6664247138055925
5.642319618789835
5.618203007656141
5.594076519467501
5.569941757238958
5.545800287958274
5.521653643554153
5.497503321853855
5.473350787504601
5.449197472861817
5.42504477884709
5.400894075778462
5.376746704175022
5.3526039755374795
5.328467173106151
5.304337552597507
5.280216342920329
5.256104746872331
5.232003941818001
5.207915080348431
5.183839290923647
5.1597776784980764
5.135731325129647
5.1117012905729915
5.0876886128572085
5.063694308848632
5.039719374798923
5.015764786878982
4.991831501698931
4.967920456814585
4.944032571220719
4.920168745831443
4.896329863948025
4.872516791714417
4.848730378560814
4.8249714576355185
4.801240846225368
4.777539346165008
4.753867744235264
4.730226812550874
4.706617308937798
4.683039977300395
4.659496578320075
4.635988481353588
4.6125141546194675
4.589074369194797
4.565669873368592
4.542297249806752
4.518961791632919
4.4956655535185
4.472407900312641
4.449189399278259
4.426010618882075
4.40287212588073
4.3797744838300705
4.356718251974569
4.333703988414046
4.310732236964344
4.28780353959371
4.264918432071973
4.2420774434160915
4.2192810918998465
4.196529897047729
4.173824367182128
4.166144131227082
4.133559466246701
4.079790207632106
4.0086918697653005
3.9239937663607583
3.829101765806548
3.7269799454205526
3.6201020242408135
3.510455586951719
3.3995809994706496
3.2886297178800956
3.1784308585561507
3.0695588055861944
2.9623975372078757
2.8571991189808665
2.75413465095723
2.6533362555032514
2.554928880590388
2.4590511162962474
2.365865026931206
2.2755560832324004
2.188325343168978
2.104376745792072
2.0239025481233126
1.9470695542568162
1.8740080336893992
1.8048043459294494
1.7394974921671364
1.678079227334871
1.6204970220539152
1.5666590346357399
1.5164402790426506
1.4696892921885438
1.4262347608752841
1.385891728821837
1.348467146633816
1.3137646427778753
1.2815884799039177
1.2517467207424091
1.2240536657782866
1.19833164590988
1.174412261932223
1.1521371628166766
1.131358449461697
1.1119387821696962
1.0937512602172839
1.0766791284614656
1.0606153767980824
1.045462233136266
1.0311306242734841
1.0175396047052274
1.0046157777819962
0.9922927230460016
0.9805104397840548
0.9692148137578842
0.9583571116633303
0.9478935060133188
0.9377846317352289
0.9279951747328584
0.9184934919114659
0.9092512616384515
0.900243163260535
0.891446584079059
0.8828413520649955
0.8744094925481087
0.8661350071201104
0.8580036730338013
0.850002861447176
0.8421213729442875
0.8343492888567005
0.826677837005715
0.819099270582802
0.8116067589813821
0.8041942894856074
0.7968565788100805
0.7895889935678606
0.7823874788223325
0.7752484939514354
0.7681689551204393
0.7611461837220382
0.754177860200238
0.7472619827275925
0.7403968302540711
0.7335809294905073
0.7268130254304487
0.7200920550516059
0.7134171238722118
0.7067874850687433
0.7002025208898178
0.6936617261269165
0.687164693426089
0.6807111002461602
0.6743006972883516
0.6679332982398574
0.6616087706898539
0.6553270280909005
0.6490880226517596
0.6428917390595021
0.6367381889394453
0.6306274059711212
0.6245594415871522
0.6185343611897536
0.6125522408266186
0.6066131642742733
0.6007172204826668
0.5948645013398723
0.5890550997203243
0.5832891077841174
0.5775666154985346
0.5718877093562448
0.5662524712675124
0.5606609776063542
0.5551132983928923
0.5496094966016015
0.5441496275512523
0.5387337384330441
0.5333618678871678
0.5280340456641024
0.5227502923516195
0.5175106191597285
0.5123150277570391
0.5071635101527536
0.5020560486191884
0.49699261565028396
0.4919731739521174
0.48699767646186176
0.48206606639206123
0.4771782772974372
0.47233423316175
0.4675338485025179
0.4627770284916348
0.4580636690901357
0.45339365719554403
0.448766870800381
0.4444206520078512
0.4399866784289939
0.43547978406833643
0.43098771599919566
0.4265916244978771
0.42234738450364007
0.41828717882341854
0.41442590653192224
0.41076726803402597
0.4073082742370023
0.40404224389903837
0.40096067221877985
0.39805434289730646
0.3953139628716455
0.39273050748082755
0.39029539498075855
0.38800056293642904
0.3858384896000678
0.3838021854147267
0.3818851690812681
0.3800814363654948
0.378385426205567
0.37679198661044055
0.37529634166463305
0.3738940602909202
0.37258102704998064
0.37135341504909475
0.37020766091777846
0.3691404417473952
0.3681486538604049
0.36722939326027
0.36637993760741333
0.3655977295657321
0.3648803613652056
0.3642255604274672
0.3636311759015206
0.36309516595523894
0.36261558566306445
0.36219057532241916
0.3618183490171584
0.3614971826254299
0.36122539362809536
0.361001366630819
0.3608234878861421
0.36069015978298374
0.36059978139690596
0.36055072983409125
0.36054133836290686
0.3605698700018985
0.3606344848228335
0.3607331985924919
0.36086382943083084
0.3610239277533598
0.36121068264311923
0.36142079455510584
0.36165029921691744
0.36189431960888513
0.36214671000470694
0.3623995347214921
0.36264228808926097
0.3628606992828268
0.3630348530852568
0.36313614956624674
0.3631222275100514
0.3629281807662343
0.3857270726840804
0.3598161273224767
0.33194240620887405
0.31152098595657984
0.2987611006104879
0.2923054479517844
0.2908692533374606
0.2934652966240724
0.2993608577336045
0.30800796666211455
0.3189874664233053
0.3319689013650111
0.34668264902752666
0.3629009009247029
0.38042495079547434
0.39907694860919374
0.41869477381865966
0.4391290304961124
0.4602414234022303
0.4819039716482468
0.5039986736995534
0.5264173627613745
0.5490615889865699
0.5718424404252477
0.5946802591032542
0.6175042532916816
0.6402520162128285
0.6628689760458382
0.6853078013657935
0.7075277902485257
0.7294942368801675
0.7511779162760869
0.7725544124564352
0.7936036413064559
0.8143093541874289
0.8346586858074979
0.8546417441526254
0.8742512405218033
0.8934821573591571
0.9123314512550023
0.9307977883095477
0.9488813090216824
0.966583419926383
0.983906609334481
1.000854284702031
1.0174306293359057
1.0336404763616973
1.0494891980471563
1.0649826087783232
1.0801268801545885
1.0949284668253418
1.1093937350677654
1.1235299571727402
1.1373440486435153
1.1508429788165333
1.1640337784882107
1.1769234943059372
1.1895191554429376
1.2018277477519537
1.2138561930249263
1.2256113320707593
1.2370999108342995
1.2483285690409545
1.2593038309813593
1.270032098136497
1.2805196433878356
1.2907726066002188
1.3007969913977526
1.3105986629579323
1.320183346698418
1.3295566277182913
1.3387239508903652
1.347690621507683
1.3564618064000935
1.365042535445686
1.373437703412065
1.3816520720718257
1.3896902725411884
1.3975568077997724
1.405256055353114
1.4127922700044055
1.420169586708226
1.4273920234825426
1.4344634843554247
1.4413877623291695
1.4481685423478554
1.4548094042548236
1.4613138257255285
1.4676851851711559
1.473926764602025
1.48004175244604
1.4860332463147303
1.4919042557145616
1.4976577046998556
1.503296434464991
1.508823205870684
1.5142407019086859
1.5195515300996096
1.5247582248248486
1.5298632495929954
1.5348689992398064
1.5397778020641353
1.5445919218982727
1.5493135601158068
1.5539448575763657
1.5584878965093807
1.56294470233732
1.567317245441542
1.5716074428700055
1.5758171599889057
1.579948212081275
1.5840023658924107
1.5879813411235566
1.5918868118767084
1.5957204080512144
1.5994837166928488
1.6031782832993318
1.606805613080553
1.610367172177291
1.6138643888392306
1.617298654563786
1.6206713251956635
1.62398375121551
1.6272371834180586
1.630432879444047
1.6335720644163005
1.6366559322459266
1.6396856467108758
1.6426623424426767
1.6455871258434505
1.648461075949077
1.6512852452481344
1.6540606604633767
1.6567883233017342
1.6594692111739937
1.6621042778895097
1.6646944543253166
1.6672406490727179
1.6697437490624238
1.6722046201685512
1.6746241077932686
1.6770030374324112
1.6793422152231743
1.6816424284742906
1.6839044461791683
1.6861290195132193
1.68831688231534
1.6904687515544963
1.6925853277820322
1.6946672955698285
1.6967153239349295
1.6987300667510445
1.70071216314776
1.7026622378974328
1.7045809017907123
1.7064687520003785
1.7083263724340216
1.710154334076781
1.7119531953238487
1.7137235023025927
1.715465789185393
1.7171805784937164
1.7188683813925676
1.720529697976957
1.7221650175497318
1.723774818891169
1.7253595705214686
1.7269197309550113
1.7284557489479202
1.7299680637379262
1.7314571052783312
1.732923294464372
1.7343670433540295
1.7357887553821079
1.7371888255686962
1.7385676407217017
1.739925579633777
1.7412630132736726
1.7425803049725332
1.743877810605255
1.7451558787664139
1.7464148509420432
1.7476550616761186
1.7488768387328892
1.7500805032551017
1.7512663699174513
1.7524347470763886
1.7535859369158557
1.754720235588935
1.7558379333560497
1.7569393147194488
1.758024658554182
1.7590942382355625
1.7601483217635274
1.761187171883707
1.7622110462052814
1.7632201973158534
1.7642148728935
1.765195315815863
-591097.8656913167
-591097.8656913167
-591097.8656913167
-591097.8656913167
-591097.8656913167
-591097.8656913167
-591097.8656913167
-591097.8656913167
-591097.8656913167
-591097.8656913167
-591097.8656913167
-591097.8656913167
-591097.8656913167
-591097.8656913167
-591097.8656913167
-591097.8656913167
-591097.8656913167
-591097.8656913167
-591097.8656913167
-591097.8656913167
-591097.8656913167
-591097.8656913167
-591097.8656913167
-591097.8656913167
-591097.8656913167
-591097.8656913167
-591097.8656913167
-591097.8656913167
-591097.8656913167
-591097.8656913167
-591097.8656913167
-591097.8656913167
-591097.8656913167
-591097.8656913167
-591097.8656913167
-591097.8656913167
-591097.8656913167
-591097.8656913167
-591097.8656913167
-591097.8656913167
-591097.8656913167
-591097.8656913167
-591097.8656913167
-591097.8656913167
-591097.8656913167
-591097.8656913167
-591097.8656913167
-591097.8656913167
-591097.8656913167
-591097.8656913167
-591097.8656913167
-591097.8656913167
-591097.8656913167
-591097.8656913167
-591097.8656913167
-591097.8656913167
-591097.8656913167
-591097.8656913167
-591097.8656913167
-591097.8656913167
-591097.8656913167
-591097.8656913167
-591097.8656913167
-591097.8656913167
-591097.8656913167
-591097.8656913167
-591097.8656913167
-591097.8656913167
-591097.8656913167
-591097.8656913167
-591097.8656913167
-591097.8656913167
-591097.8656913167
-591097.8656913167
-591097.8656913167
-591097.8656913167
-591097.8656913167
-591097.8656913167
-591097.8656913167
-591097.8656913167
-591097.8656913167
-591097.8656913167
-591097.8656913167
-591097.8656913167
-591097.8656913167
-591097.8656913167
-591097.8656913167
-591097.8656913167
-591097.8656913167
-591097.8656913167
-591097.8656913167
-591097.8656913167
-591097.8656913167
-591097.8656913167
-591097.8656913167
-591097.8656913167
-591097.8656913167
-591097.8656913167
-591097.8656913167
-591097.8656913167
-591097.8656913167
-591097.8656913167
-591097.8656913167
-591097.8656913167
-591097.8656913167
-591097.8656913167
-591097.8656913167
-591097.8656913167
-591097.8656913167
-591097.8656913167
-591097.8656913167
-591097.8656913167
-591097.8656913167
-591097.8656913167
-591097.8656913167
-591097.8656913167
-591097.8656913167
-591097.8656913167
-591097.8656913167
-591097.8656913167
-591097.8656913167
-591097.8656913167
-591097.8656913167
-591097.8656913167
-591097.8656913167
-591097.8656913167
-591097.8656913167
-591097.8656913167
-591097.8656913167
-591097.8656913167
-591097.8656913167
-591097.8656913167
-591097.8656913167
-591097.8656913167
-591097.8656913167
-591097.8656913167
-591097.8656913167
-591097.8656913167
-591097.8656913167
-591097.8656913167
-591097.8656913167
-591097.8656913167
-591097.8656913167
-591097.8656913167
-591097.8656913167
-591097.8656913167
-591097.8656913167
-591097.8656913167
-591097.8656913167
-591097.8656913167
-591097.8656913167
-591097.8656913167
-591097.8656913167
-591097.8656913167
-591097.8656913167
-591097.8656913167
-591097.8656913167
-591097.8656913167
-591097.8656913167
-591097.8656913167
-591097.8656913167
-591097.8656913167
-591097.8656913167
-591097.8656913167
-591097.8656913167
-591097.8656913167
-591097.8656913167
-591097.8656913167
-591097.8656913167
-591097.8656913167
-591097.8656913167
-591097.8656913167
-591097.8656913167
-591097.8656913167
-591097.8656913167
-591097.8656913167
-591097.8656913167
-591097.8656913167
-591097.8656913167
-591097.8656913167
-591097.8656913167
-591097.8656913167
-591097.8656913167
-591097.8656913167
-591097.8656913167
-591097.8656913167
-591097.8656913167
-591097.8656913167
-591097.8656913167
-591097.8656913167
-591097.8656913167
-591097.8656913167
-591097.8656913167
-591097.8656913167
-591097.8656913167
-591097.8656913167
-591097.8656913167
-591097.8656913167
-591097.8656913167
-538915.0666821676
-538915.0666821676
-538915.0666821676
-538915.0666821676
-538915.0666821676
-538915.0666821676
-538915.0666821676
-538915.0666821676
-538915.0666821676
-538915.0666821676
-538915.0666821676
-538915.0666821676
-538915.0666821676
-538915.0666821676
-538915.0666821676
-538915.0666821676
-538915.0666821676
-538915.0666821676
-538915.0666821676
-538915.0666821676
-538915.0666821676
-538915.0666821676
-538915.0666821676
-538915.0666821676
-538915.0666821676
-538915.0666821676
-538915.0666821676
-538915.0666821676
-538915.0666821676
-538915.0666821676
-538915.0666821676
-538915.0666821676
-538915.0666821676
-538915.0666821676
-538915.0666821676
-538915.0666821676
-538915.0666821676
-538915.0666821676
-538915.0666821676
-538915.0666821676
-538915.0666821676
-538915.0666821676
-538915.0666821676
-538915.0666821676
-538915.0666821676
-538915.0666821676
-538915.0666821676
-538915.0666821676
-538915.0666821676
-538915.0666821676
-538915.0666821676
-538915.0666821676
-538915.0666821676
-538915.0666821676
-538915.0666821676
-538915.0666821676
-538915.0666821676
-538915.0666821676
-538915.0666821676
-538915.0666821676
-538915.0666821676
-538915.0666821676
-538915.0666821676
-538915.0666821676
-538915.0666821676
-538915.0666821676
-538915.0666821676
-538915.0666821676
-538915.0666821676
-538915.0666821676
-538915.0666821676
-538915.0666821676
-538915.0666821676
-538915.0666821676
-538915.0666821676
-538915.0666821676
-538915.0666821676
-538915.0666821676
-538915.0666821676
-538915.0666821676
-538915.0666821676
-538915.0666821676
-538915.0666821676
-538915.0666821676
-538915.0666821676
-538915.0666821676
-538915.0666821676
-538915.0666821676
-538915.0666821676
-538915.0666821676
-538915.0666821676
-538915.0666821676
-538915.0666821676
-538915.0666821676
-538915.0666821676
-538915.0666821676
-538915.0666821676
-538915.0666821676
-538915.0666821676
-538915.0666821676
-538915.0666821676
-538915.0666821676
-538915.0666821676
-538915.0666821676
-538915.0666821676
-538915.0666821676
-538915.0666821676
-538915.0666821676
-538915.0666821676
-538915.0666821676
-538915.0666821676
-538915.0666821676
-538915.0666821676
-538915.0666821676
-538915.0666821676
-538915.0666821676
-538915.0666821676
-538915.0666821676
-538915.0666821676
-538915.0666821676
-538915.0666821676
-538915.0666821676
-538915.0666821676
-538915.0666821676
-538915.0666821676
-538915.0666821676
-538915.0666821676
-538915.0666821676
-538915.0666821676
-538915.0666821676
-538915.0666821676
-538915.0666821676
-538915.0666821676
-538915.0666821676
-538915.0666821676
-538915.0666821676
-538915.0666821676
-538915.0666821676
-538915.0666821676
-538915.0666821676
-538915.0666821676
-538915.0666821676
-538915.0666821676
-538915.0666821676
-538915.0666821676
-538915.0666821676
-538915.0666821676
-538915.0666821676
-538915.0666821676
-538915.0666821676
-538915.0666821676
-538915.0666821676
-538915.0666821676
-538915.0666821676
-538915.0666821676
-538915.0666821676
-538915.0666821676
-538915.0666821676
-538915.0666821676
-538915.0666821676
-538915.0666821676
-538915.0666821676
-538915.0666821676
-538915.0666821676
-538915.0666821676
-538915.0666821676
-538915.0666821676
-538915.0666821676
-538915.0666821676
-538915.0666821676
-538915.0666821676
-538915.0666821676
-538915.0666821676
-538915.0666821676
-538915.0666821676
-538915.0666821676
-538915.0666821676
-538915.0666821676
-538915.0666821676
-538915.0666821676
-538915.0666821676
-538915.0666821676
-538915.0666821676
-538915.0666821676
-538915.0666821676
-538915.0666821676
-538915.0666821676
-538915.0666821676
-538915.0666821676
-538915.0666821676
-538915.0666821676
-538915.0666821676
-538915.0666821676
-538915.0666821676
-538915.0666821676
-538915.0666821676
-538915.0666821676
-538915.0666821676
-538915.0666821676
-206184428.69560787
2.24873681482598e+18
2.24873681482598e+18
2.24873681482598e+18
2.24873681482598e+18
2.24873681482598e+18
2.24873681482598e+18
2.24873681482598e+18
2.24873681482598e+18
2.24873681482598e+18
2.24873681482598e+18
2.24873681482598e+18
2.24873681482598e+18
2.24873681482598e+18
2.24873681482598e+18
2.24873681482598e+18
2.24873681482598e+18
2.24873681482598e+18
2.24873681482598e+18
2.24873681482598e+18
2.24873681482598e+18
2.24873681482598e+18
2.24873681482598e+18
2.24873681482598e+18
2.24873681482598e+18
2.24873681482598e+18
2.24873681482598e+18
2.24873681482598e+18
2.24873681482598e+18
2.24873681482598e+18
2.24873681482598e+18
2.24873681482598e+18
2.24873681482598e+18
2.24873681482598e+18
2.24873681482598e+18
2.24873681482598e+18
2.24873681482598e+18
2.24873681482598e+18
2.24873681482598e+18
2.24873681482598e+18
2.24873681482598e+18
2.24873681482598e+18
2.24873681482598e+18
2.24873681482598e+18
2.24873681482598e+18
2.24873681482598e+18
2.24873681482598e+18
2.24873681482598e+18
2.24873681482598e+18
2.24873681482598e+18
2.24873681482598e+18
2.24873681482598e+18
2.24873681482598e+18
2.24873681482598e+18
2.24873681482598e+18
2.24873681482598e+18
2.24873681482598e+18
2.24873681482598e+18
2.24873681482598e+18
2.24873681482598e+18
2.24873681482598e+18
2.24873681482598e+18
2.24873681482598e+18
2.24873681482598e+18
2.24873681482598e+18
2.24873681482598e+18
2.24873681482598e+18
2.24873681482598e+18
2.24873681482598e+18
2.24873681482598e+18
2.24873681482598e+18
2.24873681482598e+18
2.24873681482598e+18
2.24873681482598e+18
2.24873681482598e+18
2.24873681482598e+18
2.24873681482598e+18
2.24873681482598e+18
2.24873681482598e+18
2.24873681482598e+18
2.24873681482598e+18
2.24873681482598e+18
2.24873681482598e+18
2.24873681482598e+18
2.24873681482598e+18
2.24873681482598e+18
2.24873681482598e+18
2.24873681482598e+18
2.24873681482598e+18
2.24873681482598e+18
2.24873681482598e+18
2.24873681482598e+18
2.24873681482598e+18
2.24873681482598e+18
2.24873681482598e+18
2.24873681482598e+18
2.24873681482598e+18
2.24873681482598e+18
2.24873681482598e+18
2.24873681482598e+18
2.24873681482598e+18
2.24873681482598e+18
2.24873681482598e+18
2.24873681482598e+18
2.24873681482598e+18
2.24873681482598e+18
2.24873681482598e+18
2.24873681482598e+18
2.24873681482598e+18
2.24873681482598e+18
2.24873681482598e+18
2.24873681482598e+18
2.24873681482598e+18
2.24873681482598e+18
2.24873681482598e+18
2.24873681482598e+18
2.24873681482598e+18
2.24873681482598e+18
2.24873681482598e+18
2.24873681482598e+18
2.24873681482598e+18
2.24873681482598e+18
2.24873681482598e+18
2.24873681482598e+18
2.24873681482598e+18
2.24873681482598e+18
2.24873681482598e+18
2.24873681482598e+18
2.24873681482598e+18
2.24873681482598e+18
2.24873681482598e+18
2.24873681482598e+18
2.24873681482598e+18
2.24873681482598e+18
2.24873681482598e+18
2.24873681482598e+18
2.24873681482598e+18
2.24873681482598e+18
2.24873681482598e+18
2.24873681482598e+18
2.24873681482598e+18
2.24873681482598e+18
2.24873681482598e+18
2.24873681482598e+18
2.24873681482598e+18
2.24873681482598e+18
2.24873681482598e+18
2.24873681482598e+18
2.24873681482598e+18
2.24873681482598e+18
2.24873681482598e+18
2.24873681482598e+18
2.24873681482598e+18
2.24873681482598e+18
2.24873681482598e+18
2.24873681482598e+18
2.24873681482598e+18
2.24873681482598e+18
2.24873681482598e+18
2.24873681482598e+18
2.24873681482598e+18
2.24873681482598e+18
2.24873681482598e+18
2.24873681482598e+18
2.24873681482598e+18
2.24873681482598e+18
2.24873681482598e+18
2.24873681482598e+18
2.24873681482598e+18
2.24873681482598e+18
2.24873681482598e+18
2.24873681482598e+18
2.24873681482598e+18
2.24873681482598e+18
2.24873681482598e+18
2.24873681482598e+18
2.24873681482598e+18
2.24873681482598e+18
2.24873681482598e+18
2.24873681482598e+18
2.24873681482598e+18
2.24873681482598e+18
2.24873681482598e+18
2.24873681482598e+18
2.24873681482598e+18
2.24873681482598e+18
2.24873681482598e+18
2.24873681482598e+18
2.24873681482598e+18
2.24873681482598e+18
2.24873681482598e+18
2.24873681482598e+18
2.24873681482598e+18
2.24873681482598e+18
2.24873681482598e+18
2.24873681482598e+18
2.24873681482598e+18
2.24873681482598e+18
