0.0014675
0.002075214312220565
0.002647705094461458
0.0031856525171138246
0.003692461981581907
0.004171106271752887
0.004623985654012858
0.005053160565985791
0.005460422416441782
0.0058473545393316
0.006215372542322822
0.0065657524063594255
0.006899651528046747
0.0072181249971292145
0.0075221388758734365
0.007812581328246925
0.008090271953774313
0.008355969720246966
0.008610379737402751
0.008854159058343906
0.009087921658688712
0.00931224271692579
0.009527662299126863
0.009734688535015554
0.009933800359233127
0.010125449880779028
0.010310064434547364
0.010488048361280113
0.010659784555840855
0.010825635818264878
0.010985946037391139
0.011141041232889885
0.011291230478051442
0.011436806722706546
0.011578047533031028
0.011715215762686323
0.011848560167714725
0.01197831597580261
0.012104705418918931
0.012227938236899053
0.012348212158262616
0.012465713363406159
0.012580616934289874
0.012693087293830304
0.012803274491993775
0.012911333584439974
0.013017391638107575
0.013121575581792704
0.013224003238682017
0.013324784079652562
0.013424019747751547
0.013521804504523722
0.01361822563760307
0.013713363848473659
0.01380729362669961
0.013900082752491829
0.013991795688921536
0.014082490124754904
0.014172219092926042
0.014261031165607624
0.01434897070481259
0.014436078123780846
0.014522390141288108
0.014607940021885528
0.014692757799142933
0.014776870480499596
0.01486030223288691
0.01494307454848689
0.015025206390015398
0.015106714314850186
0.015187612577176782
0.015267913207096806
0.015347626065317324
0.015426758871593796
0.015505317204500152
0.015583304469302872
0.015660721829661568
0.015737568097482193
0.01581383957339259
0.015889529827832698
0.015964629409415336
0.016039125462685995
0.016113001231199582
0.01618623541321987
0.016258801325253987
0.01633066581142505
0.01640178781184223
0.01647211646669426
0.016541588578471815
0.0166101251722499
0.016677626766325605
0.016743966763863073
0.016808982050650043
0.016872459346437066
0.016934114909654168
0.016993563868008592
0.017050272074923975
0.017103479401017977
0.01715207437906299
0.017194387974103997
0.017227865083948496
0.017248618873029465
0.017251195020133808
0.017229897684171252
0.01718346862854956
0.01711918354536077
0.01704847583673409
0.0169798705586942
0.016917528931144607
0.01686290767495999
0.016816229302746614
0.016777231765398568
0.016745487745749348
0.01672053083233704
0.016701903083545945
0.016689171761514226
0.01668193421276179
0.01667981828799882
0.01668248115512975
0.01668960759877128
0.016700908219236255
0.016716117681753056
0.016734993066120484
0.01675731232884073
0.01678287287568557
0.01681149023781763
0.016842996843280857
0.016877240875680787
0.016914085212343912
0.01695340643484714
0.016995093905425026
0.017039048903345917
0.017085183815887146
0.017133421379030966
0.017183693963449216
0.01723594290174931
0.017290117853320866
0.0173461762034536
0.01740408249370035
0.017463807880729928
0.017525329621167072
0.017588630580140024
0.01765369876146605
0.017720526857593646
0.01778911181759466
0.017859454431661658
0.017931558930711636
0.018005432599840138
0.018081085404496162
0.01815852962837198
0.018237779522119458
0.018318850962112356
0.01840176111858454
0.018486528132575286
0.018573170801214633
0.018661708270983138
0.018752159738675483
0.01884454415989833
0.01893887996502773
0.01903518478265072
0.019133475170609007
0.019233766354863523
0.019336071976488567
0.019440403847205096
0.019546771713947454
0.019655183033054507
0.01976564275475536
0.01987815311870377
0.01999271346138967
0.020109320036317033
0.020227965847901277
0.020348640500075968
0.02047133006063605
0.020596016942359754
0.02072267980195209
0.020851293457832747
0.020910216636077058
0.021593787060671988
0.022356195728741333
0.023149987276896475
0.023958165827844637
0.024769976135153048
0.02557758238682612
0.02637491581532507
0.0271571485937657
0.027920431833363624
0.02866172134850582
0.029378678804089682
0.0300695348507454
0.030733087901499714
0.031368499184385265
0.03197526566549406
0.03255314726663083
0.0331021072510938
0.033622266126136294
0.03411389523155154
0.03457729641357938
0.03501291219648531
0.03542125944263172
0.03580293094081713
0.036916671646936426
0.037227953462725075
0.03750665616450424
0.0377668710933989
0.03801473154679816
0.03825379128217912
0.03848625166888257
0.03871357134239481
0.03893677674679589
0.03915662516019424
0.03937369402495909
0.03958843294392369
0.03980119617137605
0.04001226433653852
0.04022186012339491
0.04043015990079548
0.04063730281003451
0.0408433979575123
0.04104853018746469
0.041252764746837874
0.04145615106758982
0.04165872583736842
0.04186051549270922
0.04206153824219565
0.04226180570665344
0.042461324247368
0.042660096040354326
0.04285811994415589
0.04305539219999526
0.043251906995992545
0.04344765692133306
0.043642633331465404
0.04383682664148077
0.04403022656160165
0.04422282228607394
0.044414602644603715
0.04460555622372952
0.0447956714640915
0.04498493673840328
0.04517334041398886
0.04536087090299017
0.04554751670273264
0.045733266428242124
0.04591810883850512
0.0461020328577438
0.046285027592719165
0.046467082346866785
0.046648186631907056
0.04682833017743553
0.04700750293889757
0.047185695104262675
0.04736289709965174
0.047539099594113295
0.0477142935180766
0.0478884699879907
0.04806162048507051
0.048233736658118656
0.048404810443055744
0.04857483403567495
0.048743799893646314
0.04891170073818686
0.04907852955542517
0.04924427959753028
0.04940894438364203
0.04957251770062324
0.04973499360364803
0.04989636641665369
0.050056630732548624
0.050215780859128076
0.05037381274372957
0.05053072164217471
0.05068650315776145
0.050841153198750454
0.05099466795746776
0.05114704390060398
0.05129827776442194
0.05144836655207618
0.0515973075318013
0.05174509823541987
0.051891736456929356
0.052037220251059724
0.05218154793175783
0.05232471807057871
0.052466729494977424
0.052607581286498575
0.05274727277886541
0.052885803555968836
0.053023173449759396
0.05315938253804314
0.05329443114218643
0.053428319824729044
0.0533715125716716
0.053287192979336984
0.05319179323035468
0.053092470593190846
0.05299227502558005
0.0528925248172433
0.052793741476881303
0.05269618034251654
0.05259993123528832
0.052505025445750544
0.05241146919316375
0.05231925798247567
0.0522283827836541
0.05213883269075608
0.05205059606547188
0.051963661028189036
0.05187801566814734
0.0517936481326693
0.051710546664356885
0.051628699615918844
0.05154809545540249
0.05146872276733018
0.05139057025210831
0.05131362672472543
0.05123788111317785
0.0511633224568085
0.05108993990463803
0.051017722713721424
0.050946660247541437
0.05087674197444466
0.050807957466119595
0.05074029639611632
0.05067374853840653
0.05060830376598219
0.050543952049490776
0.050480683455905825
0.05041848814723132
0.050357356379238924
0.050297278500234924
0.050238244949858395
0.050180246257906645
0.05012327304318863
0.050067316012404675
0.05001236595905084
0.04995841376234815
0.049905450386194004
0.049853466878134974
0.04980245436835974
0.049752404068710405
0.04970330727171236
0.049655155349622025
0.04960793975349378
0.04956165201226785
0.049516283731877345
0.04947182659437527
0.049428272357077904
0.04938561285172335
0.04934383998364401
0.04930294573095112
0.04926292214373317
0.0492237613432654
0.049185455521233976
0.04914799693897139
0.049111377926704586
0.049075590882815726
0.04904062827311431
0.04900648263012083
0.04897314655236177
0.04894061270367498
0.04890887381252596
0.048877922671334464
0.04884775213581027
0.0488183551242993
0.048789724617139194
0.048761853656023375
0.048734735343374996
0.04870836284172884
0.0486827293731222
0.0486578282184939
0.04863365271709175
0.04861019626588757
0.04858745231900049
0.04856541438712708
0.04854407603698019
0.04852343089073394
0.04850347262547637
0.04848419497266936
0.048465591717614706
0.04844765669892789
0.048430383808017674
0.048413766988572346
0.04839780023605298
0.04838247759719188
0.04836779316949774
0.04835374110076748
0.04834031558860231
0.0483275108799315
0.048315321270540335
0.048303741104604746
0.04829276477423082
0.04828238671900004
0.04827260142551962
0.048263403426978525
0.048254787302708
0.04824674767774778
0.048239279222417115
0.048232376651890375
0.048226034725778064
0.047339618360502995
0.04673703795776617
0.04616923907818489
0.04561868104500958
0.045081303504510443
0.044554382175124294
0.044035703034533843
0.04352343780192489
0.04301607609179268
0.042512372121073304
0.042011301146160855
0.04151202358904502
0.041013855364424354
0.040516243243517255
0.040018744332063656
0.03952100892613084
0.03902276615404301
0.03852381192615195
0.038023998803661765
0.037523227624773656
0.03702143967491117
0.036518611611007425
0.036014749667134166
0.03550988551050952
0.03500407260236626
0.03449738312803613
0.033989905413298466
0.03348174175309883
0.03297300659079894
0.032463824995615335
0.031954331393789816
0.031444668515637604
0.03093498652615391
0.03042544231151417
0.0299161988977223
0.029407424980970077
0.028899294552064792
0.02839198659964809
0.02788568487893164
0.027380577734375647
0.02687685796617573
0.02637472273165131
0.025874373473665977
0.02537601586909784
0.024879859791130558
0.02438611927977658
0.023895012515592545
0.023406761792013307
0.02292159348213013
0.02243973799608137
0.021961429725515257
0.02148690697183619
0.021016411855159366
0.020550190201081064
0.020088491402523716
0.01963156825404265
0.019179676756079716
0.0187330758867252
0.018292027338598027
0.017856795218477342
0.017427645707314882
0.01700484667822631
0.016588667270001776
0.016179377413593606
0.01577724730893539
0.015382546849329526
0.01499554499051983
0.014616509061459013
0.014245704013706348
0.01388339160638032
0.013529829523676009
0.013185270422182848
0.012849960905652623
0.012524140425526468
0.012208040106491453
0.011901881497661993
0.011605875251720622
0.011320219736552025
0.01104509958658414
0.01078068420420897
0.010527126225250047
0.01028455996638685
0.01005309987660043
0.00983283901887386
0.00962384761231831
0.009426171668310723
0.009239831756798638
0.009064821940330097
0.008901108913300225
0.008748631382130858
0.008607299718470216
0.008476995911990496
0.008357573842094939
0.008248859879090426
0.008150653780444937
0.008062730054862053
0.00798483939109599
0.007916710531779869
0.007858052325268998
0.007808555968882356
0.007767897390287795
0.007735739714721563
0.00771173576569899
0.007695530548821751
0.007686763672098178
0.0076850716615078415
0.0076900901369399465
0.0077014558206784465
0.007718808357877256
0.0077417919355955945
0.007770056693642082
0.007803259926477568
0.007841067080599975
0.007883152556099445
0.007929200324412418
0.007978904376750709
0.008031969019306553
0.008088109032230872
0.008147049709657057
0.008208526797808958
0.008272286369199742
0.00833808455637259
0.008405687308936757
0.008474870037966025
0.008545417369350702
0.008617122689696971
0.008689787790826074
0.008763222487296059
0.008837244236595604
0.00891167776759957
0.008986354721746966
0.009061113310489284
0.009135797991746927
0.009210259167397657
0.009284352903197223
0.009357940671991782
0.00943088912061928
0.00950306986050249
0.009574359281605405
0.009644638389148502
0.009713792662250833
0.009781711933482568
0.009848290288163879
0.00991342598213074
0.009977021376600516
0.010038982888706353
0.01009922015890301
0.01015764890916529
0.010214187118164733
0.010268757171955245
0.010321285466610462
0.010371702403685325
0.010419942407822782
0.010465943948901319
0.01050965036436034
0.010551006992194427
0.010589965043823308
0.010626479443320395
0.010660509262948743
0.010692017759523475
0.010720972388790433
0.010747344813526016
0.010771110905198946
0.01079225073844346
0.010810748577650303
0.010826592855069669
0.010839776139911604
0.010850295098023866
0.010858150441823618
0.01086334687025781
0.010865892998665723
0.010865801278517094
0.010863087907098027
0.010857772727313952
0.010849879117874712
0.010839433874218223
0.010826467080616345
0.010811011973988852
0.010793104800026593
0.010772784662292981
0.010750093365032486
0.010725075250465487
0.010697777031389086
0.010668247619934334
0.010636537953349573
0.01060270081768862
0.010566790670280787
0.010528863461847336
0.010488976459106753
0.01044718806868021
0.010403557663068152
0.010358145409422837
0.010311012101787427
0.01026221899741519
0.010211827657719778
0.010159899794344349
0.010106497120771833
0.010051681209834101
0.009995513357414748
0.009941529217960753
0.009890214999190261
0.009841184584978574
0.009794111454386004
0.009748717528220268
0.009704766067189053
0.009662055386365958
0.009620413606919927
0.009579694263759972
0.009539772611912729
0.009500542506395242
0.009461913755528469
0.009423809867248901
0.009386166123347462
0.009348927928694274
0.00931204982439633
0.009275492924669967
0.00923922525957846
0.00920322035613638
0.009167456458867847
0.009131915842068647
0.009096584212333786
0.009061450189177155
0.009026504853403207
0.00899174135441204
0.008957154568888586
0.008922740787073832
0.008888497511752667
0.008854423172325597
0.008820516959614508
0.008786778657348882
0.008753208499559602
0.008719807048625707
0.008686575091403824
0.008653513551259344
0.008620623414076666
0.008587905666548476
0.008555361245237684
0.008522990995075511
0.008490795636109051
0.008458775737443124
0.008426931697438222
0.008395263729329694
0.008363771851525481
0.008332455881921788
0.00830131543564931
0.00827034992572846
0.008239558566170547
0.008208940377114862
0.008178494191638783
0.008148218663920917
0.008118112278475002
0.008088173360207469
0.008058400085081789
0.008028790491200996
0.007999342490144834
0.007970053878419743
0.007940922348901008
0.007911945502163545
0.007883120857614308
0.00785444586435368
0.007825917911705707
0.00779753433936876
0.007769292447147968
0.0077411910247934075
0.00771322566012354
0.007685393606980043
0.00765769210411848
0.007630118391058251
0.007602669715011145
0.007575343337318141
0.007548136539390963
0.007521046628169959
0.007494070941111984
0.007467206850723807
0.007440451768657826
0.0074138031493879404
0.0073872584934841345
0.007360815350504898
0.0073344713215268325
0.007308224061331096
0.0072820712802660675
0.007256010745805686
0.007230040283822512
0.007204157779594229
0.007178361178561806
0.007152648486857131
0.0071270177716171714
0.007101467161101334
0.007075994844627885
0.007050599072344488
0.007025278154847715
0.007000030462665113
0.006974854425613035
0.00694974853204284
0.006924711327986898
0.006899741416215858
0.006874837455217328
0.006849998158105818
0.0068252222914731465
0.0068005086741878
0.006775856176151113
0.0067512637170177945
0.00672673026488759
0.006702254834974341
0.006677836488258331
0.006653474330127306
0.006629167509011038
0.006604915215013962
0.006580716678549883
0.0065565711689826965
0.0065324779932762565
0.006508436494656539
0.006484446051288814
0.006460506074972246
0.006436616009854108
0.006412775331165448
0.006388983543979938
0.006365240181997365
0.006341544806352906
0.006317897004453368
0.00629429638884117
0.006270692007376692
0.006247225802127489
0.006223718502487525
0.006200344385298657
0.006176967792658716
0.006153642253541582
0.006130362044009934
0.006107089030454863
0.0060838951287956085
0.006060747100914814
0.006037643646158386
0.00601463079149959
0.005991621474517738
0.005968654379256204
0.0059457307238980584
0.005922850464493909
0.005900013522753685
0.005877219824992992
0.0058544693033949075
0.005831761896000789
0.005809097546594913
0.005786476204536664
0.005763897824555048
0.005741362366516524
0.005718869795174696
0.005696420079908334
0.005674013194453068
0.005651649116630713
0.005629327828079353
0.005607049313986741
0.005584813562828724
0.005562620566114229
0.005540470318137889
0.00551836281574108
0.005496298058081871
0.005474276046414458
0.005452296783878111
0.005430360275295917
0.005408466526983241
0.005386615546566018
0.005364807342808545
0.005343041925450888
0.005321319305055469
0.0052996394928628236
0.005278002500656125
0.005256408340634332
0.005234857025293659
0.005213348567317024
0.005191882979471305
0.005170460274512013
0.005149080465095177
0.005127743563696068
0.005106449582534545
0.005085198533506701
0.005063990428122558
0.005042866893448808
0.005021789203904393
0.0050007474768217364
0.0049797432083540155
0.004958776922139772
0.004937797488814432
0.004916865988209386
0.004895982384951036
0.004875144868121573
0.0048543529307256295
0.00483360615839331
0.004812904208108801
0.004792246795133954
0.004771633682452926
0.004751064738408533
0.004730539719960043
0.004710058490194846
0.0046896209334235306
0.004669226951763263
0.004648876396971985
0.0046285692743660315
0.00460830552080887
0.004616396165201706
0.0046427689509918576
0.004687584074847019
0.004749531148729487
0.004826331060452131
0.004915130240176404
0.005012796649857504
0.005116135698433306
0.005222043965559202
0.005327618879369487
0.005430241300143425
0.005527644479231421
0.005617977345108104
0.00569986315870639
0.005772447491129871
0.005835424124736702
0.005889026110747181
0.005933973329212118
0.005971376919446857
0.00600261177808179
0.0060291765273905226
0.006052562560778421
0.006074149515507124
0.006095136227445107
0.0061165074731357166
0.0061390303936596545
0.006163271480663695
0.006189624941313313
0.006218344989924923
0.006249576989346728
0.006283384599096479
0.006319771804521873
0.0063586998262469534
0.006400099527254317
0.006443880186957954
0.006489935533748048
0.006538147826358608
0.006588390622793122
0.006640530717490096
0.006694429586059282
0.006749944561776705
0.006806929880569035
0.006865237668763068
0.006924718906015584
0.006985224369849122
0.007046605553782435
0.007108715677099762
0.0071714099792822795
0.007234547248094387
0.00729798998035273
0.007361605082585229
0.007425264358227477
0.0074888449027614
0.007552229409663603
0.007615306392153167
0.007677970327237547
0.007740121729517116
0.007801667162709406
0.007862519196982828
0.00792259632003372
0.00798182280947585
0.008040128573604305
0.008097448967000147
0.008153724586799766
0.008208901054797834
0.008262928789907972
0.008315762774889114
0.008367362320667484
0.008417690831053497
0.008466715570170641
0.008514407434482571
0.00856074073092241
0.008605692962294126
0.008649244620825416
0.008691378990502374
0.008732081958603652
0.00877134183667344
0.008809149191022998
0.008845496682728084
0.008880378916989184
0.008913792301642548
0.008945734914546423
0.0089762063795202
0.009005207750478606
0.009032741403378843
0.00905881093558359
0.009083421072234409
0.009106577579229077
0.009128287182399188
0.009148557492492174
0.009167396935572336
0.009184814688468736
0.00920082061891259
0.009215425230023389
0.009228639608819974
0.009240475378450555
0.009250944653853942
0.009260060000581773
0.009267834396529643
0.009274281196342268
0.009279414098274508
0.009283247113306695
0.009285794536327531
0.009287070919213642
0.009287091045647719
0.009285869907531394
0.009283422682860762
0.009279764714944334
0.009274911492853907
0.009268878633009176
0.009261681861805692
0.009253336999204708
0.00924385994321144
0.009233266655469296
0.009221573146057692
0.009208795462324833
0.00919494967479538
0.009180051865655148
0.009164118117373195
0.009147164501868123
0.009129207070187368
0.00911026184267055
0.009090344799572303
0.00906947187212144
0.009047658933996866
0.00902492179320152
0.009001276184318384
0.008976737761133736
0.008951322089614092
0.008925044641224648
0.008897920786578159
0.008869965789404107
0.008841194800828282
0.008811622853953451
0.008805312738510335
0.00878688172625308
0.008766064647657163
0.008746667500434674
0.008729994482849345
0.008716346108766032
0.008705647966678921
0.008697703464907319
0.00869228965566897
0.00868919000188674
0.008688203260681279
0.008689144100089852
0.00869184137556397
0.008696136113679786
0.008701879783689803
0.008708932932413703
0.008717164115791681
0.00872644904285067
0.008736669865042438
0.008747714565144147
0.008759476416641316
0.008771853495814856
0.00878474823578463
0.00879806701590993
0.00881171978229413
0.008825619696401107
0.008839682809479435
0.008853827760793626
0.00886797549782009
0.008882049016617733
0.008895973120581
0.008909674195752766
0.008923080000819235
0.008936119469821875
0.008948722525502566
0.008960819901028181
0.008972342967613702
0.008983223565216348
0.00899339383306638
0.009002786036243552
0.009011332319956033
0.00901896430276661
0.00902561444645064
0.009031212904587114
0.009035689450970913
0.009038972488254289
0.009040988628764313
0.00904166215922027
0.00904091436009149
0.009038662625648779
0.009034819310133843
0.009029290193826974
0.009021972415681583
0.009012751647870387
0.009001498177740513
0.008988061390408086
0.008972261869767559
0.008953879885959795
0.008932638286376804
0.00890817652254349
0.008880010289004574
0.008847467174247392
0.008809581129864599
0.008764914032964748
0.008711242626557161
0.007145130948439766
0.0061399378937786395
0.005403756536802608
0.004836131837361773
0.004389165833391051
0.004031710080376904
0.0037407699957750836
0.003498952059945187
0.003293159154393661
0.003113629582415877
0.002953173227127575
0.0028065700015916834
0.0026701026804705087
0.0025411956614621897
0.0024181344472956425
0.002299845955907087
0.0021857251067636794
0.002075497488480214
0.0019691110290952175
0.001866651597856909
0.0017682786504857615
0.001674177686946983
0.0015845266881180959
0.0014994737971528221
0.001419124235452711
0.0013435338752762792
0.001272708004254187
0.001206603595435529
0.001145133935282867
0.001088174449688764
0.001035569775534425
0.0009871381472181646
0.0009426810277359867
0.0009019865264293978
0.0008648350978887628
0.0008310039352754709
0.0008002706578803589
0.0007724163256607049
0.0007472278345227872
0.0007244997575153274
0.0007040357016078972
0.0006856492495076816
0.0006691645526208089
0.0006544166360584634
0.000641251470402035
0.0006295258583708739
0.0006191071780838945
0.0006098730183813945
0.0006017107360402521
0.0005945169595785334
0.0005881970598245528
0.0005826641458990125
0.0005778404450853062
0.0005736536628483022
0.000570038718444301
0.0005669365570667031
0.0005642936897310659
0.0005620617314666
0.0005601969660134942
0.0005586599381928651
0.0005574150742299825
0.0005564303296975146
0.0005556768643322618
0.0005551287426751212
0.0005547626593014214
0.0005545576872712228
0.0005544950483749951
0.0005545579037245169
0.0005547311632199097
0.0005550013125055002
0.0005553562560146756
0.000555785174813592
0.0005562783979970193
0.0005568272864705596
0.0005574241280260647
0.0005580620426959367
0.0005587348974476082
0.0005594372293480941
0.0005601641764039848
0.0005609114153438186
0.0005616751056740424
0.0005624518394010659
0.0005632385958643904
0.0005640327011726241
0.0005648317917881407
0.0005656337818472269
0.0005664368338389212
0.0005672393322994892
0.0005680398602263618
0.0005688371779267715
0.0005696302040579945
0.0005704179986306565
0.0005711997477784685
0.0005719747501109165
0.0005727424044866681
0.0005735021990565728
0.0005742537014561828
0.0005749965500175507
0.000575730445901141
0.0005764551460519742
0.0005771704568924792
0.0005778762286797245
0.00057857235045298
0.000579258745515934
0.0005799353673934071
0.0005806021962165112
0.0005812592354896074
0.0005819065092029919
0.0005825440592503318
0.0005831719431224468
0.0005837902318504151
0.0005843990081680466
0.0005849983648725359
0.0005855884033649613
0.0005861692323490689
0.0005867409666716763
0.0005873037262947053
0.0005878576353773227
0.0005884028214641365
0.0005889394147646789
0.0005894675475156465
0.0005899873534147405
0.0005904989742351801
0.0005910025308871314
0.0005914981666498448
0.0005919860163274437
0.0005924662143379365
0.000592938894417802
0.0005934041893724848
0.0005938622308646785
0.0005943131492366192
0.0005947570733594105
0.000595194130506044
0.0005956244462471576
0.0005960481443611023
0.0005964653467645866
0.0005968761734529601
0.0005972807424553262
0.0005976791698002372
0.0005980715694895697
0.0005984580534822491
0.0005988387316844957
0.0005992137119471509
0.0005995831000681919
0.0005999469997998183
0.0006003055128609679
0.0006006587389524486
0.0006010067757760273
0.0006013497190564968
0.0006016876625654344
0.0006020206981471995
0.0006023489157464795
0.0006026724034379918
0.0006029912474564964
0.0006033055322287874
0.0006036153404050231
0.0006039207528908193
0.0006042218488814491
0.0006045187058950765
0.0006048113998050964
0.0006051000048740182
0.0006053845937877686
0.0006056652376874004
0.0006059420062034121
0.0006062149674877876
0.0006064841882459659
0.0006067497337703099
0.0006070116679701434
0.0006072700534042111
0.000607524951309829
0.0006077764216351316
0.0006080245230663742
0.0006082693130589756
0.0006085108478647044
0.0006087491825605682
0.0006089843710758627
0.0006092164662190573
0.0006094455197036917
0.0006096715821745514
0.0006098947032331924
0.0006101149314612982
0.0006103323144462813
0.0006105468988030413
0.0006107587301977474
0.0006109678533707711
0.0006111743121571158
0.0006113781495088913
0.0006115794075157754
0.0006117781274246841
0.00061197434966027
0.0006121681138439289
0.0006123594588126058
0.0006125484226368305
0.000612735042639146
0.0006129193554112645
0.000613101396830808
0.0006132812020779384
0.0006134588056517776
0.0006136342413858226
-10.180553845258073
-10.180553845258073
-10.180553845258073
-10.180553845258073
-10.180553845258073
-10.180553845258073
-10.180553845258073
-10.180553845258073
-10.180553845258073
-10.180553845258073
-10.180553845258073
-10.180553845258073
-10.180553845258073
-10.180553845258073
-10.180553845258073
-10.180553845258073
-10.180553845258073
-10.180553845258073
-10.180553845258073
-10.180553845258073
-10.180553845258073
-10.180553845258073
-10.180553845258073
-10.180553845258073
-10.180553845258073
-10.180553845258073
-10.180553845258073
-10.180553845258073
-10.180553845258073
-10.180553845258073
-10.180553845258073
-10.180553845258073
-10.180553845258073
-10.180553845258073
-10.180553845258073
-10.180553845258073
-10.180553845258073
-10.180553845258073
-10.180553845258073
-10.180553845258073
-10.180553845258073
-10.180553845258073
-10.180553845258073
-10.180553845258073
-10.180553845258073
-10.180553845258073
-10.180553845258073
-10.180553845258073
-10.180553845258073
-10.180553845258073
-10.180553845258073
-10.180553845258073
-10.180553845258073
-10.180553845258073
-10.180553845258073
-10.180553845258073
-10.180553845258073
-10.180553845258073
-10.180553845258073
-10.180553845258073
-10.180553845258073
-10.180553845258073
-10.180553845258073
-10.180553845258073
-10.180553845258073
-10.180553845258073
-10.180553845258073
-10.180553845258073
-10.180553845258073
-10.180553845258073
-10.180553845258073
-10.180553845258073
-10.180553845258073
-10.180553845258073
-10.180553845258073
-10.180553845258073
-10.180553845258073
-10.180553845258073
-10.180553845258073
-10.180553845258073
-10.180553845258073
-10.180553845258073
-10.180553845258073
-10.180553845258073
-10.180553845258073
-10.180553845258073
-10.180553845258073
-10.180553845258073
-10.180553845258073
-10.180553845258073
-10.180553845258073
-10.180553845258073
-10.180553845258073
-10.180553845258073
-10.180553845258073
-10.180553845258073
-10.180553845258073
-10.180553845258073
-10.180553845258073
-10.180553845258073
-10.180553845258073
-10.180553845258073
-10.180553845258073
-10.180553845258073
-10.180553845258073
-10.180553845258073
-10.180553845258073
-10.180553845258073
-10.180553845258073
-10.180553845258073
-10.180553845258073
-10.180553845258073
-10.180553845258073
-10.180553845258073
-10.180553845258073
-10.180553845258073
-10.180553845258073
-10.180553845258073
-10.180553845258073
-10.180553845258073
-10.180553845258073
-10.180553845258073
-10.180553845258073
-10.180553845258073
-10.180553845258073
-10.180553845258073
-10.180553845258073
-10.180553845258073
-10.180553845258073
-10.180553845258073
-10.180553845258073
-10.180553845258073
-10.180553845258073
-10.180553845258073
-10.180553845258073
-10.180553845258073
-10.180553845258073
-10.180553845258073
-10.180553845258073
-10.180553845258073
-10.180553845258073
-10.180553845258073
-10.180553845258073
-10.180553845258073
-10.180553845258073
-10.180553845258073
-10.180553845258073
-10.180553845258073
-10.180553845258073
-10.180553845258073
-10.180553845258073
-10.180553845258073
-10.180553845258073
-10.180553845258073
-10.180553845258073
-10.180553845258073
-10.180553845258073
-10.180553845258073
-10.180553845258073
-10.180553845258073
-10.180553845258073
-10.180553845258073
-10.180553845258073
-10.180553845258073
-10.180553845258073
-10.180553845258073
-10.180553845258073
-10.180553845258073
-10.180553845258073
-10.180553845258073
-10.180553845258073
-10.180553845258073
-10.180553845258073
-10.180553845258073
-10.180553845258073
-10.180553845258073
-10.180553845258073
-10.180553845258073
-10.180553845258073
-10.180553845258073
-10.180553845258073
-10.180553845258073
-10.180553845258073
-10.180553845258073
-10.180553845258073
-10.180553845258073
-10.180553845258073
-10.180553845258073
-10.180553845258073
-10.180553845258073
-10.180553845258073
-10.180553845258073
-10.180553845258073
-10.180553845258073
-10.180553845258073
-10.180553845258073
-10.180553845258073
-10.180553845258073
-10.180553845258073
-42.660859588487526
-42.660859588487526
-42.660859588487526
-42.660859588487526
-42.660859588487526
-42.660859588487526
-42.660859588487526
-42.660859588487526
-42.660859588487526
-42.660859588487526
-42.660859588487526
-42.660859588487526
-42.660859588487526
-42.660859588487526
-42.660859588487526
-42.660859588487526
-42.660859588487526
-42.660859588487526
-42.660859588487526
-42.660859588487526
-42.660859588487526
-42.660859588487526
-42.660859588487526
-42.660859588487526
-42.660859588487526
-42.660859588487526
-42.660859588487526
-42.660859588487526
-42.660859588487526
-42.660859588487526
-42.660859588487526
-42.660859588487526
-42.660859588487526
-42.660859588487526
-42.660859588487526
-42.660859588487526
-42.660859588487526
-42.660859588487526
-42.660859588487526
-42.660859588487526
-42.660859588487526
-42.660859588487526
-42.660859588487526
-42.660859588487526
-42.660859588487526
-42.660859588487526
-42.660859588487526
-42.660859588487526
-42.660859588487526
-42.660859588487526
-42.660859588487526
-42.660859588487526
-42.660859588487526
-42.660859588487526
-42.660859588487526
-42.660859588487526
-42.660859588487526
-42.660859588487526
-42.660859588487526
-42.660859588487526
-42.660859588487526
-42.660859588487526
-42.660859588487526
-42.660859588487526
-42.660859588487526
-42.660859588487526
-42.660859588487526
-42.660859588487526
-42.660859588487526
-42.660859588487526
-42.660859588487526
-42.660859588487526
-42.660859588487526
-42.660859588487526
-42.660859588487526
-42.660859588487526
-42.660859588487526
-42.660859588487526
-42.660859588487526
-42.660859588487526
-42.660859588487526
-42.660859588487526
-42.660859588487526
-42.660859588487526
-42.660859588487526
-42.660859588487526
-42.660859588487526
-42.660859588487526
-42.660859588487526
-42.660859588487526
-42.660859588487526
-42.660859588487526
-42.660859588487526
-42.660859588487526
-42.660859588487526
-42.660859588487526
-42.660859588487526
-42.660859588487526
-42.660859588487526
-42.660859588487526
-42.660859588487526
-42.660859588487526
-42.660859588487526
-42.660859588487526
-42.660859588487526
-42.660859588487526
-42.660859588487526
-42.660859588487526
-42.660859588487526
-42.660859588487526
-42.660859588487526
-42.660859588487526
-42.660859588487526
-42.660859588487526
-42.660859588487526
-42.660859588487526
-42.660859588487526
-42.660859588487526
-42.660859588487526
-42.660859588487526
-42.660859588487526
-42.660859588487526
-42.660859588487526
-42.660859588487526
-42.660859588487526
-42.660859588487526
-42.660859588487526
-42.660859588487526
-42.660859588487526
-42.660859588487526
-42.660859588487526
-42.660859588487526
-42.660859588487526
-42.660859588487526
-42.660859588487526
-42.660859588487526
-42.660859588487526
-42.660859588487526
-42.660859588487526
-42.660859588487526
-42.660859588487526
-42.660859588487526
-42.660859588487526
-42.660859588487526
-42.660859588487526
-42.660859588487526
-42.660859588487526
-42.660859588487526
-42.660859588487526
-42.660859588487526
-42.660859588487526
-42.660859588487526
-42.660859588487526
-42.660859588487526
-42.660859588487526
-42.660859588487526
-42.660859588487526
-42.660859588487526
-42.660859588487526
-42.660859588487526
-42.660859588487526
-42.660859588487526
-42.660859588487526
-42.660859588487526
-42.660859588487526
-42.660859588487526
-42.660859588487526
-42.660859588487526
-42.660859588487526
-42.660859588487526
-42.660859588487526
-42.660859588487526
-42.660859588487526
-42.660859588487526
-42.660859588487526
-42.660859588487526
-42.660859588487526
-42.660859588487526
-42.660859588487526
-42.660859588487526
-42.660859588487526
-42.660859588487526
-42.660859588487526
-42.660859588487526
-42.660859588487526
-42.660859588487526
-42.660859588487526
-42.660859588487526
-42.660859588487526
-42.660859588487526
-42.660859588487526
-42.660859588487526
-42.660859588487526
-42.660859588487526
-42.660859588487526
-42.660859588487526
-42.660859588487526
-42.660859588487526
-42.660859588487526
3.6328941474804406
1004956.4447717515
1004956.4447717515
1004956.4447717515
1004956.4447717515
1004956.4447717515
1004956.4447717515
1004956.4447717515
1004956.4447717515
1004956.4447717515
1004956.4447717515
1004956.4447717515
1004956.4447717515
1004956.4447717515
1004956.4447717515
1004956.4447717515
1004956.4447717515
1004956.4447717515
1004956.4447717515
1004956.4447717515
1004956.4447717515
1004956.4447717515
1004956.4447717515
1004956.4447717515
1004956.4447717515
1004956.4447717515
1004956.4447717515
1004956.4447717515
1004956.4447717515
1004956.4447717515
1004956.4447717515
1004956.4447717515
1004956.4447717515
1004956.4447717515
1004956.4447717515
1004956.4447717515
1004956.4447717515
1004956.4447717515
1004956.4447717515
1004956.4447717515
1004956.4447717515
1004956.4447717515
1004956.4447717515
1004956.4447717515
1004956.4447717515
1004956.4447717515
1004956.4447717515
1004956.4447717515
1004956.4447717515
1004956.4447717515
1004956.4447717515
1004956.4447717515
1004956.4447717515
1004956.4447717515
1004956.4447717515
1004956.4447717515
1004956.4447717515
1004956.4447717515
1004956.4447717515
1004956.4447717515
1004956.4447717515
1004956.4447717515
1004956.4447717515
1004956.4447717515
1004956.4447717515
1004956.4447717515
1004956.4447717515
1004956.4447717515
1004956.4447717515
1004956.4447717515
1004956.4447717515
1004956.4447717515
1004956.4447717515
1004956.4447717515
1004956.4447717515
1004956.4447717515
1004956.4447717515
1004956.4447717515
1004956.4447717515
1004956.4447717515
1004956.4447717515
1004956.4447717515
1004956.4447717515
1004956.4447717515
1004956.4447717515
1004956.4447717515
1004956.4447717515
1004956.4447717515
1004956.4447717515
1004956.4447717515
1004956.4447717515
1004956.4447717515
1004956.4447717515
1004956.4447717515
1004956.4447717515
1004956.4447717515
1004956.4447717515
1004956.4447717515
1004956.4447717515
1004956.4447717515
1004956.4447717515
1004956.4447717515
1004956.4447717515
1004956.4447717515
1004956.4447717515
1004956.4447717515
1004956.4447717515
1004956.4447717515
1004956.4447717515
1004956.4447717515
1004956.4447717515
1004956.4447717515
1004956.4447717515
1004956.4447717515
1004956.4447717515
1004956.4447717515
1004956.4447717515
1004956.4447717515
1004956.4447717515
1004956.4447717515
1004956.4447717515
1004956.4447717515
1004956.4447717515
1004956.4447717515
1004956.4447717515
1004956.4447717515
1004956.4447717515
1004956.4447717515
1004956.4447717515
1004956.4447717515
1004956.4447717515
1004956.4447717515
1004956.4447717515
1004956.4447717515
1004956.4447717515
1004956.4447717515
1004956.4447717515
1004956.4447717515
1004956.4447717515
1004956.4447717515
1004956.4447717515
1004956.4447717515
1004956.4447717515
1004956.4447717515
1004956.4447717515
1004956.4447717515
1004956.4447717515
1004956.4447717515
1004956.4447717515
1004956.4447717515
1004956.4447717515
1004956.4447717515
1004956.4447717515
1004956.4447717515
1004956.4447717515
1004956.4447717515
1004956.4447717515
1004956.4447717515
1004956.4447717515
1004956.4447717515
1004956.4447717515
1004956.4447717515
1004956.4447717515
1004956.4447717515
1004956.4447717515
1004956.4447717515
1004956.4447717515
1004956.4447717515
1004956.4447717515
1004956.4447717515
1004956.4447717515
1004956.4447717515
1004956.4447717515
1004956.4447717515
1004956.4447717515
1004956.4447717515
1004956.4447717515
1004956.4447717515
1004956.4447717515
1004956.4447717515
1004956.4447717515
1004956.4447717515
1004956.4447717515
1004956.4447717515
1004956.4447717515
1004956.4447717515
1004956.4447717515
1004956.4447717515
1004956.4447717515
1004956.4447717515
1004956.4447717515
1004956.4447717515
1004956.4447717515
1004956.4447717515
1004956.4447717515
1004956.4447717515
1004956.4447717515
1004956.4447717515
