0.0008218924650734407
0.0008898439705586062
0.0009568048514777205
0.001023159870512351
0.0010891470934733646
0.0011549285939156401
0.0012206303615447168
0.0012863627935462134
0.0013522298907330196
0.0014183319093957912
0.0014847643836218476
0.0015516153557828185
0.0016189619670723028
0.0016868671060993998
0.0017553765120597042
0.0018245165325109472
0.0018942926117358574
0.00196468851077433
0.002035666217291937
0.002107166480557754
0.0021791098957153654
0.002251398456964469
0.002323917498199053
0.0023965379403543007
0.002469118766524315
0.002541509648575627
0.002613553652552592
0.0026850899547407677
0.002755956505768111
0.002825992586582198
0.0028950412073654405
0.0029629513082037842
0.003029579728391267
0.003094792919401585
0.0031584683845308015
0.0032204958359372217
0.003280778066961775
0.0033392315443072965
0.0033957867305714554
0.0034503881528702017
0.0035029942376533407
0.003553576935341629
0.0036021211610617115
0.003648624079430359
0.0036930942621985307
0.0037355507475331975
0.003776022028942574
0.0038145450003717442
0.00385116388199574
0.0038859291488100513
0.003918896481321
0.003950125754772898
0.003979680080373563
0.004007624908994293
0.004034027205154167
0.004058954696371097
0.004082475200797497
0.00410465603386043
0.004125563493023229
0.004145262418265864
0.004163815824752483
0.004181284603326168
0.004197727283793787
0.004213199855590905
0.004227755640230704
0.004241445209848688
0.004254316346271606
0.004266414035222749
0.004277780490539323
0.004288455203617826
0.004298475013626147
0.004307874194503744
0.004316684555031727
0.004324935548781251
0.004332654391055304
0.004339866180314544
0.004346594021957866
0.004352859152643543
0.004358681063566896
0.004364077621492507
0.004369065186489211
0.004373658725576932
0.004377871921661514
0.0043817172773212044
0.004385206213140659
0.004388349160398122
0.004391155648041973
0.004393634383958388
0.0043957933306097985
0.004397639775185606
0.004399180394429891
0.0044004213143977325
0.0044013681653194605
0.004402026131907737
0.004402399999310164
0.004402494195009186
0.004402312826957648
0.004401859718183943
0.004401138438156036
0.004400152331157997
0.004398904541918964
0.004397398038711368
0.004395635634177995
0.004393620004041071
0.0043913537039381185
0.004388839184522651
0.004386078805012661
0.004383074845343588
0.004379829517055834
0.00437634497303713
0.004372623316274044
0.0043686666076525665
0.004364476872975567
0.004360056109224641
0.004355406290184103
0.0043505293714719544
0.004345427295051603
0.00434010199328895
0.004334555392569082
0.004328789416564453
0.004322805989165509
0.004316607037110732
0.004310194492350174
0.00430357029418493
0.004296736391171793
0.004289694742860143
0.004282447321335459
0.004274996112621196
0.004267343117938847
0.004259490354836059
0.004251439858196037
0.004243193681155592
0.004234753895922126
0.004226122594486334
0.004217301889284404
0.00420829391375779
0.004199100822862316
0.0041897247935056324
0.004180168024929075
0.004170432739031721
0.004160521180648532
0.004150435617764131
0.004140178341707158
0.004129751667272826
0.004119157932830651
0.004108399500358664
0.0040974787554836165
0.004086398107450659
0.004075159989067228
0.004063766856619626
0.004052221189758382
0.004040525491334343
0.004028682287227805
0.004016694126129582
0.004004563579296461
0.0039922932402802905
0.003979885724633016
0.003967343669565162
0.003954669733595804
0.0039418665961702985
0.003928936957233593
0.0039158835368039565
0.0039027090744871767
0.003889416328988454
0.0038760080775943496
0.0038624871156075647
0.003848856255776639
0.0038351183276817357
0.0038212761771075493
0.003807332665375648
0.003793290668663798
0.0037791530772712935
0.0037649227948944094
0.0037506027378469316
0.003736195834257274
0.0037217050232546144
0.0037071332541071807
0.0036924834853435205
0.003677758683853249
0.003662961823949343
0.0036480958864195724
0.0036331638575352117
0.0036181687280445116
0.0036031134921553536
0.003588001146459374
0.0035728346888676747
0.0035576171175043508
0.0035423514295840233
0.0035270406202718607
0.003511687681515656
0.0034962956008673923
0.0034808673602771296
0.0034654059348827207
0.0034499142917751415
0.0034343953887373997
0.00341885217300642
0.0034032875799831865
0.00338770453195487
0.0033721059368022046
