0.004386276029263461
0.004864516304057656
0.00528854841184164
0.005650211220976423
0.005946724265702566
0.006179981624117258
0.006355321042300911
0.006480167125988612
0.006562825768319625
0.006611567267058287
0.006634019717000315
0.006636826084827121
0.006625494057692562
0.0066043717494438155
0.00657669946437031
0.006544707338996296
0.006509744595485555
0.0064724352338004065
0.006432856514555245
0.006390732107610194
0.006345624961022814
0.006297110283210634
0.006244909792513546
0.0061889749609771805
0.006129516897374296
0.0060669900887696405
0.006002043528972369
0.005935454748933075
0.00586806060290858
0.005800694911182933
0.005734138783754286
0.005669085732755431
0.0056061210215815815
0.005545713142508629
0.005488214660296706
0.005433869624128784
0.0053828250715938514
0.005335144626793115
0.0052908226996319875
0.005249798251905724
0.0052119674753968465
0.005177195020636665
0.005145323628726439
0.005116182165233218
0.005089592148759599
0.00506537292054837
0.0050433456266970765
0.005023336243415302
0.00500517747215242
0.004988710591232695
0.0049737860517820075
0.004960264047061367
0.004948014664757694
0.00493691779644108
0.0049268628712271015
0.004917748467094413
0.0049094818417786575
0.0049019784155730755
0.004895161230522709
0.00488896040418366
0.004883312591105113
0.004878160461267076
0.00487345220167551
0.0048691410450092286
0.004865184827483074
0.004861545576817724
0.0048581891302873215
0.004855084782170218
0.004852204959490653
0.004849524924657802
0.0048470225034437505
0.004844677836661579
0.004842473153885052
0.004840392567574723
0.004838421886027058
0.004836548443633959
0.00483476094702214
0.004833049335729651
0.004831404656167117
0.004829818947700388
0.004828285139778778
0.004826796959116172
0.004825348846011916
0.004823935878972749
0.004822553706866907
0.004821198487906584
0.004819866834815093
0.004818555765591059
0.004817262659333221
0.0048159852166371345
0.00481472142411855
0.0048134695226584225
0.004812227979001354
0.00481099546037305
0.0048097708118132135
0.004808553035948787
0.004807341274958236
0.004806134794501257
0.004804932969410005
0.004803735270957542
0.004802541255537181
0.004801350554602976
0.004800162865736205
0.004798977944716412
0.004797795598487903
0.004796615678923636
0.004795438077298549
0.0047942627193936355
0.0047930895611602384
0.004791918584881589
0.004790749795775234
0.004789583218986223
0.004788418896926353
0.004787256886919548
0.004786097259019468
0.004784940094622766
0.004783785484021797
0.004782633525624413
0.004781484324454356
0.004780337991019009
0.004779194640303975
0.004778054390880064
0.004776917364109996
0.0047757836834430205
0.004774653473787615
0.004773526860952955
0.004772403971151457
0.004771284930555278
0.0047701698649007
0.004769058899135081
0.004767952157101581
0.004766849761257595
0.0047657518324231984
0.00476465848955658
0.0047635698495537195
0.004752215745853134
0.004745871909272668
0.004739408928791157
0.004731679235553255
0.004722837443478432
0.004713329163921721
0.00470355884303399
0.004693814446982758
0.004684276645715329
0.004675047631108569
0.0046661779424267925
0.004657686276220965
0.004649572685572401
0.00464182687291538
0.004634433199931537
0.004627373624071914
0.004620629372700722
0.004614181867880028
0.004608013214720515
0.0046021064395603975
0.004596445586953953
0.004591015738448963
0.004585802989217332
0.004580794403042781
0.00457597795724926
0.00457134248407067
0.004566877612064209
0.004562573709535913
0.004558421831010948
0.004554413667254712
0.00455054149905503
0.004546798154813175
0.004543176971907552
0.004539671761759588
0.004536276778527279
0.0045329866913716476
0.004529796560277279
0.004526701815472802
0.004523698240561895
0.004520781959565487
0.004517949439123794
0.004515197571695625
0.00451252312903231
0.004509923832516262
0.004507397461803438
0.004504942190582441
0.0045025566184000426
0.004500239824672853
0.004497991446746037
0.004495811789754027
0.004493701979748072
0.004491664177156315
0.004489701875993346
0.004487820327068013
0.004486027143597213
0.004484333179950615
0.004482753827138649
0.004481310957108862
0.004480035899349039
0.004478974099174843
0.004478192586850731
0.004477792278637656
0.004477928844308075
0.004478849284247251
