0.49191192798155764
0.4683905349339753
0.4517367661420978
0.4389279876710564
0.4291942862457771
0.4218102264473876
0.41618779234726616
0.41188118726044104
0.4085622296334829
0.40599264025744647
0.404000362743317
0.40246107096546163
0.4012843338518465
0.4004035316611837
0.3997686447679829
0.39934117825648524
0.3990906432911814
0.3989921552365267
0.3990248205876514
0.3991706715228814
0.39941397280596547
0.39974077546094045
0.40013862890489105
0.40059639093711463
0.4011040952676852
0.4016528509498106
0.40223475806593834
0.4028428310721281
0.40347092544556157
0.4041136660280502
0.4047663768349571
0.4054250131132604
0.4060860952405007
0.4067466483992362
0.40740414369003813
0.40805644541857683
0.40870176260841296
0.4093386052039823
0.4099657448291689
0.4105821798719399
0.41118710460289865
0.41177988199992216
0.412360019936836
0.4129271503951435
0.4134810113703337
0.4140214311639326
0.41454831477581827
0.41506163213801467
0.41556140795571195
0.4160477129481948
0.41652065630531215
0.41698037919752623
0.4174270587934915
0.41786086546036433
0.41828201303336365
0.4186907244605191
0.41908723130970305
0.41947177358518417
0.4198445975049789
0.42020595360794055
0.42055609515164644
0.4208952767562487
0.4212237532579928
0.42154177874271775
0.4218496057337054
0.42214748451267076
0.422435662555055
0.4227143840639702
0.42298388958911537
0.42324441571816845
0.42349619483159406
0.4237394549106238
0.4239744193918554
0.4242013070612548
0.4244203319820236
0.42463170345126877
0.42483562598125
0.4250322993014802
0.4252219183783704
0.42540467344974914
0.42558075007174456
0.425750329175955
0.4259135871351772
0.42607069583608126
0.42622182275739595
0.4263671310525914
0.4265067796360402
0.42664092327171627
0.4267697126636052
0.42689329454757274
0.4270118117836708
0.4271254034487851
0.4272342049289734
0.4273383480114003
0.42743796097542874
0.42753316868269275
0.42762409266580714
0.42771085121601915
0.4277935594690057
0.4278723294892427
0.427947270352659
0.42801848822746696
0.4280860864533079
0.4281501656184073
0.42821082363504714
0.42826815581303196
0.42832225493138754
0.42837321130814204
0.4284211128683717
0.42846604521027276
0.4285080916695368
0.42854733338200274
0.42858384934445165
0.4286177164737365
0.42864900966432234
0.4286778018440884
0.4287041640285384
0.42872816537359404
0.42874987322662
0.42876935317620674
0.42878666910038843
0.4288018832134936
0.4288150561115397
0.42882624664089136
0.4288355127739057
0.4288429101815665
0.42884849341872655
0.4288523156327825
0.42885442859735756
0.4288548827498286
0.42885372722756476
0.42885100990307606
0.42884677741797544
0.4288410752159242
0.42883394757465937
0.42882543763687164
0.42881558744047277
0.4288044379476642
0.42879202907340236
0.4287783997129493
0.4287635877685895
0.42874763017567846
0.42873056292787154
0.4287124211016828
0.42869323888031025
0.42867304957678926
0.4286518856565481
0.42862977875924596
0.4286067597200691
0.4285828585904096
0.4285581046579373
0.4285325264661431
0.4285061518333321
0.42847900787112103
0.42845112100236926
0.4284225169786864
0.428393220897369
0.4283632572179288
0.42833264977824204
0.42830142181013753
0.4282695959545664
0.42823719427646906
0.42820423827920406
0.4281707489184588
0.42813674661601736
0.42810225127294865
0.42806728228254604
0.42803185854299186
0.4279959984694705
0.42795972000622573
0.42792304063804126
0.4278859774017148
0.4278485468968615
0.4278107652968405
0.4277726483590389
0.42773421143515405
0.4276954694810423
0.4276564370663904
0.42761712838409993
0.4275775572594897
0.4275377371592235
0.4274976811999273
0.4274574021568074
0.427416912471748
0.4273762242614932
0.42733534932548056
0.4272942991533903
0.42725308493273506
0.4272117175560558
0.4271702076279904
0.4271285654722568
0.42708680113833963
0.4270449244080738
0.4270029448020352
0.42696087158583834
0.42691871377618384
0.42687648014680385
0.4268341792342774
0.42679181934369675
