44.9876946555
46.64874828529439
48.2697730547027
49.84984998402247
51.387833956017
52.882492073421496
54.33256555760516
55.73679552898786
57.09393688750789
58.40276846702067
59.66210225512611
60.870792513961014
62.02774513262443
63.13192691863731
64.18237499097735
65.17820601360836
66.11862516081165
67.00293467815665
67.8305419069084
68.60096664668953
69.3138477410554
69.96894878297661
70.56616285168109
71.10551620845182
71.58717089633802
72.01142620682738
72.37871899487892
72.68962284187586
72.94484608362445
73.14522873714031
73.29173837532674
73.38546501251282
73.42761507599633
73.41950454908769
73.36255137959448
73.25826725417994
73.10824884357851
72.91416862629502
72.67776539922954
72.40083458275515
72.08521842526346
71.73279620822709
71.34547454756887
70.9251778808074
70.47386967207028
69.99341958630592
69.4857843762901
68.95287089424338
68.39656173564747
67.81870817944217
67.22112378112183
66.60557857599925
65.97379389844734
65.32743781917272
64.66812119684356
63.99739424100671
63.31674397365691
62.62759192822711
61.93129247916312
61.229131730647275
60.52232688099842
59.812026034953945
59.099308430929874
58.38518504814326
57.67059955766862
56.95642958152158
56.243488224453664
55.53252584419788
54.82423202733188
54.1192377396744
53.41811762215214
52.72139240533344
52.02953141829342
51.342955170139525
50.66203798538276
49.98711067740863
49.31846324761921
48.65634760145691
48.0009802765912
47.35254518322267
46.71119636198203
46.077060771646586
45.45024112740409
44.8308188214699
44.21885697271537
43.6144036724259
43.01749552220114
42.428161601764884
41.8464280661276
41.27232366461915
40.70588661781737
40.14717351456918
39.59627125586412
39.05331367363966
38.51850545804302
37.99215780691494
37.47474325243063
36.96698247020753
36.469985105734956
35.98548014485198
35.51618031391444
35.066269375167764
34.64163152336066
34.248287325588244
33.88705455730956
33.54902107854385
33.22079718911955
32.89272548478314
32.56044410768104
32.22281005852255
31.88009821826387
31.533091084199828
31.182696491440435
30.82980130284347
30.475220615160275
30.119684047340037
29.763835982240085
29.408240784722686
29.053389543624622
28.699707021921647
28.347558324504153
27.99725511244605
27.649061317147734
27.3031983566998
26.959849876186645
26.61916604116613
26.2812674161374
25.946248460191985
25.614180671369805
25.28511541001547
24.959086429898033
24.636112144156932
24.316197651354145
23.99933654510631
23.68551252898068
23.37470085659597
23.06686961519289
22.761980869343613
22.45999167996311
22.160855012373585
21.86452054585591
21.57093539590075
21.28004475924191
20.991792490713955
20.70612162001873
20.42297481560811
20.142294802085587
19.864024736793787
19.58810855058177
19.314491257130875
19.043119234654927
18.773940483276792
18.506904860912023
18.24196430005992
17.97907300750823
17.7181876485964
17.459267517352114
17.202274693514187
16.94717418717915
16.693934071558544
16.44252560410749
16.1929233360813
15.945105210396187
15.699052647511175
15.454750618911596
15.212187707661254
14.971356155397611
14.732251895077718
14.494874568735998
14.259227529495792
14.025317827078672
13.793156176083917
13.562756906362662
13.33413789488689
13.107320478613932
12.882329347969202
12.658428043940296
12.410187637553344
12.154513470892502
11.89103971288644
11.620617489138105
11.344389894929396
11.063530245980791
10.779172283185597
10.492391208196489
10.204197227695028
9.915533527055315
9.627273560063204
9.340229601012222
9.055123461794238
8.77261788588334
8.493306694676507
8.217716533632444
7.9463090591761185
7.679483483485793
7.417572212740492
7.160866863013823
6.909596875661322
6.663941688845001
6.424034157915593
6.424093044352394
6.424104177471711
6.424113641075124
6.42412222285339
6.424130243739775
6.424137877451478
6.424145223767327
6.424152344108125
6.424159278939997
6.424166056654553
6.424172698177231
6.4241792194849445
6.424185633099236
6.424191948906195
6.424198174858376
6.424204317377221
6.42421038167479
6.424216372000957
6.424222291837009
6.424228144049119
6.4242339310107885
6.424239654700903
6.424245316782352
6.424250918665091
6.424256461556703
6.424261946502899
6.4242673744199426
6.424272746120567
6.4242780623346585
6.424283323725768
6.424288530904253
6.42429368443774
6.424298784859438
6.4243038326747355
6.424308828366428
6.424313772398877
6.424318665221282
6.424323507270283
6.42432829897201
6.424333040743708
6.424337732995018
6.4243423761289815
6.424346970542859
6.424351516628756
6.42435601477412
6.424360465362149
6.424364868772103
6.424369225379562
6.42437353555663
6.4243777996721025
6.424382018091596
6.424386191177664
6.424390319289889
6.424394402785486
6.424398442016413
6.424402437336089
6.4244063890918035
6.424410297629271
6.424414163291538
6.424417986419036
6.4244217673496085
6.424425506418555
6.424429203958653
6.4244328603001835
6.42443647577097
6.4244400506963775
6.424443585399365
6.42444708020048
6.424450535398534
6.4244539513380845
6.424457328327421
6.424460666675349
6.424463966689692
6.424467228676563
6.424470452940064
6.424473639782165
6.424476789502647
6.424479902399105
6.424482978766935
6.42448601889936
6.424489023087429
6.424491991620041
6.424494924783957
6.424497822863806
6.4245006861421095
6.42450351489929
6.424506309413682
6.4245090699615535
6.424511796817102
6.42451449025249
6.424517150537838
6.4245176926155505
6.424517316353249
6.424516543204597
6.424515600526509
6.424514585574761
6.424513540710459
6.4245124829573115
6.424511420885841
6.42451035777008
6.424509295007446
6.424508233186941
6.42450717254891
6.424506113183461
6.4245050551161045
6.424503998344707
6.424502942855434
6.424501888629624
6.424500835646749
6.424499783885674
6.4244987333252
6.424497683944296
6.424496635722174
6.424495588638329
6.424494542672546
6.424493497804894
6.424492454015716
6.424491411285626
6.424490369595494
6.42448932892644
6.424488289259827
6.4244872505772435
6.424486212860505
6.424485176091649
6.424484140252912
6.4244831053267415
6.4244820712957775
6.42448103814285
6.424480005850974
6.424478974403346
6.424477943783334
6.4244769139744715
6.424475884960465
6.424474856725173
6.424473829252612
6.424472802526956
6.424471776532517
6.42447075125376
6.424469726675292
6.42446870278185
6.424467679558312
6.424466656989684
6.42446563506111
6.42446461375785
6.424463593065298
6.424462572968964
6.424461553454478
6.424460534507593
6.424459516114171
6.424458498260187
6.424457480931736
6.424456464115013
6.4244554477963245
6.424454431962082
6.424453416598803
6.424452401693109
6.424451387231718
6.424450373201452
6.424449359589235
6.424448346382078
6.4244473335671
6.424446321131507
6.424445309062602
6.424444297347778
6.424443285974523
6.424442274930412
6.424441264203112
6.424440253780375
6.424439243650047
6.424438233800052
6.424437224218406
6.4244362148932055
6.424435205812634
6.424434196964958
6.424433188338521
6.424432179921754
6.424431171703167
6.424430163671349
6.424429155814966
6.424428148122767
6.424427140583576
6.4244261331862935
6.424425125919895
6.424424118773439
6.424423111736051
6.424422104796934
6.424421097945364
6.424420091170695
6.424419084462345
6.424418077809811
6.424417071202658
6.424416064630523
6.424415058083112
6.4244140515502055
6.424413045021649
6.424412038487355
6.424411031937307
6.424410025361559
6.424409018750227
6.424293962386772
6.424187714017028
6.4240810653636835
6.423973454942082
6.42386481946228
6.42375512750684
6.4236443500229115
6.423532458071627
6.423419422366314
6.423305212984177
6.423189799133208
6.423073148954766
6.422955229351597
6.422836005834046
6.422715442379021
6.4225935012975395
6.4224701431076845
6.422345326410436
6.42221900776644
6.4220911415750646
6.421961679933253
6.421830572536915
6.421697766517879
6.4215632063206805
6.421426833556672
6.42128858685478
6.421148401705807
6.421006210299804
6.420861941356167
6.420715519946148
6.42056686730755
6.42041590065145
6.420262532960895
6.420106672781586
6.419948224004671
6.4197870856419454
6.419623151593884
6.419456310411084
6.419286445049994
6.419113432623975
6.4189371441511165
6.418757444300528
6.418574191139289
6.418387235882707
6.4181964226511
6.418001588236994
6.417802561887376
6.417599165106538
6.417391211486064
6.417178506569636
6.416960847761709
6.4167380242905585
6.416509817237887
6.4162759996491125
6.416036336740464
6.41579058622141
6.4155384987533655
6.415279818568399
6.415014284274457
6.41474162987664
6.414461586047028
6.414173881678544
6.413878245761008
6.413574409619932
6.413262109560231
6.412941089957823
6.412611106841488
6.4122719320049955
6.411923357684946
6.4115652018322145
6.411197313993957
6.410819581807955
6.410431938091201
6.410034368479358
6.409626919542894
6.409209707268978
6.408782925756274
6.408346855923134
6.407901873980285
6.4074484593690935
6.4069872018191765
6.406518807138799
6.406044101322812
6.405564032551345
6.405079670663389
6.404592203727563
6.404102931401382
6.403613254871484
6.403124663299425
6.402638716855823
6.402157026601943
6.401681231660405
6.401212974291986
6.400753873647919
6.400305499020473
6.399869343860918
6.399446800858044
6.399039139689985
6.398647487846141
6.398272815254877
6.3979159231454235
6.397577437362924
6.397257806137548
6.396957302104764
6.396676028198576
6.39641392690259
6.396170792250693
6.395946283920932
6.395739942759782
6.395551207103565
6.395379429321524
6.395223892082453
6.395083823935268
6.3949584138863305
6.394846824746112
6.3947482051006315
6.394661699835833
6.394586459203845
6.394521646468776
6.394466444206264
6.3944200594843705
6.394381727362956
6.394350714233997
6.394326319905465
6.39430787853476
6.394294759504263
6.394286367485376
6.39428214212298
6.394281557375623
6.394284120588318
6.39428937136406
6.394296880290265
6.39430624756722
6.394317101577489
6.394329097427931
6.394341915489695
6.394355259956099
6.394368857433647
6.394382455577599
6.394395821780233
6.394408741917307
6.394421019156125
6.394432472826806
6.394442937357136
6.394452261270237
6.394460306243571
6.394466945052968
6.394472065068513
6.394475561638826
6.394477340760181
6.39447731774456
6.394475416564954
6.394471569270276
6.394465715440944
6.39445780272546
6.394447782510075
6.394435614721215
6.39442126435235
6.394404701681951
6.3943859019403195
6.394364844974863
6.394341514936067
6.39431589998349
6.394287992010404
6.394257786385646
6.3942252817114635
6.394190479596158
6.394153384440476
6.39411400323676
6.394072345379962
6.3940284224896855
6.393982248242523
6.393933838213979
6.3938832097293705
6.3938303817231095
6.393775374605865
6.393718210139122
6.393658911316685
6.393597502252752
6.39353400807618
6.39346845483062
6.393400869380182
6.3933312793204
6.393259712894167
6.393186198912455
6.393110766679525
6.393033445922468
6.392954266724818
6.392873259464064
6.392790454752859
6.392705883383749
6.392619576277217
6.392531564432913
6.392441878883867
6.392350550653524
6.392257610715474
6.392163089955702
6.392067019137224
6.391969428866987
6.391855816398646
6.391741317140715
6.39162571962691
6.391508854198382
6.391390584603043
6.391270802913723
6.391149424868125
6.391026385963754
6.390901638190929
6.390775147293733
6.390646890468853
6.390516854428869
6.390385033769744
6.390251429592982
6.390116048341563
6.389978900045054
6.389839999818007
6.389699364809851
6.389557014390432
6.389412969650092
6.3892672529740695
6.389119887683427
6.388970897732625
6.388820307455413
6.388668141351947
6.3885144239111185
6.388359179450393
6.388202432035384
6.388044205331774
6.3878845225463925
6.387723406359387
6.3875608788727165
6.387396961570423
6.387231675288822
6.387065040195137
6.386897075773262
6.386727800815575
6.386557233419807
6.3863853909901716
6.386212290242035
6.386037947209513
6.38586237725546
6.385685595083414
6.3855076147510825
6.385328449685056
6.385148112696449
6.3849666159972385
6.3847839712170575
6.384600189420298
6.384415281123358
6.384229256311918
6.38404212445811
6.383853894537518
6.383664575045944
6.383474174015833
6.383282699032364
6.383090157249135
6.3828965554034145
6.38270189983095
6.382506196480312
6.3823094509267495
6.382111668385578
6.381912853725066
6.381713011478852
6.381512143194579
6.38131025548436
6.38110735194879
6.3809034358992145
6.380698510367143
6.380492578113929
6.380285641640022
6.3800777031938205
6.37986876478013
6.37965882816823
6.379447894899579
6.379235966295161
6.379023043462498
6.378809127302326
6.3785942185149835
6.378378317606459
6.378161424894192
6.377943540512583
6.377724664418241
6.377504796394984
6.377283936058608
6.3770620828614115
6.376839236096531
6.376615394902038
6.376390558264864
6.376164725024528
6.375937893876687
6.375710063376516
6.3754812319419285
6.375251397856642
6.375020559273087
6.374788714215199
6.374555860581056
6.3743219961453965
6.374087118562022
6.373851225366079
6.373614313976231
6.373376381696732
6.373137425719389
6.372897443125451
6.372656430887377
6.372414385870555
6.372171304834903
6.371927184436416
6.371682021228625
6.371435811663997
6.3711885520952505
6.370940238776621
6.370690867865054
6.370440435421343
6.370188937411209
6.369936369706327
6.3696827280852935
6.36942800823456
6.369172205749293
6.368915316134214
6.368657334804373
6.368398257085903
6.368138016650979
6.367876791721365
6.367614339023155
6.367350887057005
6.367086248943663
6.366820492142601
6.366553604028452
6.366285527514951
6.366016355590585
6.3657460373651045
6.3654745657123355
6.365201997831653
6.364928204140835
6.364653237645584
6.364377094253768
6.364099768005035
6.363821252800071
6.363541542455634
6.363260630706577
6.362978511206161
6.362695177526268
6.362410623157578
6.362124841509708
6.361837825911345
6.361549569610316
6.361260065773655
6.360969307487647
6.360677287757836
6.3603839995090246
6.360089435585248
6.359793588749728
6.359496451684809
6.359198016991878
6.3588982771912645
6.358597224722123
6.358294851942303
6.3579911511282035
6.357686114474604
6.357379734094493
6.357072002018862
6.35676291019651
6.356452450493815
6.356140614694495
6.355827394499363
6.355512781526058
6.355196767308773
6.354879343297956
6.3545605008600115
6.354240231276988
6.353918525746233
6.353595375380069
6.353270771205426
6.352944704163478
6.3526171651092636
6.352288144811293
6.35195764292527
6.351625636853173
6.351292119872346
6.350957082773121
6.350620516009154
6.350282406155123
6.349942749360617
6.349601532221623
6.349258747393031
6.348914384656293
6.348568433714815
6.348220884194292
6.347871725639581
6.347520947512036
6.347168539196487
6.346814489968684
6.346458789027975
6.346101425481952
6.345742388345712
6.3453816665314315
6.345019248877572
6.34465512411362
6.343526764834622
6.3424482487361065
6.341430342723431
6.340478278241828
6.339592054497718
6.338767394031793
6.337996972835991
6.337271632138269
6.336581397483874
6.335916246409151
6.335266645816516
6.334623917807319
6.3339804974606775
6.333330130329348
6.332668032039641
6.331991006120426
6.33129749681696
6.330587547573685
6.329862645870774
6.329125457873074
6.328379482721232
6.327628675225516
6.3268770899637685
6.32612858921688
6.325386637739768
6.324654186996021
6.323933636177444
6.323226849451162
6.322535207687152
6.321859676113551
6.321200874466184
6.3205591414095625
6.319934589291876
6.319327148308628
6.318736600956038
6.318162608515728
6.317604731528022
6.317062446047112
6.316535157126126
6.316022210586553
6.3155229037615666
6.315036495604411
6.314562216332481
6.3140992766308
6.31364687635375
6.313204212626308
6.312770487636257
6.312344913691069
6.311926721241318
6.311515162313969
6.311109514857713
6.310709085908204
6.310313213960044
6.309921270611928
6.309532661561136
6.309146827028552
6.308763241696144
6.308381414236623
6.308000886510368
6.307621232498664
6.307242057035157
6.3068629943902
6.306483706755263
6.306103882667498
6.305723235407948
6.305341501400796
6.304958438635641
6.304573825130059
6.304187457445564
6.303799149266608
6.303408730049293
6.303016043744014
6.30262094759429
6.302223311012409
6.3018230145312355
6.30141994883057
6.301014013835683
6.300605117885119
6.300193176964471
6.299778114002609
6.299359858226683
6.298938344572201
6.298513513144457
6.298085308727738
6.297653680338736
6.297218580820837
6.296779966476025
6.296337796731392
6.2958920338373465
6.29544264259484
6.29498959010911
6.294532845567562
6.294072380039661
6.293608166296794
6.293140178650282
6.292668392805808
6.292192785732722
6.291713335546774
6.291230021404987
6.290742823411437
6.290251722532899
6.289756700523323
6.289257739856253
6.288754823664382
6.28824793568548
6.287737060214047
6.287222182058054
6.286703286500243
6.286180359263496
6.285653386479797
6.2851223546624215
6.284587250680965
6.284048061738902
6.2835047753546265
6.282957379337813
6.2824058617817355
6.28185021104178
6.281290415723682
6.2807264646710745
6.280158346954049
6.279586051858631
6.279009568877026
6.27842888769855
6.2778439982011465
6.277254890443386
6.276661554656923
6.276063981239308
6.275462160747102
6.2748560838892615
6.274245741520753
6.273631124636327
6.2730122243644635
6.272389031961426
6.271761538805416
6.271247153084553
6.270660441813101
6.270051360387489
6.269440008120826
6.268833808735412
6.268235010129998
6.267643862213151
6.26705991617912
6.266482526607124
6.265911030728278
6.265344802434199
6.2647832618555155
6.2642258715898915
6.263672130552031
6.263121568691884
6.262573743111946
6.262028235321585
6.261484649246901
6.26094260969056
6.260401761039379
6.25986176610043
6.259322305002047
6.258783074129813
6.258243785086531
6.257704163674679
6.257163948903922
6.2566228920275755
6.256080755611284
6.25553731263622
6.254992345637681
6.254445645878507
6.253897012555382
6.253346252034735
6.252793177113597
6.25223760629954
6.251679363102269
6.251118275327899
6.250554174364972
6.2499868944487895
6.249416271888066
6.2488421440961455
6.248264347840659
6.24768272345629
6.247097104132299
6.246507321930468
6.245913203895913
6.245314570024912
6.244711230702941
6.244102983459246
6.243489608794134
6.242870864738069
6.242246479656749
6.2416161426001215
6.2409794901655795
6.240336088339515
6.239685406985433
6.239026783369109
6.238359369014993
6.237682050665847
6.236993330044018
6.236291136337519
6.235572525608692
6.234833183932094
6.2340665774141035
6.233262439547408
6.224274521570681
6.216965505738965
6.210879153221685
6.205917008959067
6.202063399567792
6.199258844130167
6.197385238317016
6.196288747111286
6.195806002924543
6.195782881738387
6.196084785744966
6.196600449177389
6.197241698802138
6.197941101611187
6.198648776269589
6.199329106201999
6.19995772574086
6.200518929405808
6.201003533314582
6.201407158472427
6.201728881477457
6.201970192378516
6.202134202632044
6.202225051634327
6.202247471596352
6.202206472055727
6.202107118041454
6.201954378032377
6.2017530245137715
6.2015075718507715
6.201222246720704
6.200900957078094
6.200547316216678
6.200164633712015
6.199755933306936
6.199323969927286
6.19887124840047
6.198400042743393
6.197912415255826
6.197410234923867
6.196895194830662
6.196368828407967
6.195832524455688
6.195287540920025
6.1947350174623415
6.194175986876177
6.19361138542596
6.193042062186471
6.192468787465746
6.191892260392267
6.1913131157438475
6.19073191899323
6.190149218003826
6.189565475131525
6.188981124012116
6.188396558515321
6.1878121368407575
6.187228184827109
6.186644998915065
6.186062848810775
6.185481979885964
6.18490261534408
6.18432495817785
6.183749192939918
6.18317548734607
6.18260399372793
6.182034850350525
6.1814681826084525
6.180904104112173
6.180342717676163
6.179784116217719
6.179228383575635
6.178675595256353
6.178125819114565
6.177579115974471
6.177035540197305
6.176495140200232
6.175957958931044
6.17542403430281
6.174893399592111
6.174366083804134
6.17384211200768
6.173321505642772
6.1728042828032015
6.172290458496285
6.171780044881874
6.171273051492362
6.170769485435204
6.17026935157971
6.1697726527291925
6.16927938977986
6.168789561867433
6.16830316650262
6.167820199696315
6.167340656075376
6.166864528989607
6.166391810610972
6.165922492025306
6.165456563317336
6.164994013649484
6.16453483133489
6.16407900390522
6.163626518173502
6.1631773602925435
6.162731515809114
6.162288969714313
6.16184970649035
6.161413710154099
6.160980964297512
6.16055145212525
6.160125156489716
6.159702059923638
6.1592821446703905
6.158865392712246
6.158451785796696
6.158041305460908
6.157633933054626
6.157229649761369
6.156828436618293
6.1564302745346655
6.156035144309106
6.1556430266455955
6.155253901957427
6.154867751243675
6.154484554797462
6.154104293077314
6.153726946514969
6.153352495525037
6.15298092051428
6.152612201890409
6.1522463200703825
6.151883255488203
6.1515229886022125
6.151165499901937
6.150810769914421
6.150458779210208
6.150109508408842
6.149762938184024
6.149419049268411
6.149077822458043
6.148739238616486
6.148403278678653
6.148069923654362
6.1477391546316245
6.147410952779664
6.147085299351748
6.146762175687757
6.146441563216583
6.1461234434583325
6.1458077980263335
6.145494608628989
6.145183857071451
6.144875525257188
6.144569595189374
6.1442660489721765
6.143964868811902
6.143666037018004
6.143369536004059
6.143075348288576
6.142783456495717
6.142493843355952
6.142206491706631
6.141921384492436
6.141638504765829
6.141357835687358
6.141079360525936
6.140803062659079
6.140528925573037
6.140256932862915
6.139987068232705
6.139719315495329
6.1394536585725525
6.13919008149495
6.1389285684017585
6.138669103540741
6.138411671267989
6.138156256047711
6.13790284245197
6.1376514151604145
6.137401958959987
6.137154458744576
6.136908899514695
6.136665266377076
6.1364235445443
6.136183719334403
6.1359457761704155
6.135709700579957
6.1354754781947625
6.135243094750206
6.135012536084837
6.134783788139875
6.134556836958714
6.134331668686397
6.1341082695691025
6.133886625953616
6.133666724286779
6.133448551114951
6.133232093083458
6.133017336936034
50817.74239465444
50817.74239465444
50817.74239465444
50817.74239465444
50817.74239465444
50817.74239465444
50817.74239465444
50817.74239465444
50817.74239465444
50817.74239465444
50817.74239465444
50817.74239465444
50817.74239465444
50817.74239465444
50817.74239465444
50817.74239465444
50817.74239465444
50817.74239465444
50817.74239465444
50817.74239465444
50817.74239465444
50817.74239465444
50817.74239465444
50817.74239465444
50817.74239465444
50817.74239465444
50817.74239465444
50817.74239465444
50817.74239465444
50817.74239465444
50817.74239465444
50817.74239465444
50817.74239465444
50817.74239465444
50817.74239465444
50817.74239465444
50817.74239465444
50817.74239465444
50817.74239465444
50817.74239465444
50817.74239465444
50817.74239465444
50817.74239465444
50817.74239465444
50817.74239465444
50817.74239465444
50817.74239465444
50817.74239465444
50817.74239465444
50817.74239465444
50817.74239465444
50817.74239465444
50817.74239465444
50817.74239465444
50817.74239465444
50817.74239465444
50817.74239465444
50817.74239465444
50817.74239465444
50817.74239465444
50817.74239465444
50817.74239465444
50817.74239465444
50817.74239465444
50817.74239465444
50817.74239465444
50817.74239465444
50817.74239465444
50817.74239465444
50817.74239465444
50817.74239465444
50817.74239465444
50817.74239465444
50817.74239465444
50817.74239465444
50817.74239465444
50817.74239465444
50817.74239465444
50817.74239465444
50817.74239465444
50817.74239465444
50817.74239465444
50817.74239465444
50817.74239465444
50817.74239465444
50817.74239465444
50817.74239465444
50817.74239465444
50817.74239465444
50817.74239465444
50817.74239465444
50817.74239465444
50817.74239465444
50817.74239465444
50817.74239465444
50817.74239465444
50817.74239465444
50817.74239465444
50817.74239465444
50817.74239465444
50817.74239465444
50817.74239465444
50817.74239465444
50817.74239465444
50817.74239465444
50817.74239465444
50817.74239465444
50817.74239465444
50817.74239465444
50817.74239465444
50817.74239465444
50817.74239465444
50817.74239465444
50817.74239465444
50817.74239465444
50817.74239465444
50817.74239465444
50817.74239465444
50817.74239465444
50817.74239465444
50817.74239465444
50817.74239465444
50817.74239465444
50817.74239465444
50817.74239465444
50817.74239465444
50817.74239465444
50817.74239465444
50817.74239465444
50817.74239465444
50817.74239465444
50817.74239465444
50817.74239465444
50817.74239465444
50817.74239465444
50817.74239465444
50817.74239465444
50817.74239465444
50817.74239465444
50817.74239465444
50817.74239465444
50817.74239465444
50817.74239465444
50817.74239465444
50817.74239465444
50817.74239465444
50817.74239465444
50817.74239465444
50817.74239465444
50817.74239465444
50817.74239465444
50817.74239465444
50817.74239465444
50817.74239465444
50817.74239465444
50817.74239465444
50817.74239465444
50817.74239465444
50817.74239465444
50817.74239465444
50817.74239465444
50817.74239465444
50817.74239465444
50817.74239465444
50817.74239465444
50817.74239465444
50817.74239465444
50817.74239465444
50817.74239465444
50817.74239465444
50817.74239465444
50817.74239465444
50817.74239465444
50817.74239465444
50817.74239465444
50817.74239465444
50817.74239465444
50817.74239465444
50817.74239465444
50817.74239465444
50817.74239465444
50817.74239465444
50817.74239465444
50817.74239465444
50817.74239465444
50817.74239465444
50817.74239465444
50817.74239465444
50817.74239465444
50817.74239465444
50817.74239465444
50817.74239465444
50817.74239465444
50817.74239465444
50817.74239465444
50817.74239465444
50817.74239465444
50817.74239465444
50817.74239465444
46365.64345002928
46365.64345002928
46365.64345002928
46365.64345002928
46365.64345002928
46365.64345002928
46365.64345002928
46365.64345002928
46365.64345002928
46365.64345002928
46365.64345002928
46365.64345002928
46365.64345002928
46365.64345002928
46365.64345002928
46365.64345002928
46365.64345002928
46365.64345002928
46365.64345002928
46365.64345002928
46365.64345002928
46365.64345002928
46365.64345002928
46365.64345002928
46365.64345002928
46365.64345002928
46365.64345002928
46365.64345002928
46365.64345002928
46365.64345002928
46365.64345002928
46365.64345002928
46365.64345002928
46365.64345002928
46365.64345002928
46365.64345002928
46365.64345002928
46365.64345002928
46365.64345002928
46365.64345002928
46365.64345002928
46365.64345002928
46365.64345002928
46365.64345002928
46365.64345002928
46365.64345002928
46365.64345002928
46365.64345002928
46365.64345002928
46365.64345002928
46365.64345002928
46365.64345002928
46365.64345002928
46365.64345002928
46365.64345002928
46365.64345002928
46365.64345002928
46365.64345002928
46365.64345002928
46365.64345002928
46365.64345002928
46365.64345002928
46365.64345002928
46365.64345002928
46365.64345002928
46365.64345002928
46365.64345002928
46365.64345002928
46365.64345002928
46365.64345002928
46365.64345002928
46365.64345002928
46365.64345002928
46365.64345002928
46365.64345002928
46365.64345002928
46365.64345002928
46365.64345002928
46365.64345002928
46365.64345002928
46365.64345002928
46365.64345002928
46365.64345002928
46365.64345002928
46365.64345002928
46365.64345002928
46365.64345002928
46365.64345002928
46365.64345002928
46365.64345002928
46365.64345002928
46365.64345002928
46365.64345002928
46365.64345002928
46365.64345002928
46365.64345002928
46365.64345002928
46365.64345002928
46365.64345002928
46365.64345002928
46365.64345002928
46365.64345002928
46365.64345002928
46365.64345002928
46365.64345002928
46365.64345002928
46365.64345002928
46365.64345002928
46365.64345002928
46365.64345002928
46365.64345002928
46365.64345002928
46365.64345002928
46365.64345002928
46365.64345002928
46365.64345002928
46365.64345002928
46365.64345002928
46365.64345002928
46365.64345002928
46365.64345002928
46365.64345002928
46365.64345002928
46365.64345002928
46365.64345002928
46365.64345002928
46365.64345002928
46365.64345002928
46365.64345002928
46365.64345002928
46365.64345002928
46365.64345002928
46365.64345002928
46365.64345002928
46365.64345002928
46365.64345002928
46365.64345002928
46365.64345002928
46365.64345002928
46365.64345002928
46365.64345002928
46365.64345002928
46365.64345002928
46365.64345002928
46365.64345002928
46365.64345002928
46365.64345002928
46365.64345002928
46365.64345002928
46365.64345002928
46365.64345002928
46365.64345002928
46365.64345002928
46365.64345002928
46365.64345002928
46365.64345002928
46365.64345002928
46365.64345002928
46365.64345002928
46365.64345002928
46365.64345002928
46365.64345002928
46365.64345002928
46365.64345002928
46365.64345002928
46365.64345002928
46365.64345002928
46365.64345002928
46365.64345002928
46365.64345002928
46365.64345002928
46365.64345002928
46365.64345002928
46365.64345002928
46365.64345002928
46365.64345002928
46365.64345002928
46365.64345002928
46365.64345002928
46365.64345002928
46365.64345002928
46365.64345002928
46365.64345002928
46365.64345002928
46365.64345002928
46365.64345002928
46365.64345002928
46365.64345002928
46365.64345002928
46365.64345002928
46365.64345002928
46365.64345002928
46365.64345002928
46365.64345002928
46365.64345002928
46365.64345002928
46365.64345002928
46365.64345002928
46365.64345002928
176943194.89716008
-2.4588170041473966e+18
-2.4588170041473966e+18
-2.4588170041473966e+18
-2.4588170041473966e+18
-2.4588170041473966e+18
-2.4588170041473966e+18
-2.4588170041473966e+18
-2.4588170041473966e+18
-2.4588170041473966e+18
-2.4588170041473966e+18
-2.4588170041473966e+18
-2.4588170041473966e+18
-2.4588170041473966e+18
-2.4588170041473966e+18
-2.4588170041473966e+18
-2.4588170041473966e+18
-2.4588170041473966e+18
-2.4588170041473966e+18
-2.4588170041473966e+18
-2.4588170041473966e+18
-2.4588170041473966e+18
-2.4588170041473966e+18
-2.4588170041473966e+18
-2.4588170041473966e+18
-2.4588170041473966e+18
-2.4588170041473966e+18
-2.4588170041473966e+18
-2.4588170041473966e+18
-2.4588170041473966e+18
-2.4588170041473966e+18
-2.4588170041473966e+18
-2.4588170041473966e+18
-2.4588170041473966e+18
-2.4588170041473966e+18
-2.4588170041473966e+18
-2.4588170041473966e+18
-2.4588170041473966e+18
-2.4588170041473966e+18
-2.4588170041473966e+18
-2.4588170041473966e+18
-2.4588170041473966e+18
-2.4588170041473966e+18
-2.4588170041473966e+18
-2.4588170041473966e+18
-2.4588170041473966e+18
-2.4588170041473966e+18
-2.4588170041473966e+18
-2.4588170041473966e+18
-2.4588170041473966e+18
-2.4588170041473966e+18
-2.4588170041473966e+18
-2.4588170041473966e+18
-2.4588170041473966e+18
-2.4588170041473966e+18
-2.4588170041473966e+18
-2.4588170041473966e+18
-2.4588170041473966e+18
-2.4588170041473966e+18
-2.4588170041473966e+18
-2.4588170041473966e+18
-2.4588170041473966e+18
-2.4588170041473966e+18
-2.4588170041473966e+18
-2.4588170041473966e+18
-2.4588170041473966e+18
-2.4588170041473966e+18
-2.4588170041473966e+18
-2.4588170041473966e+18
-2.4588170041473966e+18
-2.4588170041473966e+18
-2.4588170041473966e+18
-2.4588170041473966e+18
-2.4588170041473966e+18
-2.4588170041473966e+18
-2.4588170041473966e+18
-2.4588170041473966e+18
-2.4588170041473966e+18
-2.4588170041473966e+18
-2.4588170041473966e+18
-2.4588170041473966e+18
-2.4588170041473966e+18
-2.4588170041473966e+18
-2.4588170041473966e+18
-2.4588170041473966e+18
-2.4588170041473966e+18
-2.4588170041473966e+18
-2.4588170041473966e+18
-2.4588170041473966e+18
-2.4588170041473966e+18
-2.4588170041473966e+18
-2.4588170041473966e+18
-2.4588170041473966e+18
-2.4588170041473966e+18
-2.4588170041473966e+18
-2.4588170041473966e+18
-2.4588170041473966e+18
-2.4588170041473966e+18
-2.4588170041473966e+18
-2.4588170041473966e+18
-2.4588170041473966e+18
-2.4588170041473966e+18
-2.4588170041473966e+18
-2.4588170041473966e+18
-2.4588170041473966e+18
-2.4588170041473966e+18
-2.4588170041473966e+18
-2.4588170041473966e+18
-2.4588170041473966e+18
-2.4588170041473966e+18
-2.4588170041473966e+18
-2.4588170041473966e+18
-2.4588170041473966e+18
-2.4588170041473966e+18
-2.4588170041473966e+18
-2.4588170041473966e+18
-2.4588170041473966e+18
-2.4588170041473966e+18
-2.4588170041473966e+18
-2.4588170041473966e+18
-2.4588170041473966e+18
-2.4588170041473966e+18
-2.4588170041473966e+18
-2.4588170041473966e+18
-2.4588170041473966e+18
-2.4588170041473966e+18
-2.4588170041473966e+18
-2.4588170041473966e+18
-2.4588170041473966e+18
-2.4588170041473966e+18
-2.4588170041473966e+18
-2.4588170041473966e+18
-2.4588170041473966e+18
-2.4588170041473966e+18
-2.4588170041473966e+18
-2.4588170041473966e+18
-2.4588170041473966e+18
-2.4588170041473966e+18
-2.4588170041473966e+18
-2.4588170041473966e+18
-2.4588170041473966e+18
-2.4588170041473966e+18
-2.4588170041473966e+18
-2.4588170041473966e+18
-2.4588170041473966e+18
-2.4588170041473966e+18
-2.4588170041473966e+18
-2.4588170041473966e+18
-2.4588170041473966e+18
-2.4588170041473966e+18
-2.4588170041473966e+18
-2.4588170041473966e+18
-2.4588170041473966e+18
-2.4588170041473966e+18
-2.4588170041473966e+18
-2.4588170041473966e+18
-2.4588170041473966e+18
-2.4588170041473966e+18
-2.4588170041473966e+18
-2.4588170041473966e+18
-2.4588170041473966e+18
-2.4588170041473966e+18
-2.4588170041473966e+18
-2.4588170041473966e+18
-2.4588170041473966e+18
-2.4588170041473966e+18
-2.4588170041473966e+18
-2.4588170041473966e+18
-2.4588170041473966e+18
-2.4588170041473966e+18
-2.4588170041473966e+18
-2.4588170041473966e+18
-2.4588170041473966e+18
-2.4588170041473966e+18
-2.4588170041473966e+18
-2.4588170041473966e+18
-2.4588170041473966e+18
-2.4588170041473966e+18
-2.4588170041473966e+18
-2.4588170041473966e+18
-2.4588170041473966e+18
-2.4588170041473966e+18
-2.4588170041473966e+18
-2.4588170041473966e+18
-2.4588170041473966e+18
-2.4588170041473966e+18
-2.4588170041473966e+18
-2.4588170041473966e+18
-2.4588170041473966e+18
-2.4588170041473966e+18
-2.4588170041473966e+18
-2.4588170041473966e+18
-2.4588170041473966e+18
-2.4588170041473966e+18
-2.4588170041473966e+18
-2.4588170041473966e+18
-2.4588170041473966e+18
-2.4588170041473966e+18
