2.1955
6.250336638922488
6.289656496759957
6.348227630826811
6.419435958001713
6.499624214981945
6.58666191232982
6.679280606520754
6.776715613909233
6.878503550604494
6.984365038785541
7.094135646197781
7.207724671519198
7.325090158578193
7.44622340830495
7.571139062411373
7.699868468487644
7.832454995837655
7.968950533866602
8.109412733162012
8.253902739295253
8.402483277954904
8.555217011127404
8.712165117526194
8.873386068307239
9.038934578073931
9.208860715404697
9.383209158888285
9.562018585265282
9.745321176595217
9.933142233620757
10.125499882967011
10.322404866529324
10.523860402313097
10.729862107055776
10.940397972153225
11.155448385545144
11.374986193446448
11.59897679678556
11.827378278250494
12.060141556604163
12.297210565660013
12.538522455825458
12.784007816517361
13.033590918077147
13.28718997193198
13.544717407849522
13.80608016710303
14.07118001030922
14.33991383855294
14.612174026259579
14.887848764156896
15.166822410435614
15.448975848110086
15.734186846497105
16.02233042453134
16.313279213762236
16.60690381868187
16.903073172282124
17.201654884638746
17.502515582588828
17.80552123866095
18.110537487593174
18.4174299290404
18.726064415244323
19.036307322669387
19.348025806882337
19.661088040128
19.975363431292575
20.290722828149327
20.607038701953826
20.924185314656658
21.242038869063954
21.56047764254651
21.879382104832125
22.198635020638527
22.518121537910748
22.837729262461227
23.157348319869985
23.476871405554075
23.7961938238059
24.115213516725486
24.433831083868427
24.75194979344826
25.0694755858749
25.386317070397826
25.702385515582552
26.017594834283532
26.331861563765294
26.64510484156122
26.957246377618322
27.26821042325039
27.57792373733358
27.886315550232453
28.19331752575695
28.498863721595594
28.80289054847847
29.105336728367963
29.406143251963876
29.705253335708953
30.002612378515842
30.29816791839486
30.591869589144647
30.883669077206918
31.173520078863447
31.4613782578091
31.747201203249013
32.03094838855209
32.31258113053702
32.59206254944597
32.869357529646635
33.14443268107019
33.417256301471085
33.6877983394435
33.95603035828848
34.221925500678175
34.48545845415887
34.746605417472
35.00534406768938
35.2616535281811
35.51551433735618
35.76690841821155
36.01581904865764
36.26223083259661
36.50612967175024
36.74750273821501
36.986338447716456
37.2226264335696
37.456357521290926
37.687523703867804
37.916118117661725
38.14213501891593
38.3655697608425
38.58641877129357
38.80467953098128
39.020350552201926
39.23343135810224
39.44392246240688
39.651825349630805
39.85714245573622
40.05987714922388
40.26003371263427
40.457617324455555
40.65263404138456
40.84509078098213
41.03499530463836
41.222356200898524
41.40718286905475
41.589485503080525
41.769275075813084
41.94656332340171
42.12136273001012
42.29368651275875
42.46354860686252
42.63096365099813
42.79594697284554
42.95851457480734
43.118683119891436
43.276469917752834
43.431892910851836
43.58497066074596
43.73572233450473
43.884167691191735
44.03032706846842
44.17422136923672
44.315872048365506
44.455301099472486
44.59253104172215
44.72758490667448
44.860486225133634
44.99125901402058
45.11992776322775
45.246517422480025
45.37105338814065
45.49356149002524
45.61406797815167
45.732599509441265
45.84918313438064
45.96384628360187
46.0766167543968
46.18752269716142
46.296592601744734
46.40385528372358
46.50933987056718
46.61307578770726
46.7150927445269
46.81542072020575
46.914089949490204
47.01113090833652
47.106574299447615
47.20045103770121
47.29279223546027
47.383629187780514
47.472993357499696
47.560916360233485
47.64742994926357
47.7325660003094
47.81635649624528
47.898833511693184
