31.464142861580303
31.18139677347518
30.976390168330887
30.815215320651372
30.67830744913004
30.554367011217977
30.4369107443428
30.322267903589076
30.208406987905956
30.09424825014252
29.979262187255426
29.86323634530098
29.746140757856967
29.62805078576405
29.509103075537116
29.389470438935703
29.269347427041694
29.148941881565534
29.02846979067206
28.908151955912412
28.788211649444413
28.668872819428007
28.550358611486725
28.43289008839507
28.31668509077594
28.201957212611514
28.08891488035967
27.977760531006698
27.868689886652522
27.76189132347265
27.65754533233057
27.55582406752988
27.456890979480647
27.360900526521363
27.26799796080803
27.178319183030705
27.09199066070997
27.009129404911008
26.929843000361856
26.85422968413667
26.782378468250165
26.71436930168896
26.650273267576257
26.590152811329194
26.534061995821634
26.482046779719425
26.434145315310936
26.39038826231981
26.350799114359624
26.315394534876685
26.284184699626064
26.2571736429334
26.234359605215552
26.21573537945914
26.201288654582527
26.191002353841125
26.18485496665791
26.182820872487945
26.184870655533963
26.190971409337052
26.201087030454914
26.215178500617355
26.233204156912784
26.255119949705545
26.28087968811681
26.31043527302046
26.34373691760683
26.380733355656886
26.42137203774536
26.465599315654458
26.51336061533238
26.564600598771005
26.619263315212553
26.67729234211476
26.738630916324208
26.80322205591561
26.871008673158865
26.9419336790764
27.01594008004863
27.092971066915016
27.172970097010825
27.255880969564142
27.341647894863936
27.43021555759319
27.521529174704614
27.615534548198546
27.712178113143935
27.811406981265957
27.9131689804053
28.01741269013623
28.124087473813375
28.233143507299438
28.344531804611503
28.458204240704358
28.57411357159914
28.692213452046357
28.812458450901758
28.93480406438061
29.059206727341802
29.18562382274408
29.314013689405176
29.444335628184778
29.57654990670218
29.710617762693428
29.84650140610105
29.984164019986103
30.123569760342065
30.26468375488588
30.40747210089518
30.551901862155084
30.69794106507269
30.845558694015278
30.994724685919387
31.145409924220136
31.29758623214114
31.45122636538629
31.606304004269187
31.7627937453147
31.92067109236465
32.07991244721568
32.24049509981826
32.4023972180617
32.5655978371686
32.73007684872146
32.89581498934189
33.06279382904236
33.23099575926831
33.400403980647695
33.571002490464565
33.74277606987181
33.91571027085696
34.08979140297469
34.26500651985983
34.44134340553214
34.618790560503776
34.79733718770287
34.976973178220945
35.15768909689632
35.33947616774221
35.522326259229125
35.706231869430354
35.89118611103964
36.077182696268245
36.264215921631745
36.45228065263194
36.64137230834404
36.83148684591392
37.02262074497703
37.21477099200217
37.40793506456966
37.602110915591226
37.79729695747863
37.99349204626703
38.190695465702696
38.38890691130024
38.58812647437748
38.78835462607573
38.98959220137281
39.191840383095006
39.395100685937955
39.599374940502834
39.80466527735486
40.01097411111495
40.218304124589054
40.42665825294702
40.636039667957796
40.84645176228862
41.0578981338794
41.270382570399164
41.483909033795655
41.698481644945616
41.91410466841708
42.13078249735071
42.34851963847418
42.5673206972558
42.78719036320883
43.00813339535851
43.23015460787929
43.45325885591489
43.677451021592056
43.90273600023739
44.12911868680992
44.356603962558324
44.58519668191549
44.814901659642324
45.04572365822773
45.27766737556119
45.51073743288514
45.744938363039715
45.98027459901077
46.216750462790976
46.45437015456612
46.69313774223535
46.93305715127775
47.17413215497342
47.41636636498864
47.659763222338604
47.904325988730896
48.150057738303204
