360.0
360.0949778894032
360.1605479992949
360.1970749226129
360.20493437541853
360.18447915370126
360.13603029570345
360.0598768907047
359.95627876393854
359.82546984451426
359.6676614478542
359.4830452299908
359.2717957845776
359.03407287060526
358.77002334213455
358.47978280612364
358.1634770494531
357.82122326833075
357.45313112846145
357.0593036801062
356.6398381485144
356.19482661714085
355.7243566184873
355.228511645251
354.70737159265934
354.1610131413501
353.58951008888044
352.9929336368651
352.3713526398274
351.7248338210644
351.0534419601495
350.35724005612275
349.6362894699078
348.89065004905586
348.12038023753104
347.3255371729041
346.5061767730225
345.662353813951
344.7941220007354
343.9015340323298
342.98464166183135
342.043495753001
341.07814633389626
340.08864264828003
339.07503346754845
338.03736609388176
336.9756879890859
335.8900457346181
334.780485381576
333.6470524857627
332.48979215486474
331.3087490962214
330.1039676651853
328.8754919141524
327.62336564238024
326.34763250973367
325.048335896987
323.7255191533724
322.37922558522075
321.0094985124069
319.6163813270201
318.19991755449814
316.76015091772996
315.29712540470405
313.8108853403451
312.301475463368
310.7689410090316
309.21332779891554
307.6346823390192
306.0330519277375
304.408484775567
302.76103013876525
301.0907384696394
299.3976615866996
297.6818528686171
295.9433674768053
294.182262612561
292.3985978161326
290.5924353169204
288.7638404464091
286.91288212857296
285.0396334666579
283.1441724508278
281.22658281872265
279.2869551113668
277.32538798130895
275.3419898302709
273.3368808828212
271.3101958451995
269.2620873616346
267.1927305760718
265.10232925474884
262.9911241579113
260.8594047252834
258.7075255029093
256.5359313602131
254.34519348721363
252.13606650558367
249.90957871099508
247.66717762429036
245.41096165944722
243.1440126947244
240.87068921278055
238.5962013688971
236.32438981388387
234.05521261997137
231.785915226718
229.51402158660383
227.2383227738815
224.95848675334548
222.6746024222559
220.38693565084685
218.09582320332035
215.8016306556311
213.50473615977617
211.20552433827925
208.90438407488554
206.60170778678156
204.29789125200605
201.99333363812121
199.68843759732152
197.38360937684314
195.07925892543253
192.77579998875228
190.47365019116708
188.17323110304292
185.8749682932848
183.57929136701603
181.28663398832373
178.99743388796165
176.71213285584594
174.43117671812274
172.1550152985273
169.8841023636999
167.61889555207216
165.3598562858896
163.10744966589357
160.8621443481465
158.6244124024497
156.3947291517758
154.17357299211233
151.96142519209667
149.75876967181097
147.56609276010047
145.3838829297819
143.212630510119
141.05282737596175
138.90496661297314
136.7695421584058
134.64704841693927
132.53797985114664
130.44283054623116
128.3620937487558
126.2962613791836
124.24582351815604
122.21126786655711
120.19307917954812
118.19173867490589
116.20772341616038
114.2415056712051
112.29355224724215
110.36432380312651
108.4542741403875
106.56384947443014
104.69348768765173
102.84361756644984
101.01465802434461
99.20701731368695
97.42109222867393
95.65726730264116
93.9159140028431
92.1973899261662
90.50203799944079
88.8301856882226
87.18214421809941
85.5582078127403
83.9468341600646
82.623087468141
81.43986396740887
80.38951833196148
79.46489702946758
78.65902840119975
77.96496372840828
77.37568262614553
76.88403367905819
76.482699596521
76.16418209015444
75.9208025623872
75.74471639725527
75.62793713210698
75.56236952279455
75.5398474766083
75.55217561160347
75.59117244057848
75.64871369370927
75.71677450102189
75.78747023974651
75.85309398602188
75.90615179957645
75.93939475245892
76.03671116454586
76.13664317869952
76.23927619923235
76.34467253340361
76.45287531945668
76.5639118765878
76.67779653673398
76.79453302032783
76.91411640451695
77.03653475679756
77.16177048080431
77.28980142262647
77.42060177922623
77.55414283718095
77.69039358270186
77.82932119487315
77.97089144827271
78.11506904037547
78.26181785747391
78.41110119043398
78.56288190958722
78.71712260638807
78.87378570807984
79.0328335704698
79.19422855297344
79.35793307931438
79.52390968663265
79.69212106523487
79.86253009079725
80.03509985048542
80.20979366417468
80.3865751017253
80.56540799708168
80.74625645981439
80.92908488460152
81.11385795904883
81.30054067016728
81.48909830976417
81.67949647895172
81.87170109193626
82.06567837921796
82.26139489030444
82.45881749602076
82.65791339048096
82.85865009277343
83.06099544840112
83.26491763050934
83.47038514092762
83.6773668110454
83.88583180253923
84.09574960796343
84.3070900512155
84.51982328788456
84.73391980471023
84.94935042359188
85.16608629390912
85.38409890013897
85.60336005787457
85.8238419143431
86.04551694807289
86.26835796847489
86.49233811534093
86.71743085826031
86.94360999595646
87.17084965554548
87.39912429171775
87.62840868584532
87.85867794501314
88.08990750113121
88.32207310940814
88.55515084755723
88.78911711442888
89.02394862869932
89.25962242749357
89.4961158649446
89.73340661069064
89.97147264831199
90.21029227370926
90.44984409342415
90.69010702290454
90.93106028471539
91.17268340669705
91.41495622007211
91.6578588575029
91.90137175110077
92.14547563038886
92.39015152021975
92.63538073864972
92.88114489477098
93.1274258865035
93.37420589834794
93.62463164565428
93.87865014098726
94.13620936068266
94.39725810607413
94.66174593659325
94.92962315984835
95.2008408000773
95.4753506091662
95.75310503911221
96.03405723503423
96.31816102460449
96.60537090773968
96.89564204649871
97.18893025516246
97.48519199048262
97.7843843420927
98.0864650230756
98.39139236068463
98.6991252872139
99.0096233310155
99.3228466076602
99.63875581123894
99.95731220580244
100.27847761693614
100.60221442346808
100.92848554930696
101.25725445540802
101.58848513186474
101.92214209012324
102.25819035531805
102.59659545872617
102.9373234303381
103.28034079154301
103.62561454792665
103.97311218217939
104.32280164711304
104.67465135878415
105.02863018972204
105.38470746225985
105.74285294196682
106.10303683117976
106.46522976263265
106.82940279318207
107.1955273976273
107.56357546262322
107.93351928068465
108.3053315442806
108.67898534001671
109.0544541429049
109.43171181071837
109.81073257843065
110.1914910527376
110.57396220666075
110.95812137423077
111.34394424524966
111.73140686013082
112.12048560481522
112.51115720576269
112.90339872501737
113.2971875553458
113.69250141544676
114.0893183452315
114.48761670117358
114.88737515172703
115.28857267281164
115.69118854336472
116.09520234095808
116.50059393747898
116.90734349487474
117.31543146095932
117.72483856528126
118.13554581505228
118.54753449113495
118.9607861440893
119.37528259027695
119.79100590802207
120.20793843382825
120.62606275865066
121.04536172422222
121.46581841943352
121.88741617676544
122.31013856877318
122.73396940462204
123.15889272667317
123.5848928071188
124.01195414466686
124.44006146127302
124.86919969892085
125.29935401644816
125.73050978641963
126.1626525920447
126.59576822414023
127.029842678137
127.4648621511297
127.90081303896962
128.3376819333995
128.77545561922966
129.21412107155516
129.65366545301333
130.09407611108057
130.5353405754088
130.9774465551999
131.4203819366185
131.86413478024204
132.3086933185475
132.75404595343477
133.20018125378562
133.64708795305788
133.67744820535776
133.70693122624112
133.73553468420525
133.76325629257764
133.79009380477214
133.81604500707903
133.8411077128018
133.86527975758133
133.8885589956204
133.91094329659097
133.93243054306714
133.95301862836735
133.97270545472017
133.9914889316875
134.00936697479628
134.0263375043396
134.0423984443181
134.05754772149737
134.0717832645635
134.0851030033569
134.09750486820036
134.10898678924414
134.11954669590776
134.1291825163486
134.13789217697712
134.14567360200965
134.15252471305607
134.15844342873922
134.16342766434337
134.16747533149058
134.17058433784257
134.17275258682756
134.1739779773903
134.17425840376552
134.17359175527292
134.17197591613453
134.1694087653132
134.16588817637256
134.16141201735812
134.1559781506993
134.1495844331333
134.14222871564974
134.13390884345745
134.1246226559726
134.11436798682936
134.10314266391285
134.0909445094148
134.07777133991223
134.06362096646967
134.0484911947651
134.03237982523999
134.01528465327348
133.99720346938122
133.9781340594389
133.95807420493068
133.93702168322244
133.91497426785946
133.8919297288892
133.86788583320782
133.8428403449304
133.81679102578445
133.7897356355253
133.76167193237242
133.73259767346565
133.7025106153392
133.67140851441204
133.6392891274922
133.6061502122927
133.57198952795636
133.5368048355865
133.5005938987803
133.46335448416127
133.42508436190766
133.38578130627278
133.34544309609345
133.30406751528386
133.26165235331052
133.21819540564687
133.17369447420361
133.1281473677349
133.0815519022185
133.03390590121123
132.98520719618026
132.9354536268141
132.88464304131662
132.83277329668914
132.7798422590077
132.7258478037017
132.6707878158429
132.6146601904525
132.55746283283437
132.49919365894326
132.4398505957949
132.37943158192425
132.3179345679108
132.25535751690967
132.1916984053178
132.126955223452
132.06112597629883
131.99420868432316
131.9262013843327
131.85710213039494
131.786908994803
131.71562006908664
131.64323346506356
131.56974731592834
131.495159777375
131.41946902874997
131.3426732742334
131.26477074404605
131.18575969567996
131.105638415152
131.0244052182782
130.9420584519683
130.8585964955396
130.77401776204889
130.68832069964225
130.60150379292122
130.51356556432492
130.42450457552673
130.33431942883288
130.24300876864342
130.1505712828455
130.05700570427987
129.96231081218892
129.86648543368057
129.7695284451963
129.67143877398524
129.5722153995812
129.4718573552826
129.37036372963306
129.26773366790235
129.16396637356533
129.0590611097786
128.95301720085348
128.84583403372375
128.73751105940798
128.62804779446463
128.51744382243962
128.40569879530491
128.29281243488782
128.17878453428978
128.0636149592941
127.94730364976188
127.82985062101503
127.71125596520618
127.59151985264782
127.47064253322863
127.34862433766702
127.22546567884267
127.1011670530878
126.97572904146068
126.84915231099954
126.72143761595667
126.5925857990348
126.46259779251096
126.3314746194658
126.1992173949055
126.06582732687734
125.9313057175569
125.79565396430591
125.65887356069855
125.52096609751483
125.3819332636988
125.2417768472798
125.10049873625425
124.9581009194265
124.81458548720603
124.66995463235884
124.52421065071078
124.37735594180056
124.22939300947995
124.08032446245903
123.93015301479427
123.77888148631688
123.62651280299983
123.47304999726113
123.31849620820154
123.16285468177502
123.0061287708903
122.848321935442
122.6894377422703
122.52947986504815
122.3684520840948
122.20635828611596
122.04320246386942
121.87898871575679
121.713721245341
121.5474043607909
121.38004247425282
121.2116401011505
121.04220185941524
120.87173246864663
120.70023674920645
120.5277196212475
120.35418610367937
120.17964131307346
120.00409046250992
119.82753886036865
119.63230578030614
119.43681334657914
119.24106015247237
119.04504533599655
118.84876808374372
118.6522276281066
118.45542324459385
118.25835424924985
118.06101999618492
117.86341987521968
117.66555330964493
117.4674197540977
117.26901869255188
117.07034963642148
116.87141212277407
116.67220773584113
116.47273404141387
116.27299064385873
116.07297716707195
115.87269325318458
115.67213856135228
115.47131276662626
115.2702155589003
115.06884664193075
114.86720573242361
114.66529255918648
114.46310686234405
114.26064839259723
114.05791691055235
113.85491218609066
113.65163399778619
113.44808213236766
113.2442563842208
113.04015655492954
112.83578245285247
112.63113389273316
112.42621069534157
112.22101268714492
112.01553970000583
111.80979157090628
111.60376814169527
111.39746925885908
111.1908947733125
110.98404454020957
110.77691841877284
110.56951627213962
110.36183796722459
110.15388337459723
109.94565236837349
109.73714482612068
109.52836062877486
109.3192996605696
109.10996180897583
108.900346964652
108.69045502140355
108.48028587615163
108.26983942891009
108.05911558277062
107.8481142438952
107.63683532151555
107.42527872793916
107.21344437856158
107.00133219188439
106.7889420895389
106.57628480414009
106.36334948463863
106.15013606225834
105.93664447149443
105.72287465016022
105.50882653943728
105.29450008392915
105.0798952317188
104.86501193442872
104.64985014728462
104.43440982918146
104.21869094275254
104.0026934544409
103.78641733457319
103.56986255743587
103.35302910135346
103.13591694876888
102.91852608632573
102.70085650495228
102.48290819994756
102.26468117106847
102.04617542261919
101.82739096354156
101.60832780750714
101.38898597301055
101.16936548346406
100.94946636729368
100.72928865803618
100.50883239443729
100.28809762055128
100.06708438584123
99.84579274528059
99.62422275945573
99.40237449466926
99.18024802304456
98.95784342263096
98.73516077750995
98.51220017790241
98.28896172027626
98.06544550745542
97.84165164872928
97.61758025996309
97.39323146370911
97.1686053893185
96.94370217305409
96.71852195820387
96.49306489519519
96.26733114170972
96.04132086279921
95.81503423100203
95.58847142646027
95.36163263703783
95.13451805843903
94.90712789432814
94.67946235644955
94.45152166474861
94.22330604749348
93.99481574139742
93.7660364411376
93.53698291578387
93.30765542781926
93.07805424935567
92.8481796610554
92.61803195299285
92.38761142454426
92.15691838437507
91.9259531510084
91.69471605254866
91.4632074269456
91.23143057135636
90.999394711907
90.76708843483858
90.5345121187641
90.3016661528057
90.06855093673067
89.83516688108814
89.60151440734657
89.36759394803225
89.13340594686858
88.89895085891621
88.66422915071392
88.42924130042077
88.19398779795856
87.95846914515569
87.72268585589151
87.48663845624189
87.25032748462537
87.0137534919504
86.77691704176348
86.53981871039814
86.30245908712486
86.06483877430186
85.8269583875269
85.58881855578989
85.35041992162644
85.11176314127248
84.87284888481953
84.63367783637122
84.39425069420038
84.15456817090745
83.91463099357942
83.67443990395005
83.43399565856075
83.19329902892254
82.95235080167892
82.71115177876966
82.46970277759539
82.22800463118327
81.98605818835358
81.74386431388713
81.5014238886936
81.2587378099808
81.015806991425
80.77261687166019
80.52919936320548
80.2855399556997
80.04163963039638
79.79749938587517
79.55310778380557
79.30847828820592
79.06362443167161
78.81853482790517
78.57321056478293
78.32765274859231
78.08186250421028
77.83584097528275
77.58958932440532
77.34310873330293
77.09640040301667
76.84946555408415
76.60230542672446
76.35492128102365
76.10731439712255
75.8594860753996
75.61143763666172
75.43110632019122
75.25042693672823
75.06939073190296
74.88798900914186
74.70621321643935
74.5240550253095
74.34150639935412
74.15855965364084
73.97520750527735
73.7914431149882
73.60726011863255
73.42265264704811
73.23761533264125
73.05214330195108
72.8662321549524
72.67987793377402
72.4930770851614
72.30582642172284
72.11812308639885
71.92996452288601
71.74134845263367
71.55227285732212
71.36273596490662
71.17273623736426
70.98227235885881
70.79134322373343
70.59994792428283
70.40808573855307
70.21575611850668
70.02295867884887
69.82969318671655
69.63595955233096
69.44175782063236
69.24708816385824
69.05195087499227
68.85634636199562
68.6602751427279
68.46373784046885
68.26673517996018
68.06926798389587
67.87133716979957
67.67294374723718
67.4740888153206
67.27477356046698
67.07499925438285
66.8747672522486
66.67407899108426
66.47293598826973
66.27133984022437
66.06929222121327
65.86679488227968
65.6638496502918
65.46045842709522
65.25662318876348
65.05234598493895
64.84762893825796
64.64247424385323
64.43688416892813
64.23086105239668
64.02440730458405
63.817525406982426
63.61021791205702
63.40248744309797
63.194336694113126
62.98576842975772
62.77678548529682
62.56739076659659
62.35758725014081
62.14737798306899
61.93676608323299
61.725754739268986
61.514347210681656
61.3025468279382
61.090356992569234
60.877781177274336
60.664822926029856
60.451485854196996
60.23777364862781
60.02369006776762
59.80923894175176
59.59442417249528
59.37924973377365
59.1637196712934
58.94783810275111
58.73160921787957
58.51503727847964
58.298126618437095
58.08088164372314
57.86330683237748
57.64540673447341
57.42718597206364
57.20864923910625
56.98980130137001
56.77064699631823
56.5511912329706
56.33143899174234
56.111395324259945
55.8910653531533
55.670454271823324
55.44956734418474
55.22840990438381
55.00698735649024
54.785305174163184
54.56336890029086
54.34118414660349
54.118756593259455
53.896091988404145
53.67319614770148
53.45007495383796
53.226734355999014
53.00318036931743
52.77941907429397
52.55545661619005
52.33129920439234
52.10695311174935
51.88242467388018
51.65772028845517
51.43284641444884
51.207809571365
50.982616338434326
50.75727335378447
50.531787313582974
50.30616497115311
50.08041313606302
49.85453867318834
49.62854850174865
49.40244959431806
49.17624897581035
48.949953722439
48.72357096065245
48.49710786604525
48.27057166224528
48.04396961977786
47.81730905490687
47.59059387106302
47.36383431959674
47.13703767522152
46.910211474137434
46.68336341615452
46.4565013150953
46.229633073123146
46.00276666663582
45.77591013768332
45.5490715880717
45.322259174796194
45.09548110615956
44.868745638266766
44.642061071744834
44.415435748612744
44.18887804926245
43.96239638953034
43.73599921784658
43.50969501245537
43.28349227870046
43.05739954637264
42.831425367116196
42.60557831189182
42.37986696849467
42.15429993912582
41.9288858380163
41.70363328910299
41.47855092375642
41.25364737856041
41.0289312931443
40.804411308069035
40.58009606276843
40.35599419354826
40.132114331645674
39.90846510135301
39.685055118210244
39.461892987272044
39.2389873014561
39.0163466399816
38.79397956690808
38.571894629787806
38.35010035487257
38.128605259181505
37.90741783165241
37.68654654323574
37.465999844040525
37.2457861631754
37.02591390894084
36.80639146945516
36.58722721382032
36.36842949396654
36.150006647361984
35.931967000839265
35.71431887588387
35.497070595864635
35.280230495885114
35.06380693623247
34.84780832085523
34.6322431230129
34.417119921377086
34.20244745173184
33.98823468257338
33.77449092839953
33.56122602436756
33.34845060448052
33.06741407690205
32.77986924237233
32.48831677383845
32.19483303027533
31.901068167756687
31.608292527854253
31.317462647519722
31.029288209955713
30.744290686177393
30.462850652267683
30.185244072237072
29.91166921482597
29.642266201831507
29.37713103277361
29.116325607125773
28.85988492040032
28.60782230523604
28.36013334126777
28.116798867159748
27.877787387058934
27.643057062539484
27.412557410985116
27.186230784568306
26.964013674136336
26.74583786428932
26.531631455810977
26.32131976647497
26.114826119048484
25.912072524671114
25.71298026983525
25.517470415406613
25.325464216347278
25.136883470622013
24.951650805656037
24.76968991023843
24.590925719214873
24.41528455767913
24.242694250699266
24.073084203938098
23.90638545987415
23.742530733715796
23.581454432538823
23.4230926606707
23.26738321389435
23.114265564648875
22.96368084006051
22.81557179434072
22.66988277683358
22.526559696777987
22.38554998566645
22.246802557926504
22.110267775641713
21.975897389940926
21.84364452151169
21.713463608393912
21.585310367206507
21.45914175297667
21.334915919700148
21.212592181748736
21.092130976212697
20.97349382624193
20.85664330543
20.74154300326873
20.628157491688107
20.516452292685152
20.406393847037226
20.297949484087933
20.191087392588837
20.085776592575648
19.98198690825463
19.8796889418724
19.77885404854079
19.67945431198711
19.581462521199708
19.48485214793813
19.389597325077457
19.29567282575631
19.203054043298696
19.11171697188017
19.02163818790967
18.93279483209891
18.84516459219224
18.75872568633056
18.67345684702382
18.589337305707595
18.506346777859992
18.424465448656154
18.34367395913847
18.263953392881476
18.185285263131284
18.107651500400223
18.031034440498168
17.95541681298285
17.880781730012156
17.807112675582164
17.73439349513543
17.662608385524614
17.591741885317283
17.521778865428228
17.45270452006643
17.384504357984078
17.317164194015945
17.250670140897643
17.185008601351964
17.120166260432846
17.05613007811718
16.992887282134802
16.930425361027684
16.868732057429625
16.807795361558092
16.74760350491029
16.688144954155835
16.629408405218747
16.571382777541764
16.51405720852632
16.457421048141775
16.401463853697763
16.34617538477378
16.29154559830038
16.237564643786612
16.18422285868845
16.13151076391334
16.07941905945984
16.02793862017334
15.977060491633983
15.926775886159353
15.877076178921872
15.827952904176351
15.779397751594026
15.731402562699445
15.683959327406884
15.637060180652899
15.590697399121865
15.544863398061464
15.49955072818518
15.454752072658987
15.410460244169439
15.366668182070663
15.323368949607623
15.280555731213324
15.238221829877519
15.196360664584768
15.154965767819627
15.11403078313686
15.073549462794723
15.033515665449325
14.993923353908224
14.954766592941441
14.916039547148129
14.877736478877313
14.839851746200912
14.802379800937677
14.765315186726374
14.728652537146845
14.692386573887507
14.65651210495794
14.621024022945253
14.585917303312941
14.551187002741042
14.516828257506392
14.482836281901804
14.449206366693115
14.415933877613012
14.383014253890591
14.35044300681564
14.318215718336713
14.286328039692032
14.254775690072316
14.223554455314645
14.192660186626537
14.162088799339404
14.131836271690567
14.101898643633088
14.072272015672677
14.042952547730907
14.013936458034078
13.985220022027024
13.956799571311226
13.928671492606577
13.900832226736176
13.873278267633546
13.846006161371731
13.819012505213664
13.792293946683262
13.765847182656763
13.739668958473702
13.713756067067115
13.68810534811244
13.662713687194655
13.63757801499315
13.612695306483987
13.588062580159015
13.563676897261471
13.53953536103766
13.515635116004297
13.49197334723115
13.4685472796386
13.445354177309717
13.422391342816605
104711.2899697505
104711.2899697505
104711.2899697505
104711.2899697505
104711.2899697505
104711.2899697505
104711.2899697505
104711.2899697505
104711.2899697505
104711.2899697505
104711.2899697505
104711.2899697505
104711.2899697505
104711.2899697505
104711.2899697505
104711.2899697505
104711.2899697505
104711.2899697505
104711.2899697505
104711.2899697505
104711.2899697505
104711.2899697505
104711.2899697505
104711.2899697505
104711.2899697505
104711.2899697505
104711.2899697505
104711.2899697505
104711.2899697505
104711.2899697505
104711.2899697505
104711.2899697505
104711.2899697505
104711.2899697505
104711.2899697505
104711.2899697505
104711.2899697505
104711.2899697505
104711.2899697505
104711.2899697505
104711.2899697505
104711.2899697505
104711.2899697505
104711.2899697505
104711.2899697505
104711.2899697505
104711.2899697505
104711.2899697505
104711.2899697505
104711.2899697505
104711.2899697505
104711.2899697505
104711.2899697505
104711.2899697505
104711.2899697505
104711.2899697505
104711.2899697505
104711.2899697505
104711.2899697505
104711.2899697505
104711.2899697505
104711.2899697505
104711.2899697505
104711.2899697505
104711.2899697505
104711.2899697505
104711.2899697505
104711.2899697505
104711.2899697505
104711.2899697505
104711.2899697505
104711.2899697505
104711.2899697505
104711.2899697505
104711.2899697505
104711.2899697505
104711.2899697505
104711.2899697505
104711.2899697505
104711.2899697505
104711.2899697505
104711.2899697505
104711.2899697505
104711.2899697505
104711.2899697505
104711.2899697505
104711.2899697505
104711.2899697505
104711.2899697505
104711.2899697505
104711.2899697505
104711.2899697505
104711.2899697505
104711.2899697505
104711.2899697505
104711.2899697505
104711.2899697505
104711.2899697505
104711.2899697505
104711.2899697505
104711.2899697505
104711.2899697505
104711.2899697505
104711.2899697505
104711.2899697505
104711.2899697505
104711.2899697505
104711.2899697505
104711.2899697505
104711.2899697505
104711.2899697505
104711.2899697505
104711.2899697505
104711.2899697505
104711.2899697505
104711.2899697505
104711.2899697505
104711.2899697505
104711.2899697505
104711.2899697505
104711.2899697505
104711.2899697505
104711.2899697505
104711.2899697505
104711.2899697505
104711.2899697505
104711.2899697505
104711.2899697505
104711.2899697505
104711.2899697505
104711.2899697505
104711.2899697505
104711.2899697505
104711.2899697505
104711.2899697505
104711.2899697505
104711.2899697505
104711.2899697505
104711.2899697505
104711.2899697505
104711.2899697505
104711.2899697505
104711.2899697505
104711.2899697505
104711.2899697505
104711.2899697505
104711.2899697505
104711.2899697505
104711.2899697505
104711.2899697505
104711.2899697505
104711.2899697505
104711.2899697505
104711.2899697505
104711.2899697505
104711.2899697505
104711.2899697505
104711.2899697505
104711.2899697505
104711.2899697505
104711.2899697505
104711.2899697505
104711.2899697505
104711.2899697505
104711.2899697505
104711.2899697505
104711.2899697505
104711.2899697505
104711.2899697505
104711.2899697505
104711.2899697505
104711.2899697505
104711.2899697505
104711.2899697505
104711.2899697505
104711.2899697505
104711.2899697505
104711.2899697505
104711.2899697505
104711.2899697505
104711.2899697505
104711.2899697505
104711.2899697505
104711.2899697505
104711.2899697505
104711.2899697505
104711.2899697505
104711.2899697505
104711.2899697505
104711.2899697505
104711.2899697505
104711.2899697505
104711.2899697505
104711.2899697505
104711.2899697505
104711.2899697505
104711.2899697505
104711.2899697505
104711.2899697505
95503.58452661
95503.58452661
95503.58452661
95503.58452661
95503.58452661
95503.58452661
95503.58452661
95503.58452661
95503.58452661
95503.58452661
95503.58452661
95503.58452661
95503.58452661
95503.58452661
95503.58452661
95503.58452661
95503.58452661
95503.58452661
95503.58452661
95503.58452661
95503.58452661
95503.58452661
95503.58452661
95503.58452661
95503.58452661
95503.58452661
95503.58452661
95503.58452661
95503.58452661
95503.58452661
95503.58452661
95503.58452661
95503.58452661
95503.58452661
95503.58452661
95503.58452661
95503.58452661
95503.58452661
95503.58452661
95503.58452661
95503.58452661
95503.58452661
95503.58452661
95503.58452661
95503.58452661
95503.58452661
95503.58452661
95503.58452661
95503.58452661
95503.58452661
95503.58452661
95503.58452661
95503.58452661
95503.58452661
95503.58452661
95503.58452661
95503.58452661
95503.58452661
95503.58452661
95503.58452661
95503.58452661
95503.58452661
95503.58452661
95503.58452661
95503.58452661
95503.58452661
95503.58452661
95503.58452661
95503.58452661
95503.58452661
95503.58452661
95503.58452661
95503.58452661
95503.58452661
95503.58452661
95503.58452661
95503.58452661
95503.58452661
95503.58452661
95503.58452661
95503.58452661
95503.58452661
95503.58452661
95503.58452661
95503.58452661
95503.58452661
95503.58452661
95503.58452661
95503.58452661
95503.58452661
95503.58452661
95503.58452661
95503.58452661
95503.58452661
95503.58452661
95503.58452661
95503.58452661
95503.58452661
95503.58452661
95503.58452661
95503.58452661
95503.58452661
95503.58452661
95503.58452661
95503.58452661
95503.58452661
95503.58452661
95503.58452661
95503.58452661
95503.58452661
95503.58452661
95503.58452661
95503.58452661
95503.58452661
95503.58452661
95503.58452661
95503.58452661
95503.58452661
95503.58452661
95503.58452661
95503.58452661
95503.58452661
95503.58452661
95503.58452661
95503.58452661
95503.58452661
95503.58452661
95503.58452661
95503.58452661
95503.58452661
95503.58452661
95503.58452661
95503.58452661
95503.58452661
95503.58452661
95503.58452661
95503.58452661
95503.58452661
95503.58452661
95503.58452661
95503.58452661
95503.58452661
95503.58452661
95503.58452661
95503.58452661
95503.58452661
95503.58452661
95503.58452661
95503.58452661
95503.58452661
95503.58452661
95503.58452661
95503.58452661
95503.58452661
95503.58452661
95503.58452661
95503.58452661
95503.58452661
95503.58452661
95503.58452661
95503.58452661
95503.58452661
95503.58452661
95503.58452661
95503.58452661
95503.58452661
95503.58452661
95503.58452661
95503.58452661
95503.58452661
95503.58452661
95503.58452661
95503.58452661
95503.58452661
95503.58452661
95503.58452661
95503.58452661
95503.58452661
95503.58452661
95503.58452661
95503.58452661
95503.58452661
95503.58452661
95503.58452661
95503.58452661
95503.58452661
95503.58452661
95503.58452661
95503.58452661
95503.58452661
95503.58452661
95503.58452661
95503.58452661
95503.58452661
95503.58452661
95503.58452661
95503.58452661
95503.58452661
95503.58452661
-10656440.433952136
917172679235.4194
917172679235.4194
917172679235.4194
917172679235.4194
917172679235.4194
917172679235.4194
917172679235.4194
917172679235.4194
917172679235.4194
917172679235.4194
917172679235.4194
917172679235.4194
917172679235.4194
917172679235.4194
917172679235.4194
917172679235.4194
917172679235.4194
917172679235.4194
917172679235.4194
917172679235.4194
917172679235.4194
917172679235.4194
917172679235.4194
917172679235.4194
917172679235.4194
917172679235.4194
917172679235.4194
917172679235.4194
917172679235.4194
917172679235.4194
917172679235.4194
917172679235.4194
917172679235.4194
917172679235.4194
917172679235.4194
917172679235.4194
917172679235.4194
917172679235.4194
917172679235.4194
917172679235.4194
917172679235.4194
917172679235.4194
917172679235.4194
917172679235.4194
917172679235.4194
917172679235.4194
917172679235.4194
917172679235.4194
917172679235.4194
917172679235.4194
917172679235.4194
917172679235.4194
917172679235.4194
917172679235.4194
917172679235.4194
917172679235.4194
917172679235.4194
917172679235.4194
917172679235.4194
917172679235.4194
917172679235.4194
917172679235.4194
917172679235.4194
917172679235.4194
917172679235.4194
917172679235.4194
917172679235.4194
917172679235.4194
917172679235.4194
917172679235.4194
917172679235.4194
917172679235.4194
917172679235.4194
917172679235.4194
917172679235.4194
917172679235.4194
917172679235.4194
917172679235.4194
917172679235.4194
917172679235.4194
917172679235.4194
917172679235.4194
917172679235.4194
917172679235.4194
917172679235.4194
917172679235.4194
917172679235.4194
917172679235.4194
917172679235.4194
917172679235.4194
917172679235.4194
917172679235.4194
917172679235.4194
917172679235.4194
917172679235.4194
917172679235.4194
917172679235.4194
917172679235.4194
917172679235.4194
917172679235.4194
917172679235.4194
917172679235.4194
917172679235.4194
917172679235.4194
917172679235.4194
917172679235.4194
917172679235.4194
917172679235.4194
917172679235.4194
917172679235.4194
917172679235.4194
917172679235.4194
917172679235.4194
917172679235.4194
917172679235.4194
917172679235.4194
917172679235.4194
917172679235.4194
917172679235.4194
917172679235.4194
917172679235.4194
917172679235.4194
917172679235.4194
917172679235.4194
917172679235.4194
917172679235.4194
917172679235.4194
917172679235.4194
917172679235.4194
917172679235.4194
917172679235.4194
917172679235.4194
917172679235.4194
917172679235.4194
917172679235.4194
917172679235.4194
917172679235.4194
917172679235.4194
917172679235.4194
917172679235.4194
917172679235.4194
917172679235.4194
917172679235.4194
917172679235.4194
917172679235.4194
917172679235.4194
917172679235.4194
917172679235.4194
917172679235.4194
917172679235.4194
917172679235.4194
917172679235.4194
917172679235.4194
917172679235.4194
917172679235.4194
917172679235.4194
917172679235.4194
917172679235.4194
917172679235.4194
917172679235.4194
917172679235.4194
917172679235.4194
917172679235.4194
917172679235.4194
917172679235.4194
917172679235.4194
917172679235.4194
917172679235.4194
917172679235.4194
917172679235.4194
917172679235.4194
917172679235.4194
917172679235.4194
917172679235.4194
917172679235.4194
917172679235.4194
917172679235.4194
917172679235.4194
917172679235.4194
917172679235.4194
917172679235.4194
917172679235.4194
917172679235.4194
917172679235.4194
917172679235.4194
917172679235.4194
917172679235.4194
917172679235.4194
917172679235.4194
917172679235.4194
917172679235.4194
917172679235.4194
917172679235.4194
917172679235.4194
917172679235.4194
917172679235.4194
917172679235.4194
