200.68418744701376
450.6830884019155
450.7921507984789
450.8798602252922
450.95898073718604
451.0312302309171
451.09780071122975
451.1596364072793
451.2174888005312
451.27195699534894
451.3235197065221
451.3725606146508
451.41938843414283
451.46425277359543
451.5073566539527
451.5488663760847
451.588919289773
451.6276299031739
451.66509468193004
451.7013958148751
451.7366041657987
451.77078158488746
451.8039827170495
451.83625641546774
451.867646845745
451.8981943478255
451.9279361086446
451.95690668700234
451.98513842331704
452.0126617597073
452.03950549052234
452.0656969589278
452.0912622116562
452.1162261215964
452.1406124855335
452.1644441027376
452.1877428390644
452.210529679759
452.2328247738431
452.25464747198646
452.27601635951953
452.29694928579113
452.31746339062533
452.33757512889656
452.35730029327414
452.3766540360086
452.3956508896912
452.4143047873243
452.4326290818801
452.45063656531033
452.4683394873398
452.48574957369914
452.50287804427785
452.51973563075717
452.5363325940924
452.55267874159756
452.5687834438112
452.5846556509299
452.600303908992
452.6157363756672
452.630960835739
452.645984716155
452.66081510074656
452.6754587445826
452.68992208781134
452.70421126933843
452.7183321397809
452.7322902743209
452.74609098493363
452.7597393326054
452.77324013820163
452.7865979941515
452.79981727517435
452.81290214814203
452.82585658249053
452.8386843593675
452.8513890811476
452.8639741800096
452.87644292648946
452.8887984375438
452.9010436843515
452.91318149965554
452.92521458482025
452.9371455168067
452.9489767544101
452.9607106445456
452.9723494281503
452.98389524572366
452.99535014269753
453.00671607457303
453.0179949116427
453.02918844368884
452.89137293251054
452.77211758857857
452.66495891968714
452.56638117630393
452.4752268795912
452.389696727745
452.3086654130481
452.2312896254362
452.156936165462
452.0851284532012
452.0155067016271
451.94779825109083
451.88179546509474
451.8173392559604
451.754306803834
451.6926024002505
451.6321506202146
451.5728912300671
451.5147753892712
451.4577628170201
451.40181967812345
451.34691700549183
451.29302952245615
451.24013476355384
451.1882124177711
451.13724383774263
451.0872116727268
451.03809959391054
450.98989208865885
450.9425743059927
450.8961319406063
450.85055114534015
450.8058184651275
450.7619207867851
450.7188453008221
450.6765794720034
450.6351110167384
450.5944278852847
450.55451824779175
450.51537048309746
450.476973169563
450.4393150776079
450.4023851633602
450.36617256317044
450.3306665889222
450.2958567237807
450.26173261834464
450.2282840871705
450.1955011054949
450.1633738061427
450.1318924766546
450.1010475564549
450.07082963419714
450.0412294451656
450.0122378688059
449.9838459261842
449.9560447777161
449.9288257207658
449.90218018738096
449.87609974213603
449.8505760798172
449.82560102344183
449.8011665220026
449.7772646485432
449.7538875980485
449.73102768548694
449.70867734389526
449.68682912240473
449.6654756844024
449.64460980566975
449.6242243726043
449.6043123803414
449.5848669311295
449.56588123252476
449.54734859573153
449.52926243392784
449.5116162606252
449.49440368810633
449.47761842579007
449.4612542787429
449.4453051460884
449.4297650195584
449.414627982024
449.3998882059965
449.38553995228483
449.3715775684917
449.3579954877709
449.3447882273305
449.33195038725347
449.3194766490637
449.3073617745278
449.29560060433596
449.28418805689563
449.27311912709314
449.2623888851227
449.2519924752475
449.2419251147063
449.23218209254395
449.2227587684253
449.2136505716945
449.2048530001041
449.1963616188402
449.1881720595469
449.18028001908425
449.17268125871004
449.16537160303716
449.15834693895295
