3208.31823186
3201.3254556806824
3194.143794409659
3186.775222420546
3179.2221796354806
3171.4873381697935
3163.5734804756466
3155.4834361277617
3147.2200495598613
3138.7861641133195
3130.1846146849916
3121.4182249232927
3112.4898068546186
3103.4021618422257
3094.1580823184904
3084.760354017196
3075.211758585532
3065.5150765393078
3055.6730905731265
3045.688589267782
3035.564371259563
3025.3032499558735
3014.908058901759
3004.3816579247637
2993.726940212732
2982.946840512381
2972.0443446774807
2961.022500846491
2949.8844325928353
2938.633354469874
2927.2725904702534
2915.805596039556
2904.2359844304788
2892.5675583583698
2880.804348120482
2868.950657560097
2857.0111194262704
2844.990762056623
2832.8950886821763
2820.7301709245094
2808.502756141902
2796.220385465045
2783.891513285388
2771.5256078587563
2759.1331939212087
2746.725769919883
2734.3154976931805
2721.914538263411
2709.533936758641
2697.1821071911418
2684.8632597269693
2672.5764115405705
2660.3156015571594
2648.071394028258
2635.833046208395
2623.5904527766425
2611.3353210598834
2599.061549447676
2586.765079196317
2574.4435145580755
2562.095706763151
2549.7213937337474
2537.3209215255256
2524.895042364683
2512.444773812011
2499.971302922216
2487.4759220371616
2474.959986212378
2462.4248851867355
2449.8720240143057
2437.3028137859546
2424.7186625595605
2412.120968898031
2399.5111192556305
2386.8904869182397
2374.2604303201697
2361.6222922951547
2348.977399663352
2336.327063037602
2323.672576772575
2311.0152190069143
2298.3562517656774
2285.6969211016694
2273.0384572615544
2260.382074867449
2247.7289731078336
2235.080335933679
2222.43733225702
2209.8011161501113
2197.1728270438884
2184.5535899248234
2171.9445155295493
2159.3467005367775
2146.7612277561643
2134.1891663138604
2121.6315718345204
2109.0894866196136
2096.56393982187
2084.0559476157614
2071.5665133638945
2059.09662777923
2046.6472690830435
2034.219403158565
2021.8139837002195
2009.4319523584306
1997.074238879924
1984.741761243503
1972.4354257912537
1960.1561273551572
1947.90474937908
1935.6821640361295
1923.4892323413753
1911.3268042598897
1899.1957188101674
1887.0968041628737
1875.0308777349553
1862.9987462791216
1851.0012059687128
1839.0390424779723
1827.1130310577555
1815.2239366066954
1803.372513737864
1791.5595068409627
1779.7856501400809
1768.0516677470675
1756.3582737105621
1744.706172060734
1733.096056849782
1721.528612188256
1710.004512277252
1698.5244214365512
1687.0889941287603
1675.698874979532
1664.3546987939255
1653.0570905689917
1641.8066655026548
1630.6040289989721
1619.4497766698541
1608.3444943333398
1597.288758008501
1586.2831339070833
1575.3281784219691
1564.4244381125677
1553.5724496872283
1542.7727399827845
1532.0258259413383
1521.3322145843917
1510.6924029844413
1500.1068782341536
1489.576117413243
1479.1005875531712
1468.6807455997996
1458.317038374127
1448.0099025312375
1437.7597645176043
1427.5670405268859
1417.4321364543573
1407.3554478501258
1397.3373598712783
1387.378247233115
1377.4784741596247
1367.6383943333628
1357.8583508448928
1348.1386761419571
1338.4796919785438
1328.881709364023
1319.3450285125255
1309.8699387927347
1300.4567186782785
1291.1056356988936
1281.816946392547
1272.590896258701
1263.4277197129022
1254.3276400428858
1245.2908693663758
1236.3176085907771
1227.408047374942
1218.5623640932067
1209.7807258018704
1201.0632882083282
1192.4101956430263
1183.8215810344275
1175.2975658871826
1166.838260263672
1158.4437627691134
1150.1141605403977
1141.8495292388427
1133.6499330470147
1125.5154246698
1117.4460453398785
1109.4418248248253
1101.5027814530908
1093.6289221174864
1085.8202423100242
1078.0767261491892
1070.3983464149062
1062.7850645888661
1055.2368309003307
1047.7535843775067
1040.3352529045856
