-258.90856370921745
-258.95203206895775
-259.05113432736886
-259.17582756317614
-259.3103137635109
-259.4461610189569
-259.57878349961607
-259.70559512391117
-259.8250410035274
-259.93608849894184
-260.0379585402245
-260.12998227688985
-260.2115228296832
-260.28193054562934
-260.3405151202722
-260.3865257562289
-260.4191345817752
-260.43742063842933
-260.4403527924036
-260.42677041517084
-260.3953608632172
-260.3446327927822
-260.2728842328129
-260.1781641334777
-260.05822581269297
-259.91047033082793
-259.73187731684095
-259.5189201236905
-259.267461379975
-258.97262400261496
-258.62863152955737
-258.22861024636086
-257.7643441262809
-257.22597237281656
-256.60161900887255
-255.87694588934886
-255.03462751854238
-254.05376352659815
-252.90928263398644
-251.57146818257362
-250.00587886364784
-248.17418951302687
-246.0368710772614
-243.5591295259777
-240.72184486660294
-237.53854853887745
-234.07621845671858
-230.4708726980323
-226.92207091694675
-223.65419945173863
-220.8544479986437
-218.62151553455226
-216.9547856890993
-215.78197778498094
-214.99974332830493
-214.50541459583656
-214.21292639952546
-214.0569379488863
-213.99077626356302
-213.98236704122465
-214.01020993888724
-214.06012552153328
-214.12286521676276
-214.19244513158566
-214.26501980281867
-214.33813506903041
-214.41023815025423
-214.48035866892175
-214.5479018925448
-214.6126122687903
-214.67411584506445
-214.73229158979044
-214.78728607664678
-214.83903654298632
-214.88757522100175
-214.93296109470506
-214.9752385757857
-215.01448026893812
-215.0507574614604
-215.0841432356007
-215.11471143612772
-215.1425359884797
-215.16769044678142
-215.19024769299017
-215.2102797354098
-215.22785757265947
-215.24305110092362
-215.25592904999507
-215.26655893865575
-215.27500704320485
-215.28133837512783
-215.285616665226
-215.2879043525136
-215.28826257654364
-215.28675117286022
-215.28342867042204
-215.27835229112526
-215.27157795097494
-215.26316026276123
-215.25315254009337
-215.24160680269895
-215.2285737828914
-215.21410293313212
-215.19824243463586
-215.18103920694483
-215.1625389184328
-215.14278599767826
-215.12182364567283
-215.09969384880625
-215.0764373925902
-215.0520938760898
-215.026701727001
-215.00029821735743
-214.97291947980924
-214.94460052445564
-214.91537525617983
-214.88527649246151
-214.8543359816317
-214.82258442153625
-214.79005147857495
-214.75676580709379
-214.722755069095
-214.68804595423603
-214.65266420009513
-214.61663461267455
-214.57998108712542
-214.54272662864872
-214.50489337358178
-214.46650261061538
-214.4275748021509
-214.38812960575441
-214.34818589570773
-214.30776178461792
-214.26687464509808
-214.22554113147618
-214.18377720152623
-214.14159813821541
-214.0990185714503
-214.05605249980084
-214.01271331220215
-213.96901380962035
-213.92496622666954
-213.88058225317255
-213.8358730556556
-213.7908492987749
-213.74552116666155
-213.69989838417206
-213.65399023805637
-213.6078055980217
-213.56135293769339
-213.51464035546394
-213.46767559523195
-213.42046606702192
-213.3730188674823
-213.32534080025277
-213.27743839622082
-213.22931793361695
-213.18098545800524
-213.1324468021175
-213.08370760555343
-213.03477333433557
-212.98564930032427
-212.93634068047774
-212.8868525359651
-212.83718983113283
-212.78735745230045
-212.73736022641185
-212.68720293952816
-212.63689035514003
-212.58642723233808
-212.5358183437968
-212.48506849359447
-212.43418253485774
-212.38316538723322
-212.33202205417356
-199.6981830257386
-199.92323424576435
-200.2175953390876
-200.54623455631915
-200.89084264061395
-201.24176911081102
-201.59390071236362
-201.94450086555452
-202.29207824209698
-202.63579475197713
-202.9751559929679
-203.30984952719461
-203.63966048953435
-203.9644276316181
-204.2840204950852
-204.59832761365817
-204.9072504606298
-205.21070037872104
-205.50859704786035
-205.8008677363257
-206.0874469416467
-206.3682762165866
-206.6433040743564
-206.91248591905256
-207.1757839743731
-207.43316719792142
-207.6846111758284
-207.93009799631432
-208.16961610281663
-208.40316012831852
-208.63073071300448
-208.8523343075423
-209.06798296433547
-209.27769411902665
-209.48149036442052
-209.67939921885838
-209.8714528909199
-210.05768804215953
-210.23814554942052
-210.41287026809934
-210.58191079757873
-210.7453192498738
-210.90315102240714
-211.05546457567075
-211.20232121641175
-211.3437848868569
-211.47992297819764
-211.6108019976385
-211.73649369607415
-211.85707057393873
-211.97260681873271
-212.0831781341943
-212.1888615771375
-212.289735401907
-212.38587891204418
-212.47737231888925
-212.56429660688255
-212.6467334053277
-212.72476486641642
-212.79847354927892
-212.86794230838817
-212.93325419492817
-212.9944923501257
-213.0517399114753
-213.1050799309937
-213.15459528493886
-213.20036859560594
-213.2425666301288
-213.2811157298722
-213.31616290391628
-213.34770761441214
-213.37598614932466
-213.40101376812103
-213.42286719032793
-213.4416234577461
-213.45735937858348
-213.4701512134322
-213.48007449456816
-213.48720391566147
-213.49161325921008
-213.49337534473383
-213.49256998907347
-213.48925389885255
-213.4835019394647
-213.47538318834097
-213.46496539879985
-213.45231508448902
-213.4374975568461
-213.42057693845922
-213.40161616484076
-213.38067698107315
-213.357819936614
-213.3331043799542
-213.3065884539307
-213.27832909216332
-213.24838201670883
-213.21680173707344
-213.1836415505434
-213.14895354383367
-213.1127885959955
-213.0751963825572
-213.03622538082905
-212.9959228763297
-212.95433497029842
-212.91150658813837
-212.86748148898494
-212.8223022760252
-212.77601040775735
-212.72864621004618
-212.68024888894166
-212.63085654420613
-212.5805061835165
-212.52923373727756
-212.47707407401663
-212.42406101630448
-212.37022735716465
-212.31560487692832
-212.26022436049047
-212.20411561493088
-212.1473074874604
-212.0898278836507
-212.0317037859195
-211.97296127222324
-211.91362553493875
-211.85372089988627
-211.7932708454738
-211.732298021923
-211.6708242705519
-211.60887064309333
-211.5464574210068
-211.48360413477184
-211.42032958313388
-211.3566518522805
-211.29258833492327
-211.22815574926886
-211.16337015785965
-211.09824698626284
-211.03280104159148
-210.96704653084728
-210.9009970790587
-210.83466574721436
-210.76806504996617
-210.70120697310205
-210.6341029907639
-210.5667640824177
-210.49920074955259
-210.43142303210078
-210.36344052459015
-210.29526239199322
-210.22689738529292
-210.15835385674288
-210.08963977483359
-210.02076273894025
-209.9517299936693
-209.8825484428892
-209.81322466345037
-209.74376491858297
-209.6741751709871
-209.6044610956004
-209.53462809205178
-209.46468129679567
-209.39462559493808
-209.3244656317429
-209.25420582382554
-209.18385037004398
-209.11340326207022
-209.04286829466713
-208.97224907565655
-208.9015490355866
-208.83077143710688
-208.75991938404664
-208.68899583020627
-208.61800358785615
-208.5469453359602
-208.4758236281218
-258.90856370921745
-258.95203206895775
-259.05113432736886
-259.17582756317614
-259.3103137635109
-259.4461610189569
-259.57878349961607
-259.70559512391117
-259.8250410035274
-259.93608849894184
-260.0379585402245
-260.12998227688985
-260.2115228296832
-260.28193054562934
-260.3405151202722
-260.3865257562289
-260.4191345817752
-260.43742063842933
-260.4403527924036
-260.42677041517084
-260.3953608632172
-260.3446327927822
-260.2728842328129
-260.1781641334777
-260.05822581269297
-259.91047033082793
-259.73187731684095
-259.5189201236905
-259.267461379975
-258.97262400261496
-258.62863152955737
-258.22861024636086
-257.7643441262809
-257.22597237281656
-256.60161900887255
-255.87694588934886
-255.03462751854238
-254.05376352659815
-252.90928263398644
-251.57146818257362
-250.00587886364784
-248.17418951302687
-246.0368710772614
-243.5591295259777
-240.72184486660294
-237.53854853887745
-234.07621845671858
-230.4708726980323
-226.92207091694675
-223.65419945173863
-220.8544479986437
-218.62151553455226
-216.9547856890993
-215.78197778498094
-214.99974332830493
-214.50541459583656
-214.21292639952546
-214.0569379488863
-213.99077626356302
-213.98236704122465
-214.01020993888724
-214.06012552153328
-214.12286521676276
-214.19244513158566
-214.26501980281867
-214.33813506903041
-214.41023815025423
-214.48035866892175
-214.5479018925448
-214.6126122687903
-214.67411584506445
-214.73229158979044
-214.78728607664678
-214.83903654298632
-214.88757522100175
-214.93296109470506
-214.9752385757857
-215.01448026893812
-215.0507574614604
-215.0841432356007
-215.11471143612772
-215.1425359884797
-215.16769044678142
-215.19024769299017
-215.2102797354098
-215.22785757265947
-215.24305110092362
-215.25592904999507
-215.26655893865575
-215.27500704320485
-215.28133837512783
-215.285616665226
-215.2879043525136
-215.28826257654364
-215.28675117286022
-215.28342867042204
-215.27835229112526
-215.27157795097494
-215.26316026276123
-215.25315254009337
-215.24160680269895
-215.2285737828914
-215.21410293313212
-215.19824243463586
-215.18103920694483
-215.1625389184328
-215.14278599767826
-215.12182364567283
-215.09969384880625
-215.0764373925902
-215.0520938760898
-215.026701727001
-215.00029821735743
-214.97291947980924
-214.94460052445564
-214.91537525617983
-214.88527649246151
-214.8543359816317
-214.82258442153625
-214.79005147857495
-214.75676580709379
-214.722755069095
-214.68804595423603
-214.65266420009513
-214.61663461267455
-214.57998108712542
-214.54272662864872
-214.50489337358178
-214.46650261061538
-214.4275748021509
-214.38812960575441
-214.34818589570773
-214.30776178461792
-214.26687464509808
-214.22554113147618
-214.18377720152623
-214.14159813821541
-214.0990185714503
-214.05605249980084
-214.01271331220215
-213.96901380962035
-213.92496622666954
-213.88058225317255
-213.8358730556556
-213.7908492987749
-213.74552116666155
-213.69989838417206
-213.65399023805637
-213.6078055980217
-213.56135293769339
-213.51464035546394
-213.46767559523195
-213.42046606702192
-213.3730188674823
-213.32534080025277
-213.27743839622082
-213.22931793361695
-213.18098545800524
-213.1324468021175
-213.08370760555343
-213.03477333433557
-212.98564930032427
-212.93634068047774
-212.8868525359651
-212.83718983113283
-212.78735745230045
-212.73736022641185
-212.68720293952816
-212.63689035514003
-212.58642723233808
-212.5358183437968
-212.48506849359447
-212.43418253485774
-212.38316538723322
-212.33202205417356
-257.224906609707
-257.2767819809543
-257.3858461442622
-257.5213008877042
-257.6670492618479
-257.8145329790432
-257.95910647682047
-258.0981456042728
-258.2300609262703
-258.3537820233953
-258.468486574507
-258.5734563358349
-258.66799857909234
-258.7514009225455
-258.82290274929295
-258.881674316475
-258.9267987366399
-258.9572540873394
-258.9718939261314
-258.96942494559016
-258.948380647033
-258.90708986664123
-258.84363881061427
-258.75582496647667
-258.64110085356145
-258.49650504002796
-258.31857715887253
-258.10325276537634
-257.8457327533229
-257.54032065161005
-257.18021944615606
-256.75727767145236
-256.26167260810684
-255.68151706458966
-255.0023766736093
-254.20668956782853
-253.27309512816396
-252.17571374344632
-250.8834947462301
-249.35989885784926
-247.56345647388824
-245.45020181200917
-242.97962142923149
-240.12629998225316
-236.89892925332208
-233.36477760966946
-229.66938407639995
-226.03189442399176
-222.7001195142148
-219.87727995027336
-217.66329020768214
-216.04628135545917
-214.93856086857747
-214.22408451799348
-213.79260233006468
-213.55487694061543
-213.44514438553105
-213.41763885884893
-213.44163655205134
-213.49697898647716
-213.57063585978347
-213.65427014074933
-213.74258887908726
-213.83225529695738
-213.9211824948283
-214.00807933905259
-214.0921602344675
-214.17296030988
-214.2502179639027
-214.3238992696075
-214.3937720291664
-214.45981267991584
-214.52223685301678
-214.5810239483992
-214.63623716964125
-214.68794843245877
-214.73623479195643
-214.7811761989183
-214.82285408433066
-214.86135984185253
-214.89675916839613
-214.92913951531688
-214.9585823830806
-214.985168231878
-215.00897647088556
-215.0300854303564
-215.0485723282414
-215.06451323709135
-215.07798305343545
-215.08905547030395
-215.09780295292316
-215.10429671736435
-215.1086067119017
-215.11080160081872
-215.11094875047425
-215.10911421748622
-215.10536273868382
-215.09975772323983
-215.0923612461823
-215.0832340437365
-215.0724355102039
-215.06002369633907
-215.04605530917718
-215.03058571322887
-215.01366893300653
-214.99535765680432
-214.97570324169203
-214.95475571966293
-214.93256380488486
-214.9091749019995
-214.88463511542176
-214.85898925959404
-214.8322808701379
-214.80455221586394
-214.7758443115839
-214.746196931693
-214.71564862446468
-214.6842367270183
-214.65199738092235
-214.61896554838765
-214.58517502900293
-214.5506584769932
-214.5154474189385
-214.4795722719401
-214.44306236217597
-214.4059459438322
-214.36825021836003
-214.3300013540377
-214.29122450580297
-214.2519438353262
-214.21218253129888
-214.1719628299051
-214.13130603546165
-214.090232541189
-214.0487618501018
-214.0069125959942
-213.96470256449444
-213.9221487141784
-213.87926719771795
-213.83812840977845
-213.79250648815704
-213.74873368330816
-213.70469030064797
-213.66038875717626
-213.6158407691435
-213.57105739211323
-213.526049052883
-213.48082557268606
-213.43539618697403
-213.38976956416477
-213.3439538242935
-213.2979565579254
-213.2517848453409
-213.2054452759811
-213.15894396805777
-213.1122865882613
-213.0654783715138
-213.01852414071462
-212.97142832645406
-212.9241949866712
-212.87682782624356
-212.82933021648853
-212.78170521458713
-212.73395558291546
-212.6860838082844
-212.63809212109186
-212.58998251438138
-212.54175676281076
-212.4934164415386
-212.44496294501894
-212.39639750571155
-212.3477212127102
-212.29893503029982
-212.2500398164077
-212.20103634100892
-212.15192530442724
-212.10270735557248
-212.0533831101054
-212.0039531685109
-211.95441813411438
-211.90477863100764
-211.85503532190063
-211.80518892590788
-211.755240236232
-211.70519013778318
-211.6550396247158
-211.60478981786156
-211.55444198209398
-211.50399754358372
-211.45345810696472
-211.4028254723985
-211.35210165253062
-211.30128888933967
-211.25038967086266
-211.19940674780636
-211.1483431500309
-211.09720220289447
-211.04598754346628
-210.99470313658037
-257.2248979534213
-257.2767817347983
-257.3858459985354
-257.52130078055256
-257.6670519456716
-257.81453566769056
-257.9591092120981
-258.0981484126072
-258.23006382571333
-258.35378502806157
-258.46848969707304
-258.57345958901107
-258.6680019765508
-258.75140447958154
-258.82290648337397
-258.8816782477582
-258.9268028885219
-258.95725848707264
-258.9718986055488
-258.96942994197644
-258.94838600418893
-258.9070956362099
-258.8436450537337
-258.7558317558614
-258.6411082761301
-258.4965132002357
-258.31858618294905
-258.1032628067508
-257.84574399958814
-257.5403333335837
-257.180233849836
-256.7572773354593
-256.26167229047917
-255.68151671778506
-255.00237626461416
-254.20668906733124
-253.27309450308627
-252.1757129515988
-250.88349373094894
-249.35989754059648
-247.5634547426208
-245.45019950397648
-242.97961831437442
-240.12629577941368
-236.8989237633625
-233.36477106472373
-229.6693775679915
-226.03188975552172
-222.70011801776116
-219.87728138025938
-217.66329315567847
-216.04629611750786
-214.93855668346214
-214.22408644125045
-213.79260478669678
-213.5548787047545
-213.4451455391258
-213.41763965626785
-213.44163716036954
-213.4969794977344
-213.57063632402603
-213.65427058553655
-213.74258931802498
-213.8322557431819
-213.92118295213083
-214.00807980619373
-214.09216071559837
-214.1729608056728
-214.25021847459934
-214.32389977627787
-214.39377256810377
-214.45981325470038
-214.52223742215514
-214.5810245313586
-214.63623776610748
-214.68794904210998
-214.73623541447517
-214.78117683399182
-214.82285473165882
-214.8613604983531
-214.8967598392815
-214.929140197622
-214.9585830765483
-214.98516893626345
-215.00897718595863
-215.0300861558959
-215.04857306403903
-215.06451398294723
-215.07798380916023
-215.08905623571948
-215.0978037278604
-215.10429750166156
-215.10860750540624
-215.11080240338535
-215.110949561963
-215.10911503770387
-215.10536356756742
-215.09975856066745
-215.09236209203561
-215.08323489790092
-215.07243637256633
-215.06002456678823
-215.04605618760178
-215.03058659951787
-215.01366982704639
-214.99535855848026
-214.97570415088478
-214.95475663625172
-214.9325647287424
-214.90917583299353
-214.8846360534152
-214.85899020444285
-214.83228182169222
-214.80455317396616
-214.77584527607107
-214.7461979023954
-214.7156496012056
-214.68423770961542
-214.65199836918933
-214.61896654213066
-214.5851760280257
-214.5506594810946
-214.51544842791586
-214.4795732855865
-214.4430633802826
-214.40594696618754
-214.36825124475072
-214.33000238424682
-214.29122553961093
-214.25194487250926
-214.2121835716273
-214.17196387314362
-214.13130708136762
-214.09023358951262
-214.04876290058397
-214.00691364836615
-213.9647036184794
-213.9221497694898
-213.8792682540631
-213.83813119376873
-213.79250675672293
-213.74873416881988
-213.7046909361734
-213.66038949233354
-213.6158415709589
-213.57105823892195
-213.5260499303766
-213.48082647135348
-213.43539710044033
-213.38977048810773
-213.34395475575013
-213.29795749482398
-213.25178578621208
-213.20544621976092
-213.15894491396006
-213.11228753569412
-213.06547932002636
-213.01852508995813
-212.97142927616005
-212.92419593663303
-212.87682877630422
-212.8293311665345
-212.78170616454022
-212.7339565327287
-212.68608475794085
-212.63809307059842
-212.58998346376595
-212.54175771212454
-212.49341739084758
-212.44496389440673
-212.3963984552759
-212.34772216256485
-212.29893598056572
-212.25004076722212
-212.2010372925148
-212.15192625677506
-212.10270830892426
-212.05338406462474
-212.00395412437084
-211.9544190914929
-211.9047795900839
-211.85503628286264
-211.80518988894048
-211.75524120152664
-211.70519110553352
-211.6550405951145
-211.60479079110584
-211.55444295837955
-211.50399852310818
-211.4534590899271
-211.4028264589968
-211.35210264296654
-211.30128988380963
-211.25039066956333
-211.1994077509376
-211.14834415778955
-211.09720321548087
-211.04598856107287
-210.99470415940507
-257.224906609707
-257.2767819809543
-257.3858461442622
-257.5213008877042
-257.6670492618479
-257.8145329790432
-257.95910647682047
-258.0981456042728
-258.2300609262703
-258.3537820233953
-258.468486574507
-258.5734563358349
-258.66799857909234
-258.7514009225455
-258.82290274929295
-258.881674316475
-258.9267987366399
-258.9572540873394
-258.9718939261314
-258.96942494559016
-258.948380647033
-258.90708986664123
-258.84363881061427
-258.75582496647667
-258.64110085356145
-258.49650504002796
-258.31857715887253
-258.10325276537634
-257.8457327533229
-257.54032065161005
-257.18021944615606
-256.75727767145236
-256.26167260810684
-255.68151706458966
-255.0023766736093
-254.20668956782853
-253.27309512816396
-252.17571374344632
-250.8834947462301
-249.35989885784926
-247.56345647388824
-245.45020181200917
-242.97962142923149
-240.12629998225316
-236.89892925332208
-233.36477760966946
-229.66938407639995
-226.03189442399176
-222.7001195142148
-219.87727995027336
-217.66329020768214
-216.04628135545917
-214.93856086857747
-214.22408451799348
-213.79260233006468
-213.55487694061543
-213.44514438553105
-213.41763885884893
-213.44163655205134
-213.49697898647716
-213.57063585978347
-213.65427014074933
-213.74258887908726
-213.83225529695738
-213.9211824948283
-214.00807933905259
-214.0921602344675
-214.17296030988
-214.2502179639027
-214.3238992696075
-214.3937720291664
-214.45981267991584
-214.52223685301678
-214.5810239483992
-214.63623716964125
-214.68794843245877
-214.73623479195643
-214.7811761989183
-214.82285408433066
-214.86135984185253
-214.89675916839613
-214.92913951531688
-214.9585823830806
-214.985168231878
-215.00897647088556
-215.0300854303564
-215.0485723282414
-215.06451323709135
-215.07798305343545
-215.08905547030395
-215.09780295292316
-215.10429671736435
-215.1086067119017
-215.11080160081872
-215.11094875047425
-215.10911421748622
-215.10536273868382
-215.09975772323983
-215.0923612461823
-215.0832340437365
-215.0724355102039
-215.06002369633907
-215.04605530917718
-215.03058571322887
-215.01366893300653
-214.99535765680432
-214.97570324169203
-214.95475571966293
-214.93256380488486
-214.9091749019995
-214.88463511542176
-214.85898925959404
-214.8322808701379
-214.80455221586394
-214.7758443115839
-214.746196931693
-214.71564862446468
-214.6842367270183
-214.65199738092235
-214.61896554838765
-214.58517502900293
-214.5506584769932
-214.5154474189385
-214.4795722719401
-214.44306236217597
-214.4059459438322
-214.36825021836003
-214.3300013540377
-214.29122450580297
-214.2519438353262
-214.21218253129888
-214.1719628299051
-214.13130603546165
-214.090232541189
-214.0487618501018
-214.0069125959942
-213.96470256449444
-213.9221487141784
-213.87926719771795
-213.83812840977845
-213.79250648815704
-213.74873368330816
-213.70469030064797
-213.66038875717626
-213.6158407691435
-213.57105739211323
-213.526049052883
-213.48082557268606
-213.43539618697403
-213.38976956416477
-213.3439538242935
-213.2979565579254
-213.2517848453409
-213.2054452759811
-213.15894396805777
-213.1122865882613
-213.0654783715138
-213.01852414071462
-212.97142832645406
-212.9241949866712
-212.87682782624356
-212.82933021648853
-212.78170521458713
-212.73395558291546
-212.6860838082844
-212.63809212109186
-212.58998251438138
-212.54175676281076
-212.4934164415386
-212.44496294501894
-212.39639750571155
-212.3477212127102
-212.29893503029982
-212.2500398164077
-212.20103634100892
-212.15192530442724
-212.10270735557248
-212.0533831101054
-212.0039531685109
-211.95441813411438
-211.90477863100764
-211.85503532190063
-211.80518892590788
-211.755240236232
-211.70519013778318
-211.6550396247158
-211.60478981786156
-211.55444198209398
-211.50399754358372
-211.45345810696472
-211.4028254723985
-211.35210165253062
-211.30128888933967
-211.25038967086266
-211.19940674780636
-211.1483431500309
-211.09720220289447
-211.04598754346628
-210.99470313658037
-210.94335329075406
-257.2248979534213
-257.2767817347983
-257.3858459985354
-257.52130078055256
-257.6670519456716
-257.81453566769056
-257.9591092120981
-258.0981484126072
-258.23006382571333
-258.35378502806157
-258.46848969707304
-258.57345958901107
-258.6680019765508
-258.75140447958154
-258.82290648337397
-258.8816782477582
-258.9268028885219
-258.95725848707264
-258.9718986055488
-258.96942994197644
-258.94838600418893
-258.9070956362099
-258.8436450537337
-258.7558317558614
-258.6411082761301
-258.4965132002357
-258.31858618294905
-258.1032628067508
-257.84574399958814
-257.5403333335837
-257.180233849836
-256.7572773354593
-256.26167229047917
-255.68151671778506
-255.00237626461416
-254.20668906733124
-253.27309450308627
-252.1757129515988
-250.88349373094894
-249.35989754059648
-247.5634547426208
-245.45019950397648
-242.97961831437442
-240.12629577941368
-236.8989237633625
-233.36477106472373
-229.6693775679915
-226.03188975552172
-222.70011801776116
-219.87728138025938
-217.66329315567847
-216.04629611750786
-214.93855668346214
-214.22408644125045
-213.79260478669678
-213.5548787047545
-213.4451455391258
-213.41763965626785
-213.44163716036954
-213.4969794977344
-213.57063632402603
-213.65427058553655
-213.74258931802498
-213.8322557431819
-213.92118295213083
-214.00807980619373
-214.09216071559837
-214.1729608056728
-214.25021847459934
-214.32389977627787
-214.39377256810377
-214.45981325470038
-214.52223742215514
-214.5810245313586
-214.63623776610748
-214.68794904210998
-214.73623541447517
-214.78117683399182
-214.82285473165882
-214.8613604983531
-214.8967598392815
-214.929140197622
-214.9585830765483
-214.98516893626345
-215.00897718595863
-215.0300861558959
-215.04857306403903
-215.06451398294723
-215.07798380916023
-215.08905623571948
-215.0978037278604
-215.10429750166156
-215.10860750540624
-215.11080240338535
-215.110949561963
-215.10911503770387
-215.10536356756742
-215.09975856066745
-215.09236209203561
-215.08323489790092
-215.07243637256633
-215.06002456678823
-215.04605618760178
-215.03058659951787
-215.01366982704639
-214.99535855848026
-214.97570415088478
-214.95475663625172
-214.9325647287424
-214.90917583299353
-214.8846360534152
-214.85899020444285
-214.83228182169222
-214.80455317396616
-214.77584527607107
-214.7461979023954
-214.7156496012056
-214.68423770961542
-214.65199836918933
-214.61896654213066
-214.5851760280257
-214.5506594810946
-214.51544842791586
-214.4795732855865
-214.4430633802826
-214.40594696618754
-214.36825124475072
-214.33000238424682
-214.29122553961093
-214.25194487250926
-214.2121835716273
-214.17196387314362
-214.13130708136762
-214.09023358951262
-214.04876290058397
-214.00691364836615
-213.9647036184794
-213.9221497694898
-213.8792682540631
-213.83813119376873
-213.79250675672293
-213.74873416881988
-213.7046909361734
-213.66038949233354
-213.6158415709589
-213.57105823892195
-213.5260499303766
-213.48082647135348
-213.43539710044033
-213.38977048810773
-213.34395475575013
-213.29795749482398
-213.25178578621208
-213.20544621976092
-213.15894491396006
-213.11228753569412
-213.06547932002636
-213.01852508995813
-212.97142927616005
-212.92419593663303
-212.87682877630422
-212.8293311665345
-212.78170616454022
-212.7339565327287
-212.68608475794085
-212.63809307059842
-212.58998346376595
-212.54175771212454
-212.49341739084758
-212.44496389440673
-212.3963984552759
-212.34772216256485
-212.29893598056572
-212.25004076722212
-212.2010372925148
-212.15192625677506
-212.10270830892426
-212.05338406462474
-212.00395412437084
-211.9544190914929
-211.9047795900839
-211.85503628286264
-211.80518988894048
-211.75524120152664
-211.70519110553352
-211.6550405951145
-211.60479079110584
-211.55444295837955
-211.50399852310818
-211.4534590899271
-211.4028264589968
-211.35210264296654
-211.30128988380963
-211.25039066956333
-211.1994077509376
-211.14834415778955
-211.09720321548087
-211.04598856107287
-210.99470415940507
-210.9433543189933
-260.69375128730746
-260.7268382073372
-260.81362869314347
-260.9250749672726
-261.04579731250226
-261.1675483204041
-261.2858321143229
-261.39811874628765
-261.50290106016257
-261.599195791769
-261.6862785870067
-261.76354197429544
-261.83041774955655
-261.88633285762506
-261.9306823982894
-261.96281103171265
-261.9819980661011
-261.987443596604
-261.9782541315051
-261.9534266638192
-261.9118303711163
-261.85218518148025
-261.77303639298333
-261.67272440727936
-261.5493484449781
-261.40072285020443
-261.22432425551165
-261.0172274526823
-260.7760272833616
-260.49674320915904
-260.1747024322364
-259.8043965190433
-259.37930547403755
-258.89168223946547
-258.3322899435365
-257.6900623661522
-256.9518116825945
-256.1016702817705
-255.12069349933878
-253.98637059406252
-252.67226992117887
-251.14801596842574
-249.37999943605368
-247.3335031636487
-244.97728090709384
-242.29187457895247
-239.28258015726036
-235.99600036010554
-232.53469816954347
-229.0589925132233
-225.7645628761146
-222.83652551373095
-220.40031456444305
-218.49664072328738
-217.09064284225283
-216.10245833861245
-215.4385087313994
-215.01226705309256
-214.75330697895285
-214.60858798765125
-214.54008763607396
-214.5214078195013
-214.5346020773737
-214.56763987482694
-214.61253458086233
-214.66402259735304
-214.7186564431588
-214.77419250151914
-214.82927734944622
-214.8828131095773
-214.93429845623083
-214.98327074841285
-215.02970212641972
-215.0734143831395
-215.11435897548378
-215.15252967183022
-215.18794754468794
-215.22065115400667
-215.25069011337334
-215.2781208675099
-215.30300391740528
-215.32540199451446
-215.34537885806276
-215.36299850203227
-215.37832463194238
-215.39142031962976
-215.40234777567971
-215.4111681998675
-215.41794168345677
-215.42272714615135
-215.42558229639934
-215.42656360727935
-215.42572630337554
-215.42312435502737
-215.41881047788652
-215.41283613627883
-215.40525154938595
-215.39610569957765
-215.38544634242945
-215.37332001811626
-215.3597720639425
-215.34484662786394
-215.3285866828657
-215.31103404210674
-215.29222937476462
-215.27221222251202
-215.2510210165753
-215.22869309532732
-215.20526472238785
-215.18077110517257
-215.15524641387213
-215.12872380082828
-215.10123542026668
-215.07281244836807
-215.04348510364326
-215.01328266758824
-214.98223350559218
-214.95036508807738
-214.91770401184155
-214.88427602158694
-214.85010603160634
-214.81521814761365
-214.77963568869544
-214.74338120936
-214.70647652167074
-214.66894271744852
-214.63080019051793
-214.59206865898796
-214.5527671875475
-214.5129142097674
-214.47252755038554
-214.4316244475679
-214.39022157513443
-214.34833506472728
-214.30598052792692
-214.26317307828302
-214.21992735326936
-214.17625753614524
-214.13217737770634
-214.0877002179278
-214.04283900748516
-213.99760632914195
-213.95201441900608
-213.90607518762965
-213.85980024096835
-213.81320090117254
-213.76628822721537
-213.7190730353446
-213.6715659193658
-213.62377727072501
-213.57571729842002
-213.5273960486989
-213.4788234245743
-213.4300092051128
-213.38096306454435
-213.33169459112324
-213.28221330579436
-213.2325286806337
-213.1826501570572
-213.13258716378985
-213.08234913463866
-213.03194552597492
-212.98138583403127
-212.93067961191608
-212.879836486403
-212.8288661744688
-212.77777849957883
-212.7265834077347
-212.67529098324505
-212.62391146426722
-212.5724552580887
-212.52093295613432
-212.46935534875539
-212.4177334397182
-212.36607846049853
-212.31440188424423
-212.26271543959098
-212.2110311241123
-212.1593612176306
-212.10771829522562
-212.05611524001102
-212.00456525571371
-211.9530818789828
-211.90167899150688
-211.85037083191133
-211.79917200746127
-211.74809750554022
-211.69716270497636
-211.6463833871822
-211.59577567855024
-211.54535639192278
-211.49514240360782
-211.445151266143
-211.39540093591376
-211.3459098357703
-211.29669686533862
-211.24778141130486
-211.19918335765686
-211.1509230959144
-211.10302153541718
