27.586454362752598
28.240296059034115
28.877403893361343
29.497834651230562
30.101594238823342
30.68866228185866
31.25901022848965
31.812610524716362
32.349441288638594
32.86948873841025
33.37274850205345
33.85922636939799
34.32893876255646
34.78191306052986
35.21818784425803
35.63781309470785
36.0408503604503
36.42737290368786
36.79746583045311
37.15122620955966
37.48876318481029
37.810198085474084
38.1156645409212
38.405308606481185
38.679288909065995
38.93777682291797
39.18095668807868
39.40902608692994
39.622196197557344
39.82069224688771
40.00475409172544
40.17463696214655
40.33061240936582
40.47296950924097
40.602016382857826
40.718082106474256
40.821519098042245
40.91270604429931
40.99205148638003
41.05999807612456
41.11702747194766
41.1636656398232
41.200487957161435
41.22812284990191
41.2472515794728
41.258600143963626
41.26291728511816
41.26093137424827
41.25328110030864
41.24042423515398
41.22254657496646
41.19951068385853
41.17088137801516
41.13603068583313
41.09428103092303
41.04503019764636
40.987823992934295
40.92237620587551
40.84855407835638
40.76634898913298
40.675845354155754
40.57719383205448
40.47059051258044
40.35626167216315
40.23445298333005
40.10542202302532
39.96943312039907
39.82675382140863
39.67765245412831
39.5224050181801
39.36126779675037
39.19450320121338
39.02236158245456
38.845106638178365
38.66298867431806
38.47625332805162
38.2851413356479
38.08988834593493
37.89072476848137
37.68787564937004
37.48156056979577
37.27199356422037
37.05938305577583
36.84393180722048
36.62583688614691
36.40528964339302
36.18247570377048
35.957574968330256
35.73076162745418
35.50220418410741
35.27206548661864
35.040502770378254
34.807667707862734
34.573706466409725
34.33875977318169
34.10296298677116
33.86644617491342
33.62933419778811
33.3917467964057
33.1537986855908
32.915599651090695
32.67725465035408
32.43886391654319
32.20052306535932
31.962323204280725
31.724351043829817
31.486689010505224
31.249415361032842
31.01260429760809
30.776326083820724
30.540647160970828
30.305630264503222
30.07133454030447
29.837815660624777
29.605125939402797
29.373314446788548
29.142427122675116
28.912506889065256
28.68359376111389
28.455724956701488
28.22893500440728
28.00325584976415
27.778716959689557
27.5553454249989
27.333166060918604
27.112201505527395
26.892472316064122
26.67399706304986
26.45679242218121
26.24087326395994
26.02625274103227
25.81294237321769
25.600952130214978
25.39029051197857
25.180964626764556
24.972980266850957
24.766341981941753
24.561053150268567
24.35711604740823
24.15453191283746
23.953301014250112
23.753422709664658
23.55489550735247
23.357717123619878
23.16188453847866
22.96739404924173
22.77424132208207
22.582421441594075
22.391928958397816
22.202757934827222
22.014901988743883
21.82835433551888
21.643107828224693
21.45915499608008
21.276488081190315
21.095099073625462
20.914979744878302
20.73612167974449
20.558516306665883
20.382154926578185
20.207028740302885
20.03312887452399
19.860446406387695
19.688972386764227
19.518697862208807
19.34961389565886
19.18171158590368
19.014982085861487
18.849416619698847
18.685006498825533
18.521743136798232
18.359618063165158
18.198622936282376
18.038749555133332
17.879989870180516
17.722335993279298
17.56578020668143
17.41031497115735
17.25593293326284
17.10262693177829
16.95039000334558
16.799215387328186
16.64909652992033
16.50002708752862
16.352000929451282
16.20501213987823
16.059055019235913
15.914124084899166
15.770214071293834
15.627319929412243
15.485436825650371
15.344560140664303
15.204685466591616
15.065808604880353
14.927925563090565
14.791032551349701
14.655125978373723
14.520202447075636
14.386258749782128
14.253291863080028
