742.9968
1094.728951292733
1091.1592747981942
1087.7615725755427
1084.5167040695178
1081.4079359444122
1078.420612787832
1075.541863024189
1072.760353668531
1070.0660848910675
1067.4502167122837
1064.904921838034
1062.423259938542
1059.999069657556
1057.626875389709
1055.3018064444389
1053.0195428912039
1050.7762067808005
1048.568351201169
1046.3929040437606
1044.2471231366437
1042.1285593455957
1040.0350239169168
1037.9645595267002
1035.9154145801356
1033.8860203694746
1031.874970753757
1029.8809971750186
1027.9029797187582
1025.939892637393
1023.9908178312131
1022.054927009645
1020.1314715212856
1018.2197732984246
1016.3192167928288
1014.429241797846
1012.5493370638483
1010.679034623762
1008.8179047544684
1006.9655515074901
1005.1216087493628
1003.2857366581629
1001.4576186281137
999.6369585390438
997.8234783518377
996.0169159948899
994.2170235100574
992.4235654298083
990.6363173600084
988.8550647454134
987.0796017971924
985.3097305639334
983.5452601293666
981.7860059219327
980.031789122602
978.2824361590159
976.5377782750704
974.7976511663228
973.0618946726205
971.3303525202423
969.6028721067372
967.8793043223955
966.1595034029541
964.4433268088183
962.7306351265926
961.02137265533
959.3152970687491
957.61230173499
955.9122594911389
954.2150459891272
952.520539673073
950.8286217599563
949.1391762231312
947.4520897775809
945.7672518659936
944.0845546449617
942.4038929706707
940.7251643835526
939.0482690916103
937.3731099520193
935.699592450844
934.0276246807325
932.3571173164504
930.6879835882486
929.0201392530678
927.3535025635866
925.6879942352051
924.023537411034
922.3600576250074
920.6974827632291
919.0357430236812
917.3747708744452
915.7145010105762
914.0548703097624
912.3958177869252
910.7372845479292
909.0792137424833
907.421550516459
905.7642419636783
904.1072370773558
902.4504867012885
900.7939434809563
899.1375618145704
897.4812978042431
895.8251092073605
894.168955388217
892.5127972700382
890.856597287457
889.2003193394862
887.5439287431066
885.887392187485
884.230677688884
882.5737545463347
880.9165932980808
879.2591656788563
877.6014445780052
875.9434039985108
874.2850190168956
872.6262657440774
870.9671212871417
869.3075637120735
867.6475720074518
865.9871260491024
864.3208478847811
862.6642294758481
860.9973559172466
859.3396902590347
857.6759061946756
856.0123128480095
854.3481623988059
852.6793344399111
851.013870432939
849.3478718331819
847.6812588511816
846.0191024637576
844.3514704694265
842.6830516646886
841.0139495589374
839.3441581468938
837.6736691771849
836.0024745418423
834.330566364654
832.6579370119351
830.9845790968448
829.3104854804122
827.6356492700614
825.9600638162591
824.2837227077507
822.6066197657416
820.9287490372966
819.2501047882299
817.5706814956145
815.8904738400734
814.2094766979636
812.527685133536
810.8450943911394
809.1616998875288
807.4774972042934
805.7924820804819
804.1066504053999
802.4199982116321
800.7325216682797
799.0442170744545
797.3550808529757
795.6651095443486
793.9742998009648
792.2826483815479
790.5901521458513
788.8968080495767
787.2026131395443
785.5075645490804
783.8116594936366
782.1148952666101
780.417269235406
778.7187788376713
777.0194215777514
775.3191950233307
773.6180968022496
771.9306341105622
770.2323389021719
768.530351489097
766.8273120265129
765.1230466102211
763.4003522391482
761.6918863461892
759.9827936363878
758.2729517348066
756.5623472311237
754.8509562444426
753.1387588153655
751.4257381812548
749.7118801945222
747.997195246315
746.2816309748206
744.5651978852753
742.8478884986847
741.1296963262405
739.4105936862791
737.6906170144159
