-18.418843971653473
-19.196838360571245
-19.964594410405972
-20.72111785141646
-21.466188286343712
-22.199942622984626
-22.922681247391406
-23.63477350760016
-24.33661202661982
-25.028590969015923
-25.7110960082644
-26.38449997573126
-27.049161242243986
-27.70542339176443
-28.3536154862845
-28.99405258276391
-29.627036339252122
-30.25285563286512
-30.87178715340705
-31.484095955843348
-32.0900359635772
-32.68985041792627
-33.283772269848434
-33.87202450898455
-34.45482042284754
-35.03236377552842
-35.60484889025555
-36.17246061301418
-36.73537412418718
-37.29375455047811
-37.847756308006915
-38.39752207630524
-38.943181257076525
-39.48484770386372
-40.022616409727206
-40.55655869813131
-41.086715261668886
-41.61308612092794
-42.13561624433628
-42.65417525782735
-43.16852962957876
-43.678306578195695
-44.18295210836176
-44.68169349088803
-45.1735320925412
-45.65731489033243
-46.13194652252839
-46.596765998740686
-47.0519802156715
-47.498881039013355
-47.939596508277276
-48.37645772175512
-48.8113838994933
-49.245609759512895
-49.679761723419766
-50.11405472810764
-50.548501251826
-50.9830336961198
-51.41756921510972
-51.85203626730143
-52.2863819567516
-52.72057127218716
-53.15458372870522
-53.588409744556415
-54.02204755531186
-54.455500834173044
-54.88877694654007
-55.321885704966334
-55.75483849853421
-56.18764646782178
-56.62032417308598
-57.05288586007783
-57.48534308590715
-57.91770923874302
-58.349997524381756
-58.78222121601252
-59.214392381405645
-59.646523991257666
-60.07862829552998
-60.51071729837244
-60.942802754572746
-61.37489617074619
-61.807008809440674
-62.239151695175465
-62.671335621800104
-63.10357116075558
-63.53586866994986
-63.96823830305986
-64.40069001910523
-64.83323359218487
-65.26587862129901
-65.6986345401773
-66.13151062707607
-66.56451601444867
-66.99765969854752
-67.43095054880173
-67.86439731703007
-68.29800864642557
-68.7317930802932
-69.16575907053496
-69.59991498583922
-70.03426911958856
-70.46882969745793
-70.90360488468686
-71.33860279303853
-71.77383148742153
-72.20929899217556
-72.64501329701348
-73.08098236263025
-73.51721412596257
-73.95371650510539
-74.39049740389075
-74.82756471612441
-75.26492632949052
-75.70259012911468
-76.14056400080872
-76.57885583398462
-77.01747352424943
-77.45642497568872
-77.89571810284475
-78.33536083238482
-78.7753611044765
-79.21572687387757
-79.65646611073662
-80.09758680112004
-80.53909694725843
-80.98100456754335
-81.42331769625048
-81.86604438301565
-82.30919269206564
-82.75277070119868
-83.19678650053766
-83.6412481910483
-84.0861638828263
-84.53154169316961
-84.97738974442962
-85.4237161616582
-85.8705290700307
-86.31783659208071
-86.7656468447312
-87.21396793612628
-87.66280796227291
-88.11217500349602
-88.56207712071668
-89.0125223515322
-89.46351870613366
-89.91507416304893
-90.36719666471821
-90.81989411288806
-91.27317436386967
-91.72704522360925
-92.18151444263518
-92.63658971082636
-93.09227865205835
-93.54858881868671
-94.00552768590559
-94.46310264597199
-94.92132100230022
-95.38018996342784
-95.83971663687609
-96.29990802288715
-96.76077100806442
-97.22231235890007
-97.68453871522834
-98.14745658356613
-98.61107233040755
-99.07539217541795
-99.54042218457307
-100.00616826325329
-100.47263614928065
-100.93983140591978
-101.40775941485127
-101.87642536913555
-102.34583426615607
-102.81599090057622
-18.494001588317605
-19.266571883085184
-20.026589772302366
-20.77334629651588
-21.506816062454828
-22.227280036051408
-22.935153020421318
-23.630900843779457
-24.315001131345618
-24.987925174317393
-25.650129946190525
-26.30205495608937
-26.944121374699286
-27.576732200771453
-28.200272880384183
-28.815112101407312
-29.421602634332707
-30.020082161473777
-30.610874070001476
-31.194288199874972
-31.770621544839706
-32.340158907776924
-32.90317351294846
-33.459927578072715
-34.01067284920186
-34.55565110122526
-35.095094606636266
-35.629226574993076
-36.15826156530147
-36.68240587336009
-37.20185789593938
-37.7168084735043
-38.22744121305009
-38.7339327924982
-39.23645324796626
-39.73516624514184
-40.23022933587349
-40.72179420102033
-41.21000688051192
-41.69500799150579
-42.176932935458005
-42.65591209486415
-43.132071020377566
-43.60553060894855
-44.07640727359771
-44.54481310537848
-45.010855968420756
-45.47463989910755
-45.936264849970655
-46.39582710562893
-46.85341933809538
-47.30913073192907
-47.76304710424084
-48.21525102014657
-48.66582190395403
-49.11483614633692
-49.562367207752374
-50.00848571831051
-50.45325957431202
-50.896754031634146
-51.339031796069555
-51.78015311117683
-52.220175842843226
-52.65915556166301
-53.09714562313861
-53.534197245032054
-53.9703595827758
-54.40567910365136
-54.84020186970834
-55.27397131065315
-55.70702968551681
-56.13941605314665
-56.571168607250385
-57.00232405823067
-57.432917559751516
-57.86298277945675
-58.29255196193706
-58.721655986990015
-59.150324424685515
-59.57858558803532
-60.00646658367838
-60.43399362499775
-60.86119092439315
-61.28808264172033
-61.71469152138189
-62.1410393357267
-62.567146923851936
-62.99303423040865
-63.41872034362197
-63.84422353226601
-64.26956128146905
-64.6947503272933
-65.11980669007966
-65.54474570654938
-65.96958206070823
-66.39432981352195
-66.81900243143853
-67.24361281374996
-67.66817331883168
-68.09269578928216
-68.51719157599558
-68.94167156119052
-69.36614618042789
-69.79062544364301
-70.21511895519934
-70.63963593307214
-71.06418522706909
-71.48877533621973
-71.9134144253145
-72.33811034062836
-72.76287062487015
-73.18770253136526
-73.61261303752443
-74.03760885760148
-74.462696454788
-74.88788205265558
-75.31317164598484
-75.73857101099706
-76.1640857150231
-76.58972112561797
-77.01548241917175
-77.44137458900845
-77.86740245302408
-78.29357066086361
-78.71988370067824
-79.14634590546007
-79.57296145899878
-79.99973440146458
-80.42666863463756
-80.85376792680101
-81.28103591732894
-81.708476120959
-82.13609193178951
-82.56388662700843
-82.99186337036264
-83.42002521538843
-83.84837510841317
-84.27691589134525
-84.70565030425725
-85.13458098777768
-85.56371048530666
-85.99304124505504
-86.42257562192582
-86.85231587924932
-87.2822641903672
-87.71242264008829
-88.1427932260227
-88.57337785978714
-89.00417836811567
-89.4351964938501
-89.86643389684676
-90.2978921547844
-90.7295727638932
-91.1614771396007
-91.59360661710693
-92.02596245188936
-92.45854582014638
-92.89135781918438
-93.32439946773964
-93.7576717062673
-94.19117539716983
-94.624911324996
-95.0588801965876
-95.4930826412098
-95.92751921063781
-96.36219037921639
-96.79709654390787
-97.23223802430259
-97.66761506262819
-98.10322782373056
-98.53907639505267
-98.97516078659591
-99.41148093089112
-99.84803668294268
-100.28482782019191
-18.418843971653473
-19.196838360571245
-19.964594410405972
-20.72111785141646
-21.466188286343712
-22.199942622984626
-22.922681247391406
-23.63477350760016
-24.33661202661982
-25.028590969015923
-25.7110960082644
-26.38449997573126
-27.049161242243986
-27.70542339176443
-28.3536154862845
-28.99405258276391
-29.627036339252122
-30.25285563286512
-30.87178715340705
-31.484095955843348
-32.0900359635772
-32.68985041792627
-33.283772269848434
-33.87202450898455
-34.45482042284754
-35.03236377552842
-35.60484889025555
-36.17246061301418
-36.73537412418718
-37.29375455047811
-37.847756308006915
-38.39752207630524
-38.943181257076525
-39.48484770386372
-40.022616409727206
-40.55655869813131
-41.086715261668886
-41.61308612092794
-42.13561624433628
-42.65417525782735
-43.16852962957876
-43.678306578195695
-44.18295210836176
-44.68169349088803
-45.1735320925412
-45.65731489033243
-46.13194652252839
-46.596765998740686
-47.0519802156715
-47.498881039013355
-47.939596508277276
-48.37645772175512
-48.8113838994933
-49.245609759512895
-49.679761723419766
-50.11405472810764
-50.548501251826
-50.9830336961198
-51.41756921510972
-51.85203626730143
-52.2863819567516
-52.72057127218716
-53.15458372870522
-53.588409744556415
-54.02204755531186
-54.455500834173044
-54.88877694654007
-55.321885704966334
-55.75483849853421
-56.18764646782178
-56.62032417308598
-57.05288586007783
-57.48534308590715
-57.91770923874302
-58.349997524381756
-58.78222121601252
-59.214392381405645
-59.646523991257666
-60.07862829552998
-60.51071729837244
-60.942802754572746
-61.37489617074619
-61.807008809440674
-62.239151695175465
-62.671335621800104
-63.10357116075558
-63.53586866994986
-63.96823830305986
-64.40069001910523
-64.83323359218487
-65.26587862129901
-65.6986345401773
-66.13151062707607
-66.56451601444867
-66.99765969854752
-67.43095054880173
-67.86439731703007
-68.29800864642557
-68.7317930802932
-69.16575907053496
-69.59991498583922
-70.03426911958856
-70.46882969745793
-70.90360488468686
-71.33860279303853
-71.77383148742153
-72.20929899217556
-72.64501329701348
-73.08098236263025
-73.51721412596257
-73.95371650510539
-74.39049740389075
-74.82756471612441
-75.26492632949052
-75.70259012911468
-76.14056400080872
-76.57885583398462
-77.01747352424943
-77.45642497568872
-77.89571810284475
-78.33536083238482
-78.7753611044765
-79.21572687387757
-79.65646611073662
-80.09758680112004
-80.53909694725843
-80.98100456754335
-81.42331769625048
-81.86604438301565
-82.30919269206564
-82.75277070119868
-83.19678650053766
-83.6412481910483
-84.0861638828263
-84.53154169316961
-84.97738974442962
-85.4237161616582
-85.8705290700307
-86.31783659208071
-86.7656468447312
-87.21396793612628
-87.66280796227291
-88.11217500349602
-88.56207712071668
-89.0125223515322
-89.46351870613366
-89.91507416304893
-90.36719666471821
-90.81989411288806
-91.27317436386967
-91.72704522360925
-92.18151444263518
-92.63658971082636
-93.09227865205835
-93.54858881868671
-94.00552768590559
-94.46310264597199
-94.92132100230022
-95.38018996342784
-95.83971663687609
-96.29990802288715
-96.76077100806442
-97.22231235890007
-97.68453871522834
-98.14745658356613
-98.61107233040755
-99.07539217541795
-99.54042218457307
-100.00616826325329
-100.47263614928065
-100.93983140591978
-101.40775941485127
-101.87642536913555
-102.34583426615607
-102.81599090057622
-18.411837550695598
-19.19807976777403
-19.97452191932155
-20.739992995005483
-21.49421056879263
-22.237261927612877
-22.96940417017366
-23.690967413186634
-24.402308281694467
-25.103787870789223
-25.79576156476127
-26.478574568380377
-27.1525601656022
-27.818039261040298
-28.47532050791113
-29.124700688747012
-29.76646519017059
-30.400888497047678
-31.028234671300485
-31.64875779930874
-32.262702400129655
-32.87030378993734
-33.47178839857362
-34.067374032941345
-34.657270079504336
-35.241677634249385
-35.820789542668535
-36.39479032380101
-36.96385593978669
-37.5281533536571
-38.08783979002415
-38.64306157091226
-39.19395233446683
-39.74063034594955
-40.28319446291487
-40.82171809820494
-41.356240206869515
-41.88675188863451
-42.413176678423206
-42.93534217071493
-43.45294085016838
-43.965480290093765
-44.47223012835289
-44.97218979989968
-45.46412892838811
-45.94677791120229
-46.41922026546774
-46.881394611160985
-47.33440030983463
-47.78028954281678
-48.221405353878886
-48.65971797755077
-49.09652817966986
-49.532538119951305
-49.96804559989771
-50.40314486954302
-50.837842325257675
-51.272117814524684
-51.70595080819613
-52.13932908890636
-52.57224995988854
-53.00471882495765
-53.43674718895683
-53.86835083024955
-54.29954835134638
-54.73036010101483
-55.16080740528475
-55.590912031796364
-56.020695821291724
-56.450179235988585
-56.87938512838202
-57.30833551346049
-57.737049128036695
-58.16554579345181
-58.59384483136814
-59.02196494077013
-59.4499242175095
-59.87774017011199
-60.30542973502172
-60.73300960089741
-61.160494842123754
-61.587901273269594
-62.015243687542075
-62.442536400704626
-62.86979326501282
-63.29702768578532
-63.72425263920981
-64.15148069071468
-64.57872401359568
-65.00599440766496
-65.43330331781097
-65.86066185236008
-66.28808080120314
-66.71557065360699
-67.14314161569925
-67.57080362758242
-67.99856638000871
-68.42643933070504
-68.85443172018338
-69.28255258711404
-69.71081078322649
-70.1392149877115
-70.56777372112691
-70.99649535880273
-71.42538814372692
-71.85446019892603
-72.28371953933338
-72.71317408313439
-73.14283166261566
-73.57270003449845
-74.00278688978048
-74.43309986307223
-74.86364654146054
-75.29443447288573
-75.7254711740552
-76.1567641378949
-76.58832084055489
-77.02014874798046
-77.45225532204951
-77.88464802630229
-78.31733433126884
-78.7503217193949
-79.1836176896015
-79.61722976146248
-80.05116547903343
-80.48543241433009
-80.92003817046798
-81.35499038448637
-81.79029672984281
-82.22596491861407
-82.6620027033888
-83.09841787888404
-83.53521828327199
-83.97241179923995
-84.41000635478511
-84.84800992374747
-85.28643052609705
-85.72527622797324
-86.16455514148345
-86.60050743703248
-87.04516164892779
-87.48574202299052
-87.92679159422566
-88.36831847629863
-88.81033085465249
-89.25283696797962
-89.6958451034953
-90.13936359297796
-90.58340080917559
-91.02796516230477
-91.47306509655839
-91.91870908650507
-92.3649056333896
-92.81166326125364
-93.25899051292066
-93.70689594578577
-94.15538812743424
-94.60447563107972
-95.05416703081319
-95.50447089667084
-95.95539578951006
-96.4069502556947
-96.85914282160594
-97.31198198794947
-97.76547622388432
-98.21963396096918
-98.67446358691484
-99.12997343915396
-99.58617179824199
-100.04306688106271
-100.50066683387078
-100.95897972514892
-101.41801353829833
-101.87777616418138
-102.3382753934693
-102.79951890886761
-103.26151427717187
-103.72426894117342
-104.18779021145455
-104.65208525802842
-105.11716110185681
-105.58302460627989
-106.04968246830558
-106.51714120983041
-106.98540716876997
-107.45448649009808
-107.92438511686174
-108.3951087811028
-108.86666299477545
-109.33905304062725
-109.8122839630795
-110.28636055909716
-110.76128736911238
-111.23706866794487
-111.71370845582908
-112.19121044945712
-112.66957807317185
-113.1488144502127
-113.62892239414623
-18.411752331827394
-19.198072428224535
-19.974517636776856
-20.739990464030274
-21.494209927058638
-22.237261870294947
-22.969404449093968
-23.69096788014513
-24.40230884703085
-25.103788479594396
-25.79576218300189
-26.478575174705636
-27.152560746428826
-27.818039807547173
-28.47532101416174
-29.124701150483315
-29.76646560401253
-30.400888859942025
-31.02823498011988
-31.648758050546142
-32.26270258964388
-32.87030391272367
-33.47178844853156
-34.067374002619964
-34.65726995979995
-35.24167741403683
-35.82078920834186
-36.394789858700015
-36.963855323479805
-37.52815256102456
-38.087838790002884
-38.64306149751839
-39.19395227489095
-39.740630302649585
-40.28319443681118
-40.82171809004405
-41.356240217806906
-41.88675192009808
-42.413176731347306
-42.935342244158136
-43.452940939110746
-43.96548038236382
-44.472230201638396
-44.97218982244443
-45.464128870390766
-45.94677777083058
-46.41922009162586
-46.88139448177135
-47.33440026599547
-47.780289559777664
-48.22140538419352
-48.65971679689324
-49.0965293896546
-49.532538597299414
-49.968045872660205
-50.403145111853185
-50.83784255207794
-51.27211801407209
-51.70595097863235
-52.139329232449604
-52.57225007911118
-53.00471892210179
-53.436747266012524
-53.86835088826305
-54.2995483918988
-54.73036012572502
-55.1608074147343
-55.59091202684219
-56.02069580270185
-56.4501792073878
-56.87938508499988
-57.308335454938835
-57.73704906139032
-58.16554571614702
-58.5938447438874
-59.02196484356549
-59.44992411100488
-59.87774005470738
-60.3054296110932
-60.73300946920003
-61.16049470219425
-61.58790112582246
-62.015243532876006
-62.442536239100775
-62.8697930967371
-63.2970275110904
-63.72425245833519
-64.15148050388741
-64.57872382103152
-65.00599420957003
-65.43330311438024
-65.86066164378315
-66.28808058765992
-66.71557043527245
-67.14314139274146
-67.5708034001768
-67.99856614830466
-68.42643909486176
-68.8544314803558
-69.28255234345849
-69.71081053589639
-70.13921473686175
-70.56777346691253
-70.99649510138062
-71.42538788325538
-71.85445993556546
-72.28371927324639
-72.71317381448573
-73.14283139157207
-73.57269976122969
-74.0027866144551
-74.43309958586083
-74.86364626253136
-75.29443419240832
-75.72547089219219
-76.1567638548051
-76.58832055638936
-77.02014846288009
-77.4522550361431
-77.88464773970298
-78.31733404407272
-78.75032143167715
-79.18361740141277
-79.61722947282797
-80.05116518995113
-80.4854321247653
-80.92003788035714
-81.3549900937341
-81.79029643832293
-82.22596462616735
-82.66200240983153
-83.09841758400793
-83.53521798684426
-83.9724115010162
-84.41000605450567
-84.84800962115095
-85.28643022092189
-85.72527591996496
-86.1645548303989
-86.6005040258197
-87.04516282353627
-87.48574310281793
-87.92679258247166
-88.36831937724527
-88.81033167277356
-89.25283770778552
-89.69584576943689
-90.13936418939056
-90.5834013402374
-91.02796563202801
-91.4730655087682
-91.91870944485007
-92.36490594133167
-92.81166352207802
-93.25899072973844
-93.7068961215386
-94.15538826490184
-94.60447573288533
-95.05416709943255
-95.50447093443412
-95.95539579861071
-96.40695023819524
-96.85914277943944
-97.3119819229347
-97.76547613772364
-98.21963385525633
-98.67446346313652
-99.12997329870477
-99.58617164242126
-100.04306671108232
-100.50066665085642
-100.95897953014597
-101.41801333228527
-101.87777594805897
-102.33827516807565
-102.79951867497758
-103.26151403550037
-103.72426869238521
-104.187789956161
-104.65208499678995
-105.11716083519336
-105.58302433466598
-106.0496821921778
-106.51714092959155
-106.98540688478327
-107.45448620269946
-107.92438482635671
-108.39510848776995
-108.86666269886754
-109.33905274237358
-109.8122836626887
-110.28636025675577
-110.76128706498748
-111.23706836218973
-111.71370814857912
-112.1912101408331
-112.6695777632778
-113.1488141391453
-113.628922081986
-18.411837550695598
-19.19807976777403
-19.97452191932155
-20.739992995005483
-21.49421056879263
-22.237261927612877
-22.96940417017366
-23.690967413186634
-24.402308281694467
-25.103787870789223
-25.79576156476127
-26.478574568380377
-27.1525601656022
-27.818039261040298
-28.47532050791113
-29.124700688747012
-29.76646519017059
-30.400888497047678
-31.028234671300485
-31.64875779930874
-32.262702400129655
-32.87030378993734
-33.47178839857362
-34.067374032941345
-34.657270079504336
-35.241677634249385
-35.820789542668535
-36.39479032380101
-36.96385593978669
-37.5281533536571
-38.08783979002415
-38.64306157091226
-39.19395233446683
-39.74063034594955
-40.28319446291487
-40.82171809820494
-41.356240206869515
-41.88675188863451
-42.413176678423206
-42.93534217071493
-43.45294085016838
-43.965480290093765
-44.47223012835289
-44.97218979989968
-45.46412892838811
-45.94677791120229
-46.41922026546774
-46.881394611160985
-47.33440030983463
-47.78028954281678
-48.221405353878886
-48.65971797755077
-49.09652817966986
-49.532538119951305
-49.96804559989771
-50.40314486954302
-50.837842325257675
-51.272117814524684
-51.70595080819613
-52.13932908890636
-52.57224995988854
-53.00471882495765
-53.43674718895683
-53.86835083024955
-54.29954835134638
-54.73036010101483
-55.16080740528475
-55.590912031796364
-56.020695821291724
-56.450179235988585
-56.87938512838202
-57.30833551346049
-57.737049128036695
-58.16554579345181
-58.59384483136814
-59.02196494077013
-59.4499242175095
-59.87774017011199
-60.30542973502172
-60.73300960089741
-61.160494842123754
-61.587901273269594
-62.015243687542075
-62.442536400704626
-62.86979326501282
-63.29702768578532
-63.72425263920981
-64.15148069071468
-64.57872401359568
-65.00599440766496
-65.43330331781097
-65.86066185236008
-66.28808080120314
-66.71557065360699
-67.14314161569925
-67.57080362758242
-67.99856638000871
-68.42643933070504
-68.85443172018338
-69.28255258711404
-69.71081078322649
-70.1392149877115
-70.56777372112691
-70.99649535880273
-71.42538814372692
-71.85446019892603
-72.28371953933338
-72.71317408313439
-73.14283166261566
-73.57270003449845
-74.00278688978048
-74.43309986307223
-74.86364654146054
-75.29443447288573
-75.7254711740552
-76.1567641378949
-76.58832084055489
-77.02014874798046
-77.45225532204951
-77.88464802630229
-78.31733433126884
-78.7503217193949
-79.1836176896015
-79.61722976146248
-80.05116547903343
-80.48543241433009
-80.92003817046798
-81.35499038448637
-81.79029672984281
-82.22596491861407
-82.6620027033888
-83.09841787888404
-83.53521828327199
-83.97241179923995
-84.41000635478511
-84.84800992374747
-85.28643052609705
-85.72527622797324
-86.16455514148345
-86.60050743703248
-87.04516164892779
-87.48574202299052
-87.92679159422566
-88.36831847629863
-88.81033085465249
-89.25283696797962
-89.6958451034953
-90.13936359297796
-90.58340080917559
-91.02796516230477
-91.47306509655839
-91.91870908650507
-92.3649056333896
-92.81166326125364
-93.25899051292066
-93.70689594578577
-94.15538812743424
-94.60447563107972
-95.05416703081319
-95.50447089667084
-95.95539578951006
-96.4069502556947
-96.85914282160594
-97.31198198794947
-97.76547622388432
-98.21963396096918
-98.67446358691484
-99.12997343915396
-99.58617179824199
-100.04306688106271
-100.50066683387078
-100.95897972514892
-101.41801353829833
-101.87777616418138
-102.3382753934693
-102.79951890886761
-103.26151427717187
-103.72426894117342
-104.18779021145455
-104.65208525802842
-105.11716110185681
-105.58302460627989
-106.04968246830558
-106.51714120983041
-106.98540716876997
-107.45448649009808
-107.92438511686174
-108.3951087811028
-108.86666299477545
-109.33905304062725
-109.8122839630795
-110.28636055909716
-110.76128736911238
-111.23706866794487
-111.71370845582908
-112.19121044945712
-112.66957807317185
-113.1488144502127
-113.62892239414623
-114.10990440039781
-18.411752331827394
-19.198072428224535
-19.974517636776856
-20.739990464030274
-21.494209927058638
-22.237261870294947
-22.969404449093968
-23.69096788014513
-24.40230884703085
-25.103788479594396
-25.79576218300189
-26.478575174705636
-27.152560746428826
-27.818039807547173
-28.47532101416174
-29.124701150483315
-29.76646560401253
-30.400888859942025
-31.02823498011988
-31.648758050546142
-32.26270258964388
-32.87030391272367
-33.47178844853156
-34.067374002619964
-34.65726995979995
-35.24167741403683
-35.82078920834186
-36.394789858700015
-36.963855323479805
-37.52815256102456
-38.087838790002884
-38.64306149751839
-39.19395227489095
-39.740630302649585
-40.28319443681118
-40.82171809004405
-41.356240217806906
-41.88675192009808
-42.413176731347306
-42.935342244158136
-43.452940939110746
-43.96548038236382
-44.472230201638396
-44.97218982244443
-45.464128870390766
-45.94677777083058
-46.41922009162586
-46.88139448177135
-47.33440026599547
-47.780289559777664
-48.22140538419352
-48.65971679689324
-49.0965293896546
-49.532538597299414
-49.968045872660205
-50.403145111853185
-50.83784255207794
-51.27211801407209
-51.70595097863235
-52.139329232449604
-52.57225007911118
-53.00471892210179
-53.436747266012524
-53.86835088826305
-54.2995483918988
-54.73036012572502
-55.1608074147343
-55.59091202684219
-56.02069580270185
-56.4501792073878
-56.87938508499988
-57.308335454938835
-57.73704906139032
-58.16554571614702
-58.5938447438874
-59.02196484356549
-59.44992411100488
-59.87774005470738
-60.3054296110932
-60.73300946920003
-61.16049470219425
-61.58790112582246
-62.015243532876006
-62.442536239100775
-62.8697930967371
-63.2970275110904
-63.72425245833519
-64.15148050388741
-64.57872382103152
-65.00599420957003
-65.43330311438024
-65.86066164378315
-66.28808058765992
-66.71557043527245
-67.14314139274146
-67.5708034001768
-67.99856614830466
-68.42643909486176
-68.8544314803558
-69.28255234345849
-69.71081053589639
-70.13921473686175
-70.56777346691253
-70.99649510138062
-71.42538788325538
-71.85445993556546
-72.28371927324639
-72.71317381448573
-73.14283139157207
-73.57269976122969
-74.0027866144551
-74.43309958586083
-74.86364626253136
-75.29443419240832
-75.72547089219219
-76.1567638548051
-76.58832055638936
-77.02014846288009
-77.4522550361431
-77.88464773970298
-78.31733404407272
-78.75032143167715
-79.18361740141277
-79.61722947282797
-80.05116518995113
-80.4854321247653
-80.92003788035714
-81.3549900937341
-81.79029643832293
-82.22596462616735
-82.66200240983153
-83.09841758400793
-83.53521798684426
-83.9724115010162
-84.41000605450567
-84.84800962115095
-85.28643022092189
-85.72527591996496
-86.1645548303989
-86.6005040258197
-87.04516282353627
-87.48574310281793
-87.92679258247166
-88.36831937724527
-88.81033167277356
-89.25283770778552
-89.69584576943689
-90.13936418939056
-90.5834013402374
-91.02796563202801
-91.4730655087682
-91.91870944485007
-92.36490594133167
-92.81166352207802
-93.25899072973844
-93.7068961215386
-94.15538826490184
-94.60447573288533
-95.05416709943255
-95.50447093443412
-95.95539579861071
-96.40695023819524
-96.85914277943944
-97.3119819229347
-97.76547613772364
-98.21963385525633
-98.67446346313652
-99.12997329870477
-99.58617164242126
-100.04306671108232
-100.50066665085642
-100.95897953014597
-101.41801333228527
-101.87777594805897
-102.33827516807565
-102.79951867497758
-103.26151403550037
-103.72426869238521
-104.187789956161
-104.65208499678995
-105.11716083519336
-105.58302433466598
-106.0496821921778
-106.51714092959155
-106.98540688478327
-107.45448620269946
-107.92438482635671
-108.39510848776995
-108.86666269886754
-109.33905274237358
-109.8122836626887
-110.28636025675577
-110.76128706498748
-111.23706836218973
-111.71370814857912
-112.1912101408331
-112.6695777632778
-113.1488141391453
-113.628922081986
-114.10990408721527
-18.424177832715646
-19.191669328079314
-19.94858023065806
-20.69402590660273
-21.427860052279406
-22.150276792327524
-22.861625052916892
-23.562317295805077
-24.25278511173474
-24.9334580201321
-25.604753711590494
-26.267073896868336
-26.92080287351581
-27.566307384077817
-28.20393706456889
-28.834025140277394
-29.456889202654434
-30.072831987787865
-30.682142119199586
-31.285094797910745
-31.881952432017034
-32.47296520180199
-33.058371557379594
-33.638398645172195
-34.21326265773086
-34.78316909860161
-35.34831294995919
-35.90887872525909
-36.465040381583684
-37.01696105583238
-37.56479257413326
-38.10867466304839
-38.64873376158879
-39.1850812911715
-39.717811181241785
-40.24699834742545
-40.77268624829303
-41.29489067962339
-41.81358330335896
-42.32867994834317
-42.84002251917365
-43.34735523351901
-43.85029524819364
-44.34830052087568
-44.840644003798545
-45.32641474387739
-45.804582320278456
-46.274170986367736
-46.7345664909018
-47.18588947412757
-47.62923841890023
-48.06657287724473
-48.500211387673964
-48.93221878807542
-49.36403652740924
-49.796428730283246
-50.22966855426328
-50.663748427402695
-51.098540770104734
-51.533890188634906
-51.969655522111026
-52.405723563902534
-52.84200957860399
-53.27845293860278
-53.715011771358405
-54.15165814183399
-54.58837420716579
-55.025149322851824
-55.461976706883924
-55.89885612355435
-56.33578809660744
-56.77277550630766
-57.20982059202517
-57.646928133161836
-58.08410337852955
-58.521352019046596
-58.9586800812685
-59.39609384697457
-59.83359979447344
-60.271204555602345
-60.70891488404255
-61.14673763176762
-61.584679731392065
-62.022748182778265
-62.46095004279546
-62.899292417401604
-63.337782455476564
-63.77642734398734
-64.21523430418922
-64.65421058863814
-65.09336347878723
-65.53270028320804
-65.97222833610299
-66.41195499619643
-66.8518876458795
-67.29203369055482
-67.73240055813699
-68.17299569866778
-68.61382658401327
-69.05490070760494
-69.49622558420855
-69.9378087496795
-70.37965776070168
-70.82178019448205
-71.26418364837431
-71.70687573943597
-72.1498641038927
-72.59315639650309
-73.03676028980661
-73.48068347325825
-73.92493365223318
-74.36951854689568
-74.81444589093398
-75.2597234301476
-75.70535892088928
-76.15136012835853
-76.59773482473955
-77.04449078719742
-77.4916357957037
-77.93917763072461
-78.38712407074667
-78.83548288965419
-79.28426185394959
-79.73346871982925
-80.18311123011091
-80.63319711100705
-81.0837340687626
-81.53472978615056
-81.98619191881737
-82.43812809151088
-82.89054589415302
-83.34345287780758
-83.7968565504977
-84.25076437292296
-84.70518375402987
-85.1601220464995
-85.61558654210211
-86.07158446694851
-86.52812297664462
-86.9852091513436
-87.44284999070636
-87.9010524087747
-88.35982322875661
-88.81916917774343
-89.2790968813335
-89.7396128582236
-90.2007235146991
-90.66243513910075
-91.12475389622078
-91.58768582167481
-92.05123681622528
-92.51541264007822
-92.98021890715205
-93.44566107936335
-93.9117444608612
-94.37847419228521
-94.84585524505167
-95.31389241561416
-95.78259031979734
-96.25195338712871
-96.72198585523526
-97.19269176429648
-97.66407495154803
-98.1361390458733
-98.60888746245945
-99.0823233975823
-99.55644982344784
-100.031269483202
-100.50678488602459
-100.98299830237876
-101.459911759419
-101.93752703653091
-102.4158456610702
-102.89486890428105
-103.37459777737762
-103.85503302788638
-104.33617513614259
-104.81802431207635
-105.30058049219645
-105.78384333684441
-106.26781222769287
-106.75248626556828
-107.23786426847482
-107.72394477000908
-108.21072601798593
-108.69820597348028
-109.1863823100891
-109.67525241362199
-110.16481338208135
-110.65506245782838
-111.14599486853545
-111.63760814913005
-112.12989782094532
-112.62285955549788
-113.1164887441454
-113.6107805006844
-114.10572966439751
-114.60133080342986
-115.09757821867196
-115.59446594792486
