152.05142
151.9960921554441
151.9121734506298
151.82153982829817
151.72923253906788
151.63783520803804
151.54865709736166
151.4623397948177
151.37917782059324
151.2992880219075
151.22269909810146
151.14939898063614
151.0793600060838
151.01255242098037
150.9489517936366
150.8885432880804
150.83132437373294
150.77730681738046
150.7265184232706
150.67900479015427
150.6348312551278
150.5940851481764
150.5568784649558
150.52335106645344
150.49367452699187
150.46805677382687
150.44674769181395
150.43004590544112
150.41830699886881
150.41195349339395
150.41148697136924
150.41750281504144
150.43070811357217
150.4519433706306
150.48220869426137
150.52269512228898
150.57482375665117
150.64027963913597
150.72107077528904
150.81956730056805
150.93854295324465
151.08119061455173
151.2510837169678
151.4520314993093
151.68774554684526
151.96120257486436
152.27358038108235
152.62272373609244
153.00136430105596
153.39582159752024
153.78641014885494
154.1505689984887
154.46821563731598
154.7268421302988
154.92358785602238
155.0636498180966
155.1567023573021
155.2135095862268
155.24379535526896
155.25537922862333
155.25411450931242
155.24418700444488
155.22850328047085
155.20904378164374
155.18714176610902
155.16368811023278
155.13927547530074
155.1142972326075
155.08901427717748
155.06358660865118
155.0381524253612
155.01277761427005
154.98752889300337
154.96241591381698
154.93747038029207
154.91270820542312
154.8881401012619
154.8637732894742
154.8396126246969
154.81566133563462
154.79192151637045
154.7683944540398
154.74508084901257
154.72198096427806
154.69909472803616
154.6764218052542
154.6539616485358
154.6317135351194
154.609676594499
154.587849829644
154.5662321337846
154.544822304075
154.5236190530275
154.50262101827337
154.48182677107707
154.46123482386625
154.44084363696498
154.4206516246666
154.40065716073806
154.3808585834275
154.3612542000277
154.34184229103698
154.3226211139497
154.30358890670473
154.28474389081475
154.26608427419748
154.24760825372607
154.22931401751515
154.21119974695972
154.1932636185365
154.175503805386
154.15791847868263
154.14050580880868
154.1232639663381
154.1061911228455
154.0892854515468
154.07254512778158
154.05596832934526
154.0395532366818
154.0232980329416
154.00720090391513
153.99126003784778
153.97547362514368
153.9598398579643
153.94435692973
153.9290230345286
153.91383636643772
153.8987951187665
153.88389748322282
153.86914164900932
153.85452580185478
153.84004812298573
153.82570678804134
153.81149996593751
153.7974258176847
153.78348249516105
153.76966813984853
153.75598088153276
153.74241883697124
153.72898010853524
153.7156627828255
153.70246492926776
153.68938459869045
153.67641982188695
153.6635686081669
153.65082894389826
153.63819879104275
153.6256760856888
153.6132587365838
153.60094462366627
153.58873159660507
153.5766174733422
153.56460003864683
153.55267704267888
153.5408461995662
153.52910518599523
153.51745163982193
153.5058831586979
153.4943972987186
153.48299157309253
153.471663450838
153.4604103554973
153.4492296638863
153.4381187048631
153.42707475813174
153.41609505307292
153.40517676760493
153.394317027078
153.38351290319704
153.3727614129817
153.3620595177557
153.35140412216913
153.34079207325848
153.3302201595329
153.31968511010083
153.30918359382113
153.29871221849618
153.2882675300836
153.27784601195253
153.2674440841565
153.25705810274118
153.2466843590795
153.23631907922416
153.22595842329267
153.21559848486504
153.20523529040565
153.1948647986935
153.1844829002758
153.17408541692222
153.16366810108929
153.1532266465216
153.14275663336477
153.1322536333385
153.12171310694185
153.11113045197868
153.10050099365273
153.0898199839672
153.07908260108843
153.06828394868288
153.05741905520887
