6.707398680096844
6.0285132592844475
5.63370104513547
5.375924204494137
5.2098131182915335
5.117726694765674
5.088519126369347
5.1129030291401145
5.18272510999113
5.290877213519521
5.431210492466259
5.598402543940704
5.787813116662527
5.995355980551971
6.217398481186679
6.450689713166945
6.692312892220965
6.9396555291708335
7.190390973882776
7.4424658729898105
7.694089480699125
7.943722204617607
8.190062035304132
8.432028490963399
8.668744357529656
8.899515918565832
9.12381245407321
9.341245811034057
9.55155070268746
9.754566247553639
9.95021905407999
10.138508138603434
10.31949122602683
10.493273475077178
10.659997314907564
10.819833942731945
10.972976172550064
11.119632465478812
11.26002198827605
11.394370556204912
11.52290732941257
11.645862146499532
11.763463393747209
11.875936322177852
11.983501737269211
12.086374997483041
12.184765267369022
12.278874980174146
12.368899471369794
12.455026751465635
12.537437391440188
12.61630449854446
12.69178605102581
12.764056634668343
12.833258682313259
12.899536590102228
12.963027893037966
13.0238635378677
13.082168142734185
13.138060252407495
13.191652591713087
13.243052317138135
13.292361265496355
13.339676198472699
13.385089041722905
13.428687117645344
13.470553370893706
13.510766586154173
13.549401597890707
13.58652949143478
13.622217795866302
13.65653066811204
13.689529068678066
13.721270929034391
13.751811310859436
13.781202557332545
13.8094944367425
13.836734278711013
13.86296710326706
13.888235743117356
13.912580959374733
13.936041551033929
13.958654458530525
13.980454861673486
14.001476272163965
14.021750621035089
14.04130834130325
14.060178446054326
14.07838860213256
14.09596519984621
14.11293341875225
14.12931728983548
14.145139754200542
14.160422718558058
14.175187107648037
14.189452913785278
14.203239243604484
14.216564362367583
14.229445735757727
14.241900069421645
14.253943346375273
14.265590862356033
14.276857259312067
14.28775655703977
14.298302183177567
14.308507001562605
14.318383339102288
14.327943011204797
14.337197345914761
14.346157206734373
14.354833014263857
14.363234766756849
14.371372059577876
14.379254103652626
14.386889743008135
14.394287471400455
14.401455448077947
14.408401512812285
14.415133200096852
14.421657752692294
14.427982134487129
14.4341130427287
14.440056919614085
14.445819950167909
14.451408133099749
14.456827202103034
14.462082679335373
14.467179883896902
14.47212393984475
14.476919784024204
14.48157217363074
14.486085693518586
14.49046476320619
14.494713643586001
14.498836443380851
14.502837125253622
14.506719511727338
14.510487290770289
14.514144021175584
14.517693137698496
14.521137955943367
14.524481677058787
14.527727392211853
14.53087808687622
14.533936644924834
14.53690585253763
14.539788401958843
14.542586895073132
14.545303846840222
14.547941688586224
14.550502771143575
14.552989367861418
14.555403677486796
14.557747826937332
14.560023873944424
14.562233809604152
14.564379560799724
14.566462992527113
14.568485910154418
14.570450061569401
14.572357139222316
14.574208782111324
14.576006577696878
14.577752063698732
14.579446729868504
14.581092019659083
14.582689331832336
14.584240022035404
14.5857454042655
14.587206752325548
14.588625301176483
14.590002248297502
14.591338754920969
14.592635947290898
14.593894917819224
14.595116726235585
14.596302400673148
14.59745293872024
14.598569308425818
14.5996524492816
14.600703273166983
14.601722665232504
14.602711484797181
14.60367056615916
14.604600719418784
14.6055027312676
14.606377365716149
14.60722536483791
14.608047449462536
14.60884431983926
14.609616656298899
14.610365119876082
14.611090352914193
14.61179297964412
14.612473606756962
14.613132823943436
14.613771204414896
14.61438930541167
14.614987668697472
