5.0
3.7364036063155543
3.6707629628453238
3.643875078863135
3.639190310958544
3.647262349745779
3.6626516332164933
3.6822144330887685
3.7041351983600115
3.727368785821908
3.7513159614176055
3.7756342503367817
3.8001280034527096
3.824684887280637
3.8492394871437488
3.873752645160864
3.8981998541782965
3.92256481305384
3.946835891083617
3.9710042116478386
3.9950626242100165
4.019005155584715
4.042826714720185
4.066522928485051
4.090090043398688
4.113524859715874
4.136824681220228
4.159987272966281
4.183010823680251
4.2058939116793
4.228635474042998
4.2512347790489695
4.273691401866588
4.296005203378882
4.318176311857001
4.340205107102757
4.3620922065847845
4.383838453092572
4.405444903417226
4.426912817636871
4.448243648632814
4.469439031553455
4.490500773016363
4.511430839912338
4.532231347759029
4.5529045485958735
4.573452818469505
4.593878644589028
4.614184612262615
4.6343733917347
4.654447725049445
4.674410413079535
4.694264302834567
4.7140122751632
4.733657232962982
4.753202089963837
4.772649760183461
4.792003148083709
4.811265139496273
4.830438593322226
4.8495263340319905
4.868531144965119
4.887455762412769
4.906302870472484
4.925075096644562
4.943775008131609
4.962405108809813
4.980967836824073
4.999465562762281
5.017900588362038
5.0362751457003085
5.054591396825097
5.072851433767068
5.09105727890757
5.109210885639467
5.127314139291206
5.145368858275158
5.1633767954195955
5.181339639451585
5.199259016612086
5.21713649235922
5.234973573147949
5.252771708259099
5.2705322916617465
5.28825666388932
5.305946113916357
5.32360188102615
5.341225156654853
5.358817086206112
5.3763787708287945
5.393911269150929
5.4114155989691595
5.428892738882203
5.446343629880685
5.46376917687148
5.481170250155963
5.498547686849307
5.5159022922420355
5.533234841112192
5.550546078980575
5.567836723313401
5.585107464674487
5.602358967830465
5.6195918728022
5.636806795877834
5.654004330574112
5.6711850485605355
5.688349500541106
5.705498217095875
5.722631709486679
5.73975047042886
5.756854974822937
5.7739456804638385
5.791023028708971
5.808087445124801
5.8251393401005975
5.842179109437829
5.859207134913466
5.876223784817515
5.893229414471851
5.910224366721886
5.927208972408557
5.944183550823566
5.961148410137283
5.978103847824436
5.995050151048317
6.011987597049654
6.028916453509483
6.045836978898234
6.062749422808928
6.079654026279313
6.096551022099341
6.113440635102384
6.130323082448525
6.14719857389611
6.164067312056383
6.180929492644613
6.197785304714904
6.2146349308882645
6.231478547569514
6.248316325156054
6.265148428236172
6.281975015782219
6.298796241329893
6.31561225315701
6.332423194447109
6.349229203455138
6.366030413654356
6.382826953888174
6.399618948509665
6.416406517515309
6.433189776673299
6.449968837649527
6.466743808122493
6.483514791898304
6.500281889018807
6.51704519586465
6.5338048052536335
6.550560806538221
6.56731328569633
6.584062325413908
6.600808005176618
6.6175504013434905
6.634289587229239
6.651025633175103
6.6677586066200085
6.684488572172367
6.701215591673021
6.717939724261279
6.734661026434416
6.751379552108879
6.76809535267578
6.7848084770606505
6.801518971772227
6.818226880958583
6.834932246458314
6.851635107847943
6.868335502493757
6.885033465598382
6.90172903024681
6.918422227454252
6.9351130862094434
6.951801633521921
6.9684878944653486
6.98517189221901
7.001853648116685
7.018533181685394
7.035210510691164
7.051885651181648
7.068558617528877
7.085229422473641
7.10189807716798
7.118564591220197
7.135228972736878
7.151891228368497
7.168551363355886
7.185209381569978
7.201865285562833
7.218519076610705
