384542.8587
184592.04557972014
187511.75201343873
190356.73316189155
193132.70440316433
195844.42180111326
198495.87023690576
201090.41544524638
203630.92612941648
206119.87213145723
208559.40337795985
210951.41333682826
213297.58996293016
215599.45652202918
217858.40422017153
220075.71819922092
222252.57815784638
224390.13360642234
226489.46097707012
228551.5881068486
230577.5042409019
232568.165986978
234524.50184866862
236447.41563844358
238337.78901432
240196.48333704987
242024.34100615367
243822.18516333454
245590.8252883599
247331.0502075726
249043.6333403611
250729.33163234245
252388.88567122605
254023.01976543976
255632.44200678798
257217.84433232775
258779.9025961077
260319.27665780508
261836.6104925569
263332.5323241799
264807.65478239185
266262.57508350705
267697.87523326726
269114.1222499306
270511.86840539676
271891.6514819817
273253.99504240067
274599.4087105502
275928.3884607789
277241.4169134884
278538.96363507654
279821.4854404195
281089.4266962877
282343.21962428896
283583.2846021133
284810.0304620437
286023.8547858465
287225.14419533126
288414.2746379882
289591.6116672513
290757.51071702014
291912.3173702138
293056.36762115447
294189.98813170363
295313.4964810962
296427.1491348065
297531.30201089795
298626.2467954426
299712.26683131524
300789.63756604126
301858.62676089583
302919.49469488516
303972.49436382286
305017.8716745297
306055.86563425907
307086.7085354213
308110.62613571173
309127.8378337294
310138.5568402136
311142.9903449772
312141.33967966074
313133.80047640204
314120.56282252364
315101.81141133007
316077.72568911914
317048.4799984928
318014.24371804943
318975.1813985485
319931.452895633
320883.2134991716
321830.614059304
322773.8011092691
323712.91698507126
324648.0999420525
325579.4842684539
326507.20039600553
327431.3750076178
328352.13114224136
329269.58829693834
330183.8625262384
331095.06653881876
332003.3097915923
332908.6985812234
333811.3361331546
334711.3226881856
335608.75558665587
336503.7293502969
337396.3357617868
338286.663942074
339174.800425518
340060.8292329001
340944.8319423381
341826.88775818585
342707.0735779348
343585.4640571921
344462.1316727594
345337.1467838874
346210.57769172883
347082.49069704954
347952.9501562429
348822.0185356845
349689.7564644807
350556.2227856569
351423.3960463854
352285.7191571982
353150.5250088817
354010.6699421637
354871.89672759146
355731.88835329225
356591.0169454339
357450.7275177881
358308.1272811785
359164.73456790386
360020.6061715086
360873.87040315697
361728.3565671421
362582.26256447105
363435.6051257283
364288.4181758363
365140.7353550218
365992.58949632104
366844.0125831402
367695.0357330611
368545.6891908566
369396.00232812075
370246.00364786695
371095.7207928122
371945.1805564035
372794.40889582154
373643.43094639643
374492.27103701554
375340.9527061662
376189.498718371
377037.93108082726
377886.2710600922
378734.53919871274
379582.7553317084
380430.93860284914
381279.1074806901
382127.2797743095
382975.4726487486
383823.7026401266
384671.98567042174
385520.3370619063
386368.7715512472
387217.30330326536
388065.9459243441
388914.71247551375
389763.61548519327
390612.6669616147
391461.87840492075
392311.2608189532
393160.8247227293
394010.5801616251
394860.53671826044
395710.703523105
396561.0892648032
397411.7022002225
398258.4323076602
399107.3864822086
399957.3538916824
400807.791693732
401658.70983142697
402515.0745546989
403368.4860078248
404221.9528233572
405075.55646165926
405929.3301575291
406783.3009551065
407637.4908002651
408491.9176129212
409346.59610510746
410201.5325752193
411056.7465552725
411912.2431110183
412768.0290494895
413624.11000014056
414480.49643366935
415337.1826196873
