122238.334584
122542.11883789314
122916.09599749252
123329.12979465115
123761.73338212898
124203.49744326952
124648.95183298935
125095.2438211583
125540.9081788983
125985.21613079746
126427.8309679637
126868.62615208465
127307.58956043591
127744.77344213816
128180.26868260077
128614.19205375631
129046.68047123349
129477.88911502011
129907.99177804776
130337.18261298724
130765.67888311946
131193.72456456657
131621.59478821926
132049.60120112813
132478.09839580744
132907.4916186307
133338.2460334793
133770.89789181788
134206.06804965212
134644.47837992632
135086.97175907932
135534.53645974453
135988.33595490054
136449.74531939797
136920.39557141322
137402.22735965304
137897.5556088407
138409.14401911217
138940.29129692295
139494.92216153303
140077.67205412014
140693.94101740798
141349.86862256652
142052.1436234279
142807.50529276027
143621.725841362
144497.8253033746
145433.37076545926
146417.14323815724
147426.36339276354
148426.7175210573
149377.3584112561
150240.50880852633
150991.38194928278
151622.95704491733
152143.74430201057
152571.3335690916
152925.8933273095
153225.92041159625
153486.41853930632
153718.67515057916
153930.78387513093
154128.3708490215
154315.26897031872
154494.0555689847
154666.44916335828
154833.58956598744
154996.23035765204
155154.86897034443
155309.8447118598
155461.3635471512
155609.5669322395
155754.5384323977
155896.3548180708
156035.06618230924
156170.7016104104
156303.28248509925
156432.82515699632
156559.34275436448
156682.84638475702
156803.34592555257
156920.85053826444
157035.36899824344
157146.90990156413
157255.48179062936
157361.09322624785
157463.75282471732
157563.46927223494
157660.25132482298
157754.1077991888
157845.04755804234
157933.07949255282
158018.2125027036
158100.45547761087
158179.81727567298
158256.3067052768
158329.9325062892
158400.70333247288
158468.6277349347
158533.71414665203
158595.9708680857
158655.40605389298
158712.02770071413
158765.84363602242
158816.8615080124
158865.0887764836
158910.53270470962
158953.20035225162
158993.09856868675
159030.23398822095
159064.6130251588
159096.24187020733
159125.12648755868
159151.2726127738
159174.6857513873
159195.37117823775
159213.3339374964
159228.57884336435
159241.1104814108
159250.9332105414
159258.0511655639
159262.46826033865
159264.1881914833
159263.21444262043
159259.5502891442
159253.19880348988
159244.16286088226
159232.44514555283
159218.04815740016
159200.97421908326
159181.2254835262
159158.80394181673
159133.71143149235
159105.9496451806
159075.52013959555
159042.42434486045
159006.66357415306
158968.23903364944
158927.15183275018
158883.4029945834
158836.99346675962
158787.92413236471
158736.19582118213
158681.80932111587
158624.76538981555
158565.0647664688
158502.70818376256
158437.69637998563
158370.0301112591
158299.7101638803
158226.737366763
158151.1126039536
158072.8368272096
157991.91106861847
157908.3364532563
157822.1142118323
157733.245693343
157641.7323776927
157547.57588826105
157450.77800441714
157351.3406739427
157249.26602534924
157144.55638008608
157037.21426459344
156927.2424222057
156814.6438248669
156699.4216846558
156581.57946508582
156461.1208921667
156338.04996521832
156212.3709673941
156084.08847591988
155953.2073720155
155819.7328504756
155683.67042891556
155545.02595662078
155403.8056230408
155260.01596583426
155113.6638785423
154964.75661777172
154813.30180995085
154659.30745760398
154502.7819451335
154343.73404410083
154182.17291799217
154018.10812643898
153851.54962890781
153682.50778782056
153510.9933711097
153337.01755418538
153160.5900998349
152981.72847316597
152800.4395988558
152616.73811945954
152430.63725613797
152242.15063662129
152051.29229279558
151858.07665768743
151662.51856178563
151464.63322872264
