26.03714
25.80367482247647
25.760732070665508
25.725673334200064
25.694675268192974
25.665758857530435
25.63789165713054
25.610539639152606
25.58343139193481
25.556434049894637
25.529488037884427
25.502572775671403
25.475688685144306
25.448847788407324
25.42206883987957
25.39537485909458
25.368791943631063
25.342348775201167
25.31607651350693
25.290008921578877
25.2641826458775
25.238637617640517
25.21341756633238
25.18857065092473
25.16415022508343
25.140215760999872
25.11683396510685
25.09408012839377
25.07203976516598
25.050810607512485
25.03050503890615
25.01125306948919
24.993205977387756
24.976540763489922
24.961465587873676
24.94822636663979
24.937114698956847
24.92847719189591
24.922726087213736
24.92035073345449
24.921928458721677
24.92813200149733
24.939727801934332
24.957554865065276
24.982467043408853
25.01521331499161
25.056225714634625
25.10529602971491
25.161173405549853
25.221223625630582
25.281417896889362
25.336914082598874
25.383191908659015
25.417236325246982
25.438119041225153
25.446749835206127
25.445127521627718
25.43557484593464
25.42023602445341
25.40085789753696
25.378759262184353
25.35488886193655
25.329908416355398
25.30427038951057
25.278280307844582
25.252142902134885
25.225994766564753
25.199926854001845
25.17399971177573
25.148253168151406
25.122716784381186
25.09740557046161
25.072333261539878
25.047505033998284
25.022929478012426
24.998610117245374
24.97454938956087
24.950748963449453
24.927209955831874
24.903933081140778
24.88091875326545
24.858167155412378
24.835678288250694
24.813452003408997
24.79148802711465
24.769785977201174
24.748345375643588
24.727165658075492
24.70624618124685
24.685586229069692
24.665185017673895
24.645041699771888
24.62515536849149
24.605525060837905
24.586149760844858
24.567028402479448
24.548159872337905
24.52954301215869
24.51117662117063
24.49305945829038
24.475190244178595
24.45756766316314
24.440190365035736
24.42305696672846
24.4061660538754
24.389516182263904
24.373105879180997
24.356933644660042
24.340997952632037
24.3252972519859
24.309829967543386
24.294594500953398
24.279589231508503
24.264812516891332
24.25026269385257
24.23593807882638
24.221836968487512
24.20795764025443
24.194298352741853
24.180857346167276
24.167632842716124
24.15462304686753
24.141826145685773
24.129240309079954
24.116863690035856
24.104694424822963
24.09273063317852
24.080970418473605
24.069411867861692
24.058053052413356
24.046892027239377
24.035926831604243
24.02515548903185
24.014576007405505
24.004186379064716
23.9939845808986
23.98396857443936
23.974136305955987
23.96448570654888
23.95501469224902
23.945721164119462
23.936603008361985
23.927658096429923
23.918884285145868
23.910279416827766
23.901841319421237
23.893567806639478
23.88545667811281
23.877505719544786
23.869712702878264
23.86207538647015
23.854591515274
23.847258821033552
23.84007502248324
23.83303782556049
23.826144923622554
23.819393997677782
23.8127827166211
23.806308737479704
23.799969705667337
23.793763255248056
23.787687009203268
23.78173857971314
23.775915568438617
23.770215566815594
23.764636156353703
23.759174908940924
23.75382938715697
23.74859714458724
23.743475726149107
23.738462668416815
23.733555499953408
23.728751741649038
23.72404890705733
23.719444502741904
23.71493602861763
23.710520978303855
23.70619683946655
23.701961094177033
23.697811219257034
23.693744686631625
23.689758963682436
23.685851513592677
23.682019795699144
23.678261265835243
23.674573376674136
23.670953578064356
23.66739931736764
23.663908039784253
23.66047718867467
23.657104161016363
23.65378653227879
23.65052160694146
23.64730686932568
23.64413975813893
23.64101771199965
23.63793816969115
23.634898570397173
23.63189635392629
23.62892896091796
