0.0004944370876546362
0.0004899976159077491
0.0004855964641469519
0.000481243818580783
0.00047694771979976165
0.00047271449192386563
0.00046854901117155827
0.00046445494897805125
0.0004604349751851266
0.00045649092761053053
0.0004526239538260097
0.00044883462990875505
0.0004451230600568864
0.0004414889602583075
0.00043793172863713426
0.00043445050464431274
0.00043104425276601797
0.00042771170190109795
0.00042445148386862323
0.00042126212902839647
0.00041814209093533964
0.0004150897673493863
0.0004121035178590701
0.0004091816786336602
0.0004063225747383744
0.00040352453037999106
0.00040078587739384927
0.00039810496278068974
0.00039548015263224606
0.00039290983886129286
0.00039039244196251936
0.0003879264140748357
0.00038551024126788126
0.0003831424452632117
0.0003808215846808808
0.0003785462558853998
0.0003763150934943064
0.00037412677060350734
0.0003719799987757956
0.00036987352783232104
0.0003678061454810961
0.000365776676811742
0.0003637839836814807
0.0003618269640137707
0.0003599045510278829
0.00035801571241503137
0.0003561594494743764
0.0003543347962202019
0.00035254081846989866
0.0003507766129208532
0.0003490413062230897
0.0003473340540534123
0.00034565404019582343
0.00034400047563218377
0.000342372597646365
0.0003407696689445547
0.0003391909767938064
0.00033763583218052737
0.00033610356899017277
0.00033459354320909527
0.0003331051321492308
0.0003316377336960285
0.00033019076557987376
0.0003287636646710361
0.0003273558862980592
0.0003259669737410071
0.0003245963458937947
0.00032324350943372
0.00032190798715776706
0.00032058931726173503
0.00031928705279120746
0.0003180007611126089
0.0003167300234042367
0.00031547443416666296
0.0003142336007518431
0.0003130071429102927
0.0003117946923556849
0.00031059589234623254
0.0003094103972822291
0.00030823787231913045
0.00030707799299557764
0.00030593044487577396
0.00030479492320565157
0.00030367113258225766
0.00030255878663584834
0.0003014576077241474
0.0003003673266382917
0.0002992876823199639
0.0002982184215892608
0.00029715929888284406
0.0002961100760019458
0.000295070521869825
0.0002940404122982668
0.0002930195297627631
0.00029200766318599635
0.0002910046077292922
0.0002900101645917055
0.0002890241408164211
0.000288046349104169
0.00028707660763336
0.0002861147398866741
0.00028516057448382224
0.0002842139450202463
0.00028327468991150404
0.0002823426522431077
0.0002814176796256085
0.0002804996240547023
0.00027958834177616243
0.0002786836931554103
0.00027778554255153583
0.0002768937581955927
0.00027600821207300646
0.0002751287798099296
0.00027425534056339183
0.00027338777691510554
0.00027252597476877755
0.00027166982325080075
0.00027081921461419544
0.00026997404414567705
0.00026913421007573564
0.0002682996134916136
0.00026747015825307564
0.00026664575091086575
0.00026582830556959623
0.0002650118745525238
0.00026420391546433446
0.0002633969801161695
0.00026259670834244365
0.0002618007365147883
0.00026100921868812136
0.0002602236798921137
0.00025944099674515245
0.00025866250729857305
0.00025788818979176456
0.0002571160484978862
0.0002563497697879826
0.00025558753304241966
0.0002548292205314732
0.00025407477064123867
0.00025332412514618294
0.000252577227492866
0.000251834022696918
0.0002510944572930618
0.00025035847928889097
0.00024962603812063894
0.0002488970846106992
0.0002481715709267496
0.0002474494505423427
0.0002467306781988671
0.00024601520986878347
0.0002453030027200632
0.0002445940150817547
0.00024388820641063012
0.0002431855372588531
0.0002424859692426217
0.00024178946501175129
0.00024109598822014572
0.00024040550349714
0.00023971797641966203
0.00023903337348520206
0.00023835166208554346
0.00023767281048124548
0.00023699678777683552
0.0002363235638967031
0.00023565310956166088
0.00023498539626615457
0.00023432039625610805
0.00023365808250736835
0.0002329984287047501
0.000232341409221646
0.00023168699910019243
0.00023103517403197792
0.00023038591033926485
0.0002297391849567274
0.0002290949754136689
0.00022845325981672685
0.00022781401683303262
0.00022717722567382488
0.00022654267589313753
0.00022591058979900362
0.00022528092818180706
0.00022465366289445903
0.00022402877264723997
0.0002234063801377634
0.0002227862721328757
0.00022216848101764362
0.00022155296265989792
0.00022093970357584905
0.0002203286901073562
0.0002197199085690842
0.0002191133453181849
0.00021850898680727724
0.00021790681938617463
0.00021730683010743858
0.000216709005884726
0.00021611333385161027
0.0002155198013562217
0.00021492839619926692
0.0002143391058824677
