123.14313493672334
123.99592653769294
124.25650823323728
124.45350276829812
124.59231973688709
124.6769234247529
124.71067182203161
124.69653654379086
124.63720497047126
124.53514926110067
124.39267901256507
124.21198256151982
123.99515939680879
123.74424529854733
123.46123137727129
123.14807790797016
122.80672367076545
122.43909139056852
122.04708979610076
121.63261276524969
121.19753601398214
120.74371542596323
120.27296618736901
119.78707412207736
16.843134591979577
9.675042056980942
6.506548819280272
5.364341476429557
5.0330089461852525
5.001123302403892
5.06955049862906
5.163685303433576
5.256568433191396
5.339127675435796
5.408918188055858
5.465909391136664
5.510920363459825
5.54504297016139
5.569430894881526
5.585223113384241
5.593516150194393
5.595353670300933
5.591722024133339
5.583547752176566
5.571695753224019
5.556967787746265
5.5401013181619865
5.521768783145649
123.14313493672334
123.99592653769294
124.25650823323728
124.45350276829812
124.59231973688709
124.6769234247529
124.71067182203161
124.69653654379086
124.63720497047126
124.53514926110067
124.39267901256507
124.21198256151982
123.99515939680879
123.74424529854733
123.46123137727129
123.14807790797016
122.80672367076545
122.43909139056852
122.04708979610076
121.63261276524969
121.19753601398214
120.74371542596323
120.27296618736901
119.78707412207736
