0.0031263703455196735
0.0033309494939769983
0.0035390898750103494
0.0037493905275261447
0.003960941580152489
0.004173227676879179
0.00438594989028933
0.004598927457929151
0.004812043882099383
0.005025217423737718
0.005238385000387792
0.005451493445612032
0.005664494811237613
0.0058773438924737565
0.006089996979651094
0.006302411292758413
0.006514544803342036
0.006726356284829358
0.006937805507546458
0.0071488535365070915
0.007359463113703251
0.0075695991205962
0.007779229125398039
0.007988324026250137
0.008196858806927493
0.008404813427293193
0.008612173876900941
0.008818933427418895
0.009025094128315763
0.00923066860080168
0.00943568219758626
0.009640175610503588
0.009844208023842485
0.010047860926377697
0.010251242705687324
0.01045449435916989
0.010657795111682591
0.010861371197495489
0.011065503206458766
0.011270534606346121
0.011476878627331728
0.011685020702737579
0.011895510928001571
0.012108937201108779
0.012325865015501614
0.012546726696766397
0.012771647947936534
0.013000225122017688
0.013231322696868508
0.013463028173145012
0.013692904944147283
0.013918537082631063
0.014138124917209635
0.014350809266271955
0.014556601621246616
0.014756062637815835
0.014949959443793922
0.015139032323009631
0.015323886617159766
0.015504969385943888
0.015682587221572307
0.015856936961992984
0.016028135613195688
0.01619624465746766
0.01636128813620953
0.016523265454202244
0.01668216018371098
0.01683794600917417
0.016990584302845373
0.017140056007970705
0.017286311537052235
0.017429323064210807
0.01756903550914424
0.017705424290679523
0.01783845375523056
0.017968089823719318
0.01809430002590242
0.01821705353145028
0.01833632117348233
0.018452075463948173
0.01856429060177325
0.018672942475104416
0.018778008658927772
0.018879468409143806
0.018977302653934647
0.019071493983065922
0.019162026635607475
0.019248886486417614
0.019332061031668263
0.019411539373598238
0.019487312204662505
0.019559371791182716
0.019627711956602328
0.01969232806442057
0.019753217000869155
0.019810377157380606
0.019863808412897022
0.01991351211605163
0.019959491067250486
0.020001749500689954
0.020040293066314926
0.020075128811744402
0.020106265164172906
0.020133711912251533
0.020157480187959653
0.020177582448463047
0.02019403245796063
0.020206845269515373
0.020216037206862447
0.02022162584618542
0.020223629997861647
0.020222069688135513
0.020216966140759643
0.0202083417585333
0.020196220104760482
0.020180625884603412
0.020161584926314955
0.020139124162334026
0.020113271610229952
0.020084056353482233
0.020051508522079695
0.020015659272922266
0.019976540770013138
0.019934186164431128
0.01988862957406662
0.019839906063108568
0.019788051621277513
0.019733103142789747
0.01967509840504687
0.0196140760470399
0.019550075547468765
0.019483137202561066
0.019413302103597287
0.019340612114132915
0.01926510984691895
0.019186838640518063
0.019105842535621097
0.019022166251061977
0.018935855159539695
0.01884695526304626
0.01875551316801059
0.018661576060163797
0.018565191679133886
0.018466408292780536
0.01836527467127754
0.018261840060955215
0.018156154157918693
0.018048267081446245
0.017938229347192775
0.017826091840204582
0.017711905787763327
0.017595722732080855
0.01747759450285223
0.017357573189695063
0.017235711114481737
0.017112060803600324
0.01698667496014334
0.01685960643606085
0.016730908204288394
0.01660063333088238
0.016468834947161743
0.01633556622190914
0.016200880333620275
0.01606483044285063
0.015927469664667744
0.01578885104123114
0.015649027514532954
0.015508051899305141
0.015365976856138637
0.015222854864815017
0.015078738197883976
0.014933678894518871
0.014787728734646904
0.01464093921340936
0.014493361515940896
0.014345046492526645
0.014196044634114311
0.014046406048257935
0.013896180435456245
0.013745417065954254
0.013594164757009829
0.01344247185062859
0.013290386191831115
0.013137955107421623
0.012985225385317127
0.01283224325442409
0.012679054365115334
0.012525703770286582
0.01237223590703401
0.01221869458453133
0.012065122941099573
0.011911563475599112
0.011758057988020347
0.011604647584210644
0.0114513726580228
0.011298272877699415
0.011145387172967789
0.010992753722874539
0.010840409944348556
0.010688392481508494
