480886.0407
183294.79755664765
182469.31088797183
181709.92244564136
181011.1086559676
180367.93092916714
179775.9387395656
179231.09634140352
178729.7254429589
178268.45975320067
177844.20842437597
177454.12621320432
177095.58875754624
176766.17178147542
176463.63334556037
176185.89848254388
175931.04585764228
175697.297617913
175483.00199214937
175286.63106305085
175106.7692031342
174942.10497631205
174791.42367802485
174653.60043797997
174527.5938252291
174412.4399069898
174307.24672130734
174211.18924266024
174123.50410713963
174043.48591196295
173970.4825065854
173903.89126061532
173843.15545258656
173787.76090878758
173737.23287633687
173691.13311572679
173649.05719892116
173610.63199984797
173575.51336482418
173543.3839511304
173513.9512225563
173486.94559136315
173462.11869667447
173439.24180988327
173418.10435819248
173398.5125579465
173380.28814990775
173363.26722912744
173347.2991625198
173332.2455877104
173317.979487141
173304.3843318366
173291.35328961335
173278.78849287803
173266.60036151562
173254.70697668675
173243.03350165093
173231.51164604054
173220.0791702522
173208.67942689476
173197.26093644695
173185.7769945156
173174.18530826396
173162.44765978906
173150.5295943845
173138.39735557057
173126.0290527147
173113.39649577157
173100.47764004712
173087.25295348634
173073.70521929322
173059.81935313597
173045.5822336393
173030.9825451609
173016.0106319564
173000.65836288713
172984.91900590356
172968.78711158584
172952.25840509447
172935.32968591686
172917.99873485457
172900.2642277333
172882.12565536174
172863.58324929135
172844.637912977
172825.29115795303
172805.54504468114
172785.4021277392
172764.86540506012
172743.93827092927
172722.62447249063
172700.92806952013
172678.85339723824
172656.4050319556
172633.58775936285
172610.40654527573
172586.86650867466
172562.972896881
172538.7310627211
172514.1464435447
172489.22454196954
172463.9709082361
172438.39112405718
172412.49078786199
172386.27550133862
172359.75085718202
172332.92242796448
172305.79575605033
172278.37634447718
172250.66964874143
172222.68106941594
172194.41594554333
172165.87954874954
172137.0770780201
172108.01365509463
172078.694320429
172049.12402968598
172019.30765070973
171989.24996094906
171958.95564529454
171928.42929429293
171897.6754027111
171866.69836842225
171835.58316305096
171804.08498651386
171772.54240834175
171740.62793142913
171708.60728335252
171676.3770659998
171643.94079290883
171611.40670878865
171578.59633781237
171545.60229014576
171512.42731093327
171478.99353298004
171445.47312165008
171411.78220650431
171377.92202765532
171343.89549606098
171309.70542338517
171275.3545396174
171240.8454924297
171206.1808468283
171171.36308545183
171136.39460935516
171101.27773913735
171066.01471630984
171030.60770483268
170995.05879275507
170959.36999391977
170923.54324970322
170887.58043076468
170851.48333878806
170815.25370820888
170778.89320791603
170742.40344291987
170705.78595599125
170669.04222925927
170632.1736857766
170595.18169104337
170558.0675544964
170520.83253095933
170483.4778220589
170446.00457760188
170408.41389692074
170370.70683018386
170332.8843796715
170294.94750102234
170256.8971044459
170218.734055907
170180.45917827735
170142.07325246235
170103.57701849515
170064.9711766078
170026.2563882713
169987.4332772136
169948.50243040922
169909.4643990446
169870.48618837615
169831.3602285337
169792.0965295811
169752.70984658742
169713.20094138596
169673.37695929178
169633.5227265789
169593.57622544235
169553.53925497658
169513.40817449611
169473.18194954252
169432.85960279798
169392.4402386821
169351.9230535485
169311.30764528018
169270.59291428936
169229.7784574269
169188.86380686294
169147.8485551376
169106.73204300605
169065.51442217105
