24.82997
24.619790281553907
24.413060699111092
24.210327928952996
24.011249709267336
23.815619197695245
23.623304534461607
23.4342145224978
23.248280357535364
23.065445874571992
22.885662309168563
22.708885453682093
22.535074085469365
22.364189071976526
22.196192837093008
22.03104902109255
21.86872224480232
21.709177930090174
21.552382150676095
21.39830149883123
21.246902959580932
21.098153787142838
20.952021379863222
20.808473150573906
20.667476389451465
20.52899811630132
20.393004918804536
20.25946277268268
20.128336838958596
19.999591232499693
19.873188754795727
19.74909058241378
19.627255900764823
19.507641470715722
19.390201113261462
19.274885095151493
19.161639407203026
19.050404858214876
18.94111609828835
18.83370041244097
18.728076403727716
18.62415260069572
18.521826156466883
18.42098196743283
18.321492806599252
18.223221447664812
18.12602618102966
18.0297713154774
17.93434360187306
17.839673189289268
17.745753649270014
17.65265204568393
17.560501415400708
17.46947618204387
17.379760382580645
17.291521027857595
17.204893165551216
17.119976288848616
17.03683778867648
16.9555192773483
16.87604311300648
16.798417928376697
16.722642869728336
16.648710665091663
16.576609769206108
16.506325831570038
16.4378426886293
16.37114302978375
16.306208843256307
16.243021700562807
16.181562873864127
16.12181374653893
16.06375568984539
16.00737028784216
15.952639062747727
15.899543729351382
15.848066208826316
15.798188640715551
15.749893393599608
15.703163074345
15.657980536023553
15.614328884650202
15.572191484886517
15.53155196483703
15.492394220040937
15.454702416739902
15.418460994485045
15.383654668133113
15.350268429271972
15.318287547108902
15.287697568850273
15.25848431959813
15.230633901786296
15.20413269417791
15.178967350444399
15.155124797345485
15.132592232528982
15.111357121968755
15.091407197058762
15.072730451380487
15.05531513716099
15.039149761438166
15.024223081949463
15.010524102760012
14.998042069645459
14.98676646524466
14.976687003996677
14.967793626876176
14.960076495940935
14.953525988704493
14.948132692346691
14.94388739777427
14.940781093543206
14.938804959654032
14.93795036123091
14.938208842094657
14.939572118239635
14.942032071223808
14.945580741480931
14.950210321563318
14.955913149323363
14.962681701041431
14.970508584507503
14.979386532063458
14.989308393612724
15.000267129603523
15.012255803991708
15.025267577188982
15.039295699001974
15.054333501567356
15.07037439228807
15.087411846775561
15.105439401802625
15.124450648271432
15.14443922420123
15.165398807739885
15.187323110203694
15.210205869149515
15.234040841483385
15.258821796609881
15.284542509626188
15.311196754565145
15.338778297691434
15.367280890855115
15.396698264906886
15.427024123179443
15.458252135039334
15.490375929514078
15.523389088999107
15.5572851430494
15.5920575622609
15.627699752246544
15.664205047712523
15.701566706639882
15.739777904577167
15.778831729049674
15.818721174091428
15.859439134905564
15.900978402659456
15.943331659420789
15.986491473241184
16.030450293393503
16.07520044576999
16.12073412844749
16.167043407427
16.214120212554242
16.261956333628216
16.310543416704867
16.35987296060263
16.409936313617205
16.460724670452326
16.512229069373365
16.564440389591102
16.617349348881792
16.67094650145085
16.725222236045994
16.780166774326897
16.83577016949659
16.892022305201518
16.948912894704904
17.006431480339305
17.064567433243397
17.123309953387075
17.182648069889904
17.24257064163605
17.3030663581896
17.36412374101269
17.42573114498948
17.487876760257347
17.550548614346766
17.61373457375788
17.67742235023585
17.741599498528366
17.806253423325252
17.871371382045705
17.936940488824053
18.00294771879689
18.06937991268678
18.1362237816785
18.20346591258214
