28.707869223882394
28.352724369907207
28.016273456491362
27.697543353980535
27.3955673225491
27.10939379946379
26.838093900813085
26.58076707961695
26.33654527605818
26.10459583455739
25.884123414566645
25.674371083682182
25.474620750541895
25.284193069291742
25.10244692598425
24.92877859925433
24.76262240239959
24.603444070598997
24.45074486404135
24.304058178597977
24.16294800264271
24.027007350982633
23.895856699119935
23.769142436214707
23.646535351041777
23.52772916182352
23.41243909798319
23.300400543126116
23.19136772482623
23.085112490151445
22.981423130780147
22.880103276399577
22.78097085174148
22.683857095797332
22.588605641298624
22.495071652214424
22.403121016787175
22.312629593479496
22.223482507123506
22.13557349253667
22.048804282882493
21.963084040101435
21.878328824809284
21.794461103150333
21.71140928819579
21.629107313589486
21.54749423725979
21.466513873135924
21.386114448926165
21.306248288133308
21.226871514597917
21.147943777970905
21.069427998624068
20.991290130608927
20.91349894137088
20.836025807017005
20.758844522021857
20.681931122335875
20.605263720936737
20.52882235493392
20.45258884340249
20.376546655182604
20.30068078593793
20.224977643818267
20.149424943120106
20.074015495610436
19.998735418018075
19.923575781591513
19.848528607392353
19.77358679226315
19.69874404000479
19.623994797401913
19.54933419476181
19.474757990656588
19.400262520580853
19.325844649257785
19.251501726345474
19.177231545313095
19.103032305272222
19.02890257556403
18.9548412629164
18.880847580997973
18.806921022207835
18.733061331550424
18.659268482455346
18.58554265441112
18.511884212290624
18.43829368725397
18.364771759122124
18.29131924012154
18.217937059906493
18.14462625177204
18.071387939975867
17.998223328092894
17.925133688331144
17.85212035174213
17.77918469926326
17.70632815353371
17.63355217142908
17.56085823726364
17.488247856612144
17.415722550706448
17.343283851364955
17.270933296415663
17.198672425576092
17.12650277675583
17.05442588274959
16.982443268290822
16.91055644743794
16.83876692126694
16.767076175846107
16.69548568046995
16.62399688613123
16.55261122421123
16.481330105369807
16.410154918618154
16.339087030558193
16.26812778477375
16.19727850135979
16.126540476576714
16.055914982618003
15.985403267479997
15.915006554923691
15.844722809323285
15.774555092173957
15.704507196509894
15.634577625951911
15.564769076496498
15.49508239620779
15.425518861864317
15.356080046099061
15.286766093536755
15.21757800805194
15.148516777138552
15.079582969247634
15.010781605955065
14.942110000618415
14.873569034110988
14.805159573889393
14.736882473318216
14.668738571052769
14.600728690733062
14.532853640915059
14.465114215174951
14.397511192337427
14.33004533679148
14.262717398866032
14.195528115244917
14.12847820940586
14.061568392072202
13.994799361668983
13.928171804777344
13.861686396582893
13.795343801314907
13.729144672674147
13.66308965424791
13.597179379911253
13.531414474213905
13.465795552752478
13.40032322252797
13.334998082288504
13.269820722857586
13.204791727447974
13.139911671961537
13.075181125275362
13.010600649514478
12.946170800311512
12.881892127053682
12.817765173117447
12.753790476091181
12.68996856798629
12.626299975437002
12.562785219889353
12.499424817779554
12.4362192807022
12.37316911556858
12.310274824755455
12.247536906244637
12.184954470118909
12.12253260679303
12.060267115040542
11.998158723074763
11.936208107957823
11.874409669367173
11.812772040689348
11.751298827040856
11.68998718826807
11.62883747844711
11.567850041025533
11.507025218230394
11.446363356549563
11.385864809596242
11.32552994295225
11.265359121079392
11.205352722356313
11.145511132084641
11.085834741376093
11.026323942453473
10.966979140323179
