0.00012
0.00023480251175487458
0.00023674775530816718
0.00023923556343351712
0.0002420439338830931
0.0002450529628985511
0.00024819572283171434
0.00025143557572363537
0.00025475357182110477
0.0002581410988722615
0.00026159550573914153
0.0002651174754396158
0.00026870944660703814
0.00027237466836312844
0.0002761166388140093
0.0002799387759057487
0.0002838442289833548
0.00028783577561115994
0.0002919157701644301
0.00029608612396138227
0.0003003483046668924
0.0003047033474653929
0.0003091518733504697
0.00031369411158323315
0.0003183299244060467
0.0003230588327351542
0.0003278800419639609
0.0003327924672800504
0.00033779475808895287
0.00034288532128040297
0.00034806234317821865
0.0003533238100965991
0.00035866752748772745
0.0003640911377096518
0.00036959213647320185
0.0003751678880457731
0.0003808156392965829
0.00038653253267319595
0.0003923156181931015
0.00039816186453304776
0.0004040681692910578
0.00041003136849309427
0.00041604824541118104
0.00042211553875659287
0.0004282299503109668
0.0004343881520542853
0.0004405867928479757
0.00044682250472814365
0.0004530919088614708
0.0004593916212110831
0.0004657182579549576
0.0004720684406948465
0.00047843880148479393
0.0004848259877033553
0.0004912266667875891
0.0004976375308369063
0.0005040553010945249
0.0005104767323025196
0.0005168986169290043
0.0005233177892560759
0.0005297311293198635
0.0005361355666896417
0.0005425280840723932
0.0005489057207309356
0.0005552655757024531
0.0005616048108059298
0.0005679206534295949
0.0005742103990895863
0.0005804714137538792
0.0005867011359274793
0.000592897078496529
0.0005990568303315308
0.0006051780576498922
0.0006112585051432736
0.0006172959968719091
0.0006232884369337603
0.0006292338099152045
0.000635130181130946
0.000640975696662824
0.0006467685832078261
0.0006525071477438203
0.0006581897770255402
0.0006638149369209262
0.0006693811715993632
0.0006748871025827731
0.0006803314276712584
0.0006857129197544523
0.000691030425519327
0.0006962828640657068
0.000701469225439918
0.000706588569096874
0.0007116400223006928
0.0007166227784729294
0.000721536095498518
0.0007263792939964397
0.0007311517555654289
0.0007358529210105933
0.0007404822885589945
0.0007450394120712781
0.000749523899254537
0.0007539354098828797
0.000758273654030874
0.0007625383903243641
0.0007667294242127001
0.0007708466062670085
0.0007748898305066882
0.0007788590327582567
0.0007827541890480125
0.0007865753140312629
0.0007903224594598613
0.0007939957126891941
0.0007975951952259144
0.0008011210613176654
0.0008045734965842739
0.0008079527166921471
0.0008112589660708244
0.0008144925166723756
0.0008176536667728957
0.0008207427398160892
0.0008237600832981647
0.0008267060676930386
0.0008295810854179421
0.0008323855498379674
0.0008351198943084067
0.0008377845712548778
0.0008403800512888766
0.0008429068223588496
0.0008453653889351347
0.0008477562712275506
0.0008500800044349655
0.0008523371380254269
0.0008545282350454927
0.0008566538714580671
0.0008587146355078266
0.0008607111271122775
0.0008626439572780616
0.0008645137475415305
0.0008663211294319494
0.0008680667439569795
0.0008697512411090894
0.0008713752793920581
0.0008729395253666998
0.0008744446532146842
0.0008758913443198755
0.0008772802868663716
0.0008786121754520951
0.0008798877107173077
0.0008811075989874377
0.0008822725519297746
0.0008833832862222569
0.0008844405232347702
0.0008854449887221316
0.0008863974125275331
0.0008872985282963606
0.0008881490731998712
0.0008889497876675936
0.0008897014151284978
0.0008904047017604146
0.0008910603962466353
0.0008916692495397103
0.0008922320146320758
0.0008927494463325294
0.0008932223010486118
0.0008936513365742015
0.0008940373118819061
0.0008943809869206279
0.0008946831224166297
0.0008949444796786383
0.0008951658204064672
0.0008953479065028573
0.0008954914998881598
0.0008955973623177099
0.0008956662552009857
0.0008956989394233275
0.0008956961751694767
0.0008956587217480599
0.0008955873374180246
0.0008954827792158109
0.0008953458027832576
0.0008951771621965905
0.0008949776097956929
0.0008947478960139334
0.0008944887692079746
0.0008942009754875571
0.0008938852585459879
0.0008935423594895529
0.0008931730166671217
0.0008927779654995369
0.0008923579383083695
0.0008919136641445318
0.0008914458686161752
0.0008909552737162794
0.0008904425976495322
0.0008899085546590429
0.00088935385485252
0.0008887792040273638
0.0008881853034965265
0.000887572849913324
0.0008869425350959973
