861.9098457600002
849.5165488396743
860.4317040911019
871.3613121000615
882.2932469092193
893.2228757646774
904.1478825539937
915.0670337373069
925.9798112571636
936.8862454715535
947.7868053174819
958.6823133555895
969.5738767859275
980.4628307499216
991.3506916224434
1002.2391185429555
1013.129881765238
1024.0248366546368
1034.9259023637255
1045.835044385019
1056.7542603162776
1067.6855682888936
1078.6309976041684
1089.5925811996658
1100.5723496325086
1111.5723263205268
1122.5945238247884
1133.6409409944897
1144.713560825361
1155.814348907197
1166.9452523574505
1178.108199154682
1189.3050978002802
1200.5378372488758
1211.8082870571075
1223.1182977098292
1234.4697010886325
1245.8643110542796
1257.3039241187364
1268.7903201868564
1280.3252633515765
1291.9105027280925
1303.5477733163455
1315.2387968821524
1326.9852828491616
1338.7889291954316
1350.651423349521
1362.5744430818443
1374.5596573876876
1386.608727359835
1398.7233070480181
1410.9050443039541
1423.1555816106393
1435.4765826195944
1447.8696307766002
1460.3363822970002
1472.8784661361778
1485.4975097692272
1498.1951399141144
1510.9729832376959
1523.8326670440265
1536.775819945532
1549.8040725169205
1562.919057932748
1576.122412588258
1589.4157767046156
1602.8007949184514
1616.2791168561453
1629.852397693251
1643.522298699626
1657.2904877703475
1671.158639942544
1685.1284378991345
1699.201572458942
1713.3797430540528
1727.6646581942675
1742.0580359189742
1756.5616042366314
1771.1771015519657
1785.9062770809492
1800.750891253678
1815.7127161051249
1830.7935356539715
1845.9951462689705
1861.3193570236767
1876.767990038337
1892.3428808096528
1908.045878527959
1923.878846381352
1939.843661847043
1955.942216969002
1972.1764186220526
1988.5481887618728
2005.0594646603897
2021.7121991261067
2038.5083607089507
2055.449933889011
2072.5389192484645
2089.7773336262626
2107.16721025434
2124.710598875275
2142.4095658398733
2160.266194184332
2178.282583685579
2196.4608508939355
2214.803129142264
2233.311568529834
2251.9883358803513
2270.8355196388106
2289.855605114877
2309.0504252939704
2328.4225025178384
2347.9739891808244
2367.7071499260214
2387.6242649724386
2407.727629809223
2428.0195548486636
2448.5023650358644
2469.1783994129896
2490.0500106353807
2511.1195644373415
2532.3894390447977
2553.862024531974
2575.5397221192825
2597.424943409416
2619.5201095582393
2641.8276503772204
2664.350003363769
2687.089612655849
2710.048927906956
2733.230403077212
2756.6364951365213
2780.2696626749926
2804.132364416331
2828.2270576288033
2852.556196428949
2877.1222299725828
2901.9276005272295
2926.97474142034
2952.2660748570593
2977.8040096008694
3003.5909385107825
3029.629235927499
3055.9212549017407
3082.4693242567046
3109.2757454766497
3136.342789413582
3163.6726928029084
3191.2676545792397
3219.1298319829466
3247.2613364474273
3275.6642292568868
3304.340516964135
3333.2921465571853
3362.5210003630887
3392.0288906772585
3421.8175541054893
3451.888645606162
3482.243732219093
3512.8842864670614
3543.811679415826
3575.027173377638
3606.531914242827
3638.326923423895
3670.4130893950155
3702.79115881062
3735.461727185206
3768.425229116356
3801.681928032438
3835.2319054459053
3869.075049692354
3903.211044135202
3937.6393548156616
3972.359217525881
4007.369624284803
4042.669309193171
4078.256733646272
4114.130070880433
4150.2871898303165
4186.725638272913
4223.442625234114
4260.435002633407
4297.699246142018
4335.231435229433
4373.027232373609
4411.081861409349
4449.390084990222
4487.94618113887
4526.743918860949
4565.776532798201
4605.036696896844
4644.516497067396
4684.207402813312
4724.100237806152
4764.18514938619
4804.451576968351
4844.888219334668
4885.483000795652
4926.2230362052205
