19.006114059538426
19.897020446820733
20.632210157087652
21.22475769474976
21.695194585972633
22.065948708754753
22.35770512654837
22.587799869825588
22.769933172511113
22.914544168582704
23.0294215643868
23.120325332712806
23.191523357930468
23.24621658052873
23.286858215678883
23.315384299784114
23.33337485992454
23.34216313600516
23.342907238203264
23.336635536044202
23.32427435270491
23.306664274048472
23.28456956168008
23.25868373714517
23.229633321299424
23.197980938602043
23.16422842276728
23.12882021933481
23.092147143669276
23.054550436752347
23.01632599762707
22.97772868711936
22.93897648026341
22.90025461853132
22.861719366883328
22.823501569776163
22.78570988640202
22.748433712693046
22.711745794713888
22.67570454693362
22.640356094585698
22.6057360625696
22.571871134734604
22.538780407448694
22.506476560520007
22.47496686713315
22.44425406274146
22.414337090982084
22.38521174279725
22.356871203114355
22.329306517718926
22.302506991376845
22.276460019656447
22.25115344280297
22.226572654170404
22.20270290306083
22.179528954977616
22.157035239434848
22.135205973665062
22.11402526666553
22.093477206341905
22.073545932161654
22.054215695407766
22.035470908834725
22.01729618727756
21.99967638054494
21.982596599740237
21.966042237990774
21.94999898642444
21.934452846118138
21.919390136632742
21.904797501667538
21.890661912287975
21.876970668116343
21.863711396819212
21.85087205217803
21.83844091098799
21.826406568994646
21.81475793604776
21.803484230625422
21.792574973859285
21.782019983172543
21.77180936562526
21.76193351104724
21.75238308502714
21.743149021815505
21.734222517189615
21.725595021320846
21.717258231679295
21.709204086002867
21.701424755354367
21.69391263728532
21.686660349122167
21.67966072138667
21.672906791359765
21.66639179679616
21.66010916979558
21.654052530833148
21.64821568295172
21.642592606117194
21.637177451736626
21.63196453733862
21.626948341414103
21.622123498415878
21.61748479391411
21.613027159905055
21.60874567026981
21.604635536379746
21.60069210284477
21.596910843401005
21.593287356934148
21.58981736363419
21.586496701277994
21.58332132163596
21.580287286998495
21.577390766818713
21.574628034467818
21.571995464098855
21.56948952761582
21.5671067917443
21.56484391520002
21.56269764595197
21.560664818577187
21.558742349860367
21.556927242091657
21.55521657418222
21.5536075025496
21.552097258201616
21.55068314459296
21.549362535546837
21.548132873241148
21.546991666257913
21.54593648769452
21.544964973335254
21.544074819880844
21.54326378323481
21.542529676844104
21.541870370092685
21.541283786745964
21.540767903444333
21.540320748244223
21.539940399204866
21.53962498301928
21.53937267368779
21.53918169123271
21.539050300452736
21.538976809715646
21.538959569787895
21.538996972700044
21.53908745064642
21.539229474918162
21.539421554868383
21.539662236908345
21.539950103533556
21.540283772378874
21.540661895301408
21.541083157490586
21.541546276604326
21.54205000193039
21.542593113572032
21.543174421657376
21.54379276557157
21.54444701321088
21.545136060258212
21.545858829479208
21.546614270038315
21.5474013568342
21.54821908985377
21.54906649354436
21.549942616203328
21.550846529384753
21.55177732732235
21.552734126368453
21.55371606444828
21.554722300529185
21.555752014104293
21.55680440469015
21.557878691337976
21.55897411215805
21.56008992385683
21.56122540128638
21.562379837005928
21.563552540854815
21.564742839536947
21.565950076216048
21.567173610121507
21.56841281616459
21.56966708456458
21.57093582048458
21.572218443676807
21.57351438813699
21.574823101767546
21.576144046049478
21.577476695722574
21.578820538473714
21.580175074633093
21.581539816878074
21.58291428994453
21.58429803034535
