23.296493475447615
23.096754063250565
23.080156289628768
23.063543827121997
23.046932684048613
23.0303249558665
23.013722079263093
22.997125181756253
22.980535150321504
22.9639526817257
22.947378322442464
22.930812500326795
22.914255549717375
22.897707731306596
22.88116924785152
22.86464025658416
22.848120879004803
22.831611208604393
22.815111316948474
22.798621258466998
22.782141074222427
22.765670794872594
22.74921044299805
22.732760034930035
22.716319582184784
22.699889092588375
22.68346857115832
22.667058020794194
22.65065744281771
22.634266837395256
22.61788620386765
22.601515541007235
22.58515484721781
22.56880412068999
22.55246335952079
22.536132561806074
22.51981172571093
22.503500849522947
22.487199931691993
22.4709089708595
22.454627965878935
22.438356915830134
22.422095820028044
22.4058446780275
22.389603489624573
22.373372254855646
22.357150973993914
22.340939647544754
22.32473827623966
22.308546861029118
22.292365403074882
22.276193903741667
22.26003236458817
22.243880787358105
22.22773917397093
22.211607526512367
22.19548584722493
22.179374138498712
22.16327240286164
22.147180642970373
22.131098861601135
22.115027061640628
22.098965246077405
22.08291341799294
22.0668715805534
22.050839737001414
22.034817890648128
22.01880604486544
22.00280420307872
21.986812368759516
21.970830545418334
21.954858736598446
21.93889694586926
21.92294517682
21.907003433054268
21.89107171818381
21.875150035823534
21.859238389586285
21.84333678307792
21.82744521989264
21.81156370360873
21.795692237784163
21.77983082595272
21.763979471620317
21.748138178261346
21.732306949315355
21.716485788184272
21.70067469822882
21.684873682766316
21.669082745067925
21.653301888356005
21.637531115802357
21.62173282304496
21.605956773247346
21.590202760846054
21.574470491157804
21.55875428227007
21.5430532402983
21.527365940581014
21.511691323689096
21.49602860240302
21.48037719242809
21.464736660762792
21.44910668720783
21.433487035663664
21.417877532722436
21.402278051698794
21.38668850071597
21.371108813817212
21.355538944333695
21.3399788599364
21.324428538944
21.308887967568367
21.29335713785979
21.27783604617396
21.262324692028656
21.24682307725146
21.231331205343874
21.215849081007857
21.20037670979306
21.184914097834156
21.169461251655527
21.15401817802633
21.138584883852587
21.1231613760977
21.107747661723586
21.092343747647387
21.076949640709806
21.061565347652213
21.046190875099814
21.030826229550073
21.015471417364452
21.000126444762888
20.98479131782012
20.969466042463857
20.954150624473428
20.938845069479775
20.923549382965774
20.908263570267053
20.892987636573057
20.877721586928587
20.86246542623504
20.847219159252223
20.83198279059999
20.816756324760004
20.80153976607748
20.78633311876314
20.771136386894756
20.755949574419162
20.740772685153917
20.725605722789158
20.710448690889272
20.695301592894786
20.680164432123902
20.665037211774262
20.64991993492469
20.634812604536712
20.61971522345628
20.60462779441541
20.589550320033627
20.574482802819585
20.55942524517267
20.544377649384415
20.52934001763998
20.514312352019815
20.49929465450084
20.484286926958013
20.469289171165705
20.454301388799124
20.439323581435552
20.424355750555947
20.40939789754594
20.394450023697352
20.379512130209406
20.36458421819002
20.34966628865698
20.334758342539377
20.319860380678513
20.30497240382931
20.290094412661414
20.275226407760307
20.26036838962866
20.24552035868713
20.230682315275704
20.215854259654723
20.201036192005922
20.186228112433582
20.171430020965428
20.156641917553877
20.14186380207682
20.127095674338733
20.11233753407168
20.09758938093623
20.082851214522492
20.06812303435097
20.05340483987351
20.038696630474266
20.02399840547058
20.009310164113778
