7.175769005911985
7.186905709364206
7.1885763287846665
7.190128929666356
7.191734165876508
7.193378111647258
7.195046904118999
7.196729715270917
7.198418170655445
7.200105830018928
7.2017877755389526
7.203460286394945
7.205120581678184
7.206766617378943
7.208396926157012
7.21001049094986
7.211606645332406
7.213184995016115
7.214745356044043
7.2162877061652555
7.217812146607166
7.219318872046936
7.220808147044843
7.222280287568124
7.223735646523202
7.225174602443037
7.2265975506572575
7.228004896415501
7.2293970495471624
7.230774420329585
7.232137416306773
7.2334864398558345
7.234821886341712
7.236144142734953
7.23745358659397
7.23875058533434
7.240035495724271
7.241308663558214
7.242570423470876
7.243821098861835
7.24506100190719
7.246290433639633
7.247509684082176
7.248719032423748
7.249918747227361
7.251109086663274
7.252290298761194
7.253462621676659
7.254626283967646
7.255781504878257
7.256928494626867
7.258067454696577
7.259198578126272
7.260322049800781
7.261438046738976
7.2625467383788225
7.263648286858512
7.264742847293067
7.2658305680457875
7.266911590994126
7.267986051789558
7.269054080111221
7.270115799912992
7.27117132966389
7.272220782581601
7.273264266859093
7.27430188588419
7.2753337384521455
7.276359918971143
7.2773805176608235
7.278395620743815
7.2794053106303975
7.280409666096321
7.281408762453934
7.282402671716707
7.283391462757253
7.2843752014590315
7.285353950861822
7.286327771301161
7.287296720541855
7.288260853905761
7.289220224393986
7.290174882803652
7.291124877839427
7.292070256219967
7.293011062779428
7.293947340564259
7.294879130925384
7.295806473605987
7.296729406825049
7.297647967356781
7.298562190606137
7.2992373638095325
7.299729751838236
7.300085411759596
7.300339066066084
7.300516465005212
7.3006369181042725
7.300714848906244
7.300761027458336
7.300783494070132
7.300788250250171
7.300779775162141
7.300761411481312
7.300735653576509
7.300704362686943
7.300668927557238
7.300630384338424
7.300589506074754
7.30054686948587
7.300502904802088
7.3004579329516615
7.300412193309126
7.300365864400087
7.300319079350039
7.300271937411357
7.300224512563945
7.300176859932404
7.300129020574053
7.300081025051335
7.30003289609728
7.299984650604225
7.299936301107636
7.299887856893202
7.299839324822831
7.299790709950955
7.299742015984312
7.299693245625018
7.299644400826507
7.299595482984487
7.299546493079397
7.299497431782672
7.299448299536036
7.299399096610623
7.299349823151102
7.299300479208559
7.299251064765033
7.2992015797518
7.299152024063009
7.299102397565832
7.299052700108031
7.299002931523587
7.298953091636891
7.298903180265853
7.298853197224209
7.298803142323234
7.298753015373007
7.29870281618334
7.298652544564462
7.298602200327513
7.29855178328491
7.298501293250606
7.298450730040259
7.298400093471381
7.29834938336339
7.298298599537687
7.298247741817671
7.298196810028757
7.298145803998369
7.29809472355594
7.298043568532882
7.297992338762576
7.297941034080341
7.297889654323412
7.297838199330901
7.297786668943784
7.297735063004852
7.297683381358695
7.29763162385167
7.297579790331857
7.2975278806490484
7.2974758946547045
7.297423832201934
7.297371693145458
7.297319477341582
7.2972671846481765
7.297214814924636
7.297162368031871
7.297109843832253
7.2970572421896245
7.297004562969243
7.2969518060377725
7.296898971263258
7.296846058515091
7.296793067664002
7.296739998582025
7.296686851142479
7.296633625219953
7.296580320690268
7.2965269374304755
7.296473475318823
7.296419934234738
7.29636631405881
7.296312614672771
7.29625883595947
7.296204977802864
7.296151040087993
7.2960970227009705
7.296042925528947
