2.718905805
3.3676039886230433
4.003345488127194
4.626557237224989
5.237561824779614
5.836654066102719
6.424107346402411
7.000177124221094
7.565103111478389
8.11911075924515
8.66241236829202
9.195207987441337
9.717686183764968
10.230024728540355
10.732391222380876
11.22494367239914
11.707831028741985
12.181193684870525
12.645163944284871
13.099866455365724
13.545418615288765
13.981930943386425
14.409507423782484
14.8282458165484
15.238237935974468
15.639569893773924
16.032322304094084
16.41657044604056
16.792384377960808
17.15982899589708
17.51896402630611
17.869843940233782
18.212517772505073
18.54702882502734
18.873414227971008
19.191704326520014
19.501921874421885
19.804080886226274
20.09818533110843
20.384227376675184
20.662185343511286
20.932021401771063
21.193679270357407
21.44708250325503
21.692134531203667
21.92872254966063
22.156728549407173
22.376051751924003
22.586645962932977
22.788570427335817
22.982042222789993
23.16746654047604
23.345420816042964
23.516588665465978
23.681668192561286
23.841291259315966
23.995976671462973
24.14611879094488
24.291999453593288
24.43380989682026
24.57167370694946
24.705666524458145
24.835831326121145
24.96218959049851
25.084749158085007
25.20350963219392
25.318466028656086
25.42961121141963
25.536937500375704
25.640437841963386
25.74010611543905
25.835937952367193
25.927930695110724
26.01608396989995
26.100399368166457
26.180880607639445
26.257533530500865
26.330366080921536
26.399388269344346
26.464612128231735
26.526051662409635
26.58372279608741
26.637643317932273
26.687832825112654
26.734312666914413
26.777105888330478
26.816237173887544
26.8517327918837
26.883620539151487
26.91192968642133
26.9366909243339
26.957936310133654
26.97569921506373
26.99001427247557
27.00091732666119
27.008445382413605
27.01263655531834
27.013530022777875
27.011165975769728
27.005585571338845
26.996830885823936
26.984944868817784
26.96997129786062
26.95195473386619
26.93094047727991
26.90697452496754
26.880103527833924
26.850374749170378
26.817836023729633
26.78253571752637
26.7445226883624
26.70384624707428
26.66055611950202
26.614702409176132
26.566335560721658
26.515506323976417
26.462265718821204
26.406665000719197
26.348755626962383
26.28858922362137
26.226217553196385
26.161692482966057
26.095065954030844
26.026389951047676
25.955716472652675
25.88309750256841
25.80858498139174
25.732230779059083
25.654086667985155
25.574204296870885
25.492635165177507
25.40943059826172
25.32464172316903
25.238319445080084
25.150514424406712
25.061277054532297
24.97065744019355
24.878705376498395
24.78547032857565
24.691001411852287
24.595347372953622
24.498556571221876
24.40067696084861
24.301756073616026
24.201841002243086
24.100978384330542
23.999214386901727
23.896594691532542
23.79316448006697
23.688968420912342
23.584050655910115
23.47845478777649
23.372223868107877
23.265400385945824
23.15802625689752
23.050142812804477
22.941790791955203
22.833010329837233
22.72384095042102
22.614321557972275
22.504490429385566
22.39438520703415
22.28404289213064
22.17349983859192
22.062791747403065
21.951953661473553
21.84101996098101
21.73002435919447
21.618999898773026
21.507978948531896
21.396993200670227
21.286073668454485
21.175250684349965
21.0645538985945
20.954012278207944
20.84365410642883
20.733506982573996
20.623597822310973
20.513952858339266
20.404597641470676
20.295557042102725
20.186855252076814
20.078515786915414
19.970561488427613
19.863014527678875
19.755896408313365
19.649227970225056
19.543029393565142
19.437320203081594
19.33211927278008
19.227444831785704
19.123314465918696
19.019745129089255
18.916753145078907
18.814354214777772
18.712563422590332
18.61139524311141
18.510863548056093
18.41098161343164
18.311762126946174
