144.0
143.9288937224627
143.86296589644266
143.80189546643302
143.74541359504124
143.69328435194646
143.6452942481744
143.6012463827637
143.5609570523657
143.52425368223533
143.49097347218418
143.46096243484948
143.43407465401773
143.41017167041943
143.38912194463282
143.37080036910248
143.3550878131184
143.34187069084308
143.33104054572343
143.32249364625957
143.31613058884614
143.31185590362637
143.30957765920417
143.30920706171355
143.3106580432133
143.31384683361412
143.31869150937175
143.32511151092143
143.33302711924463
143.3423588799729
143.35302696095914
143.36495042620095
143.3780464052917
143.39222913316655
143.4074088298457
143.42349038443683
143.4403718028858
143.45794237371925
143.47608051307594
143.49465125648217
143.51350340615062
143.53246641875037
143.55134727354033
143.56992784148167
143.58796374508296
143.6051863964084
143.62131074054477
143.63605178073854
143.64915216792588
143.66041946858942
143.6697646737974
143.67722651485363
143.68296692777048
143.68723585797375
143.69032021267248
143.69249772010596
143.6940084469966
143.69504472741903
143.6957533992184
143.6962436246529
143.69659579897592
143.69686939418256
143.6971090869496
143.69734923964634
143.69761705165544
143.69793472457795
143.69832093015313
143.69879179889074
143.69936158488122
143.70004300217482
143.70084785366114
143.70178685130327
143.70287021959948
143.7041072118372
143.7055065820472
143.70707655512078
143.70882486925018
143.71075881047818
143.71288524162154
143.71521062711034
143.7177410547963
143.72048225545157
143.72343962045198
143.72661821799255
143.7300228080749
143.73365785644333
143.73752754759738
143.74163579697773
143.7459862624022
143.75058235481197
143.75542724837982
143.76052389002433
143.76587500836726
143.7714831221689
143.77735054827272
143.78347940908762
143.78987163963393
143.79652899417852
143.80345305248167
143.81064522567752
143.81810676180888
143.8258387510354
143.83384213053364
143.84211768910635
143.8506660715167
143.85948778256449
143.8685831909171
143.87795253271085
143.88759591493482
143.89751331861052
143.9077046017786
143.91816950230518
143.92890764051631
143.9399185216738
143.95120153830013
143.96275597236166
143.97458099732097
143.98667568006442
143.9990389827148
144.01166976433592
144.02456678253702
144.03772869498363
144.05115406082228
144.0648413420253
144.07878890466168
144.09299502010103
144.10745786615527
144.12217552816452
144.13714600003257
144.15236718521663
144.16783689767715
144.1835528627922
144.19951271824138
144.21571401486403
144.23215421749583
144.24883070578858
144.26574077501755
144.28288163688003
144.30025042028973
144.3178441721708
144.33565985825496
144.35369436388626
144.37194449483647
144.39040697813525
144.40907846291788
144.42795552129502
144.44703464924672
144.46631226754457
144.48578472270518
144.50544828797763
144.52529916436802
144.545333481704
144.5655472997423
144.58593660932152
144.60649733356252
144.62722532911948
144.64811638748355
144.66916623634128
144.6903705409897
144.71172490581017
144.73322487580316
144.7548659381845
144.77664352404574
144.7985530100788
144.820589720367
144.84274892824314
144.8650258582147
144.88741568795788
144.90991355037994
144.9325145357505
144.9552136939019
144.97800603649762
145.00088653936965
145.02385014492256
145.04689176460488
145.0700062814456
145.0931885526549
145.11643341228796
145.13973567396894
145.16309013367422
145.1864915725721
145.20993475991642
145.2334144559915
145.2569254151057
145.28046238862973
145.30402012807707
145.32759338822234
145.35117693025393
145.37476552495704
145.39835395592254
145.42193702220078
145.44550954392804
145.4690663619025
145.49260234338985
145.5161123847353
145.53959141462965
145.56303439736752
145.58643633609097
145.60979227601467
145.6330973076255
