3.00019
2.9963427709063795
2.9929031680234455
2.989151928704947
2.985312664590923
2.98150421956594
2.9777877759494564
2.974194052143871
2.9707377308241902
2.9674251030280443
2.9642581139856463
2.9612365007979338
2.958358918240429
2.9556235279337506
2.9530283028566626
2.9505711807838058
2.9482501374374275
2.9460632168282213
2.944008538575698
2.942084292600335
2.9402887265737254
2.938620128832771
2.937076808012539
2.935657069845776
2.9343591911045737
2.933181390352609
2.9321217949439697
2.931178403493914
2.93034904282619
2.9296313181487594
2.9290225549070996
2.928519730396907
2.9281193927721554
2.9278175645521323
2.9276096271127163
2.9274901819741777
2.9274528785808474
2.927490235325839
2.9275933704206203
2.927751739908802
2.927952810050006
2.9281817008972664
2.928420824134418
2.9286495758355207
2.9288442015129044
2.9289780366045473
2.929022431450911
2.9289487443912106
2.928731699724206
2.9283539612781952
2.9278108861664167
2.927113511953035
2.9262878853596304
2.925370464790721
2.9244014993767737
2.923419068385383
2.9224555141346986
2.921536277426918
2.920680365317871
2.9199015260925374
2.9192095345802986
2.918611305654413
2.9181117560752132
2.9177144304442257
2.917421938818537
2.917236255601774
2.9171589207871604
2.9171911743182797
2.917334045392906
2.9175881145486686
2.9179545711016135
2.9184339845829212
2.9190273127752717
2.9197346509719404
2.9205565486261795
2.9214934925916705
2.922545919397287
2.9237142231418662
2.924998760301851
2.926399852772609
2.9279177898853566
2.929552829818115
2.9313052006384375
2.9331751011141387
2.9351627013706545
2.937268143440982
2.9394915417351695
2.9418329834454653
2.9442925288968036
2.9468702118485606
2.9495660397511108
2.9523799939599638
2.955312029908598
2.9583620772414267
2.961530039907703
2.964815796217156
2.9682191988580273
2.9717400748782286
2.975378225630327
2.9791334266810967
2.983005427686444
2.98699395223253
2.9910986976440075
2.9953193347602967
2.999655507680923
3.0041068334809506
3.0086729018976346
3.013353274989429
3.018147486768544
3.0230550428083123
3.0280754198266275
3.0332080652467783
3.038452396737054
3.043807801730484
3.0492736369261664
3.054849227773635
3.0605338679417327
3.066326818773544
3.0722273087289027
3.0782345328160505
3.0843476520140523
3.0905657926875585
3.096888045995599
3.1033134672960268
3.1098410755473247
3.116469852709464
3.1231987431455575
3.1300266530260346
3.13695244973711
3.1439749612953305
3.151092975769982
3.1583052407152152
3.165610462613667
3.1730073063334694
3.1804943946004984
3.1880703074877306
3.195733581923611
3.203482711221326
3.21131614463091
3.219232286916091
3.227229497957815
3.235306092386382
3.243460339244149
3.251690461680708
3.2599946366825305
3.2683709948389637
3.2768176201465624
3.285332549853631
3.2939137743469358
3.3025592370824417
3.3112668345619802
3.320034416357693
3.328859785186055
3.337740697033319
3.346674861334094
3.355659941204791
3.3646935537336105
3.3737732703286842
3.382896617125922
3.392061075458073
3.4012640823864304
3.4105030312965257
3.419775272559084
3.4290781142574254
3.43840882298242
3.447764624695969
3.457142705663899
3.4665402134590617
3.4759542580352734
3.485381912872637
3.4948202161946385
3.50426617225728
3.5137167527103705
3.52316889803095
3.5326195190286387
3.542065498422595
3.5515036924895678
3.5609309327823406
3.5703440279177543
3.579739765433256
3.589114913710766
3.5984662239665
3.6077904323051326
3.617084261836567
3.626344424853354
3.6355676250666273
3.6447505598982017
3.65388992282636
3.6629824057826066
3.6720247015964853
3.681013506451324
3.6899455225562527
3.6988174604998436
3.7076260420024827
3.7163680025151504
3.7250400938818706
3.7336390870257774
3.7421617746540687
3.7506049739775884
3.7589655294405433
