48.39696134976194
39.44042281823693
31.957182669336778
25.86174654162029
21.12710422486901
17.634094305994203
15.17745110375603
13.515612711182083
12.421247467677496
11.710698277429275
11.250589606064286
10.95085191281941
10.753495323945183
10.62226940532887
10.534862009697887
10.477582988200952
10.44195087735344
10.422585513942346
10.415943768259945
10.41957790725635
10.431707734807135
10.450975962410277
10.476307986196979
10.506829962882998
10.541819001586905
10.580671004564417
10.622878353369028
10.668013307523372
10.715714947706608
10.765678516225938
10.817646525884829
10.871401266910205
10.926758467777486
10.983561931837428
11.041679006607
11.100996764536948
11.16141879119831
11.22286248960751
11.285256821837041
11.348540420054167
11.412660008044789
11.47756908391067
11.543226820888977
11.609597151387323
11.676648003440057
11.74435066469961
11.812679252543537
11.881610272706567
11.95112225165818
12.021195430216782
12.091811508253853
12.162953431740577
12.234605215086034
12.30675179271911
12.379378895191357
12.452472945237512
12.526020970683351
12.60001053138929
12.674429657466375
12.749266797440585
12.824510773785297
12.900150745678094
12.976176176561738
13.05257680670576
13.129342629173925
13.206463868990083
13.283930964920723
13.361734553218124
13.439865453346503
13.518314654848519
13.597073305832952
13.676132702095472
13.75548427727931
13.835119593803165
13.9150303342252
13.995208293123909
14.075645369638748
14.156333560110744
14.237264951203272
14.31843171328446
14.399826093987064
14.481440412083801
14.56326705151142
14.645298455571018
14.72752712138456
14.809945594343908
14.892546462855947
14.97532235318247
15.058265924288706
15.141369863007293
15.224626879270447
15.308029701297516
15.391571071095285
15.475243739880325
15.559040463831828
15.64295399966459
15.726977100428389
15.811102511540062
15.895322966639633
15.979631183602455
16.064019860777258
16.148481673145422
16.233009268548866
16.317595264107027
16.40223224253108
16.48691274865537
16.571629285946432
16.656374313006403
16.74114024027296
16.825919426587152
16.910704175963573
16.995486734297298
17.080259286117315
17.165013951341443
17.249742782159952
17.334437759793193
17.419090791380523
17.503693706803507
17.588238255538986
17.672716103509963
17.757118829923137
17.841437924070775
17.925664782189553
18.009790704163958
18.093806890378254
18.177704438345312
18.261474339400912
18.345107475273533
18.428594614713273
18.51192640988043
18.59509339280091
18.67808597165102
18.760894426959474
18.843508907742297
18.925919427410605
19.008115859666198
19.090087934117836
19.171825231871978
19.253317180797914
19.33455305067028
19.41552194809699
19.49621281115261
19.576614403772563
19.65671530983354
19.736503926931086
19.815968459771625
19.89509691319133
19.97387708473209
20.052296556751084
20.13034268796549
20.178156540521897
20.233996250911574
20.297521839263045
20.367416709735707
20.442190012566503
20.52048750934951
20.601185216692397
20.68339327885165
20.766494019372853
20.84996736404648
20.933398068296796
21.016481354653003
21.09899359497793
21.18077072635807
21.261692318187862
21.34166978729966
21.420637667820344
21.49854713597349
21.57536120234415
21.651051138789892
21.72559382039458
21.798969745854684
21.871161560782905
21.94215295342407
22.011927825456123
22.080469665054693
22.14776106749436
22.21378336189088
22.278516312502283
22.341937870264612
22.404023955409464
22.46474825576485
22.52408202793795
22.58199389021982
22.638449597031105
22.693411784989628
22.74683968044824
22.79868875753797
22.84891033438444
22.897451093164467
22.944252506999973
22.9892501531134
23.032372887096127
23.073541847247384
23.112669250356927
23.14965693066548
23.184394561274416
23.21675748137514
23.24660403207923
