529892.0774999999
246103.88926694245
244171.44465729213
242170.947243489
240150.93360033273
238137.98503834847
236144.94479239878
234176.93337936542
232234.80526434164
230317.13438197385
228421.35866598669
226544.4358146011
224683.21296757637
222834.629029682
220995.81966940826
219164.16629861612
217337.31332216118
215513.1678736508
213689.89031743916
211865.88030822633
210039.7611573126
208210.3640568223
206376.71300724958
204538.01087514905
202693.6267544236
200843.08465013432
198986.05340760175
197122.337751181
195251.87026351903
193374.7041192499
191491.00638446264
189601.05170057985
187705.21618631977
185803.97141271242
183897.87833143983
181987.58106400727
180073.80048798717
178157.3275832596
176239.01652775164
174319.7775542493
172400.56960007304
170482.39279691377
168566.2808605858
166653.2934489776
164744.50856115436
162841.01505283325
160943.90534218962
159054.26837672904
157173.1829264656
155301.71126190614
153440.89326722053
151591.74102985882
149755.23393904665
147932.31431586464
146123.883588258
144330.7990160901
142553.8709621859
140793.86069890056
139051.47873202534
137327.38361918984
135622.18125441638
133936.4245871726
132270.61374148118
130625.19649851765
129000.5691053502
127397.07737211819
125815.0180201706
124254.64024483554
122716.14745778803
121199.69917577032
119705.4130245395
118233.36682910267
116783.60076395416
115356.1195390592
113950.89460038513
112567.86632575004
111206.94619937515
109868.01895082212
108550.94464601876
107255.56072007022
105981.68394365931
104729.1123161578
103497.62688037525
102286.99345511915
101096.96428302278
99927.27959211064
98777.66907053275
97647.85325474192
96537.54483200559
95446.44985876918
94374.26889685565
93320.69806985516
92285.43004243232
91268.15492538222
90268.56110967507
89286.33603254361
88321.16687904907
87372.7412224034
86440.74760635207
85524.87607299972
84624.81863928522
83740.26972529494
82870.92653752153
82016.48941009451
81176.66210680302
80351.15208677227
79539.67073635865
78741.93356985941
77957.6604014054
77186.57549030373
76428.40766200236
75682.89040669764
74949.76195745169
74228.76534968543
73519.6484636296
72822.16405137112
72136.06974990224
71461.12808156284
70797.10644311715
70143.77708463569
69500.91707929876
68868.30828506613
68245.73729917675
67632.99540632572
67029.87852129493
66436.18712674054
65851.72620683865
65276.30517734056
64709.737812634165
64151.84217027722
63602.44051347797
63061.35923194286
62528.42876145513
62003.4835025143
61486.361738370484
60976.90555271901
60474.96074727844
59980.37675951585
59493.0065806789
59012.70667433055
58539.336895535125
58072.760410830335
57612.84361911199
57159.456073531146
56712.47040448193
56271.76224378231
55837.210150094346
55408.69553564929
54986.10259429717
54569.318230964614
54158.23199251054
53752.73600000597
53352.72488247061
52958.09571206725
52568.747940745765
52184.58333836273
51805.5059322516
51431.42194823647
51062.23975309269
50697.86979843349
50338.22456599525
49983.21851432346
49632.76802682878
49286.79136119004
48945.20860009435
48607.94160325971
48274.913960754675
47946.050947570606
47621.27947941657
47300.528069718006
46983.72678778899
46670.807218152506
46361.70242099233
46056.34689369265
45754.676533437865
45456.62860087522
45162.141684777045
44871.15566770034
44583.61169261898
44299.452130486025
44018.62054871732
43741.06168056486
43466.721395362474
43195.54666962213
42927.485558935485
42662.487170695844
42400.5016375963
42141.48009187899
41885.37464033219
41632.1383399994
41381.72517459311
41134.09003158729
40889.18867997605
40646.97774867203
40407.41470553246
40170.4578370125
39936.066228389114
39704.19974457657
39474.81901151006
