37.882260156416514
37.50480556023542
37.128944623595956
36.7552256468699
36.38378954645669
36.01469384972964
35.64797223084171
35.28364817586084
34.9217391971866
34.56225876253564
34.20521747180426
33.85062386976369
33.49848503091627
33.14880698578825
32.80159503272764
32.456853965933846
32.114588241877044
31.774802100304647
31.437499651750027
31.10268494033727
30.770361988379456
30.440534827572208
30.11320752032784
29.788384173863488
29.466068948965898
29.146266064843484
28.82897980109778
28.51421449756691
28.20197455258813
27.892264420075307
27.585088605696825
27.280451662358665
26.97835818513901
26.67881280577806
26.381820186796396
26.08738501529303
25.795511996458853
25.50620584682991
25.21947128729712
24.93531303588365
24.653735800297508
24.374744270264056
24.098343109642013
23.824536948325072
23.553330373931047
23.284727923280048
23.018734073663342
22.755353233904746
22.494589735216795
22.236447821854323
21.980931641568763
21.72804523586702
21.477792530079558
21.2301773232429
20.98520327780279
20.742873909144965
20.503192574961286
20.266162464460137
20.031786587430684
19.80006776317178
19.571008609297234
19.344611530430182
19.120878706800365
18.899812082759354
18.681413355229548
18.46568396210427
18.25262507061701
18.04223756569935
17.834522038347856
17.629478774021635
17.42710774109313
17.227408579375815
17.030380588753587
16.836022717937404
16.644333553375915
16.455311308347493
16.268953812261955
16.085258500201
15.904222402727092
15.725842135990849
15.550113892167802
15.377033430255418
15.20659606726164
15.03879666981635
14.873629646236989
14.711088939079493
14.551168018205374
14.393859874395204
14.239157013538252
14.087051451427119
13.937534709185295
13.790597809354427
13.646231272666714
13.504425115526487
13.365168848223261
13.228451473896781
13.0942614882727
12.962586880185182
12.833415132900742
12.706733226254917
12.58252763961106
12.460784355647782
12.341488864978784
12.224626171606076
12.110180799204507
11.998136798232707
11.888477753862418
11.781186794715177
11.676246602392274
11.573639421780895
11.473347072116399
11.375350958777638
11.279632085789562
11.18617106900438
11.094948149930117
11.005943210172738
10.919135786455772
10.83450508617908
10.752030003476508
10.67168913573026
10.593460800498285
10.517323052809555
10.443253702780977
10.371230333508684
10.301230319185855
10.233230843398646
10.167208917551697
10.103141399374637
10.041005011461264
9.980776359793587
9.922431952203606
9.86594821672662
9.811301519800951
9.758468184270365
9.707424507146824
9.658146777092993
9.610611291585652
9.564794373723128
9.52067238864189
9.478221759509692
9.437418983064747
9.398240644672928
9.360663432877153
9.324664153415696
9.29021974268844
9.257307280652643
9.22590400313214
9.195987313526294
9.167534793907434
9.140524215497793
9.114933548519199
9.090740971411028
9.067924879413967
9.046463892519222
9.026336862784712
9.007522823278666
8.990001223786239
8.97375159721125
8.958753782017464
8.944987877858658
8.932434247776964
8.921073521005395
8.910886595389622
8.901854639312083
8.893959093101548
8.887181669932971
8.88150435622968
8.876909411583094
8.873379368206779
8.870897029942489
8.869445470836421
8.869008033304215
8.869568325903433
8.871110220732394
8.873617850474265
8.877075605105274
8.881468128285837
8.886780313453302
8.892997299634754
8.900104466998204
8.908087432160201
8.916932043267563
8.926624374870757
8.937150722605999
8.948497597702834
8.96065172133367
8.973600018821216
8.987329613719533
9.001827821783907
9.01708214484443
9.033080264597706
9.04981003633076
9.067259482590773
9.085416786813933
9.104270286926228
9.123808468928656
9.14401996047897
9.164893524481649
9.186418052697475
