3973.5359999999996
3957.2130467551315
3940.8319396987295
3924.390369982464
3907.8881472820894
3891.3261521006093
3874.705803822004
3858.028782989195
3841.2968871592416
3824.51195691295
3807.6758386971146
3790.7903670096753
3773.8573567571752
3756.8786009840546
3739.855871469877
3722.7909208986302
3705.685485941477
3688.541290932376
3671.3600519977153
3654.1434816017418
3636.893293528705
3619.611208361527
3602.2989595468935
3584.9583001644023
3567.591010546877
3550.1989069329434
3532.7838513739575
3515.3477631677633
3497.8926321543076
3480.4205342859295
3462.9336499818414
3445.434285895812
3427.924900872394
3410.408137043048
3392.8868572190363
3375.3641899653535
3357.843584023066
3340.3288735813994
3322.8243567284744
3305.3348879129207
3287.8659848395287
3270.423947057652
3253.0159777931854
3235.6502898187746
3218.336157701409
3201.0838504610197
3183.9043429692433
3166.808677491701
3149.8068710501757
3132.9064063598507
3116.110635875202
3099.4177395749566
3082.8208783341206
3066.309660395256
3049.8723128358183
3033.497659697538
3017.176335367695
3000.9011901971217
2984.6671544522533
2968.4708599117457
2952.3102199741334
2936.1840638671
2920.091852837986
2904.033473882443
2888.0090956313225
2872.019070118169
2856.063866865168
2840.1440291026065
2824.2601448855044
2808.4128298699275
2792.6027088825635
2776.8304150864114
2761.0965795633474
2745.4018345700033
2729.746803937229
2714.1321047843967
2698.558346611219
2683.026130758281
2667.5360501066007
2652.088688932361
2636.6846228625986
2621.3244188966414
2606.0086354703317
2590.737822548029
2575.512521732489
2560.333266386087
2545.2005817590266
2530.1149851215764
2515.076985898353
2500.0870858032426
2485.145778973989
2470.2535521057416
2455.41088458303
2440.6182486097546
2425.876109336896
2411.184924987666
2396.5451469798977
2381.9572200454913
2367.421582346753
2352.9386655894996
2338.508895132802
2324.132690095269
2309.810463457765
2295.5426221624903
2281.3295672083477
2267.1716937425276
2253.0693911482585
2239.0230431286795
2225.033027786783
2211.099717701411
2197.2234799992616
2183.4046764229083
2169.64366339477
2155.9407920770996
2142.2964084279156
2128.7108532529123
2115.1844622533577
2101.717566069977
2088.3104903228464
2074.963555647313
2061.6770777259685
2048.4513673167003
2035.2867302768516
2022.1834675835357
2009.1418753501237
1996.1622448389692
1983.2448624703986
1970.390009828025
1957.5979636604322
1944.8689958792866
1932.2033735539328
1919.601358902534
1907.06320927982
1894.5891771615138
1882.179510125494
1869.8344508297819
1857.554236987413
1845.3391013382823
1833.1892716180348
1821.1049705240948
1809.0864156789087
1797.1338195904991
1785.2473896104232
1773.4273278892251
1761.6738313294813
1749.987091536545
1738.3672947670866
1726.814621875544
1715.329248258588
1703.9113437977157
1692.5610728000893
1681.2785939377393
1670.064060185252
1658.9176187560686
1647.8394110375154
1636.829572524709
1625.8882327534536
1615.0155152322793
1604.211537373752
1593.4764104251944
1582.810239398973
1572.2131230024781
1561.6851535679634
1551.226416982382
1540.8369926173777
1530.516953259585
1520.2663650413901
1510.0852873723127
1499.9737728711707
1489.931867299178
1479.9596094941505
1470.057031305967
1460.2241575334592
1450.4610058628866
1440.7675868081624
1431.1439036529925
1421.5899523950843
1412.1057216925994
1402.6911928129957
1393.346339584428
1384.0711283498615
1374.8655179240504
1365.7294595535427
1356.6628968798516
1347.6657659059495
1338.7379949662231
1329.8795047000374
1321.0902080290343
1312.3700101383088
1303.7188084615834
1295.13649265724
1286.6229446548361
1278.1780385736654
1269.8016407779223
1261.4936098704165
1253.2537967041287
1245.0820443985028
1236.9781883605515
1228.9420563108465
1220.9734683144486
