46.94777
48.621336134639726
47.73660587539636
46.90508138068689
46.12595736703981
45.39531887887848
44.709047665028095
44.06333995312882
43.454765333352505
42.88024173732605
42.33699857652064
41.82254150952154
41.334620987214905
40.87120456939338
40.430452631250866
40.01069704824867
39.61042248233879
39.228249936180845
38.8629222836797
38.513291522786844
38.17830752979701
37.85700812357249
37.548510273591525
37.25200230783918
36.96673699572562
36.69202539778671
36.427231388238646
36.171766768806556
35.925086902912774
35.686686808503
35.45609765573389
35.232883622601676
35.01663906752195
34.806985983000644
34.60357169897852
34.40606680828519
34.214163289982935
34.027572809288145
33.84602517528826
33.66926693987846
33.497060123266515
33.32918105307654
33.16541930555645
33.00557673868157
32.84946660808171
32.69691275771559
32.54774887808808
32.40181782558533
32.25897099717711
32.11906775534449
31.98197489862009
31.84756617360382
31.71572182473422
31.586328729227613
31.459277803651364
31.334466970625613
31.211798608491502
31.091179802335112
30.972522060506446
30.855741051279036
30.740756358022466
30.627491251395707
30.515872477199864
30.405830058651276
30.297297111943575
30.190209674068928
30.084506541959033
29.980129122084797
29.877021289730553
29.775129257222396
29.674401450452066
29.57478839309258
29.476242597949533
29.378718464940043
29.282172185229836
29.186561651097886
29.09184637113114
28.997987390384168
28.904947215165176
28.812689742137945
28.721180191450948
28.630385043627694
28.540271979972786
28.45080982626512
28.36196849952677
28.273718957672582
28.186033151858116
28.09888398135793
28.012245250816523
27.926091629727708
27.840398614005338
27.755142489520892
27.67030029748897
27.585849801592804
27.501769456746135
27.418038379397803
27.334636319289164
27.251543632581726
27.168741256277695
27.08621068386026
27.003933942086874
26.92189356887097
26.840072592193465
26.75845450998827
26.67702327094926
26.595763256210603
26.514659261853716
26.43369648219865
26.35286000953082
26.272137240870556
26.191512524406157
26.110973963047243
26.030508026626805
25.950101987128114
25.869743416668605
25.78942017579537
25.70912040228092
25.628832500393184
25.548545130617793
25.46824719981206
25.38792785177166
25.30757645819159
25.227182610004352
25.146736109079452
25.06622696026865
24.98564536378313
24.904981707888798
24.82422656190736
24.743370669510647
24.66240494229832
24.581320453646267
24.500108432818433
24.418760259329986
24.337267457555534
24.255621691572298
24.17381476023151
24.091838592450678
24.009685242719367
23.9273468868128
23.844815817706912
23.76208444168908
23.67914527466009
23.59599093862128
23.512614158343453
23.429007758212236
23.345164659246972
23.26107787628846
23.176740515352883
23.09214577114801
23.007286924749575
22.92215734143411
22.83675046866646
22.751059834239086
22.66507904456132
22.578801783096342
22.492221808943906
22.40533295556743
22.318129129663298
22.23060431017123
22.14275254742399
22.054567962435694
21.966044746326375
21.877177159882304
21.78795953325123
21.698386265769926
21.608451825924625
21.5181507514417
21.42747764950836
21.336427197121676
21.244994141564447
21.15317330100701
21.0609595652334
20.968347896489718
20.87533333045377
20.781910977323655
20.68807602302316
20.593823730522004
20.499149441268134
20.404048576729732
20.30851664004348
20.212549217765975
20.1161419817247
20.019290690964386
19.921991193784752
19.824239429864004
19.726031432463746
19.62736333070871
19.528231351935805
19.428631824104652
19.32856117826316
19.22801595105884
19.12699278728819
19.02548844247372
18.923499785458652
18.82102380100765
18.71805759240218
18.614598384016634
18.510643523861685
18.406190486079307
