1.5
1.491246088067468
1.4883791555290922
1.4872252840407096
1.4867339934247492
1.4864980259792602
1.486359110449787
1.4862559816874916
1.4861651196038297
1.4860776722387694
1.485990474899657
1.4859025584024512
1.4858137941795793
1.4857243672905192
1.4856345742557935
1.4855447444200407
1.485455209948405
1.485366294417891
1.485278308507715
1.485191548355614
1.4851062948822173
1.4850228134432015
1.4849413535767468
1.4848621487702856
1.484785416229832
1.484711356656964
1.4846401540458711
1.484571975514542
1.4845069711836665
1.484445274115415
1.4843870003224109
1.4843322488552406
1.4842811019747262
1.4842336254130504
1.484189868725706
1.4841498657341676
1.4841136350572033
1.4840811807269043
1.4840524928838488
1.4840275485443337
1.4840063124313827
1.4839887378602188
1.4839747676682538
1.4839643351788234
1.4839578192771514
1.4839539425378938
1.4839535380503643
1.4839563940224845
1.4839623716371395
1.483971352038679
1.4839832236950228
1.4839978769789948
1.4840152026593736
1.4840350918140353
1.484057436235249
1.4840822150250328
1.4841091830456619
1.4841382718633602
1.4841693940925476
1.4842024577127435
1.4842373714765342
1.4842740470774538
1.4843124000995491
1.4843523504917893
1.484393822842717
1.4844367465557788
1.484481055967814
1.4845266904257883
1.484573594330615
1.4846217171532008
1.4846710134265362
1.4847214427170243
1.4847729695777498
1.4848255634859788
1.4848791987667056
1.484933854503537
1.4849895144375844
1.4850461668542958
1.4851038044572626
1.4851624242269217
1.4852220272606456
1.4852826185888872
1.4853442069595766
1.485406804579667
1.485470426798128
1.4855350917082306
1.4856008196377113
1.4856676324818978
1.4857355528148397
1.4858046026831793
1.4858748019409203
1.4859461659102378
1.4860187020371218
1.4860924050220534
1.4861672493017393
1.4862431792188302
1.4863200907147776
1.4863978061912733
1.486476033983481
1.4865543088775266
1.4866319190382034
1.4867078794340485
1.4867811917401805
1.4868518458496254
1.4869219604251391
1.4869940310833216
1.4870679781088776
1.4871424585487907
1.487216888879219
1.4872913873393652
1.4873662309985363
1.4874416324405992
1.4875177205289423
1.487594571261885
1.4876722346613112
1.4877507501294331
1.4878301537477712
1.4879104812867308
1.4879917692163778
1.48807405487335
1.4881573763109173
1.4882417720556487
1.4883272808582062
1.4884139414681299
1.488501792439294
1.488590871964051
1.488681217731346
1.4887728668036408
1.4888658555079097
1.488960219336595
1.4890559928551435
1.4891532096133653
1.4892519020584523
1.4893521014479925
1.489453837761782
1.4895571396115947
1.4896620341484332
1.489768546967068
1.4898767020079449
1.4899865214567414
1.4900980256421055
1.4902112329322441
1.4903261596312336
1.4904428198760438
1.4905612255354304
1.4906813861119517
1.4908033086484827
1.4909269976407153
1.491052454957187
1.4911796797684855
1.4913086684873347
1.4914394147212757
1.491571909239743
1.4917061399573017
1.4918420919348065
1.4919797474002372
1.4921190857908748
1.4922600838184115
1.4924027155584716
1.4925469525658923
1.4926927640169005
1.4928401168791687
1.4929889761104314
1.4931393048861406
1.4932910648562785
1.4934442164311432
1.4935987190955853
1.4937545317507257
1.4939116130819061
1.4940699219510756
1.4942294178115312
1.494390061142435
1.494551813900156
1.4947146399831377
1.4948785057065823
1.4950433802829493
1.4788739482506492
1.4814567743224138
1.4833241795096217
1.4843180835795449
1.4848896738852206
1.4852538107456632
1.4855028462426612
1.4856779460074567
1.4857994875351321
1.4858791445314479
1.4859254532341752
1.4859447715443226
1.4859436090273146
1.4859246592267121
1.485892440006474
1.4858504927183027
1.485801695946049
1.4857483866196426
1.485692439122419
1.485634313115764
1.4855769233632667
1.4855206081996881
1.4854658722141438
1.4854131520547933
1.5097884438677187
1.5080498742618533
1.5070443523400696
1.5064620966016307
1.5060997261182172
1.505856440294841
1.5056814084078942
1.5055482073606046
1.5054424773970445
1.505355943876181
1.505283500557509
1.50522176937838
1.5051683741699196
1.5051215612410473
1.5050799931546754
1.5050426269704609
1.505008638832415
1.5049773730284275
1.5049483055703123
1.5049210169341685
1.5048951710111702
1.504870498532814
1.5048467838686193
1.5048238544436674
1.5048015722297432
1.5047798268955745
1.504758530292216
1.5047376120158866
1.5047170158410954
1.5046966968566593
1.5046766191690415
1.5046567540630815
1.5046370785310503
1.5046175740979129
1.5045982258844637
1.5045790218612098
1.5045599522550113
1.5045410090778535
1.504522185753146
1.504503476819771
1.5044848776980313
1.5044663845048116
1.504447993907801
1.5044297030106772
1.5044115092628039
1.5043934103883
1.5043754043303927
1.5043574892078246
1.5043396632807344
1.5043219249240027
1.5043042726064288
1.504286704874497
1.504269220339729
1.5042518171904031
1.5042344958306517
1.5042172529287052
1.5042000882339186
1.5041830005261743
1.50416598864274
1.5041490514597362
1.5041321878845608
1.5041153968519054
1.5040986773215081
1.5040820282767684
1.5040654487238194
1.5040489376908608
1.5040324942278114
1.50401611740517
1.5039998240230243
1.5039835868092328
1.5039674097947227
1.5039512942463686
1.5039352402693786
1.5039192474666736
1.5039033152301742
1.503887442869356
1.5038716296678807
1.5038558749084447
1.503840177883624
1.5038245379005397
1.5038089542827984
1.5037934263712371
1.503777953524146
1.503762535117245
1.5037471705435728
1.503731859213317
1.50371660055363
1.5037013940084296
1.5036862390381935
1.5036711351197571
1.5036560817460973
1.5021234202896678
1.5014553020073804
1.5011613398676549
1.5010278673380342
1.5009635610782137
1.500928651311824
1.5009071720483247
1.5008910603458536
1.5008772399628219
1.5008643876595
1.5008519372291527
1.500839648747504
1.5008274227749758
1.500815220220805
1.5008030277859867
1.5007908430680856
1.5007786681479396
1.5007665068351357
1.5007543634914506
1.5007422425344967
1.500730148234249
1.5007180846353427
1.50070605553307
1.5006940644719962
1.5006821147538298
1.5006702094487814
1.5006583514079808
1.5006465432759146
1.5006347875024473
1.5006230863542964
1.5006114419258996
1.500599856149665
1.5005883308056596
1.500576867530721
1.5005654678270532
1.5005541330703167
1.5005428645172623
1.5005316633129049
1.5005205304972926
1.5005094670118717
1.5004984737054892
1.5004875513400382
1.5004767005957653
1.5004659220762773
1.5004552163132405
1.500444583770817
1.5004340248498285
1.5004235398917112
1.5004131291822391
1.50040279295507
1.5003925313950952
1.500382344641602
1.5003722327912405
1.5003621959007791
1.5003522339896802
1.5003423470424888
1.500332535011088
1.5003227978168108
1.5003131353524464
1.5003035474841475
1.500294034053215
1.500284594877806
1.5002752297545319
1.5002659384599626
1.5002567207520507
1.500247576371459
1.500238505042822
1.5002295064759152
1.5002205803667716
1.5002117263987171
1.5002029442433542
1.5001942335614773
1.500185594003936
1.5001770252124558
1.5001685268203935
1.5001600984534562
1.500151739730379
1.5001434502635531
1.5001352296596215
1.500127077520041
1.500118993441601
1.5001109770169199
1.5001030278349015
1.500095145481175
1.5000873295384953
1.5000795795871276
1.500071895205203
1.5000642759690528
1.500056721453525
1.5000492312322746
1.500041804878039
1.5000344419628993
1.5000271420585147
1.5000199047363525
1.5000127295679007
1.500005616124854
1.499998563979311
1.4999915727039341
1.4999846418721183
1.499977771058132
1.4999709598372624
1.4999642077859394
1.4999575144818582
1.4999508795040906
1.4999443024331875
1.4999377828512768
1.4999313203421505
1.499924914491344
1.507123823081976
1.5074721551390158
1.5073758534504005
1.5072640716822656
1.5071612429176449
1.5070672274981871
1.5069806712071174
1.5069003798983924
1.5068253557889624
1.506754762690723
1.5066878953154168
1.5066241551070951
1.5065630311904257
1.5065040852172487
1.5064469392080442
1.5063912657181
1.5063367798257647
1.5062832325617561
1.5062304054877367
1.5061781061700812
1.5061261645567954
1.5060744296538646
1.5060227669239188
1.5059710562050876
1.505919189695754
1.5058670703886579
1.5058146107168007
1.5057617314008205
1.5057083604689865
1.5056544324247163
1.505599887540764
1.5055446712627902
1.5054887337079041
1.5054320292461418
1.5053745161547851
1.5053161563370194
1.5052569150977486
1.5051967609704637
1.505135665589954
1.5050736036063772
1.505010552636798
1.504946493250785
1.5048814089870215
1.5048152863981927
1.5047481151216169
1.504679887973237
1.5046106010626816
1.5045402539271455
1.5044688496818175
1.504396395184547
1.50432290121234
1.5042483826471624
1.5041728586683754
1.504096352948963
1.5040188938525199
1.503940514627768
1.5038612535971736
1.5037811543360138
1.5037002658380578
1.5036186426638274
1.5035363450672274
1.503453439096195
1.503369996662882
1.5032860955788019
1.503201819550318
1.5031172581298342
1.50303250661809
1.5029476659130445
1.5028628423009724
1.502778147185612
1.5026936967514681
1.5026096115577545
1.502526016059918
1.5024430380562852
1.5023608080581115
1.5022794585822519
1.5021991233668084
1.5021199365115203
1.5020420315463487
1.5019655404337122
1.5018905925121526
1.501817313391838
1.5017458238151908
1.5016762384989752
1.5016086649772502
1.5015432024675108
1.5014799407848634
1.501418959330968
1.501360326185451
1.501304097327299
1.5012503160122035
1.5011990123287913
1.5011502029522041
1.5011038911076395
1.5010600682152415
1.5010187084844495
1.5009797780499183
1.500943230272586
1.5009090079065321
1.5008770442360595
1.5008472642611128
1.5008195859465803
1.5007939215027313
1.5007701786633412
1.500748261930915
1.5007280737625064
1.5007095156744532
1.5006924892495443
1.500676897035343
1.500662643327318
1.5006496348348701
1.500637781232125
1.5006269955984282
1.5006171947558082
1.5006082995123002
1.5006002348210161
1.5005929298653025
1.500586318080331
1.5005803371211281
1.500574928786461
1.5005700373295145
1.5005656156100955
1.500561615616947
1.5005579941626825
1.500554711789667
1.50055173202757
1.5005490214375041
1.5005465493832704
1.5005442878424042
1.500542211223961
1.5005402961928784
1.500538521501822
1.5005368678311815
1.5005353176376233
1.5005338550114105
1.5005324655425205
1.500531136195476
1.5005298551926944
1.5005286119060919
1.5005273967566213
1.5005262011213893
1.5005250172479656
1.5005238381754986
1.5005226576622333
1.5005214701190366
1.5005202705485443
1.5005191857474702
1.5005179541479436
1.5005166934286982
1.5005154053443586
1.5005140873182552
1.5005127369028388
1.5005113519357045
1.50050993051918
1.5005083429808304
1.5005068392171033
1.500505299670305
1.5005037184829666
1.5005020945485108
1.5005004270990614
1.5004987155081477
1.5004969592712882
1.5004951579952779
1.5004933113889558
1.5004914192550332
1.5004894814828549
1.5004874980419924
1.500485468976568
1.5004833944002245
1.5004812744916531
1.500479109490608
1.5004768996943303
1.5004746454543199
1.5004723471733907
1.5004700053029538
1.500467620340475
1.5004651928270594
1.5004627233451184
1.5004602125160824
1.5004576609981202
1.5004550694838412
1.5004524386979528
1.5004497693948555
1.500447062356163
1.5004443183881393
1.5004415383190524
1.5004387229964489
1.500435873284356
1.5004329900604296
1.5004300742130647
1.5004271266384883
1.5004241482378657
1.5004211399144411
1.5004181025707441
1.50041503710589
1.5004119444129982
1.5004088253767602
1.500405680871172
1.5004025117574562
1.500386476650833
1.5003801376878894
1.5003747440617887
1.5003700487985887
1.5003659608833404
1.5003624065510586
1.5003593222192497
1.5003566526695271
1.5003543497279093
1.500352371194909
1.5003506799674915
1.5003492433136207
1.5003480322691758
1.5003470211336563
1.5003461870461183
1.5003455095779485
1.5003449706469587
1.500344553889152
1.5003442447095017
1.5003440300140645
1.5003438980422354
1.5003438382216214
1.5003438410413001
1.5003438979406811
1.5003440012116795
1.5003441439123055
1.5003443206734794
1.5003445241275715
1.500344750025997
1.5003449938353803
1.5003452514510198
1.5003455191813508
1.5003457937097742
1.5003460720593194
1.5003463515607114
1.5003466298235113
1.500346904710004
1.5003471743115475
1.5003474369271392
1.5003476910439724
1.5003479353197946
1.5003481685668911
1.500348389737542
1.5003485979108133
1.5003487922805596
1.500348972144527
1.5003491368944555
1.5003492860070913
1.5003494190360247
1.500349535604282
1.5003496353976011
1.5003497181583292
1.5003497836798878
1.500349831801754
1.500349862404908
1.5003498754077085
1.5003498707621523
1.5003498484504894
1.5003498084821525
1.5003497508909778
1.5003496757326888
1.500349583082615
1.5003494730336286
1.500349345694275
1.5003492011009167
1.5003490396456907
1.5003488612887244
1.50034866619117
1.5003484545189176
1.500348226445166
1.5003479821496508
1.5003477218178152
1.500347445640051
1.5003471538110071
1.5003468465289604
1.5003465239952434
1.5003461864137206
1.500345833990315
1.5003454669325709
1.5003450854492595
1.5003446897500143
1.5003442800450024
1.500343856544621
1.5003434194592191
1.5003429689988452
1.500342505373017
1.5003420287905054
1.500341539459143
1.5003410375856463
1.5003405233754517
1.500339997032567
1.5003394587594372
1.500338908756819
1.5003383472236684
1.5003377743570376
1.500337190351983
1.5003365954014798
1.5003359896963464
1.500335373425175
1.5003347467742714
1.5003341099276002
1.5003334630667353
1.5003328063708203
1.5003321400165284
1.5003314641780319
1.5003307790269773
1.5003300847324605
1.500329381461009
1.500328669376571
1.500327948640502
1.5003272194115616
1.5003264818459072
1.5003257360970956
1.5003249823160894
1.5003242206512588
1.50032345124839
1.500322674250699
1.5003218897988433
1.5003210980309418
1.5003202990825846
1.5003194930868582
1.500318680174367
1.5003381685353903
1.5003184647669292
1.500336491687925
1.5003167859060378
1.5003186225128713
1.5003178442210585
1.5003169817939432
1.5003322880654442
1.500331870856023
1.5003309764107997
1.500330061294463
1.5003090458378006
1.5003075553817475
1.5003066393310918
1.5003057363166958
1.5003048287106022
1.5003039160508882
1.5003029984145688
1.5003020758931471
1.5003011485762816
1.5003002165514057
1.5002992799038353
1.5002983387168716
1.5002973930718893
1.5002964430484196
1.5002954887242168
1.500294530175327
1.5002935674761417
1.5002926006994566
1.5002916299165203
1.5002906551970836
1.500289676609443
1.5002886942204872
1.5002877080957382
1.5002867182993918
1.5002857248943557
1.500284727942291
1.5002837275036458
1.5002827236376932
1.500281716402569
1.500280705855303
1.5002796920518544
1.5002786750471473
1.5002776548951
1.5002766316486609
1.5002756053598372
1.5002745760797276
1.5002735438585528
1.5002725087456854
1.5002714707896787
1.5002704300382974
1.5002693865385437
1.500268340336688
1.5002672914782942
1.5002662400082474
1.5002650238529447
1.500263936361506
1.5002628810215142
1.5002618222637016
1.500260761825891
1.500259888122685
1.500258821971421
1.5002577493516642
1.5002566745412058
1.5002555978595684
1.5002545192794414
1.500253438791466
1.5002523563954826
1.5002512720984054
1.5002501856756707
1.5002490976187544
1.50024800771552
1.5002469159834217
1.5002458224478434
1.500244727367291
1.5002436303073885
1.5002425315249432
1.4968337287375988
1.4974292079132072
1.4979769493053874
1.4984338531650818
1.4988057224916627
1.499101295655009
1.499330532311356
1.4995036115304303
1.499630229443971
1.4997191943785608
1.499778262044166
1.4998141344138487
1.4998325480447192
1.4998383902799446
1.4998357990474869
1.4998282220066812
1.4998184326547035
1.4998085215218417
1.4997998937004686
1.499793303771968
1.4997889449049961
1.499786587081739
1.4997857407677826
1.4997858150360615
1.499786244317432
1.499786570539249
1.499786480596102
1.4997858081724726
1.4997845125941371
1.499782646759108
1.4997803232869154
1.4997776845550654
1.4997748792988408
1.4997720463325686
1.4997693046990062
1.4997667489772886
1.499764448350342
1.499762448154933
1.4997607728724078
1.4997594297788195
1.4997584127124857
1.4997577056145586
1.4997572856492425
1.4997571258184819
1.4997571970584318
1.499757469849802
1.4997579154667262
1.4997585064948402
1.4997592178556867
1.4997600267230506
1.4997609127484657
1.4997618580526948
1.4997628471282638
1.4997638666848583
1.49976490546133
1.4997659540220163
1.4997670045501281
1.499768050647011
1.4997690871430145
1.4997701099233802
1.4997711157708555
1.4997721022255117
1.4997730674614183
1.499774010179277
1.4997749295138014
1.4997758249544546
1.4997766962781118
1.4997775434922338
1.4997783667872098
1.4997791664966287
1.4997799430643546
1.4997806970174006
1.4997814289437195
1.4997821394741329
1.4997828292677342
1.499783499000191
1.4997841493544546
1.499784781013461
1.499785394654474
1.4997859909447706
1.4997865705384241
1.4997871340739766
1.4997876821728275
1.4997882154381958
1.4997887344545395
1.4997892397873294
1.4997897319831042
1.4997902115697348
1.499790679056847
1.49979113493636
1.4997915796831023
1.4997920137554808
1.4997924375961755
1.499792851632848
1.4997932562788432
1.4997936519338801
1.499794038984719
1.4997944178058003
1.4997947887598517
1.4997951521984616
1.4997955084626142
1.4997958578831891
1.4997962007814232
1.4997965374693367
1.4997968682501248
1.499797193418514
1.4997975132610881
1.4997978280565845
1.4997981380761598
1.4997984435836338
1.4997987448357049
1.4997990420821474
1.4997993355659873
1.4997996255239352
1.4997999121850225
1.4998001957740585
1.4998004765080206
1.4998007545982803
1.499801030250202
1.4998013036632296
1.499801575030967
1.4998018445412544
1.4998021123762397
1.4998023787124442
1.4998026437208265
1.4998029075668458
1.4998031704105212
1.4998034324064933
1.4998036937040826
1.499803954447351
1.4998042147751622
1.4998044748212451
1.4998047347142558
1.4998049945778442
1.4998353197200012
1.4998188759748106
1.4998154342812742
1.4998168533792589
1.499819746401773
1.4998228959229503
1.4998259336567816
1.4998287950615183
1.499831506862135
1.4998341115227622
1.4998366445993858
1.4998391308961794
1.4998415862360719
1.4998440201706076
1.4998464382368877
1.49984884353112
1.499851237713663
1.4998536216171512
1.4998559956003528
1.4998583597474788
1.49986071397698
1.499863058098895
1.499865391843752
1.499867714876182
1.4998700268005822
1.4998723271628016
1.499874615449904
1.499876891089036
1.4998791534458087
1.4998814018223225
1.499883635454772
1.499885853510484
1.499888055084175
1.4998902391931708
1.4998924047712663
1.4998945506608572
1.4998966756028551
1.4998987782239155
1.4999008570199037
1.4999029103352068
1.4999049363343486
1.4999069342640425
1.4999088981176967
1.4999108287584217
1.4999127221620285
1.4999145748364744
1.4999163827007187
1.4999181409123838
1.4999198436483965
1.4999214838105621
1.4999230526249814
1.4999245390899876
1.4999259292052125
1.4999272048797518
1.4999283423622485
1.4999293099462425
1.4999300645560234
1.4999305465676673
1.499930671786015
1.4999303187275845
1.4999293079525522
1.4999273675440374
1.4999240736982888
1.4999187450609832
1.499910247825821
1.4972951495601505
1.499176388565
1.499971252689701
1.5004154167462198
1.500733259557603
1.5009865166994698
1.5011959835034376
1.501372038206512
1.5015215587620887
1.5016495644486798
1.5017597751214005
1.5018549409510673
1.501937098629473
1.5020077792230229
1.5020681722479972
1.502119249272542
1.5021618516607562
1.5021967481697274
1.502224668630088
1.5022463199021672
1.5022623897896683
1.502273543736276
1.5022804181009253
1.5022836126020058
1.5022836839289646
1.5022811409771801
1.5022764423742154
1.5022699959842698
1.5022621601986512
1.5022532463556133
1.5022435229143107
1.50223321613465
1.5022225198113859
1.5022115947219343
1.5022005741442936
1.5021895674482193
1.5021786634029217
1.50216793315902
1.5021574328955365
1.502147206142736
1.502137285802631
1.5021276958948055
1.5021184530560405
1.5021095678223428
1.5021010457206374
1.502092888194166
1.5020850933860834
1.502077656798493
1.5020705718469536
1.502063830324716
1.5020574227899466
1.5020513419111539
1.5020455739674978
1.5020401011948503
1.5020349193499998
1.502030015950528
1.5020253788797835
1.5020209963313156
1.5020168567808352
1.5020129489966771
1.5020092620624255
1.5020057853997726
1.5020025087880369
1.5019994223778501
1.5019965167002012
1.5019937826702754
1.5019912115877085
1.5019887951339554
1.5019865253655302
1.5019843947074034
1.5019823959425165
1.50198052220157
1.5019787669513742
1.5019771239827335
1.5019755873977902
1.501974151597285
1.5019728112678452
1.501971561369169
1.5019703971215832
1.5019693139937282
1.501968307690504
1.5019673741415507
1.501966509490098
1.5019657100819506
1.50196497245513
1.5019642933300736
1.5019636696001089
1.501963098321996
1.5019625767077296
1.501962102115988
1.5019616720444604
1.501961284122179
1.501960936102619
1.5019606258570026
1.501960351367974
1.5019601107231932
1.5019599021103047
1.5019597238110498
1.5019595741963216
1.501959451721416
1.5019593549213353
1.5019592824067214
1.5019592328595113
1.5019592050293809
1.5019591977299134
1.5019592098352883
1.5019592402769502
1.501959288040789
1.5019593521639771
1.5019594317323248
1.501959525877912
1.5019596337764627
1.5019597546450074
1.5019598877399372
1.5019600323548152
1.5019601878183455
1.5019603534928985
1.5019605287723197
1.501960713080641
1.5019609058704575
1.501961106621503
1.5019613148390223
1.5019615293609043
1.501961751464798
1.5019619795878167
1.5019622133483457
1.5019624523894566
1.5019626963640302
1.5019629449367864
1.5019631977853174
1.5019634546007834
1.50196371508791
1.501963978964816
1.5019642459629168
1.501964515826061
1.501964788310631
1.5019650631845254
1.5019653402269713
1.501965619228006
1.501965899987827
1.5019661823164965
1.501966466033393
1.5019667509668446
1.501967036953655
1.501967323838659
1.501967611474486
1.5019678997210497
1.5019681884453058
1.5019684775209388
1.5019687668279653
1.5019690562524577
1.5019693456862537
1.5019696350267764
1.5019699241766726
1.5019702130436996
1.5019705015403102
1.501970789583453
1.5019710770946098
1.5019713639994159
1.50197165022732
1.5019719357116221
1.5019722203893744
1.5019725042008492
1.5019727870898092
1.501973069003046
1.5019733498902903
1.5019736297043567
1.5019739084005446
1.501974185936969
1.5019744622739952
1.5019747373746952
1.5019750112040315
1.5019752837294535
1.5019755549202496
1.501975824747831
1.5019760931854322
1.5019763602080898
1.5019766257924954
1.5019768899170534
1.5019771525618026
1.501977413708065
1.5019776733388597
1.5019779314382695
1.501978187991834
1.501978442986429
1.5019786964098636
1.5019789482512849
1.5019791985008624
1.5019794471496768
1.5019796941899226
1.501979939614681
1.501980183417921
1.5019804255944043
1.5019806661398114
1.5019809050505413
1.5019811423236815
1.5019813779570377
1.5019816119491356
1.5019818442990815
3731.7705170684803
3731.7705170684803
3731.7705170684803
3731.7705170684803
3731.7705170684803
3731.7705170684803
3731.7705170684803
3731.7705170684803
3731.7705170684803
3731.7705170684803
3731.7705170684803
3731.7705170684803
3731.7705170684803
3731.7705170684803
3731.7705170684803
3731.7705170684803
3731.7705170684803
3731.7705170684803
3731.7705170684803
3731.7705170684803
3731.7705170684803
3731.7705170684803
3731.7705170684803
3731.7705170684803
3731.7705170684803
3731.7705170684803
3731.7705170684803
3731.7705170684803
3731.7705170684803
3731.7705170684803
3731.7705170684803
3731.7705170684803
3731.7705170684803
3731.7705170684803
3731.7705170684803
3731.7705170684803
3731.7705170684803
3731.7705170684803
3731.7705170684803
3731.7705170684803
3731.7705170684803
3731.7705170684803
3731.7705170684803
3731.7705170684803
3731.7705170684803
3731.7705170684803
3731.7705170684803
3731.7705170684803
3731.7705170684803
3731.7705170684803
3731.7705170684803
3731.7705170684803
3731.7705170684803
3731.7705170684803
3731.7705170684803
3731.7705170684803
3731.7705170684803
3731.7705170684803
3731.7705170684803
3731.7705170684803
3731.7705170684803
3731.7705170684803
3731.7705170684803
3731.7705170684803
3731.7705170684803
3731.7705170684803
3731.7705170684803
3731.7705170684803
3731.7705170684803
3731.7705170684803
3731.7705170684803
3731.7705170684803
3731.7705170684803
3731.7705170684803
3731.7705170684803
3731.7705170684803
3731.7705170684803
3731.7705170684803
3731.7705170684803
3731.7705170684803
3731.7705170684803
3731.7705170684803
3731.7705170684803
3731.7705170684803
3731.7705170684803
3731.7705170684803
3731.7705170684803
3731.7705170684803
3731.7705170684803
3731.7705170684803
3731.7705170684803
3731.7705170684803
3731.7705170684803
3731.7705170684803
3731.7705170684803
3731.7705170684803
3731.7705170684803
3731.7705170684803
3731.7705170684803
3731.7705170684803
3731.7705170684803
3731.7705170684803
3731.7705170684803
3731.7705170684803
3731.7705170684803
3731.7705170684803
3731.7705170684803
3731.7705170684803
3731.7705170684803
3731.7705170684803
3731.7705170684803
3731.7705170684803
3731.7705170684803
3731.7705170684803
3731.7705170684803
3731.7705170684803
3731.7705170684803
3731.7705170684803
3731.7705170684803
3731.7705170684803
3731.7705170684803
3731.7705170684803
3731.7705170684803
3731.7705170684803
3731.7705170684803
3731.7705170684803
3731.7705170684803
3731.7705170684803
3731.7705170684803
3731.7705170684803
3731.7705170684803
3731.7705170684803
3731.7705170684803
3731.7705170684803
3731.7705170684803
3731.7705170684803
3731.7705170684803
3731.7705170684803
3731.7705170684803
3731.7705170684803
3731.7705170684803
3731.7705170684803
3731.7705170684803
3731.7705170684803
3731.7705170684803
3731.7705170684803
3731.7705170684803
3731.7705170684803
3731.7705170684803
3731.7705170684803
3731.7705170684803
3731.7705170684803
3731.7705170684803
3731.7705170684803
3731.7705170684803
3731.7705170684803
3731.7705170684803
3731.7705170684803
3731.7705170684803
3731.7705170684803
3731.7705170684803
3731.7705170684803
3731.7705170684803
3731.7705170684803
3731.7705170684803
3731.7705170684803
3731.7705170684803
3731.7705170684803
3731.7705170684803
3731.7705170684803
3731.7705170684803
3731.7705170684803
3731.7705170684803
3731.7705170684803
3731.7705170684803
3731.7705170684803
3731.7705170684803
3731.7705170684803
3731.7705170684803
3731.7705170684803
3731.7705170684803
3731.7705170684803
3731.7705170684803
3731.7705170684803
3731.7705170684803
3731.7705170684803
3731.7705170684803
3731.7705170684803
3731.7705170684803
3731.7705170684803
3731.7705170684803
3731.7705170684803
3731.7705170684803
3731.7705170684803
3731.7705170684803
3731.7705170684803
3731.7705170684803
3731.7705170684803
3731.7705170684803
1722.847280274107
1722.847280274107
1722.847280274107
1722.847280274107
1722.847280274107
1722.847280274107
1722.847280274107
1722.847280274107
1722.847280274107
1722.847280274107
1722.847280274107
1722.847280274107
1722.847280274107
1722.847280274107
1722.847280274107
1722.847280274107
1722.847280274107
1722.847280274107
1722.847280274107
1722.847280274107
1722.847280274107
1722.847280274107
1722.847280274107
1722.847280274107
1722.847280274107
1722.847280274107
1722.847280274107
1722.847280274107
1722.847280274107
1722.847280274107
1722.847280274107
1722.847280274107
1722.847280274107
1722.847280274107
1722.847280274107
1722.847280274107
1722.847280274107
1722.847280274107
1722.847280274107
1722.847280274107
1722.847280274107
1722.847280274107
1722.847280274107
1722.847280274107
1722.847280274107
1722.847280274107
1722.847280274107
1722.847280274107
1722.847280274107
1722.847280274107
1722.847280274107
1722.847280274107
1722.847280274107
1722.847280274107
1722.847280274107
1722.847280274107
1722.847280274107
1722.847280274107
1722.847280274107
1722.847280274107
1722.847280274107
1722.847280274107
1722.847280274107
1722.847280274107
1722.847280274107
1722.847280274107
1722.847280274107
1722.847280274107
1722.847280274107
1722.847280274107
1722.847280274107
1722.847280274107
1722.847280274107
1722.847280274107
1722.847280274107
1722.847280274107
1722.847280274107
1722.847280274107
1722.847280274107
1722.847280274107
1722.847280274107
1722.847280274107
1722.847280274107
1722.847280274107
1722.847280274107
1722.847280274107
1722.847280274107
1722.847280274107
1722.847280274107
1722.847280274107
1722.847280274107
1722.847280274107
1722.847280274107
1722.847280274107
1722.847280274107
1722.847280274107
1722.847280274107
1722.847280274107
1722.847280274107
1722.847280274107
1722.847280274107
1722.847280274107
1722.847280274107
1722.847280274107
1722.847280274107
1722.847280274107
1722.847280274107
1722.847280274107
1722.847280274107
1722.847280274107
1722.847280274107
1722.847280274107
1722.847280274107
1722.847280274107
1722.847280274107
1722.847280274107
1722.847280274107
1722.847280274107
1722.847280274107
1722.847280274107
1722.847280274107
1722.847280274107
1722.847280274107
1722.847280274107
1722.847280274107
1722.847280274107
1722.847280274107
1722.847280274107
1722.847280274107
1722.847280274107
1722.847280274107
1722.847280274107
1722.847280274107
1722.847280274107
1722.847280274107
1722.847280274107
1722.847280274107
1722.847280274107
1722.847280274107
1722.847280274107
1722.847280274107
1722.847280274107
1722.847280274107
1722.847280274107
1722.847280274107
1722.847280274107
1722.847280274107
1722.847280274107
1722.847280274107
1722.847280274107
1722.847280274107
1722.847280274107
1722.847280274107
1722.847280274107
1722.847280274107
1722.847280274107
1722.847280274107
1722.847280274107
1722.847280274107
1722.847280274107
1722.847280274107
1722.847280274107
1722.847280274107
1722.847280274107
1722.847280274107
1722.847280274107
1722.847280274107
1722.847280274107
1722.847280274107
1722.847280274107
1722.847280274107
1722.847280274107
1722.847280274107
1722.847280274107
1722.847280274107
1722.847280274107
1722.847280274107
1722.847280274107
1722.847280274107
1722.847280274107
1722.847280274107
1722.847280274107
1722.847280274107
1722.847280274107
1722.847280274107
1722.847280274107
1722.847280274107
1722.847280274107
1722.847280274107
1722.847280274107
1722.847280274107
1722.847280274107
1722.847280274107
1722.847280274107
1722.847280274107
1722.847280274107
1722.847280274107
1722.847280274107
1722.847280274107
8896996.562670145
-98215151992.52179
-98215151992.52179
-98215151992.52179
-98215151992.52179
-98215151992.52179
-98215151992.52179
-98215151992.52179
-98215151992.52179
-98215151992.52179
-98215151992.52179
-98215151992.52179
-98215151992.52179
-98215151992.52179
-98215151992.52179
-98215151992.52179
-98215151992.52179
-98215151992.52179
-98215151992.52179
-98215151992.52179
-98215151992.52179
-98215151992.52179
-98215151992.52179
-98215151992.52179
-98215151992.52179
-98215151992.52179
-98215151992.52179
-98215151992.52179
-98215151992.52179
-98215151992.52179
-98215151992.52179
-98215151992.52179
-98215151992.52179
-98215151992.52179
-98215151992.52179
-98215151992.52179
-98215151992.52179
-98215151992.52179
-98215151992.52179
-98215151992.52179
-98215151992.52179
-98215151992.52179
-98215151992.52179
-98215151992.52179
-98215151992.52179
-98215151992.52179
-98215151992.52179
-98215151992.52179
-98215151992.52179
-98215151992.52179
-98215151992.52179
-98215151992.52179
-98215151992.52179
-98215151992.52179
-98215151992.52179
-98215151992.52179
-98215151992.52179
-98215151992.52179
-98215151992.52179
-98215151992.52179
-98215151992.52179
-98215151992.52179
-98215151992.52179
-98215151992.52179
-98215151992.52179
-98215151992.52179
-98215151992.52179
-98215151992.52179
-98215151992.52179
-98215151992.52179
-98215151992.52179
-98215151992.52179
-98215151992.52179
-98215151992.52179
-98215151992.52179
-98215151992.52179
-98215151992.52179
-98215151992.52179
-98215151992.52179
-98215151992.52179
-98215151992.52179
-98215151992.52179
-98215151992.52179
-98215151992.52179
-98215151992.52179
-98215151992.52179
-98215151992.52179
-98215151992.52179
-98215151992.52179
-98215151992.52179
-98215151992.52179
-98215151992.52179
-98215151992.52179
-98215151992.52179
-98215151992.52179
-98215151992.52179
-98215151992.52179
-98215151992.52179
-98215151992.52179
-98215151992.52179
-98215151992.52179
-98215151992.52179
-98215151992.52179
-98215151992.52179
-98215151992.52179
-98215151992.52179
-98215151992.52179
-98215151992.52179
-98215151992.52179
-98215151992.52179
-98215151992.52179
-98215151992.52179
-98215151992.52179
-98215151992.52179
-98215151992.52179
-98215151992.52179
-98215151992.52179
-98215151992.52179
-98215151992.52179
-98215151992.52179
-98215151992.52179
-98215151992.52179
-98215151992.52179
-98215151992.52179
-98215151992.52179
-98215151992.52179
-98215151992.52179
-98215151992.52179
-98215151992.52179
-98215151992.52179
-98215151992.52179
-98215151992.52179
-98215151992.52179
-98215151992.52179
-98215151992.52179
-98215151992.52179
-98215151992.52179
-98215151992.52179
-98215151992.52179
-98215151992.52179
-98215151992.52179
-98215151992.52179
-98215151992.52179
-98215151992.52179
-98215151992.52179
-98215151992.52179
-98215151992.52179
-98215151992.52179
-98215151992.52179
-98215151992.52179
-98215151992.52179
-98215151992.52179
-98215151992.52179
-98215151992.52179
-98215151992.52179
-98215151992.52179
-98215151992.52179
-98215151992.52179
-98215151992.52179
-98215151992.52179
-98215151992.52179
-98215151992.52179
-98215151992.52179
-98215151992.52179
-98215151992.52179
-98215151992.52179
-98215151992.52179
-98215151992.52179
-98215151992.52179
-98215151992.52179
-98215151992.52179
-98215151992.52179
-98215151992.52179
-98215151992.52179
-98215151992.52179
-98215151992.52179
-98215151992.52179
-98215151992.52179
-98215151992.52179
-98215151992.52179
-98215151992.52179
-98215151992.52179
-98215151992.52179
-98215151992.52179
-98215151992.52179
-98215151992.52179
-98215151992.52179
-98215151992.52179
-98215151992.52179
-98215151992.52179
-98215151992.52179
-98215151992.52179
-98215151992.52179
-98215151992.52179
-98215151992.52179
-98215151992.52179
-98215151992.52179
-98215151992.52179
