59550.469055999994
53951.15217016915
53301.166162778754
52779.468842257564
52357.088288876774
52011.98050269191
51727.00671756542
51488.99169317767
51287.942001965625
51116.39132358189
50968.85449693689
50841.369780081295
50731.108990990826
50636.03877734326
50554.6243801292
50485.57868446849
50427.67009138159
50379.60673934252
50340.00694852749
50307.44727438831
50280.5586845354
50258.1299066165
50239.181756475
50222.994012379415
50209.086846623344
50197.17242428073
50187.095725312945
50178.779539391624
50172.18167512236
50167.266366998076
50163.98814664716
50162.284952718146
50162.077211401695
50163.270253238275
50165.758223846526
50169.42833934458
50174.164849306035
50179.85240813939
50186.37875933312
50193.636748654055
50201.525736529875
50209.952500558
50218.831721726325
50228.086141642496
50237.64646797837
50247.4510941345
50257.44568818141
50267.58233159764
50277.820468395264
50288.12403154126
50298.462456404486
50308.80971976276
50319.14381377469
50329.44625406993
50339.7016263849
50349.89717381274
50360.02242497782
50370.06886215784
50380.029627482705
50389.899264752756
50399.67349407646
50409.349016370856
50418.92334474731
50428.394659883736
50437.76168662733
50447.02358925977
50456.179883065044
50465.23036005962
50474.17502696331
50483.01405370067
50491.74773091902
50500.37643519954
50508.900600798144
50517.32069691302
50525.637209605105
50533.85062762182
50541.96143148071
50549.970085259854
50557.87703062611
50565.68268270101
50573.38742742563
50580.991620137946
50588.49558512091
50595.89961592099
50603.203976264675
50610.408901433795
50617.51459998322
50624.521255702486
50631.42902974273
50638.23806284604
50644.94847762261
50651.56038083426
50658.07386565419
50664.489013871644
50670.80589802867
50677.02458346682
50683.145130281046
50689.16759516661
50695.09203316012
50700.918499270345
50706.6470499969
50712.27774474334
50717.81064712058
50723.24582614828
50728.583357356314
50733.82332379096
50738.965816929696
50744.01093751035
50748.95879627855
50753.80951465857
50758.563225352256
50763.22007287032
50767.780214001636
50772.24381822228
50776.61106633353
50780.88215936747
50785.05730161108
50789.13671809743
50793.12064610764
50797.009337052354
50800.80305657114
50804.50208460296
50808.10671542307
50811.61725765671
50815.034034266166
50818.35738250797
50821.58765388045
50824.725214040285
50827.77044270558
50830.7237335385
50833.58549401673
50836.35614528065
50839.03612198145
50841.62587209575
50844.12585675334
50733.75322593571
50627.865058193966
50522.003155363906
50419.43203057131
50321.505148787684
50228.65968295635
50140.927974286045
50058.15529805937
49980.120610743594
49906.58226852398
49837.29964250117
49772.042266680044
49710.593294835686
49652.75037214721
49598.32535341976
49547.14353239507
49499.042691859264
49453.87211843532
49411.491647523704
49371.77076639628
49334.587785487856
49299.829079260635
49267.388394064474
49237.16621866081
49209.06921238834
49183.00968616344
49158.905131249834
49136.677791628885
49116.25427582882
49097.56520454027
49080.54489082703
49065.13105001599
49051.26453672477
49038.88910683992
49027.95120253789
49018.3997587656
49010.18603049435
49003.263431368294
48997.58742113903
48993.115360588825
48989.806449042546
48987.601583214804
48986.52386862129
48986.47576765183
48987.44495985869
48989.398335441874
48992.30509085739
48996.136229572134
49000.86472529228
49006.46576574915
49012.91710486414
49020.19956471432
49028.29774861173
49037.20105744054
49046.9051500221
49057.414066506266
49068.74336242755
49080.92481758602
49094.01365791471
49108.099893152226
49123.326592498706
49139.920238981256
49158.24289650679
49178.88551659244
