87663.108924
1252113.1540262103
1265959.5973022466
1278162.9084094367
1289764.6191527375
1300933.7542344178
1311912.8843609078
1323364.7127337065
1336336.0350270458
1351910.547288319
1370804.4990704309
1393128.5605625333
1418376.884111305
1445590.8670298113
1473604.0042740388
1501277.571218963
1527667.3788127557
1552102.6037178317
1574190.2564165946
1593773.6020775763
1610872.0289059847
1625621.3309169253
1638224.049987283
1648912.7098622862
1657925.016164564
1665488.5889081606
1671812.589875046
1677083.9910119486
1681466.7624225547
1685102.7704577239
1688113.577384382
1690602.6266036874
1692657.5098384998
1694352.1370459467
1695748.721638832
1696899.5459576114
1697848.4983287787
1698632.3959081895
1699282.1113387612
1699823.5248236328
1700278.327696345
1700664.694895605
1700997.8512558485
1701290.5422849327
1701553.4302675186
1701795.4243249048
1702023.957397298
1702245.2177616144
1702464.3429858582
1702685.5831625604
1702912.437602012
1703147.7703651213
1703393.9073418626
1703652.7185420897
1703925.6865831418
1704213.9664800332
1704518.4352552597
1704839.7336788296
1705178.3034926811
1705534.4164241627
1705908.202897213
1706299.6715061557
1706708.7310018456
1707135.2045048699
1707578.8450208008
1708039.3470437264
1708516.3566419948
1709009.4811377893
1709518.295621494
1710042.3511785252
1710581.17847155
1711134.2944707547
1711701.2057072697
1712281.4114844897
1712874.407755898
1713479.6897800064
1714096.7530952333
1714725.0968045627
1715364.2243766221
1716013.645077211
1716672.875456107
1717341.4398367812
1718018.8712970712
1718704.7123576691
1719398.5149592655
1720099.8417882575
1720808.265704166
1721523.3701904418
1722244.7502741741
1722972.0114381637
1723704.7698752442
1724442.6535358585
1725185.300812605
1725932.3616346621
1726683.495806323
1727438.3747825734
1728196.6806986232
1728958.1050937753
1729722.3506300289
1730489.1305028948
1731258.167100209
1732029.19300935
1732801.950844477
1733576.1922024512
1734351.6787310324
1735128.180778424
1735905.4778064606
1736683.3587830188
1737461.6207237674
1738240.0701659492
1739018.521527762
1739796.7979032937
1740574.7308127296
1741352.1604123358
1742128.934321851
1742904.9089914788
1743679.9484391483
1744453.9249686433
1745226.7188593668
1745998.2183627705
1746768.319723734
1747536.927525852
1748303.9537524874
1749069.3194489237
1749832.9525654593
1750594.790270044
1751354.777726505
1752112.8691116958
1752869.0261847784
1753623.220699806
1754375.4326415353
1755125.6515584094
1755873.8765599756
1756620.1159719676
1757364.389156878
1758106.7249875802
1758847.1642352685
1759585.757711524
1760322.5690589107
1761057.6739342157
1761791.1604554495
1762523.1306406418
1763253.7005755862
1763983.0015446143
1764711.1803454494
1765438.4008007732
1766164.8443356229
1766890.711269875
1767616.2217508005
1768341.6180105365
1731914.2479988572
1740590.2995132809
1747925.7827390884
1753978.8063876042
1758922.3731376966
1762952.7442963906
1766251.7241758017
1768974.0121630118
1771081.3603802244
1772813.9390638194
1774313.4820198216
1775631.085818416
1776806.548403146
1777870.8545687445
1778848.1503001235
1779757.299901005
1780613.0994949844
1781427.2159874958
1782208.9126449241
1782965.6096054597
1783703.3155301253
1784426.9625277403
1785140.667004926
1785847.934009811
1786551.819177586
1787255.058481564
1787960.173737634
1788669.560663375
1789385.5655802123
1790110.5513395497
1790846.95923562
1791597.368351773
1792364.5540260347
1793151.549840389
1793961.7122594875
1794798.7934566527
1795667.0228502708
1796571.2005488684
1797516.8055555448
1798510.1244113701
1799558.4021152928
1800670.0239507349
1801854.7336688654
1803123.8959659014
1804490.8181490963
1805971.1395221031
1807583.3137239767
1809349.1987341088
1811294.7905661722
