247.60256
252.32427459240634
253.1071731841541
254.08043613111647
255.1640104624493
256.3124083522793
257.4991429095145
258.70875678042955
259.9322509394339
261.1644091465022
262.40222407942844
263.6439721358933
264.8886715009335
266.13576626709647
267.38494324682307
268.63602617861653
269.8889147586976
271.14354946148757
272.3998911189791
273.65790892898315
274.9175732956791
276.1788514790966
277.4417049250242
278.70608764911816
279.97194532648797
281.2392148884877
282.50782450816655
283.7776938969046
285.04873485526446
286.32085203107397
287.59394384266653
288.86790352798664
290.1426202823443
291.41798044973063
292.6938687350446
293.9701694074038
295.2467674679106
296.52354975872123
297.80040599392424
299.07722969649996
300.35391902936993
301.6303775122044
302.9065146191182
304.1822462556091
305.457495116002
306.7321909252119
308.0062705708049
309.27967813309317
310.5523648223608
311.8242888332618
313.09541512702583
314.3657151523607
315.6351665158641
316.90375261247624
318.17146222597194
319.4382891088032
320.7042315498343
321.96929193758433
323.2334763257311
324.4967940066405
325.7592570978167
327.0208801452625
328.28167974691445
329.5416741985671
330.80088316399065
332.0593273703335
333.31702832937026
334.5740080846693
335.8302889843772
337.0858934789791
338.3408439431382
339.5951625205108
340.84887099026304
342.1019906539463
343.35454224125965
344.6065458332516
345.8580208014633
347.1089857615513
348.3594585399594
349.6094561522683
350.85899479188913
352.1080898278692
353.3567558106356
354.6050064845907
355.8528548065471
357.1003129690848
358.34739242798366
359.59410393296355
360.840457561047
362.08646275192297
363.33212834476365
364.5774626160066
365.82247331767275
367.0671677158518
368.3115526290206
369.5556344659314
370.79941926281816
372.04291271972846
373.28612023581826
374.52904694346245
375.77169774107983
377.01407732458597
378.2561902174041
379.498040798989
380.73963333183735
381.9809719869574
383.222060867804
384.4629040326743
385.70350551558516
386.94386934564943
388.1839995649794
389.42390024515305
390.6635755022797
391.90302951070004
393.14226651537473
394.3812908429992
395.6201069118966
396.85871924073626
398.09713245613017
399.335351299154
400.57338063084393
401.8112254367227
403.04889083040655
404.2863820563263
405.5237044916567
406.7608636474219
407.99786516891953
409.23471483543716
410.47141855934115
411.70798238457144
412.9444124845906
414.18071515981944
415.41689683460675
416.65296405377836
417.8889234787832
419.1247818834914
420.36054614967196
421.5962232621789
422.8318203038871
424.0673444503992
425.30280296455953
426.5382031907974
427.77355254932843
429.0088585302381
430.2441286874738
431.47937063276066
432.7145920294673
433.9498005864408
435.1850040518286
436.42021020690134
437.6554268598938
438.8906618398852
440.1259229907209
441.36121816499406
442.59655521810265
443.8319420023798
445.0673863613184
446.3028961238972
447.5384790990047
448.774143069979
450.00989578927005
451.2457449732142
452.48169829694353
453.71776338941913
454.9539478285985
456.19025913673994
457.42670477583886
458.66329214320007
459.90002856714693
461.1369213028683
462.3739775283989
463.61120434073723
464.84860875208886
466.0861976862482
467.32397797511
468.56195635529804
469.80013946493057
471.038533840498
472.27714591386075
473.51598200936667
474.7550483410771
475.9943510101069
477.2338960020663
478.4736891846071
479.713736305077
480.95404298826145
482.19461473422575
483.43545691625064
484.67657477885507
485.9179734359092
487.15965786883146
488.40163292487114
489.64390331546963
490.8864736147068
492.1293482578255
493.3725315398286
494.6160276141637
495.85984049148107
497.10397403846355
