162350.5367982
68161.42024679089
66993.38904495201
65709.25785684472
64458.22313786093
63254.61398172096
62064.52880381466
60841.70840281395
59548.45375032591
58166.814907237924
56703.05329223049
55186.10855578762
53660.33331379639
52174.794546430574
50773.05239685402
49486.599792727706
48332.87452768372
47316.779547096696
46433.924868065376
45674.106235105304
45024.20040933923
44470.221844438915
43998.60638471992
43596.90779685671
43254.0993237131
42960.63421535342
42708.37316453547
42490.44774185075
42301.10123140452
42135.52973599026
41989.73510925017
41860.39464481235
41744.74852473311
41640.50434550591
41545.75700924852
41458.92197092852
41378.67993981656
41303.93114979127
41233.757632255394
41167.392142323195
41104.19250700179
41043.62052313662
40985.224481754136
40928.62480551861
40873.50212016628
40819.58740697067
40766.653819775056
40714.50989960156
40662.99393418892
40611.96924828495
40561.32028511909
40510.94931965852
40460.77371385786
40410.72360714233
40360.740000448146
40310.77310427206
40260.78097095264
40210.728348721386
40160.585674755624
40110.328282179304
40059.9356396146
40009.39081666069
39958.67991144209
39907.79166411111
39856.71705372325
39805.448990752826
39753.98205126612
39702.31222662034
39650.43674760177
39598.35387639957
39546.06280278946
39493.56347556072
39440.85651169013
39387.94310861926
39334.82494399423
39281.50410336862
39227.98304515519
39174.26451710627
39120.35152699349
39066.2473006302
39011.955239179166
38957.47889876061
38902.821959657624
38847.9882025038
38792.981499960304
38737.80578019538
38682.46503082867
38626.96328181223
38571.30457875335
38515.49299858375
38459.5326373957
38403.42758231674
38347.18193278817
38290.79977207062
38234.28519599772
38177.642271417775
38120.87505134317
38063.98759635166
38006.983935431614
37949.8680742344
37892.644018576844
37835.315751050715
37777.887231401335
37720.3624153316
37662.74523053062
37605.039602133256
37547.24944280523
37489.37864387305
37431.431103367286
37373.41069667152
37315.32130861411
37257.16681828676
37198.95110462168
37140.67804358545
37082.351532479064
37023.97546542955
36965.55376025365
36907.09034753632
36848.589179992865
36790.05423650754
36731.489526024125
36672.89908616434
36614.28700645486
36555.65740314519
36497.01446683767
36438.36242619074
36379.705579378766
36321.04828391606
36262.39499346557
36203.75022330663
36145.11859505546
36086.50482453462
36027.913735543756
35969.35028135085
35910.81952710263
35852.32669566582
35793.8771427443
35735.47641159574
35677.130204341935
35618.84442106854
35560.62517809997
35502.478810184526
35444.411898415325
35386.43128347449
35328.544096160826
35270.757769962554
35213.08007372251
35155.51913536378
35098.08347614626
35040.78202630402
33930.25827768751
34029.45114379193
34101.97933158521
34148.96998071478
34173.86979063698
34180.59091199498
34172.755171709556
34153.44009499587
34131.89936443657
34104.42101166966
34069.93313875777
34030.06420219616
33986.04612296097
33938.81819592699
33889.10139816486
33837.452772733675
33784.305701584846
33729.999960914414
33674.80426552546
33618.93327050989
33562.56049723749
33505.82819532772
33448.854922905266
33391.74142446951
33334.57522784293
33277.43428754196
33220.38992155267
33163.5092183714
33106.857039611845
33050.4977859937
32994.496958526805
32938.92260905327
32883.84675528513
32829.346779695225
32775.50691379314
32722.419804610985
32670.188247012273
32618.92713082716
32568.765671443758
32519.849967950293
32472.34602037457
32426.443264094625
32382.358776608817
32340.342330100717
32300.682428982884
32263.71367178549
32229.82563807738
32199.47383414242
32173.19310685754
