99622.49999999999
72631.84391991116
70525.92987122916
69219.99540750688
68369.37532125805
67780.46218174233
67343.02664766774
66994.01164335005
66697.33099050597
66432.36721571839
66187.36100730737
65955.6037967363
65733.25014927136
65518.06738931163
65308.7258070286
65104.39883612839
64904.53963602381
64708.757212338576
64516.74819362704
64328.25944146916
64143.067592389256
63960.96783011408
63781.76767062939
63605.2834774982
63431.338486707886
63259.761694139524
63090.38726391796
62923.054274691174
62757.60670110659
62593.893567594394
62431.76922993473
62271.093748770865
62111.73332328691
61953.560755781145
61796.455920062916
61640.30620927547
61485.00694155876
61330.46170584206
61176.58263344034
61023.29058541159
60870.51524925625
60718.19514240809
60566.277523204226
60414.71821289151
60263.48133485782
60112.538978996825
59961.870800671226
59811.46356459498
59661.3106445393
59511.411489752296
59361.771068734735
59212.399300657264
59063.31048369917
58914.52272881335
58766.05740655754
58617.93861312592
58470.19266124448
58322.84759982926
58175.9327659889
58029.478371366415
57883.5151244069
57738.073889161475
57593.185380502226
57448.87989524419
57305.18707803224
57162.13572045897
57019.75359172275
56878.0672987604
56737.10217371112
56596.882186474395
56457.4298800638
56318.76632656256
56180.91110128277
56043.88227323268
55907.696409605785
55772.368592498744
55637.912446041686
55504.34017221872
55371.66259385492
55239.889203500454
55109.028216771076
54979.0866291677
54850.070275320024
54721.98388981618
54594.83116882549
54468.61483187583
54343.33668325144
54218.99767249798
54095.59795367142
53973.13694300703
53851.613374738896
53731.02535490711
53611.370412919554
53492.64555090895
53374.847290608464
53257.9717179157
53142.01452500063
53026.971049984895
52912.83631429718
52799.605057664696
52687.2717708338
52575.830726094064
52465.27600569834
52355.601528181454
52246.80107279392
52138.86830199393
52031.79678221024
51925.58000289658
51820.21139397539
51715.68434178161
51611.99220359397
51509.12832077081
51407.08603071627
51305.85867757276
51205.43962188291
51105.82224917846
51006.999977630316
50908.9662648012
50811.714613558244
50715.23857725483
50619.53176415991
50524.587841243956
50430.400537392496
50336.96364598961
50244.27102714554
50152.31660923257
50061.09439020113
49970.59843841285
49880.82289314124
49791.761964745405
49703.40993458516
49615.761154669
49528.810047047955
49442.551103045706
49356.97888230742
49272.088011650434
49187.87318383769
49104.32915618738
49021.45074911011
48939.23284455072
48857.67038437071
48776.758368663825
48696.49185405526
48616.86595192713
48537.87582667975
48459.51669392369
48381.78381874013
48304.672513857025
48228.178137927236
48152.29609377712
48077.02182668383
48002.35082268534
47928.27860694662
47854.80074212136
47781.912826792504
47709.6104939401
47637.88940945208
47566.74527068116
47496.17380507326
47426.170768826734
47356.73194557168
47287.853145190136
47219.530202584385
47151.75897658079
47084.53534882506
47017.85522275296
46951.71452263288
46886.109192614414
46821.0351958642
46756.48851371962
46692.46514491556
46628.961104831054
46565.972424820175
46503.49515152438
46441.525346286566
46380.05908458028
46319.09245546256
46258.62156110111
46198.64251630885
46139.15144811717
46080.144495399385
46021.617808501636
45963.5675489342
45905.989889069795
45848.88101186288
45792.23711064423
45736.05438887868
45680.329059994576
45625.057347217524
45570.23548342853
45515.859711054356
45461.92628196708
45408.431457418796
45355.371507976786
45302.74271349926
45250.54136313149
45198.76375527884
45147.40619766418
45096.46500735049
