-2.3443765182193874
-2.3425092455888414
-2.340899526142511
-2.3393897111969566
-2.337891558136109
-2.336356761281392
-2.3347604533697472
-2.3330916298997675
-2.331347570305709
-2.3295305945008087
-2.3276461826816477
-2.3257018858362724
-2.3237066902734678
-2.321670639398303
-2.319604598764605
-2.317520099140438
-2.315429220738078
-2.313344498169015
-2.3112788350649964
-2.309245422601403
-2.307257659114211
-2.305329069630433
-2.3034732250155527
-2.3017036609176977
-2.300033796940568
-2.298476856611181
-2.2970457887776683
-2.295753191106309
-2.2946112363620714
-2.293631602155719
-2.2928254048274987
-2.292203138112553
-2.2917746171948283
-2.2915489287042266
-2.291534387146882
-2.291738498178572
-2.2921679290424777
-2.2928284863901136
-2.2937251015984894
-2.294861823583698
-2.296241819000004
-2.2978673796035927
-2.2997399364567657
-2.3018600805552563
-2.304227589377792
-2.3068414587887704
-2.3096999396706757
-2.312800578624701
-2.3161402620550495
-2.319715262944774
-2.3235212896387796
-2.327553535968105
-2.3318067320814078
-2.336275195390903
-2.3409528810861446
-2.345833431725899
-2.350910225472555
-2.3561764225965836
-2.361625009935401
-2.3672488430522023
-2.3730406858961293
-2.3789932478183102
-2.385099217849043
-2.3913512961856584
-2.3977422228810927
-2.404264803759288
-2.4109119336132125
-2.417676616767333
-2.4245519851072936
-2.4315313136959675
-2.438608034108203
-2.445775745624168
-2.453028224429111
-2.460359430967661
-2.4677635156031434
-2.4752348227299494
-2.482767893483267
-2.4903574671862123
-2.4979984816689353
-2.505686072586029
-2.5134155718531113
-2.5211825053146137
-2.5289825897475273
-2.53681172929755
-2.544666011436624
-2.552541702523068
-2.560435243037882
-2.568343242564016
-2.576262474568486
-2.5841898710407656
-2.5921225170352726
-2.6000576451595014
-2.6079926300454552
-2.6159249828354443
-2.6238523457111698
-2.631772486489217
-2.6396832933033294
-2.647582769390896
-2.655469027997275
-2.6633402874096697
-2.6711948661297615
-2.679031178192303
-2.6868477286345085
-2.6946431091206717
-2.70241599372348
-2.710165134863798
-2.7178893594084683
-2.7255875649254095
-2.7332587160943524
-2.7409018412709747
-2.7485160292011974
-2.756100425883112
-2.7636542315718637
-2.771176697924504
-2.778667125279869
-2.78612486006968
-2.7935492923560665
-2.8009398534910694
-2.808296013893779
-2.815617280940027
-2.822903196960562
-2.83015333734302
-2.8373673087332314
-2.8445447473313323
-2.8516853172790295
-2.858788709132946
-2.8658546384209003
-2.8728828442765355
-2.8798730881488668
-2.886825152583002
-2.893738840068446
-2.900613971951543
-2.9074503874089426
-2.9142479424789793
-2.9210065091475155
-2.9277259744860995
-2.934406239838976
-2.941047220056799
-2.9476488427743153
-2.954211047729686
-2.9607337861231406
-2.967217020012925
-2.9736607217461284
-2.980064873422984
-2.9864294663921847
-2.992754500776017
-2.999039985022959
-3.005285935486975
-3.01149237603131
-3.0176593376556498
-3.0237868581452947
-3.0298749817411643
-3.035923758829034
-3.041933245647425
-3.047903504012614
-3.053834601059953
-3.059726609000485
-3.06557960489208
-3.0713936704239275
-3.077168891713934
-3.082905359118122
-3.0886031670511196
-3.094262413817552
-3.0998832014530735
-3.1054656355749675
-3.1110098252416147
-3.116515882820026
-3.121983923861353
-3.127414066983567
-3.132806433761131
-3.1381611486210117
-3.1434783387449325
-3.148758133977008
-3.154000666737069
-3.159206071938823
-3.1643744869126795
-3.169506051333167
-3.1746009071503463
-3.179659198525117
-3.1846810717682477
-3.189666675282695
-3.1946161595092275
-3.1995296768749184
-3.2044073817443777
-3.2092494303738164
-3.2140559808671414
-3.218827193134615
-3.2235632288533775
-3.2282642514299655
-3.232930425964599
-3.237561919217059
-3.2421588995740795
-3.2467215370180296
-3.2512500030969176
-3.255744470895484
-3.260205115007092
-3.264632111506834
-3.2690256379251252
-3.27338587322207
