-210.0057968238369
-210.77733058543924
-211.5549169267916
-212.3640377942636
-213.19891223814255
-214.0512052799317
-214.9141781347906
-215.78282882300934
-216.65349905107598
-217.52351378061184
-218.39091294928195
-219.2542581317423
-220.11249298722325
-220.96484178078515
-221.8107350923361
-222.6497551660667
-223.4815955874337
-224.3060314871717
-225.12289751750478
-225.93207158352914
-226.73346284236814
-227.52700286811591
-228.31263916388787
-229.09033041189105
-229.86004300842768
-230.62174854691497
-231.3754219988433
-232.1210404072952
-232.8585819560132
-233.58802531292756
-234.30934917380682
-235.02253195150894
-235.72755157095662
-236.42438534078227
-237.11300988049848
-237.793401087911
-238.46553413570416
-239.1293834892427
-239.78492293987628
-240.43212564964523
-241.07096420446138
-241.7014106736831
-242.32343667456152
-242.93701344052224
-243.5421118924897
-244.13870271269113
-244.7267564205453
-245.3062434502833
-245.87713423010015
-246.43939926258827
-246.9930092063074
-247.5379349583206
-248.07414773754337
-248.60161916876766
-249.12032136720507
-249.63022702339885
-250.13130948835192
-250.62354285869998
-251.1069020617607
-251.5813629402834
-252.04690233670098
-252.5034981766978
-252.95112955188043
-253.38977680134647
-253.81942159192175
-254.24004699684406
-254.6516375726613
-255.05417943409861
-255.4476603266525
-255.83206969666358
-256.2073987586163
-256.5736405594112
-256.9307900393551
-257.27884408961404
-257.617801605881
-257.94766353800355
-258.2684329353307
-258.5801149875467
-258.88271706074266
-259.1762487285361
-259.46072179799586
-259.73615033020434
-260.00255065525874
-260.2599413815499
-260.5083433991761
-260.74777987735996
-260.97827625576065
-261.1998602296038
-261.41256172856
-261.61641288934953
-261.8114480220519
-261.99770357015115
-262.1752180643537
-262.3440320702661
-262.504188130027
-262.65573069804026
-262.7987060709606
-262.9331623121384
-263.0591491707388
-263.17671799578505
-263.2859216454139
-263.3868143916331
-263.47945182092616
-263.5638907310395
-263.6401890243416
-263.7084055981349
-263.76860023233564
-263.82083347494387
-263.8651665257418
-263.90166111866444
-263.9303794032917
-263.95138382592853
-263.9647370107127
-263.9705016412241
-263.9687403430298
-263.9595155676154
-263.94288947813675
-263.91892383739736
-263.8876798984748
-263.8492182983611
-263.803598954994
-263.7508809680207
-263.6911225236072
-263.6243808035929
-263.5507118992477
-263.47017072988393
-263.38281096651843
-263.2886849607758
-263.1878436791758
-263.0803366429316
-262.9662118733538
-262.84551584291177
-262.7182934320019
-262.58458789141963
-262.4444408105256
-262.2978920910505
-262.14497992648927
-261.9857407869764
-261.82020940954976
-261.64841879366185
-261.47040020180214
-261.28618316506623
-261.09579549349985
-260.8992632910339
-260.6966109748109
-260.48786129871434
-260.2730353808743
-260.0521527349544
-259.82523130499436
-259.59228750360063
-259.3533362532603
-259.108391030576
-258.8574639132014
-258.60056562927673
-258.33767695081656
-258.06889357482686
-257.79413269910845
-257.5134314854032
-257.22679460503656
-256.9342257179547
-256.6357276050821
-256.3313021908102
-256.0209505895805
-255.7046731630254
-255.3824695819478
-255.0543388907001
-254.7202795728496
-254.38028961759488
-254.03436658664828
-253.68250768141584
-253.32470981037412
-252.96096965655298
-252.59128374507327
-252.21564851067893
-251.8340603652172
-251.44651576503426
-251.05301127824777
-250.65354365186806
-250.248109878743
-249.83670726430654
-249.4193334931058
-248.9959866950953
-248.56666551168604
-248.131369161528
-247.6900975060199
-247.2428511145295
-246.78963132932344
-246.33044033017805
-245.86528119867614
-245.3941579821598
-244.91707575734213
-244.43404069354378
-243.94506011554995
-243.45014256605776
-242.94929786769737
-242.44253718459638
-241.92987308346372
-241.41131959415134
-240.88689226967378
