0.8263225783027298
1.013647945661175
1.1684950734481645
1.2993762784073122
1.4146777801488837
1.5210671166429717
1.6235087153754497
1.725596890623339
1.8298768479460374
1.938095963868791
2.051390561604959
2.1704237370772357
2.2954886811758404
2.4265887515653084
2.563502287300692
2.7058373175882573
2.8530790576358256
3.004631474967943
3.1598532369385284
3.318087926017351
3.4786883870094725
3.6410352803957697
3.804550205211337
3.9687040126454773
4.133021100444917
4.297080537570386
4.460514844898494
4.623007163905837
4.784287423635785
4.944127982790537
5.102339101619066
5.258764484684913
5.413277075813803
5.5657751571238325
5.716178837553936
5.864426924163526
6.010474169084317
6.154288868868301
6.295850785754576
6.435149357410014
6.572182161502443
6.706953602970107
6.8394737943102
6.969757602122229
7.097823836179598
7.223694560259968
7.347394506731308
7.468950579392423
7.588391431305373
7.705747106308831
7.821048734599941
7.934328274232364
8.045620472162456
8.154953701767875
8.262363679368022
8.367883784239202
8.471547411712155
8.573387877578458
8.673438337145695
8.771731716963322
8.868300657466133
8.96317746500866
9.056394071975115
9.147982003834192
9.237972352170305
9.326395752859147
9.413282368675246
9.49866187571729
9.58256345312176
9.665015775613488
9.74604700849484
9.825684804738472
9.90395630388692
9.98088813250461
10.056506405960478
10.130836731349197
10.20390421138351
10.27573344911151
10.346348553332277
10.415773144598422
10.4840303617092
10.551142868609935
10.617132861623537
10.682022076949519
10.745831798375056
10.808582865148603
10.870295679972735
10.930990217079025
10.990686030353467
11.049402261482372
11.10715764809548
11.163970531884097
11.219858866676772
11.274840226455744
11.328931813300786
11.38215046524861
11.434512664059062
11.486034542877656
11.53673189378912
11.586620175255618
11.635714519434515
11.684029739372585
11.73158033607275
11.778380505431961
11.824444145047773
11.869784860893148
11.914415973858471
11.958350526161004
12.001601287621229
12.044180761807548
12.086101192049723
12.127374567321725
12.168012627995825
12.20802687146942
12.247428557665556
12.286228714409496
12.324438142683201
12.362067421758894
12.399126914214927
12.435626770835036
12.471576935393426
12.506987149327836
12.541866956303211
12.576225694364792
12.61007253781919
12.64341646325935
12.676266266727097
12.70863056775316
12.74051781330288
12.771936281629477
12.80289408603648
12.833399178550714
12.863459353507876
12.893082251052544
12.922275360554167
12.95104602394187
12.979401438958675
13.007348662338408
13.034894612906175
13.06204607460458
13.088809699447735
13.115192010404428
13.141199404212477
13.166838154125815
13.19211441259604
13.217034213890246
13.241603476646334
13.265828006367757
13.289713497858928
13.313265537602891
13.33648960608277
13.359391080048344
13.381975234729195
13.404247245995599
13.426212192468675
13.447875057580882
13.469240731588364
13.490314013536288
13.511099613178004
13.53160215284958
13.551826169300933
13.571776115484257
13.591456362300882
13.610871200308075
13.63002484138611
13.648921420367138
13.667564996626663
13.68595955563818
13.704109010492672
13.722017203382986
13.739687907054781
13.757124826223954
13.774331598962503
13.791311798052458
13.808068932309597
13.824606447877057
13.840927729489993
13.857036101711763
13.872934830142531
13.888627122600738
13.904116130278142
13.91940494886949
13.934496619676645
13.949394130688718
13.964100417638042
13.978618365032787
13.99295080716719
14.007100529109247
14.02107026766695
14.03486271233345
14.048480506211442
14.061926246917574
14.075202487467143
14.088311737139719
14.101256462325924
14.114039087356037
14.12666199531079
14.139127528814726
14.151437990812534
