75.61143763666172
75.43110632019122
75.25042693672823
75.06939073190296
74.88798900914186
74.70621321643935
74.5240550253095
74.34150639935412
74.15855965364084
73.97520750527735
73.7914431149882
73.60726011863255
73.42265264704811
73.23761533264125
73.05214330195108
72.8662321549524
72.67987793377402
72.4930770851614
72.30582642172284
72.11812308639885
71.92996452288601
71.74134845263367
71.55227285732212
71.36273596490662
71.17273623736426
70.98227235885881
70.79134322373343
70.59994792428283
70.40808573855307
70.21575611850668
70.02295867884887
69.82969318671655
69.63595955233096
69.44175782063236
69.24708816385824
69.05195087499227
68.85634636199562
68.6602751427279
68.46373784046885
68.26673517996018
68.06926798389587
67.87133716979957
67.67294374723718
67.4740888153206
67.27477356046698
67.07499925438285
66.8747672522486
66.67407899108426
66.47293598826973
66.27133984022437
66.06929222121327
65.86679488227968
65.6638496502918
65.46045842709522
65.25662318876348
65.05234598493895
64.84762893825796
64.64247424385323
64.43688416892813
64.23086105239668
64.02440730458405
63.817525406982426
63.61021791205702
63.40248744309797
63.194336694113126
62.98576842975772
62.77678548529682
62.56739076659659
62.35758725014081
62.14737798306899
61.93676608323299
61.725754739268986
61.514347210681656
61.3025468279382
61.090356992569234
60.877781177274336
60.664822926029856
60.451485854196996
60.23777364862781
60.02369006776762
59.80923894175176
59.59442417249528
59.37924973377365
59.1637196712934
58.94783810275111
58.73160921787957
58.51503727847964
58.298126618437095
58.08088164372314
57.86330683237748
57.64540673447341
57.42718597206364
57.20864923910625
56.98980130137001
56.77064699631823
56.5511912329706
56.33143899174234
56.111395324259945
55.8910653531533
55.670454271823324
55.44956734418474
55.22840990438381
55.00698735649024
54.785305174163184
54.56336890029086
54.34118414660349
54.118756593259455
53.896091988404145
53.67319614770148
53.45007495383796
53.226734355999014
53.00318036931743
52.77941907429397
52.55545661619005
52.33129920439234
52.10695311174935
51.88242467388018
51.65772028845517
51.43284641444884
51.207809571365
50.982616338434326
50.75727335378447
50.531787313582974
50.30616497115311
50.08041313606302
49.85453867318834
49.62854850174865
49.40244959431806
49.17624897581035
48.949953722439
48.72357096065245
48.49710786604525
48.27057166224528
48.04396961977786
47.81730905490687
47.59059387106302
47.36383431959674
47.13703767522152
46.910211474137434
46.68336341615452
46.4565013150953
46.229633073123146
46.00276666663582
45.77591013768332
45.5490715880717
45.322259174796194
45.09548110615956
44.868745638266766
44.642061071744834
44.415435748612744
44.18887804926245
43.96239638953034
43.73599921784658
43.50969501245537
43.28349227870046
43.05739954637264
42.831425367116196
42.60557831189182
42.37986696849467
42.15429993912582
41.9288858380163
41.70363328910299
41.47855092375642
41.25364737856041
41.0289312931443
40.804411308069035
40.58009606276843
40.35599419354826
40.132114331645674
39.90846510135301
39.685055118210244
39.461892987272044
39.2389873014561
39.0163466399816
38.79397956690808
38.571894629787806
38.35010035487257
38.128605259181505
37.90741783165241
37.68654654323574
37.465999844040525
37.2457861631754
37.02591390894084
36.80639146945516
36.58722721382032
36.36842949396654
36.150006647361984
35.931967000839265
35.71431887588387
35.497070595864635
35.280230495885114
35.06380693623247
34.84780832085523
34.6322431230129
34.417119921377086
34.20244745173184
33.98823468257338
33.77449092839953
33.56122602436756
