7.322995638159827
7.319879816424095
7.316926839367619
7.313694088217782
7.310326163020628
7.306900928231809
7.303459561009993
7.300023851794948
7.296605359023103
7.293210245134626
7.289841829581938
7.2865019359795244
7.283191602537046
7.279911456312443
7.276661909946607
7.273443264637484
7.270255763570133
7.267099619143934
7.2639750263150065
7.260882168549151
7.257821219802766
7.2547923443205375
7.251795695174574
7.248831412008738
7.245899618202936
7.243000417533998
7.240133890328475
7.237300089049644
7.234499033220324
7.231730703546107
7.228995035064929
7.226291909105459
7.223621143786363
7.2209824827305145
7.218375581603234
7.215799992018912
7.213255139585999
7.210740311743983
7.208254614931567
7.205796953267055
7.2033659908510606
7.200960114021213
7.198577395321121
7.1962155674510315
7.1938720223990344
7.191543860911199
7.189228028702729
7.186921581191765
7.184622101925778
7.182328239727145
7.180040223639957
7.177760122457259
7.175491653121186
7.173239555915435
7.171008797587421
7.168803904070087
7.1666286163068476
7.1644858080227625
7.162377582737553
7.160305432815119
7.158270397873759
7.15627319557957
7.154314319715444
7.15239410975947
7.150512798666515
7.14867054507834
7.146867454822331
7.145103595210336
7.1433790045606775
7.14169355800647
7.1400474540462024
7.138440622886467
7.13687319523948
7.135344911753105
7.133855739461103
7.132405626206152
7.130994505346114
7.129622298755421
7.1282889186183445
7.126994268559166
7.12573824440586
7.124520734748412
7.123341621379513
7.122200779665567
7.1210980788741365
7.120033382472255
7.119006548403416
7.118017429347626
7.117065872966905
7.1161517221375465
7.115274815169854
7.114434986015949
7.113632064465754
7.112865876331438
7.112136243620535
7.111442984697838
7.1107859144363355
7.110164844357299
7.109579582759837
7.109029934840082
7.108515702800301
7.108036685948237
7.10759268078693
7.107183481095378
7.106808878000351
7.106468660039697
7.106162613217513
7.10589052105152
7.105652164613033
7.105447322559898
7.105275771162769
7.1051372843251
7.105031633597273
7.104958588185174
7.104917914953682
7.104909378425375
7.104932740774871
7.1049877618191415
7.105074199004189
7.105191807388427
7.1053403396231065
7.105519545930128
7.105729174077595
7.105968969353409
7.106238674537218
7.106538029871037
7.106866773028826
7.1072246390853255
7.107611360484396
7.108026667007155
7.108470285740167
7.108941941043908
7.109441354521771
7.109968244989817
7.110522328447514
7.111103318049651
7.111710924079636
7.112344853924379
7.113004812050929
7.113690499985046
7.114401616291892
7.115137856558968
7.115898913381476
7.1166844763502475
7.117494232042369
7.118327864014649
7.119185052800018
7.120065475907038
7.120968807822593
7.1218947200178615
7.122842880957699
7.123812956113526
7.124804607979765
7.12581749609398
7.126851277060741
7.127905604579306
7.128980129475199
7.130074499735728
7.1311883605495
7.132321354350008
7.133473120863293
7.1346432971597755
7.135831517710219
7.137037414445938
7.138260616823196
7.139500751891853
7.140757444368256
7.142030316712385
7.143318989209238
7.144623080054457
7.145942205444159
7.147275979668983
7.148624015212267
7.149985922852373
7.15136131176907
7.152749789653946
7.15415096282476
7.155564436343696
7.156989814139421
7.158426699132851
7.159874693366538
7.161333398137595
7.162802414134009
7.164281341574237
7.1657697803499705
7.167267330171909
7.168773590718385
7.170288161786743
7.171810643447228
7.173340636199283
7.1748777411185065
7.176421560053093
7.177971695758505
7.17952775204382
7.181089333969057
7.18265604800053
7.1842275021783495
7.185803306284682
7.187383072012507
7.188966413134652
