4.8715
8.155474461960049
8.123163866938935
8.058160135384412
7.966185541122153
7.852189356793458
7.720857461911045
7.576726132563914
7.42405674406782
7.266695308284723
7.10798981628188
6.950766821707761
6.797346879575107
6.649578605261084
6.508878444758147
6.376270666152309
6.252426923733382
6.137706723296534
6.032200013479225
5.935772003478598
5.848109063402283
5.76876375099865
5.697196812407871
5.632814386750756
5.574998949181331
5.523134274775912
5.476623627379003
5.434902522897882
5.397446651598106
5.363776162710071
5.333456726686709
5.30609960824905
5.2813566004276815
5.25892148895791
5.238523611364221
5.21992508131515
5.202917282319507
5.187317532977435
5.172965995550075
5.159722862920984
5.1474658340169
5.136087871528579
5.125495225926686
5.115605704394494
5.106347160970603
5.097656183845783
5.0894769566324864
5.081760272044243
5.074462678323873
5.067545740854137
5.060975403404896
5.054721435389931
5.048769038251755
5.043058835046714
5.037603926304591
5.032374071410668
5.027352142736898
5.022522760340745
5.017872092064319
5.01338767358418
5.009058251307154
5.004873644983239
5.000824627367578
4.9969028186926465
4.993100593968722
4.989411001467051
4.985827690926403
4.9823448502439405
4.978957149579383
4.975659691927982
4.972447969370459
4.969317824289229
4.966265414946931
4.963287184892487
4.960379835743172
4.957540302929025
4.954765734058442
4.952053469590504
4.949401025548454
4.946806078038855
4.944266449371363
4.941780095594064
4.939345095286582
4.93695963947334
4.934622022530708
4.932330633977871
4.9300839510581635
4.927880532027973
4.925719010070799
4.923598087774748
4.921516532117228
4.9194731698995104
4.917466883586856
4.915496607511294
4.913561324406063
4.911660062233142
4.909791891274018
4.907955921464976
4.906151299947247
4.9043772088125595
4.902632863027809
4.900917508520561
4.899230420409842
4.897570901370913
4.895938280120453
4.894331910013328
4.892751167737309
4.891195452101663
4.889664182908766
4.8881567999034194
4.886672761791599
4.8852115453232265
4.883772644437218
4.882355569457749
4.880959846342513
4.879585015976944
4.878230633512314
4.876896267740339
4.875581500508842
4.874285926166427
4.873009151042119
4.871750792953678
4.8705104807413075
4.869289261311815
4.868083956872899
4.866895644251048
4.865723994445089
4.864568685346042
4.863429403521405
4.862305843906267
4.861197709502029
4.860104711090138
4.8590265669568335
4.857963002632338
4.856913750639597
4.855878550255941
4.85485714728328
4.853849293830853
4.852854748104399
4.851873274207259
4.85090464194877
4.849948626659528
4.8490050090165395
4.848073574874029
4.847154115102079
4.84624642543084
4.845350306301543
4.844465562723015
4.8435920041344795
4.842729444272595
4.84187770104515
4.841036596407615
4.840205956246075
4.839385610262367
4.838575391866308
4.837775138069323
4.836984689383919
4.836203889724576
4.835432586313079
4.834670629588758
4.833917873120361
4.83317417351955
4.832439390359936
4.831713386098502
4.830996025997791
4.830287178052365
4.829586712917409
4.8288945038389635
4.828210426587539
4.827534359393117
4.826866182882466
4.82620578001797
4.825553036039658
4.824907838407667
4.8242700767470685
4.823639642794473
4.82301643034654
4.822400335209528
4.8217912551504805
4.821189089849346
4.820593740854292
4.820005111537193
4.819423107049345
4.81884763428062
4.81827860181852
4.817715919907855
4.8171595004142596
4.816609256784667
4.8160651040132825
4.815526958605116
4.814994738541574
4.814468363248215
4.813947753561862
4.8134328316992425
4.812923521226384
4.812419747029233
4.811921435284533
4.8114285134315935
4.810940910144744
