10.30128
38.64588022494496
38.29861560990103
38.00714004639265
37.747565225061074
37.506071700780765
37.2746721000311
37.04880644345176
36.82592640684583
36.60466071027165
36.38432499761965
36.16463555576904
35.94554301442878
35.72713615869329
35.50958636687348
35.293115370104964
35.077976272153904
34.8644420394589
34.652798168759396
34.44333768488435
34.236357448347206
34.032155219610715
33.83102718682597
33.63326580584455
33.43915787694523
33.248982821702306
33.06301114248571
32.8815030556697
32.70470729289189
32.53286006542402
32.36618418640757
32.20488834507812
32.04916652647176
31.899197569629113
31.75514485698479
31.617156127413306
31.485363405296827
31.359883037862613
31.240815832995295
31.12824728961607
31.02224791264877
30.922873604481804
30.830166124755017
30.744153610246176
30.664851146597872
30.59226138368583
30.526375186528284
30.46717231383145
30.414622116526193
30.36868424900392
30.32930938617738
30.296439939959484
30.270010769305543
30.249949878526973
30.23617909917367
30.228614751425514
30.22716828150388
30.23174687226582
30.2422540246762
30.258590108450733
30.28065288064645
30.30833797146437
30.341539336963624
30.380149678753273
30.42406083107361
30.47316411596425
30.52735066744769
30.586511725861754
30.65053890362564
30.719324423840487
30.79276133321115
30.870743690819964
30.953166734327684
31.039927025150092
31.130922574172853
31.226052949513036
31.325219367793963
31.428324770351278
31.535273885717174
31.645973279651457
31.76033139393716
31.878258575058126
31.999667093815088
32.12447115685338
32.25258691100557
32.38393244127692
32.518427763230854
32.65599481047077
32.79655741784589
32.94004130095245
33.0863740324472
33.23548501563393
33.38730545574623
33.54176832928777
33.698808351777046
33.85836194417776
34.02036719828452
34.18476384129529
34.35149319976822
34.520498163146755
34.69172314700816
34.865114056170825
35.04061824777598
35.2181844944543
35.39776294765378
35.579305101216384
35.76276375525863
35.94809298041542
36.13524808249403
36.324185567574176
36.51486310758669
36.70723950640353
36.901274666448536
37.09692955586147
37.294166176215974
37.49294753081276
37.6932375935484
37.895001278370934
38.098204409325675
38.302813691188895
38.50879668069961
38.716121758382045
38.92475810096154
39.134675654369744
39.34584510734763
39.55823786562086
39.77182602667496
39.98658235510073
40.20248025852337
40.41949376410379
40.637597495610805
40.85676665105973
41.07697698091637
41.29820476685892
41.5204268010928
41.743620366222785
41.96776321566588
42.19283355461249
42.418810021524024
42.64567167016683
42.873397952176504
43.10196870014924
43.33136411125358
43.56156473136431
43.792551439704155
44.02430543399985
44.25680821613583
44.490041578315584
44.723987589709914
44.95862858359792
45.19394714499261
45.429926098745334
45.66654849812095
45.90379761384583
46.1416569236135
46.3801101020484
46.61914101112031
46.85873369100299
47.09887235136719
47.33954136310963
47.5807252505029
47.82240868376205
48.06457647202599
48.30721355673542
48.55030500541276
48.79383600582757
49.037791860540274
49.28215798182301
49.526919886941016
49.7720631937939
50.017573616902446
50.26343696373787
50.50963913137807
50.756166103493676
51.00300394764134
51.250138812865025
51.49755692759562
51.74524459783359
51.99318820561256
52.241374207733124
52.48978913475344
52.738419590234386
52.98725225022258
53.23627386296823
53.485471248867896
53.73483130061458
53.9843409835605
54.233987336269784
54.48375747125993
54.73363857592032
54.983617913597676
55.23368282484233
55.48382072880298
55.73401912476511
55.98426559381991
56.234547800656365
56.484853495474596
56.73517051599807
56.985486789590446
