141.96843732126894
25.78669496957159
142.30909976861184
26.04270316643189
142.65636306010853
26.28966508007276
143.01268266012616
26.5285580832384
143.37909936209215
26.76034041436823
143.75620541589285
26.985857913892573
144.1443535934156
27.205846874625017
144.5437334660896
27.420948807740043
144.95441570921338
27.631724569300783
145.37638352683314
27.83866637450943
145.80955619283066
28.04220784090397
146.25380691622922
28.24273238030135
146.70897643759955
28.440580230318048
147.17488337652026
28.636054366104545
147.65133209541824
28.82942548829158
148.13811865987225
29.02093624654681
148.63503533707967
29.210804828577974
149.14187396995612
29.399228020596162
149.65842848546356
29.58638382604275
150.18449673591135
29.772433713868537
150.7198818263496
29.95752455509504
151.2643930463308
30.141790296195772
151.81784649759683
30.32535340954416
152.38006548867537
30.508326154406873
152.95088075154368
30.69081167642235
153.53013052322677
30.872904968957563
154.11766052570317
31.054693715989483
154.71332387008192
31.236259033065224
155.31698090525987
31.417676120329205
155.92849902676033
31.599014839475025
156.54775245794173
31.780340224702837
157.17462201299736
31.961712936275298
157.80899484901946
32.14318966402059
158.45076421268814
32.32482348708021
159.09982918582713
32.506664195316105
159.75609443301784
32.68875857704235
160.41946995363864
32.871150677112055
161.08987084006375
33.05388202885035
161.7672170432423
33.236991862863704
162.45143314649823
33.420517295361805
163.1424481480759
33.60449349829232
163.8401952527282
33.78895385329679
164.5446116724616
33.973930091248896
165.2556384364163
34.159452418919095
165.97322020975196
34.34554963412407
166.69730512133862
34.53224923055845
167.4278445999959
34.71957749336483
168.16479321898146
34.90755958637696
168.90810850214044
35.09621966255182
169.65775097643728
35.285580814780005
170.41368373922606
35.475665325221456
171.17587253991164
35.66649460546523
171.94428560687038
35.85808928306517
172.71889353442185
36.050469253326085
173.49966917566806
36.24365372696001
174.28658754090304
36.43766127398407
175.0796257012979
36.632509864193274
175.87876269756458
36.82821690450875
176.68397945332043
37.02479927347016
177.49525869288985
37.22227335311642
178.3125848632875
37.42065505847378
179.1359440601463
37.61995986484932
179.9653239573608
37.82020283310929
180.80071374023512
38.02139863310461
181.642101431372
38.22356111458106
182.48948700834413
38.426705580154106
183.342855574812
38.63084431183415
184.2022047948546
38.83599104635858
185.06753040284144
39.042158802650086
185.93882940073482
39.24936031095015
186.81609993287748
39.457608032264325
187.6993412270714
39.66691417221048
188.58855354905938
39.8772906931778
189.48373816087303
40.088749325496764
190.38489728132984
40.30130157778913
191.29203404829715
40.51495874657084
192.20515248258098
40.72973192516026
193.12425745333618
40.945632011937036
194.0493546449072
41.16266971799374
194.98045052502158
41.380855574217094
195.91755231425145
41.60019993783506
196.8606679566741
41.82071299846042
197.80980596339379
42.0424047045323
198.76497589148985
42.26528508371087
199.72618756914477
42.48936377652568
200.6934515626757
42.714650353496275
201.66677903080452
42.94115424116205
202.64618170119599
43.168884725652646
203.63167184774247
43.397850955920184
204.62326226857812
43.62806194664927
205.6209662647771
43.85952658086004
206.62479761969678
44.092253612218165
207.63477057891933
44.3262516670651
208.65089983075637
44.56152924618047
209.67320048727564
44.79809472628749
210.70168806581543
45.035956361311996
211.73637847094915
45.27512228340414
212.77728797686902
45.51560050373148
213.82443321015487
45.75739891305154
214.87783113289598
46.00052528207072
215.93749902613752
46.24498726159658
217.0034544736195
46.49079238248953
218.07571534578284
46.73794805541922
219.15429978401
46.98646157043072
220.23922618507777
47.236340096325584
221.33051318579064
47.487590679860965
222.4281796477733
47.7402202447715
223.53224464239
47.99423559061656
224.64272743577254
48.2496433914562
225.75964747392504
48.50645019435813
226.88302436788283
48.76466241773833
228.01287787890243
49.02428634953691
229.14922790365083
49.285328145231034
230.29209445938034
49.547793825686355
231.44149766904775
49.811689274847694
232.59745774636988
50.07702023727011
233.75999498077562
50.34379231549081
234.92912972223644
50.612010967242405
236.10488236594756
50.881681502506915
237.2872733368297
51.15280908041114
238.47632307383077
51.42539870596269
239.67205201399216
51.69945522662591
240.87448057625733
51.97498332873703
242.08362914499244
52.251987533757415
243.29951805318495
52.53047219436377
244.52216756529714
52.81044149037351
245.75159785973722
53.09189942450398
246.9878290109176
53.37484981796337
248.2308809708702
53.65929630587125
249.48077355037788
53.94524233250617
250.73752639959508
54.232691146378556
252.00115898811325
54.52164579512485
253.27169058443965
54.81210912022112
254.54914023484554
55.10408375151217
255.8335267415474
55.39757210155284
257.12486864017836
55.69257635975818
258.4231841765025
55.98909848635772
259.72849128233355
56.28714020615071
261.0408075506084
56.58670300205691
262.36015020956444
56.88778810845885
263.6865360959763
57.19039650433006
265.0199816273944
57.494528906144524
266.36050277333584
57.80018576056112
267.708115025369
58.10736723687771
269.06283336603235
58.41607321924825
270.42467223653364
58.72630329865627
271.79364550315626
59.03805676463841
273.1697664223179
59.351332596749444
274.5530476042064
59.66612945576244
275.9435009749276
59.98244567459476
277.34113773708594
60.300279248951995
278.7459683287313
60.619627827680226
280.1580023805793
60.940488702817305
281.5772486714402
61.26285879933304
283.00371508175147
61.58673466454712
284.4374085451447
61.912112457214484
285.8783349979383
62.238987936264465
287.326499326469
62.567356449183336
288.7819053121601
62.89721292002456
290.24455557421993
63.2285518370343
291.7144515098622
63.56136723987653
293.19159323194134
63.89565270644172
294.67597950387204
64.23140133922244
296.1676076717236
64.56860575123832
297.6664735933484
64.90725805149071
299.17257156442025
65.24734982992739
300.6858942412325
65.58887214189566
302.206432560117
65.93181549206096
303.7341756533229
66.27616981776681
305.2691107611967
66.62192447180986
306.8112231404964
66.96906820460258
308.3604959686546
67.31758914569382
309.91691024380845
67.66747478461589
311.48044468039717
68.0187119510237
313.0510756001161
68.37128679409035
314.62877681801274
68.72518476111992
316.2135195234843
69.08039057533561
317.8052721559351
69.4368882127988
319.4040002748334
69.79466087841051
321.0096664238808
70.15369098094318
322.6222299890106
70.5139601070478
324.24164704988874
70.8754489941746
325.86787022458793
71.23813750234433
327.50084850706907
71.6020045846979
329.14052709709176
71.96702825674973
330.7868472221321
72.33318556426245
332.4397459508685
72.70045254965386
334.09915599775974
73.0688042168396
335.76500551819134
73.43821449440746
337.43721789364406
73.8086561970095
339.1157115062766
74.18010098484811
340.80039950227626
74.55251932112313
342.49118954326815
74.92588042729221
344.1879835450194
75.30015223598673
345.89067740260845
75.67530134140925
347.5991607011445
76.05129294702232
349.31331641106124
76.42809081032331
351.03302056689483
76.80565718447788
352.75814192837936
77.183952756565
141.1094083114931
25.27441877991321
141.54611545719834
25.522124925656534
141.98198775283012
25.76388080072627
142.4195355186958
26.000070915751134
142.86002054712054
26.23120111436575
143.30432225693923
26.457756889451787
143.7531272531607
26.680180987006484
144.20698748039058
26.89887355773567
144.66634832739658
27.11419608606661
145.13156785023216
27.32647557362394
145.6029319026613
27.53600835855041
146.0806665395056
27.743063501532873
146.5649482946999
27.947885769545408
147.05591272502215
28.150698262700793
147.553661521343
28.3517047278201
148.05826843264038
28.551091597798674
148.5697842046518
28.749029791180284
149.0882406998479
28.945676302057844
149.61365433652202
29.141175606584607
150.14602896098
29.335660908994463
150.68535824720453
29.529255247060583
151.23162770220185
29.722072474328744
151.78481634191624
29.914218134206152
152.34489809160908
30.105790239025488
152.91184295552776
30.296879965505195
153.4856179931967
30.487572276553994
154.06618813345844
30.677946478092803
154.6535168522657
30.86807671846239
155.24756673596323
31.058032437029837
155.84829994825938
31.24787876777674
156.4556786161548
31.437676902935653
157.06966514763707
31.62748442111572
157.6902224919168
31.8173555838192
158.31731435126474
32.0073416037785
158.95090535208982
32.19749088813434
159.59096118169793
32.38784925911887
160.23744869616974
32.57846015459552
160.89033600395084
32.76936481053626
161.54959252904234
32.96060242727838
162.2151890570789
33.15221032119435
162.88709776707827
33.344224063226584
163.5652922512233
33.53667760557684
164.249747524675
33.729603397700394
164.9404400271107
33.92303249262956
165.63734761742697
34.11699464454226
166.34044956282253
34.31151839839417
167.04972652329738
34.506631172347554
167.7651605324375
34.702359333653625
168.48673497523316
34.89872826857916
169.2144345635492
35.095762446906576
169.94824530978343
35.29348548148595
170.68815449915402
35.49192018326802
171.43415053858206
35.69108862895026
172.18622342272818
35.8910121415656
172.9443639523796
36.091711433335085
173.70856421156117
36.29320658037804
174.47881740919638
36.49551707664697
175.25511784931183
36.69866186881109
176.03746090146197
36.90265938867315
176.82584297151547
37.107527583314734
177.62026147289092
37.31328394314641
178.42071479830815
37.5199455280246
179.22720229210742
37.72752899158187
180.03972422317196
37.93605060390524
180.85828175848752
38.145526272685295
181.68287693735476
38.35597156294791
182.51351264627093
38.567401715471874
183.3501925944826
38.77983166398581
184.19292129021838
38.99327605123123
185.04170401759424
39.207749243970504
185.89654681418327
39.42326534701241
186.75745644924893
39.63983821632236
187.6244404026226
39.857481471278156
188.4975068442174
40.07620850612841
189.37666461416052
40.29603250070514
190.26192320353076
40.51696643043894
191.15329273568312
40.73902307572081
192.05078394814308
40.962215030651166
192.95440817505417
41.18655471121448
193.864177330159
41.41205436291363
194.78010389029637
41.638726067896755
195.70220087939742
41.866581751605835
196.6304818529586
42.0956331889751
197.56496088298078
42.325892010204804
198.5056525433481
42.557369706133265
199.45257189563452
42.79007763323035
200.4057344753212
43.0240270182315
201.36515627840373
43.25922896243193
202.3308537483775
43.49569444565833
203.30284376358154
43.733434329934155
204.28114362488589
43.972459362853726
205.26577104371063
44.21278018067912
206.25674413035705
44.45440731117277
207.2540813826382
44.697351176178216
208.2578016747971
44.94162209395952
209.26792424669534
45.18723028131063
210.28446869326262
45.43418585544377
211.30745495419222
45.68249883566609
212.33690330386884
45.93217914485303
213.37283434152073
46.18323661072601
214.41526898158193
46.435680966941696
215.464228444253
46.68952185399972
216.519734246251
46.9447688199748
217.58180819173646
47.201431321079326
218.65047236340888
47.459518722061475
219.725749113759
47.71904029644409
220.80766105647024
47.98000522660884
221.89623099607192
48.24242253084569
222.99148222736417
48.506301427719265
224.09343784922228
48.77165053211487
225.20212162450903
49.03847888006216
226.31755728668418
49.30679512118698
227.43976884313136
49.576607884618326
228.56878050560627
49.847925704917024
229.7046166825069
50.120757021050345
230.84730197121013
50.395110175239495
231.99686115047012
50.67099341168231
233.1533191728744
50.94841487515328
234.31670115734534
51.2273826094819
235.4870323816857
51.50790455591142
236.6643382751549
51.78998855133875
237.84864441107487
52.073642326436755
239.0399764994499
52.358873503660334
240.23836037960308
52.645689595136275
241.44382201281513
52.9340980004383
242.65638747496013
53.22410600424768
243.8760829491319
53.51572077389961
245.102934718251
53.808949356816
246.33696915765103
54.10379867782486
247.5782127276271
54.40027553636607
248.82669196594824
54.698386603584034
250.08243348031954
54.998138419306855
251.34546394078959
55.29953738891168
252.61581007209335
55.60258978007651
253.8934986459222
55.90730171941727
255.1785564731147
56.21367918901052
256.47101039575506
56.52172802280065
257.77088727917476
56.8314539028912
259.0782140038455
57.14286235571935
260.3930174571527
57.45595874811321
261.71532452504346
57.77074828323018
263.04516208353317
58.087235996376435
264.3825569900643
58.40542675070539
265.72753607470435
58.72532523279485
267.08012613116927
59.04693594810083
268.4403539076639
59.370263216287164
269.8082460975229
59.695311166429406
271.1838293296386
60.022083732090884
272.567130158667
60.35058464627016
273.95817505498735
60.68081743621719
275.35699039440885
61.012785418117
276.7636024476009
61.34649169163828
278.1780373692366
61.681939134345164
279.60032118682193
62.01913039596984
281.0304797892018
62.35806789254325
282.4685389147125
62.69875380038203
283.91452413896644
63.04119004992782
285.3684608622435
63.385378319437635
286.830374296465
63.731320028520734
288.30028945172495
64.07901633151972
289.77823112235234
64.42846811073194
291.26422387247584
64.77967596946806
292.7582920210625
65.13264022494312
294.2604596263937
65.48736090099705
295.77075046995185
65.84383772063913
297.28918803967724
66.20207009841282
298.81579551255896
66.56205713257516
300.35059573651836
66.92379759708595
301.89361121154855
67.28728993340115
303.4448640700562
67.65253224206417
305.0043760563628
68.01952227408896
306.57216850531984
68.38825742212808
308.1482623199701
68.75873471141831
309.73267794821794
69.13095079049639
311.32543535842603
69.50490192167594
312.92655401389464
69.88058397127763
314.53605284614014
70.25799239960203
316.15395022690853
70.63712225063567
317.78026393884386
71.01796814147926
319.4150111447292
71.40052425148576
321.0582083552126
71.7847843110968
322.7098713949265
72.17074159036248
324.37001536689934
72.55838888713141
326.03865461515454
72.94771851489398
327.7158026853832
73.33872229026328
329.40147228357034
73.73139152007411
331.0956752324468
74.12571698808182
332.7984224256291
74.52168894123871
334.509723779297
74.91929707552576
336.22958818125795
75.31853052131481
337.95802343722374
75.71937782823449
339.6950362141246
76.12182694951103
341.4406319802608
76.52586522575265
343.19481494209117
76.93147936814383
344.9575879774334
77.33865544101232
346.7289525648341
77.74737884372944
348.50890870885337
78.15763429190017
350.2974548609906
78.56940579779581
352.0945878359427
78.98267664997847
