542050.934436
548561.2486873827
551649.6390408606
555182.1061167691
558927.074138349
562761.6853303126
566619.9839673183
570466.2031871069
574280.5951097001
578051.9034275127
581773.3608139104
585440.5581236721
589050.3076142586
592600.033662943
596087.4428472035
599510.3412885308
602866.5288094018
606153.7321893176
609369.5571602705
612511.4479438628
615576.6479212226
618562.1574699485
621464.6861707746
624280.5970469887
627005.8405393646
629635.8756895016
632165.5755644134
634589.113331687
636899.8245814252
639090.0404759606
641150.8850772325
643072.0287572305
644841.3879880303
646444.7601785435
647865.380916037
649083.3906818783
650075.1360828493
650812.6796528586
651262.6051975905
651385.3842950991
651134.5267132329
650456.1205487455
649289.1827256579
647567.6701938267
645225.5425843436
642206.8916363558
638483.4541583437
634080.7415750815
629109.7348150958
623792.3708235901
618459.3883739929
613500.6601356998
609273.1959271168
606008.5622386984
603770.590152911
602478.5393551071
601968.7901200798
602055.1090300189
602567.6272993968
603369.179014165
604357.0121132062
605457.7831305404
606620.7863633684
607811.7261513876
609007.7753523174
610193.9407721909
611360.5040662851
612501.2664273118
613612.3641094398
614692.4720222657
615738.4573955038
616750.5438410387
617727.4445520776
618671.1517256015
619581.195609532
620457.9749518873
621301.979629388
622113.7573698842
622893.892246728
623642.9905837903
624361.6716205636
625050.561253149
625710.2877748827
626341.4789256221
626944.7598035089
627520.7513505213
628070.069223947
628593.322930815
629091.115145179
629564.0411549689
630012.6884033185
630437.6361024528
630839.4549002011
631218.7065944192
631575.943883331
631911.7101485588
632226.5392667534
632520.9554470694
632795.4730923906
633050.5966826775
633286.8206789279
633504.6294467001
633704.4971980825
633886.8879511987
634052.2555063944
634201.0434382221
634333.6851025734
634450.6036581378
634552.2121014899
634638.9133151829
634711.1001281135
634769.1553875956
634813.452042439
634844.3532365701
634862.2124124618
634867.3734238704
634860.1706573766
634840.9291621124
634809.9647872478
634767.5843266046
634714.0856700728
634649.757961202
634574.8817606177
634489.7292147832
634394.5642296078
634289.6426486181
634175.2124351688
634051.5138583623
633918.7796822875
633777.2353581575
633627.0992191551
633468.5826773667
633301.8904228143
633127.220623971
632944.7651296136
632754.7096716771
632557.2340688375
632352.5124305208
632140.7133611275
631922.0001641159
631696.5310458209
631464.4593187151
631225.9336038652
630981.0980324132
630730.0924458345
630473.0525947708
630210.1103363596
629941.3938296274
629667.0277290399
629387.133375896
629101.8289873637
628811.2298432066
628515.4484697173
628214.5948210439
627908.7764576207
627598.0987215907
627282.6649089498
626962.576438685
626637.9330183408
626308.8328062668
625975.3725700056
625637.6478414502
625295.7530677462
624949.7817587755
624599.8266304005
624245.9797437728
623888.332640704
623526.9764746384
623162.002137749
622793.5003834022
622421.5619446
622046.2776480438
621667.7385235518
621286.0359094695
620901.2615532422
620513.507707879
620122.8672235238
619729.4336351219
619333.3012448841
618934.5652009805
618533.3215713233
618129.6674128657
617723.7008370078
617315.5210698434
616905.2285087531
616492.9247741638
616078.7127576451
615662.6966650522
615244.9820562768
614825.6758805851
614404.8778168266
613982.7237437287
613559.2989098124
613134.7247699898
612709.1156163355
612282.5872632645
611855.2570570844
611427.2438829247
610998.6681682348
610569.6518837692
