685.1581921799999
676.9019950810284
668.7459051700237
660.7060183061254
652.7740662712406
644.9455326351547
637.2179169823125
629.5897592250404
622.0601255578932
614.6283382468321
607.2938340201221
600.0560902582694
592.9145869114747
585.8687872291306
578.9181283788946
572.0620172479088
565.2998289414995
558.6309066667623
552.0545623063344
545.5700773131475
539.1767037280658
532.8736652118467
526.6601580291384
520.5353519454891
514.4983910091579
508.5483941934562
502.68445587525696
496.90564612261767
491.2110107598517
485.5995711721326
480.07032380394173
474.62223929646734
469.254261198688
463.965304176021
458.75425163059566
453.6199526415309
448.5612183943444
443.5768166501184
438.66546737230095
433.8258359921201
429.0565271410773
424.35607900216854
419.7229602456002
415.15557288208873
410.6522665592424
406.2113726064817
401.83126850033943
397.5104825507424
393.24783928357635
389.0426230748301
384.8947049761314
380.8045591364515
376.7731245738218
372.8015453786971
368.8908892130007
365.041943058084
361.2551217177456
357.53047238899785
353.86773067902107
350.26639263411624
346.7257820425569
343.2451049728704
339.8234906191845
336.46002048220396
333.1537486177594
329.90371543415745
326.7089569893271
323.5685112140518
320.481422062446
317.44674244130766
314.4635330302624
311.530870552578
308.6478427493791
305.8135540280734
303.02711796946534
300.28766238734204
297.59432925838667
294.9462746737509
292.3426688019412
289.78269584830286
287.26555400473546
284.79045538733004
282.35662596149746
279.96330545496824
277.60974725935824
275.2952183210775
273.0189990223479
270.78038305306006
268.5786772741492
266.41320157313174
264.28328871240825
262.1882841709131
260.1275459796619
258.10044455174017
256.10636250724957
254.14469449371677
252.21484700245574
250.31623818135796
248.44829764457083
246.61046627950927
244.8021960516294
243.02294980737796
241.27220107571344
239.54943386857926
237.85414248069117
236.1858312889841
234.54401455204692
232.92821620985376
231.33796968408697
229.77281767932422
228.2323119853501
226.71601328083239
225.22349093858597
223.75432283263527
222.30809514726448
220.8844021882326
219.48284619631542
218.1030371633203
216.74459265070652
215.40713761093048
214.09030421162174
212.79373166268445
211.51706604640503
210.2599601506378
209.02207330512914
207.80307122102997
206.60262583363766
205.42041514839983
204.25612309020403
203.10943935596953
201.98005927054996
200.86768364595076
199.77201864385665
198.6927756414611
197.62967110058383
196.58242644005713
195.55076791135895
194.53442647746644
193.5331376948989
192.54664159891934
191.57468259185785
190.6170093345197
189.6733746406389
188.7435353743353
187.82725235053368
186.92429023830056
186.03441746705323
185.15740613559808
184.2930319239495
183.44107400788525
182.60131497619136
181.77354075054907
180.9575405080193
180.15310660607705
179.36003451015034
178.5781227236169
177.80717272021565
177.04698887882557
176.29737842056858
175.55815134819235
174.8291203876908
174.11010093211576
173.40091098754164
172.7013711211367
172.01130441130272
171.33053639983953
170.6588950460942
169.9962106830543
169.34231597534367
168.69704587908234
168.06023760356956
167.4317305747483
166.81136640041552
166.19898883713324
165.59444375880486
164.9975791268724
164.40824496209927
163.8262933178912
163.25157825512326
162.68395581842285
162.1232840138726
161.56942278809115
161.0222340086446
160.48158144575214
159.94733075523672
159.41934946268032
158.89750694873584
158.38167443555463
157.8717249742798
157.3675334335602
156.86897648027985
156.37593260518213
155.88828206109574
155.40590689058604
154.9286909099465
154.45651970282438
153.98928061453196
153.52686274698587
153.0691569542268
152.61605583846554
