39761.28
36049.260252251486
35604.006468156884
35245.81640435365
34955.6867529507
34718.69215288157
34523.17863822432
34360.14842178724
34222.744135895766
34105.815346876974
34005.55494977283
33919.192288010774
33844.73026516696
33780.71614647511
33726.04107656428
33679.770788204856
33641.016865760146
33608.8602120101
33582.33283942021
33560.45146054741
33542.282381830446
33527.00983634925
33513.983560235436
33502.733734945345
33492.955305197036
33484.47272043243
33477.1982186314
33471.093753309055
33466.14183960892
33462.32644133769
33459.62252057382
33457.99191101766
33457.383204004764
33457.73381300361
33458.97295265886
33461.02475839595
33463.81112960559
33467.254111680966
33471.277769345346
33475.80957669365
33480.78138279571
33486.13002260646
33491.79764205584
33497.73179984347
33503.88540009907
33510.216501428666
33516.68803977589
33523.267251165875
33529.92630877583
33536.64039887845
33543.38840353137
33550.15225926537
33556.91660768534
33563.6684687948
33570.39693985291
33577.092921055744
33583.74886820026
33590.35857166147
33596.91696044093
33603.41992966898
33609.864189725726
33616.24713504684
33622.56673066815
33628.82141461594
33635.01001434202
33641.13167552569
33647.18580169893
33653.172003293854
33659.09005485333
33664.93985928232
33670.72141814528
33676.4348071384
33682.08015596962
33687.65763198363
33693.1674269534
33698.60974654063
33703.984801997176
33709.29280373831
33714.533956474035
33719.708455629996
33724.81648482951
33729.85821424329
33734.83379964256
33739.743382018896
33744.587087652675
33749.36502853415
33754.07730305622
33758.7239969103
33763.30518412986
33767.82092823669
33772.27128345107
33776.656295935216
33780.97600504785
33785.23044458651
33789.419644007015
33793.5436296033
33797.60242564401
33801.596055454596
33805.52454244423
33809.38791107301
33813.186187757114
33816.91940171472
33820.58758574919
33824.19077697335
33827.72901747546
33831.20235492916
33834.610843149065
33837.95454259535
33841.233520829075
33844.44785292142
33847.597621819026
33850.68291866818
33853.70384310101
33856.6605034845
33859.55301598407
33862.38151052155
33865.14611935588
33867.84698882247
33870.48427360301
33873.05813797979
33875.568755891596
33878.01631097128
33880.40099656194
33882.72301571845
33884.982581192104
33887.179915395805
33889.315250363456
33891.38882768918
33893.40089845798
33895.351723162996
33897.24157161581
33899.0707228407
33900.839464969686
33902.54809511568
33904.19691925423
33829.81227036657
33759.5219096231
33688.95040013645
33620.45396369469
33555.01266463357
33492.949028378476
33434.29617998308
33378.95472072277
33326.778098613955
33277.60502784101
33231.27463116066
33187.63278936437
33146.534515552805
33107.84454404871
33071.43713322283
33037.19554044764
33005.01137982073
32974.783959011955
32946.41963829227
32919.83122973699
32894.9374427764
32871.66237666115
32849.93505790927
32829.68901972105
32810.86191994397
32793.39519434546
32777.23374179789
32762.325638587874
32748.621879085396
32736.07614032393
32724.644568365013
32714.28558450539
32704.959709635106
32696.62940529241
32689.2589301485
32682.814210873577
32677.262726936173
32672.57340309246
32668.71653451976
32665.66369039941
32663.38767285968
32661.849061588873
32661.063360555432
32660.965496565706
32661.54732019008
32662.78681298612
32664.663510809278
32667.15817507684
32670.252907000475
32673.93131742754
32678.178771613195
32682.982737669478
32688.333281251238
32694.223770457316
32700.65188871748
32707.621107816736
32715.14286265369
32723.23981990719
32731.95089290104
32741.33911719904
32751.504349287912
32762.604362042286
32774.89110029792
32788.77551178771
