0.00454
0.00379109714366604
0.003993891288750786
0.0041921313329835045
0.004386441744536033
0.004577239492620096
0.004764812295590839
0.004949368253447935
0.005131066344845284
0.0053100347713338015
0.005486381843936551
0.005660202394690267
0.005831581542482561
0.006000596908675891
0.006167319927169137
0.006331816623000558
0.006494148073881455
0.006654370675810653
0.006812536279828202
0.006968692235576122
0.007122881358910443
0.007275141829654011
0.007425507018362327
0.007574005235751986
0.00772065939403578
0.007865486565086845
0.008008497415601218
0.008149695493837334
0.008289076335725105
0.008426626349800822
0.00856232143021278
0.008696125234695973
0.008827987049894128
0.008957839150159812
0.009085593539497408
0.009211137953395695
0.00933433079940248
0.009454996098169723
0.009572915545933366
0.009687821645677996
0.009799389720987496
0.009907231308984011
0.01001089162296011
0.010109856450279769
0.010203577685476334
0.010291531576142097
0.010373327392405571
0.010448879917422903
0.010518634299897316
0.010583775157900682
0.010646280460276733
0.010708671338900357
0.010773453631071404
0.010842491887026084
0.010916653713400863
0.010995866338020228
0.01107944954871232
0.011166482281432421
0.011256060452680744
0.011347421794734566
0.011439977533079097
0.011533296882632353
0.011627075340777452
0.011721102417461958
0.011815234728458215
0.011909375570903111
0.01200346020218904
0.012097445550646815
0.012191303158000618
0.012285010677855424
0.012378561959270843
0.012471947059883174
0.012565166469487415
0.012658210918206764
0.012751080700771585
0.012843775920680575
0.012936297257295396
0.013028645823580058
0.013120823063506426
0.013212830678870401
0.013304670577311075
0.013396344835367816
0.013487855672084532
0.013579205429965716
0.013670396561033287
0.013761431616428269
0.013852313238472976
0.013943044154456685
0.014033627171630664
0.014124065173066537
0.014214361114128595
0.014304518019406236
0.01439453897997434
0.01448442715090849
0.01457418574899212
0.014663818050573946
0.014753327389542043
0.014842717155391375
0.014931990791364584
0.015021151792652315
0.015110203704639535
0.015199150121189609
0.015287994682954725
0.015376741075709275
0.015465393028698744
0.01555395431299671
0.015642428739869645
0.015730820159143406
0.01581913245756964
0.015907369557186996
0.0159955354136788
0.016083634014723076
0.016171669378333108
0.01625964555119025
0.0163475666069651
0.016435436644628515
0.016523259786751687
0.016611040177794526
0.016698781982384996
0.01678648938358432
0.016874166581145288
0.016961817789758627
0.017049447237290627
0.017137059163010903
0.01722465781581344
0.017312247452429735
0.017399832335633345
0.017487416732440624
0.017575004912305372
0.017662601145306694
0.017750209700336486
0.017837834843279336
0.0179254808351941
0.018013151930489104
0.018100852375100288
0.01818858640466291
0.018276358242689267
0.01836417209874274
0.01845203216661257
0.01853994262249238
0.018627907623158534
0.018715931304151622
0.018804017777961285
0.018892171132212993
0.01898039542786136
0.019068694697383606
0.01915707294298362
0.019245534134796308
0.019334082209101666
0.019422721066542817
0.019511454570354816
0.01960028654459845
0.01968922077240443
0.019778260994225003
0.019867410906103417
0.019956674157943877
0.020046054351802046
0.02013555504018913
0.02022517972438414
0.020314931852770807
0.020404814819186667
0.020494831961289862
0.02058498655895332
0.02067528183267253
0.020765720942003903
0.02085630698402379
0.02094704299182056
0.021037931933010283
0.021128976708289397
0.021220180150019516
0.02131154502084741
0.021403074012367015
0.021494769743820925
0.021586634760845276
0.021678671534268317
0.0217708824589451
0.021863269852664593
0.02195583595508913
0.02204858292677818
0.022141512848253178
0.02223462771913871
0.02232792945736955
0.02242141989847191
0.02251510079491432
0.022608973815546832
0.02270304054510999
0.02279730248384276
0.022891761047168
0.022986417565479866
0.02308127328402047
0.023176329369970175
0.023271586876574688
0.023367046816098663
0.023462710086405523
0.023558577508766408
0.023654649820774056
0.02375092767698521
0.023847411649688035
0.02394410222978529
0.02404099982781984
