7.452797208192322
7.450892370951821
7.449006788865722
7.447140367134781
7.445293028310182
7.443464698083876
7.441655302698045
7.4398647685273085
7.438093022073513
7.436339990025275
7.434605599315802
7.432889777168563
7.43119245113106
7.4295135490987025
7.427852999330742
7.42621073045998
7.424586671497558
7.422980751833984
7.421392901237261
7.419823049848818
7.4182711281778495
7.416737067094481
7.415220797822143
7.413722251929432
7.412241361321681
7.410778058232412
7.409332275214817
7.407903945133347
7.406493001155522
7.405099376743972
7.4037230056487955
7.402363821900239
7.401021759801697
7.399696753923104
7.39838873909464
7.397097650400818
7.3958234231749005
7.394565992993669
7.393325295672508
7.3921012672608235
7.390893844037755
7.389702962508185
7.388528559399024
7.387370571655763
7.3862289364392835
7.385103591122897
7.383994473289621
7.382901520729662
7.381824671438109
7.380763863612809
7.379719035652442
7.3786901261547415
7.3776770739148985
7.3766798179193405
7.375698297358451
7.374732451611636
7.3737822202507886
7.37284754303936
7.371928359931554
7.371024611071627
7.370136236793296
7.369263177619235
7.368405374260685
7.36756276761712
7.366735298776029
7.365922909012758
7.365125539790437
7.364343132759981
7.363575629760147
7.362822972817688
7.362085104147538
7.361361966153082
7.360653501426478
7.359959652749043
7.359280363091689
7.358615575615412
7.357965233671848
7.357329280803872
7.356707660746246
7.356100317426323
7.3555071949648045
7.354928237676535
7.354363390071357
7.353812596855007
7.353275802930061
7.352752953396934
7.352243993554912
7.351748868903249
7.351267525142295
7.3507999081746895
7.350345964106588
7.349905639248941
7.349478880118823
7.349065633440809
7.348665846148405
7.348279465385522
7.347906438508002
7.347546713085203
7.34720023690162
7.346866957958582
7.34654682447598
7.346239784894061
7.345945787875281
7.345664782306207
7.345396717299482
7.345141542195844
7.3448992065662155
7.344669660213837
7.3444528531833875
7.344248735736023
7.344057258398987
7.343878371920982
7.343712027301275
7.343558175785694
7.343416768869231
7.343287758298728
7.343171096075646
7.343066734458891
7.342974625967736
7.342894723384816
7.342826979759197
7.342771348409544
7.3427277829273665
7.342696237180348
7.342676665315767
7.342669021764016
7.342673261242206
7.342689338757875
7.342717209612778
7.342756829406801
7.342808154041954
7.342871139726488
7.342945742979107
7.343031920633294
7.343129629841746
7.343238828080931
7.343359473155747
7.343491523204321
7.343634936702916
7.3437896724709635
7.343955689676232
7.344132947840116
7.3443214068430684
7.344521026930164
7.344731768716799
7.344953593194538
7.345186461737114
7.345430336106551
7.345685178459472
7.345950951353537
7.346227617754049
7.346515141040721
7.34681348501461
7.347122613905211
7.347442492377737
7.347773085540562
7.34811435895285
7.348466278632361
7.348828811063458
7.349201923205288
7.349585582500164
7.34997975688215
7.350384414785847
7.350799525155381
7.351225057453605
7.351660981671524
7.352107268337929
7.352563888529259
7.353030813879694
7.35350801659149
7.353995469445527
7.354493145812141
7.355001019662162
7.355519065578237
7.356047258766398
7.356585575067896
7.357133990971316
7.357692483624951
7.358261030849475
7.358839611150888
7.359428203733774
7.360026788514843
7.3606353461367915
7.361253857982477
7.361882306189411
7.362520673664581
7.363168944099614
7.36382710198629
7.364495132632398
7.365173022177962
7.365860757611844
7.366558326788724
7.367265718446465
7.367982922223901
7.368709928679024
7.369446729307601
7.370193316562231
7.370949683871863
7.371715825661765
