-0.015506184178494071
-0.01647507110539439
-0.017465000464040377
-0.018456621981676646
-0.019446831217046018
-0.020435353938127194
-0.02142238957373571
-0.022408163838831624
-0.023392855800142633
-0.024376596265070213
-0.025359477191432306
-0.026341560852609122
-0.027322887155871032
-0.028303479262061032
-0.029283347872127396
-0.030262494497694047
-0.031240913958973566
-0.03221859629283027
-0.03319552820867176
-0.034171694196527796
-0.03514707736702628
-0.03612166008448821
-0.037095424440419404
-0.03806835260402405
-0.03904042707818011
-0.04001163088300251
-0.04098194768418577
-0.04195136187950129
-0.04291985865380824
-0.043887424010609494
-0.044854044786335326
-0.045819708652107986
-0.046784404106619645
-0.04774812046288737
-0.04871084783096234
-0.04967257709816086
-0.050633299907969345
-0.05159300863847626
-0.0525516963809391
-0.05350935691892761
-0.054465984708336385
-0.05542157485847189
-0.05637612311433403
-0.057329625840165044
-0.058282080004291394
-0.05923348316526145
-0.06018383345925601
-0.06113312958873532
-0.062081370812281315
-0.06302855693557628
-0.0639746883034647
-0.06491976579303839
-0.06586379080768033
-0.06680676527200786
-0.06774869162764952
-0.06868957282979335
-0.06962941234444307
-0.07056821414631875
-0.07150598271733878
-0.07244272304561973
-0.07337844062493176
-0.0743131414545449
-0.07524683203940524
-0.07617951939057513
-0.07711121102587504
-0.07804191497066404
-0.0789716397586927
-0.07990039443296747
-0.08082818854655806
-0.08175503216328721
-0.08268093585823708
-0.08360591071800601
-0.08452996834065513
-0.08545312083527878
-0.0863753808211341
-0.08729676142627248
-0.08821727628560481
-0.08913693953834588
-0.09005576582477483
-0.0909737702822586
-0.0918909685404789
-0.09280737671581497
-0.09372301140482661
-0.09463788967679607
-0.09555202906528151
-0.09646544755864297
-0.09737816358950628
-0.09829019602313124
-0.0992015641446604
-0.1001122876452238
-0.10102238660688653
-0.1019318814864261
-0.10284079309793526
-0.10374914259425727
-0.10465695144725168
-0.10556424142691537
-0.10647103457937651
-0.10737735320378847
-0.1082832198281606
-0.10918865718416937
-0.11009368818099781
-0.11099833587825798
-0.11190262345806279
-0.11280657419631303
-0.11371021143327399
-0.11461355854352873
-0.11551663890538405
-0.1164194758698357
-0.11732209272916795
-0.11822451268531158
-0.1191267588180421
-0.1200288540531396
-0.12093082113060889
-0.12183268257307732
-0.12273446065447277
-0.12363617736910046
-0.12453785440122628
-0.12543951309526807
-0.12634117442671672
-0.1272428589738742
-0.12814458689052435
-0.12904637787961953
-0.12994825116808711
-0.13085022548283312
-0.13175231902802947
-0.1326545494637556
-0.13355693388606885
-0.134459488808556
-0.13536223014542512
-0.13626517319618253
-0.13716833263193415
-0.13807172248334088
-0.1389753561302438
-0.13987924629299073
-0.1407834050254502
-0.1416878437097249
-0.1425925730525559
-0.14349760308339013
-0.14440294315410343
-0.14530860194033754
-0.14621458744441979
-0.14712090699982366
-0.1480275672771195
-0.14893457429136775
-0.14984193341088606
-0.15074964936735186
-0.15165772626713886
-0.15256616760385813
-0.15347497627200476
-0.15438415458164714
-0.15529370427408623
-0.15620362653840003
-0.15711392202880733
-0.15802459088275858
-0.15893580534661553
-0.15984704476363973
-0.16075882911062778
-0.16167098347921666
-0.1625835046988418
-0.16349639026147192
-0.16440963727965152
-0.16532324249111463
-0.16623720228939798
-0.16715151275096365
-0.16806616965927287
-0.16898116852723447
-0.1698965046187912
-0.1708121729699834
-0.17172816840959865
-0.17264448557945458
-0.17356111895429552
-0.1744780628612775
-0.17539531149901472
-0.17631285895615187
-0.1772306992294292
-0.17814882624121794
-0.17906723385649206
-0.17998591589921242
-0.18090486616810703
-0.18182407845182397
-0.1827435465434359
-0.18366326425428506
-0.1845832254271594
-0.18550342394877894
-0.186423853761592
-0.18734450887486664
-0.18826538337507734
-0.18918647143558115
-0.1901077673255758
-0.19102926541834228
-0.191950960198776
-0.19287284627020004
-0.1937949183604634
-0.1947171713273317
-0.19563960016317608
-0.19656219999895463
-0.19748496610750685
-0.19840789390615307
-0.19933097895862398
