69387.05556000001
69022.63376881738
68977.97923638849
68988.05043885954
69025.65287389523
69076.58563078016
69133.39044146326
69192.16619585136
69250.8893825033
69308.52739842037
69364.57017774784
69418.78273115412
69471.07441149397
69521.42987844077
69569.87268426859
69616.44611063761
69661.20313045409
69704.20119859537
69745.49960056412
69785.15815956035
69823.23666963517
69859.79472318933
69894.89176077547
69928.58725659124
69960.94099921128
69992.01345308982
70021.86620171074
70050.56248377998
70078.16784226551
70104.75091426398
70130.38439871547
70155.14624962823
70179.1211552748
70202.40237894261
70225.09405393458
70247.31404205355
70269.19719646215
70290.90110600281
70312.60885303169
70334.53701797851
70356.94172890211
70380.12490122214
70404.43806503766
70430.27968789247
70458.0785237502
70488.25077607216
70521.11427652117
70556.74396229627
70594.77162733852
70634.18318879542
70673.24031806657
70709.68233426232
70741.24536128528
70766.28788913746
70784.1742728944
70795.23861985088
70800.43610114319
70800.95209402071
70797.91887981516
70792.28044404449
70784.76212193466
70775.89344583199
70766.04869155223
70755.48715743027
70744.38641906908
70732.86742963246
70721.01255808823
70708.87814940677
70696.50311290807
70683.94330551375
70671.17482497552
70658.22484728236
70645.07247177392
70631.77228041901
70618.32402925631
70604.73158987326
70590.99913363905
70577.13086852882
70563.13093000438
70549.00333844933
70534.75198650434
70520.38063867083
70505.89293507724
70491.29239592882
70476.58242536355
70461.76631440053
70446.84724305272
70431.82828180728
70416.71239267258
70401.50242996155
70386.20114092415
70370.81116642582
70355.33504142688
70339.77519571665
70324.1339545989
70308.41353966201
70292.61606961658
70276.74356119169
70260.79793008642
70244.78099196973
70228.69446351791
70212.53996348685
70196.31901380928
70180.03304071388
70163.68337586337
70147.27125750223
70130.79783161842
70114.2641531141
70097.67118698428
70081.01980950359
70064.31080942186
70047.54488917121
70030.72266607842
70013.84467359763
69996.91136255123
69979.9231023888
69962.88018246542
69945.78281334169
69928.63112810499
69911.42518371796
69894.16496239517
69876.85037300979
69859.4812525326
69842.05736750591
69824.57841555351
69807.04402692949
69789.45376610535
69771.80713339984
69754.10356664911
69736.34244292071
69718.52308027155
69700.64473954885
69682.70662623715
69664.70789234768
69646.64763835384
69628.52491516931
69610.33872617006
69592.08802925916
69573.77173897132
69555.38872862005
69536.93783248228
69518.41784802044
69499.82753814154
69481.16563348788
69462.43083476204
69443.62181507956
69424.73722234991
69405.77568168263
69386.73579781511
69367.61615756084
69348.41533227466
69329.13188033154
69309.76434961756
69290.31128002715
69270.77120597039
69251.1426588746
69231.42416969193
69211.61427139908
69191.71150148849
69171.71440445156
69151.6215342453
69131.43145673983
69111.14275214919
69090.75401743237
69070.26386867036
69049.67094340926
69028.97390297014
69008.17143472104
68987.26225430433
68966.2451078252
68945.11877398576
68923.8820661723
68902.53383448746
68881.07296772208
68859.49839527275
68837.809088987
68816.00406495351
68794.08238520846
68772.04315938808
68749.88554629034
68727.60875536846
68705.21204814463
68682.69473953868
68660.056199116
68637.29585224943
68614.41318119015
68591.40772605246
68568.27908570653
68545.02691857799
68521.65094335165
68498.15017822216
68474.52674902909
68450.77827262088
68426.90547625413
68402.90838708643
68378.78709475025
68354.54175135167
68330.17257138832
68305.67983156635
68281.0638705207
