29.848517480878044
8.049716582701357
8.142431098696967
8.221601810476159
8.293104145504891
8.360477257070443
8.425813600465155
8.49033115883067
8.554723642769417
8.619372640011036
8.68447509203314
8.750119230901667
8.816329392248846
8.883092197162114
8.950371690413398
9.018118006289292
9.08627229244017
9.154769507507972
9.223540038775688
9.292510687318277
9.361605332588049
9.430745450435616
9.4998505785004
9.568838776839925
9.637627105452964
9.7061321256175
9.77427042384776
9.841959152938045
9.909116582398205
9.975662649677808
10.041519503395207
10.10661203003967
10.17086835615197
10.234220318693424
10.296603897144365
10.35795960179231
10.418232813638078
10.477374072367866
10.535339309855019
10.59209002768749
10.647593418209553
10.701822429531283
10.754755775855898
10.806377895300841
10.85667885813028
10.90565422895014
10.953304886949361
10.999636808686745
11.044660818224514
11.088392309595164
11.13085094666306
11.172060345419396
11.21204774362166
11.250843662486702
11.288481564873763
11.324997514052711
11.360429836786558
11.394818794036958
11.428206262187992
11.46063542723887
11.492150493995972
11.52279641187505
11.552618618526765
11.58166280213311
11.609974682880065
11.637599813805835
11.66458340095599
11.690970142539904
11.716804086583778
11.74212850641149
11.766985793149878
11.791417364355233
11.81546358777738
11.839163719234364
11.862555853534467
11.885676887377784
11.908562493174266
11.931247102733657
11.953763899814923
11.976144820564443
11.998420560913225
12.020620590060688
12.04277316922343
12.064905374885768
12.087043125845518
12.109211213406226
12.131433334123805
12.15373212456906
12.176129197621663
12.198645179860641
12.221299749663743
12.2441116756738
12.267098855329508
12.29027835320035
12.313666438895886
12.337278624357445
12.361129700366305
12.385233772130242
12.409604293836338
12.434254102077361
12.459195448079882
12.48444002867982
12.509999016006091
12.535883085845825
12.562102444678487
12.588666855373631
12.615585661558981
12.642867810670552
12.670521875704083
12.698556075692949
12.726978294941084
12.755796101043487
12.785016761730873
12.81464726057505
12.844694311596221
12.875164372811533
12.906063658768339
12.937398152102844
12.96917361416714
13.001395594767445
13.034069441053589
13.067200305603414
13.100793153740064
13.134852770126145
13.169383764663671
13.20439057775598
13.239877484946014
13.275848600984297
13.312307883351664
13.349259135274373
13.386706008261285
13.424652004195941
13.463100477012745
13.502054633985551
13.541517536658034
13.581492101440212
13.621981099899145
13.662987158766462
13.704512759687617
13.7465602387352
13.789131785707966
13.832229443237019
13.875855105718927
13.920010518095118
13.964697274496594
14.009916816771437
14.055670432912414
14.101959255401283
14.148784259485716
14.19614626140401
14.244045916572489
14.292483717749612
14.34145999319054
14.390974904804999
14.441028446331664
14.491620441540384
14.542750542474629
14.594418227744967
14.646622800884593
14.699363388777115
14.752638940166698
14.80644822425986
14.860789829428384
14.915662162021682
14.971063445297133
15.026991718476744
15.083444835936746
15.140420466538096
15.197916093104297
15.255929012052967
15.314456333187131
15.37349497965186
15.433041688061202
15.4930930088004
15.553645306507981
15.614694760740917
15.676237366827202
15.73826893690849
15.800785101175379
15.86378130929797
15.927252832053341
15.991194763151213
16.05560202125865
16.12046935222437
16.185791331503268
16.251562366779304
16.3177767007872
16.384428414331055
16.45151142949794
16.51901951306457
16.586946280093976
16.65528519771921
16.72402958911021
16.793172637620238
16.86270739110686
16.932626766422246
17.00292355406885
17.073590423012888
17.14461992565038
