220.75199999999998
220.57453087920823
220.38741051330902
220.19065636282704
219.98429717415004
219.76836727689573
219.54290381694813
219.30794534751865
219.06353112965172
218.8097008034258
218.54649425305067
218.27395157384962
217.99211309346657
217.70101942285547
217.40071152478134
217.09123079398512
216.77261914659456
216.44491911824863
216.10817397150254
215.7624278137965
215.40772572781952
215.04411391659914
214.67163986617348
214.2903525293051
213.9003025344122
213.50154242477387
213.09412693414785
212.67811330628442
212.25356166748946
211.82053546346722
211.379101974248
210.92933292418553
210.4713052079009
210.0051017577347
209.53081258377017
209.04853602364344
208.55838024636225
208.06046505539615
207.55492404779352
207.04190716529294
206.52158365638644
205.99414540080147
205.4598104171312
204.9188261275562
204.37147152852293
203.81805676149426
203.2589177432332
202.69440285298236
202.12484911537064
201.55054833204713
200.97170994288814
200.38843431285287
199.8007106378296
199.2084430136229
198.6114929607219
198.00972007560878
197.40300857672526
196.79127806542178
196.17448327102093
195.5526085043098
194.92566078877076
194.29366364201303
193.65665216019048
193.01466940807111
192.3677638811228
191.7159877687886
191.05939578622295
190.39804439709903
189.73199130039254
189.06129520780652
188.38601527278814
187.7062113345817
187.0219434984375
186.3332725160779
185.6402593575254
184.9429653107356
184.24145196624664
183.53578120797727
182.82601520801774
182.11221642400594
181.3944475981662
180.67277175740597
179.94725221407276
179.2179525671088
178.4849367034284
177.7482687994022
177.00801332236907
176.26423503212058
175.51699898232195
174.7663705218408
174.0124152959638
173.25519924748613
172.49478861766065
171.7312499469963
170.96465007589686
170.19505614513164
169.42253559613022
168.64715617109414
167.86898591291893
167.08809316491863
166.30454657034755
165.5184150717117
164.72976790986388
163.93867462287574
163.14520504468098
162.34942930348294
161.5514178199204
160.75124130498557
159.94897075768785
159.14467746245745
158.33843298628264
157.5303091755743
156.72037815275226
155.90871231254735
155.09538431801235
154.2804670962374
153.46403383376284
152.6461579716843
151.82691320044395
151.00637345430292
150.18461290548845
149.36170595801093
148.53772724114535
147.71275160257198
146.88685410117077
146.06010999946466
145.23259475570728
144.40438401560965
143.57555360370205
142.74617951432583
141.9163379022522
141.0861050729225
140.25555747230752
139.4247716763816
138.59382438020856
137.76279238663633
136.93175259459778
136.1007819870148
135.26995761830474
134.43935660148585
133.6090560948819
132.779133288424
131.94966538954944
131.1207296086975
130.2924031444021
129.46476316798257
128.63788680783333
127.81185113331435
126.98673313824499
126.16260972400337
125.33955768223524
124.51765367717594
123.69697422759016
122.87759568833471
122.05959423154977
121.24304582748573
120.42802622497193
119.61461093153586
118.8028751931811
117.99289397383285
117.18474193446181
116.37849341189629
115.57422239733474
114.77200251457037
113.97190699794133
113.17400867001984
112.37837991905499
111.58509267618464
110.79421839243244
110.00582801550667
109.21999196641917
108.43678011594204
107.6562617609219
106.87850560047154
106.10357971205963
105.33155152751968
104.56248780900091
103.79645462488365
103.03351732568255
102.27374051996215
101.51718805028922
100.76392296924752
100.01400751554088
99.26750309021064
98.52447023299499
97.78496859885699
97.04905693470967
96.31679305636531
95.58823382573861
94.86343512833146
94.1424518508738
93.42533786005188
92.71214598016256
92.00292797255642
91.29773451483894
90.5966151806567
89.89961841996875
89.20679153983207
88.51818068572939
87.83383082346748
