-0.20737
-0.2198881575760185
-0.22905856342444014
-0.23858311991904918
-0.24836202390789544
-0.2583370536298603
-0.26847285650490327
-0.27874658806301655
-0.2891421737364308
-0.2996471355689312
-0.3102508426087776
-0.3209435512614149
-0.3317158836253069
-0.3425585483902065
-0.3534621958435479
-0.36441734679415555
-0.37541436197073147
-0.38644343324984154
-0.39749458623289075
-0.40855768817669974
-0.41962245772468115
-0.4306784741908145
-0.4417151848141255
-0.452721908700696
-0.46368783624808035
-0.47460202278048813
-0.4854533749464567
-0.496230628156602
-0.5069223129652182
-0.5175167078158736
-0.5280017749646192
-0.5383650756545338
-0.5485936597476395
-0.5586739240648755
-0.568591432768947
-0.5783306925033699
-0.5878749192401131
-0.597205518141895
-0.6063019886109936
-0.6151412955629314
-0.6236975099765193
-0.631941521646715
-0.6398411014762545
-0.6473617316862695
-0.6544689221545202
-0.6611331162056767
-0.6673385769155603
-0.6730972808735166
-0.6784667502835234
-0.6835658917621827
-0.6885766509610816
-0.6937184289918483
-0.6991953963902772
-0.7051396318621924
-0.7115820383462707
-0.7184636352813399
-0.7256727448922037
-0.7330830132946726
-0.7405787765595788
-0.7480660089048471
-0.7554736793381176
-0.7627505893574797
-0.7698609580462505
-0.7767803141128262
-0.7834922121296605
-0.7899858030029052
-0.7962541151456624
-0.8022928681700813
-0.8080996665756802
-0.8136767555831524
-0.8190179700359578
-0.8241267414486576
-0.8290008143986537
-0.8336480688284604
-0.8380678219099706
-0.8422623547021322
-0.8462342242052792
-0.8499862219092235
-0.8535213432068165
-0.8568427629861649
-0.8599538152007047
-0.8628579750718355
-0.865558843097766
-0.8680601303598883
-0.8703656448127058
-0.8724792783644566
-0.8744049946300858
-0.8761468172841964
-0.8777088189705636
-0.8790951107415196
-0.8803098320112401
-0.8813571410147137
-0.8822412057585657
-0.8829661954681248
-0.8835362725171325
-0.8839555848379088
-0.8842282588046803
-0.8843583925828862
-0.8843500499360202
-0.8842072544808329
-0.8839339843804594
-0.8835341674645039
-0.8830116767641519
-0.8823703264496793
-0.881613868157181
-0.8807459876908152
-0.8797703020865243
-0.8786903570227574
-0.8775096245634763
-0.8762315012188606
-0.8748593063085793
-0.8733962806129126
-0.8718455852968365
-0.8702103010924127
-0.8684934277248727
-0.8666978835681238
-0.8648265055156351
-0.8628820490528581
-0.8608671885179278
-0.8587845175373086
-0.8566365496239444
-0.8544257189254929
-0.8521543811107886
-0.8498248143831924
-0.8474392206096355
-0.8449997265550422
-0.8425083852118822
-0.8399671772152517
-0.8373780123343102
-0.8347427310312447
-0.8320631060796829
-0.8293408442342894
-0.8265775879446164
-0.823774917105765
-0.8209343508394322
-0.8180573492991516
-0.8151453154938675
-0.8121995971243422
-0.8092214884274687
-0.8062122320234382
-0.8031730207617023
-0.800104999561416
-0.7970092672425853
-0.7938868783445382
-0.7907388449283248
-0.7875661383601972
-0.7843696910735485
-0.7811503983064961
-0.7779091198132618
-0.7746466815470529
-0.7713638773125925
-0.7680614703868747
-0.7647401951062452
-0.7614007584189103
-0.7580438414013964
-0.7546701007382104
-0.7512801701632816
-0.7478746618631888
-0.7444541678407914
-0.7410192612391922
-0.7375704976250427
-0.7341084162317636
-0.7306335411611256
-0.7271463825443162
-0.723647437661264
-0.7201371920187609
-0.7166161203874077
-0.7130846877969477
-0.7095433504909033
-0.705992556839639
-0.7024327482130966
-0.6988643598128699
-0.6952878214637064
-0.6917035583656435
-0.6881119918059801
-0.6845135398326537
-0.6809086178881759
-0.6772976394061978
-0.6736810163691138
-0.6700591598294559
-0.6664324803938481
-0.6628013886706792
-0.6591662956828372
-0.6555276132444279
-0.6518857543039028
-0.6482411332528449
-0.6445941662022869
-0.6409452712257279
-0.637294868571306
-0.6336433808425879
-0.629991221512712
-0.6263388532415841
-0.6226866715502474
-0.6190351213277596
-0.6153846386373595
-0.6117356623758776
-0.6080886342598445
-0.6044439987874936
-0.6008022031768102
-0.5971636972813461
