0.0014675
0.001811170702446157
0.0021464022677293274
0.0024714085286852024
0.002786809556197533
0.0030931701033555486
0.003390978955515591
0.0036806599293146007
0.003962586366729233
0.004237093417688756
0.004504487089260678
0.004765050519925643
0.0050190482285311965
0.005266728992911058
0.005508327837154606
0.005744067449325231
0.0059741592355154645
0.006198804137954975
0.006418193294774685
0.006632508587884086
0.006841923106402949
0.007046601541545489
0.007246700521782536
0.007442368892630366
0.0076337479423888846
0.00782097157287128
0.008004166412199573
0.008183451864797662
0.00835894009159166
0.008530735910960837
0.008698936608016404
0.008863631636173559
0.009024902190579375
0.00918282062765682
0.009337449698787626
0.009488841559231246
0.0096370362400663
0.009782061139762393
0.009923927442033817
0.010062628830889861
0.010198138432829712
0.010330405697524107
0.010459353212984013
0.010584874060243265
0.010706830901250618
0.010825058903332121
0.010939375758010201
0.011049602921529697
0.011155601381311645
0.011257320502982652
0.011354848745719756
0.011448444640107155
0.011538526596930542
0.011625618244120436
0.01171027107967592
0.011792994905486232
0.011874218006409053
0.011954274952999328
0.012033414491458557
0.012111815652352554
0.012189604937451724
0.012266871138915619
0.012343676826028554
0.012420066719781526
0.012496073574175611
0.01257172221024635
0.01264703224076341
0.0127220198915976
0.012796699210142943
0.012871078739058985
0.012945176164459527
0.013019001252175885
0.01309256983580807
0.013165886318179547
0.013238962069683906
0.013311808173131157
0.013384435572019791
0.013456855159248368
0.013529077823991684
0.01360111447512077
0.013672976051523048
0.013744673525172413
0.013816217900267809
0.013887620210330999
0.013958891514337782
0.014030042892493
0.014101085441988296
0.01417203027292645
0.014242888504503715
0.014313671261489474
0.014384389671007362
0.0144550548596139
0.01452567795064698
0.014596270061822835
0.014666842303052628
0.014737405774450662
0.014807971564506276
0.01487855074839316
0.014949154386390955
0.015019793522396551
0.015090479182502782
0.015161222373625934
0.015232034082163464
0.015302925272666443
0.015373906886512126
0.015444989840563281
0.015516185025803575
0.015587503305938302
0.015658955515951846
0.01573055246061404
0.015802304912928795
0.01587422361251927
0.015946319263945047
0.016018602534946733
0.016091084054615134
0.016163774411482607
0.01623668415153371
0.016309823776134526
0.01638320373987907
0.016456834448352307
0.01653072625580945
0.01660488946277147
0.016679334313537398
0.016754070993613437
0.016829109627060166
0.01690446027375807
0.016980132926593148
0.01705613750856296
0.01713248386980516
0.01720918178454889
0.0172862409479914
0.017363670973100535
0.017441481387345137
0.01751968162935447
0.0175982810455089
0.01767728888646224
0.01775671430359905
0.017836566345427227
0.017916853953908383
0.017997585960727758
0.018078771083505137
0.018160417921949258
0.018242534953957636
0.018325130531663403
0.01840821287743253
0.018491790079812047
0.018575870089434055
0.018660460714875534
0.018745569618479035
0.018831204312135322
0.01891737215303259
0.019004080339374438
0.019091335906070102
0.019179145720401216
0.019267516477669045
0.019356454696825152
0.019445966716090824
0.019536058688569904
0.01962673657785877
0.019718006153659897
0.019809872987403124
0.019902342447880618
0.019995419696901755
0.02008910968497304
0.020183417147010555
0.020278346598090087
0.020373902329243267
0.020470088403305397
0.02056690865082345
0.02066436666603094
0.02076246580289734
0.020861209171261073
0.020960599633052596
0.021060639798617328
0.021161332023146417
0.021262678403222754
0.021364680773493926
0.021467340703476803
0.021570659494507028
0.021674638176838918
0.021779277506906797
0.021884577964755278
0.02199053975164973
0.022097162787872406
0.02220444671071709
0.022312390872686796
0.022420994339907133
0.02253025589075997
0.02264017401474859
0.022750746911600245
0.02286197248957296
0.0229738483701567
0.02308637187786098
0.02319954005038858
0.02331334963397019
0.023427797085076616
0.023542878571379648
0.02365858997300165
0.023774926884055723
0.023891884614483654
