4.085560188725373
4.110993994690343
4.136569764585528
4.1621982936293405
4.187802890446346
4.213318024797713
4.238687573307488
4.263863481836452
4.288804650026028
4.313475991538661
4.337847637823772
4.361894260064816
4.385594489051693
4.40893041666698
4.431887165762526
4.454452517639595
4.476616366542003
4.498371108975044
4.519710719220348
4.540630760347065
4.561128193820774
4.581201211676358
4.600849088279403
4.620072049134717
4.6388711545796
4.657248196514
4.6752056065826935
4.692746370843459
4.709873966872175
4.726592290820252
4.742905600143537
4.758818462860876
4.77433571141787
4.7894624014571265
4.804203775005725
4.818565227616745
4.832552279053583
4.8461705471516
4.859425724532089
4.872323557878412
4.884869829515161
4.897070341058214
4.908930898927499
4.920457301535491
4.931655327983257
4.942530728112633
4.953089213778042
4.963336451214828
4.973278054393041
4.982919579256266
4.992266518754917
5.001324298592057
5.010098273607722
5.018593724734942
5.02681585646696
5.034769794781136
5.04246058547024
5.0498931928366515
5.057072498709375
5.064003301747672
5.0706903169987685
5.0771381756802425
5.083351425160792
5.089334529115571
5.095091867834865
5.100627467753955
5.105945829219208
5.111051086671166
5.115947292971006
5.12063842069454
5.125128363047876
5.129420934829259
5.133519873434998
5.137428839902359
5.14115141998283
5.144691125239971
5.148051394166678
5.151235593317266
5.154247018450372
5.15708889567912
5.159764382625394
5.1622765695755035
5.164628480634841
5.166823074879402
5.168863247502395
5.17075183095429
5.172491596074998
5.174085253216959
5.175535453358132
5.176844789204037
5.178015796278083
5.179050953999599
5.179952686749
5.1807233649197295
5.181365305956541
5.181880775379899
5.182271987796274
5.182541107894111
5.182690251425405
5.182721486172783
5.1826368329020145
5.18243826629998
5.1821277158980745
5.181707066981093
5.1811781614816255
5.180542798860079
5.179802736970372
5.178959692911392
5.178015343864373
5.176971327916253
5.175829244869215
5.174590657036428
5.173257090024276
5.171830033501087
5.170310941952618
5.168701235424367
5.167002300250927
5.1652154897725175
5.163342125038873
5.161383495500618
5.159340859688337
5.157215445879487
5.1550084527533215
5.15275056087448
5.150354138004712
5.147936609037212
5.145384964240809
5.142790750397107
5.140117546375851
5.137370256334467
5.134573787506306
5.131680527142193
5.128715418783787
5.125680168396644
5.122545983204054
5.119374539801742
5.116136514940454
5.112831752076757
5.109461029067527
5.106025133242436
5.102524832650859
5.0989608756998095
5.095333991659883
5.091644891174106
5.087894266745871
5.084082793208176
5.080211128176334
5.076279912486112
5.072289770618706
5.068241311113766
5.064135126971453
5.059971796044296
5.055751881419522
5.051475931792401
5.047144481831053
5.0427580525331654
5.038317151574901
5.03382227365234
5.0292739008156975
5.0246725027965855
5.0200185373284905
5.01531245046073
5.010554676865977
5.0057456401416225
5.000885753105056
4.995975418083052
4.991015027195389
4.98600496263284
4.980945596929663
4.975837293230694
4.970680405553191
4.965475279043517
4.960222250228779
4.954921647263531
4.949573790171636
4.944178991083388
4.938737554467989
4.933249777361484
4.927718290827761
4.922141596307915
4.916518842451825
4.910850377470824
4.905136532841751
4.899374133334188
4.893567417994368
4.88771717023723
4.881823259156513
4.875885861561768
4.869905161039671
4.863881344865907
4.857814602419531
4.851705123981583
4.845553104306854
4.83935872789533
4.833122182858953
4.826843656042496
4.820523332361704
4.814161390185682
4.8077580149995365
