234.27756496700002
233.98842564006833
233.95709433693258
233.93975182854368
233.9310097807437
233.92794530313253
233.92892998944419
233.93302300562834
233.93965107269668
233.9484394539448
233.95912255252094
233.97149651831822
233.9853940385157
234.00067085134455
234.0171984615668
234.03486014231157
234.05354868372046
234.0731650754458
234.0936176939738
234.11482176879122
234.13669900899197
234.1591773291339
234.1821906438744
234.2056787177148
234.22958706584757
234.25386690814045
234.27847518274308
234.30337462975243
234.32853395954638
234.35392812530688
234.37953872534723
234.40535456860528
234.43137244646226
234.45759816637286
234.48404791774465
234.51075005789266
234.5377461471536
234.5650988412189
234.59288842252232
234.6212220302398
234.65023786855298
234.68011100171356
234.7110586063969
234.74334246693698
234.777264338898
234.8131464964008
234.8512859110746
234.89186907284298
234.93484289820054
234.9797660283882
235.02571402554645
235.0713444636782
235.11517365719206
235.15596564567403
235.19302315745074
235.22622733983764
235.2558926451554
235.2825376743624
235.306713964125
235.3289108644728
235.3495225573726
235.36884972288186
235.3871151587605
235.40448203394018
235.42106998409358
235.43696772006604
235.4522423105694
235.46694577430446
235.48111966231218
235.49480502320284
235.50801938451303
235.5207915913823
235.53313855656765
235.54509181945747
235.5566668201846
235.5678807908728
235.57875004086063
235.5892900338093
235.5995154570759
235.60944028055007
235.6190778057326
235.6284407067307
235.63754106489785
235.64639039861683
235.65499968938897
235.6633794051237
235.6715395212684
235.67948954024465
235.68723850951852
235.69479503853935
235.7021673147048
235.7093631185039
235.7163898378536
235.72325448177997
235.72996369343156
235.73652376249026
235.74294063700563
235.7492199346858
235.7553669536664
235.76138668278477
235.76728381137985
235.7730627386419
235.77872758252997
235.78428218828117
235.78973013653044
235.7950747510602
235.80031910620164
235.80546603390457
235.8105181304975
235.8154777631541
235.82034707608514
235.8251279964751
235.8298222401784
235.83443131719304
235.8389565369297
235.8433990132885
235.84775966956215
235.85203924317713
235.85623829029097
235.86035719025247
235.86439614994686
235.86835520802902
235.87223423906335
235.87603295757773
235.8797509220424
235.88338753878665
235.88694206585785
235.89041361683553
235.8938011646084
235.8971035451182
235.90031946108425
235.90344748570786
235.90648606636904
235.9094335283168
235.9122880783618
235.91504780857102
235.91771069997566
235.92027462628982
235.922737357646
235.9250965643519
235.9273498206668
235.92949460860504
235.9315283217644
235.93344826918243
235.9352516792224
235.93693570348833
235.93849742077137
235.93993384102586
235.94124190937697
235.9424185101576
235.94346047097557
235.94436456681004
235.94512752413397
235.94574602506415
235.94621671153774
235.94653618950613
235.94670103315622
235.94670778914627
235.94655298085826
235.94623311266528
235.94574467420898
235.9450841446824
235.9442479971223
235.94323270269587
235.94203473499093
235.94065057429577
235.9390767118715
235.9373096542088
235.93534592726627
235.93318208068777
235.93081469199126
235.9282403707263
235.92545576259693
235.92245755354085
235.9192424737671
235.91580730173666
235.9121488680962
235.90826405953956
235.90414982261595
235.89980316745667
235.89522117142997
235.89040098271406
235.8853398237822
235.8800349947949
235.8744838768966
235.86868393540553
235.86263272289804
235.85632788217862
235.84976714913094
235.84294835544344
235.8358693347623
235.82852840751787
235.82092341820172
235.8130527029684
235.8049146087281
235.7965075916686
235.78783021897638
235.77888117039257
235.76965923960506
235.7601633354713
