-0.0017391624617650123
-0.0018509674670383722
-0.00196373304761082
-0.0020766043196205823
-0.00218942226880732
-0.0023021574515335154
-0.002414806096715848
-0.002527369181946016
-0.0026398482757639145
-0.002752244786622677
-0.002864559879294374
-0.002976794507033932
-0.003088949453960421
-0.003201025370548366
-0.0033130228014346163
-0.003424942207085265
-0.0035367839807714393
-0.003648548461940709
-0.0037602359467849033
-0.003871846696603045
-0.003983380944421282
-0.004094838900230624
-0.00420622075512986
-0.004317526684603221
-0.004428756851116157
-0.00453991140617728
-0.004650990491983125
-0.004761994242740117
-0.004872922785736723
-0.004983776242224762
-0.005094554728155006
-0.005205258354802512
-0.0053158872293092236
-0.005426441455165211
-0.00553692113264422
-0.005647326359206581
-0.005757657229878359
-0.005867913837614413
-0.005978096273650143
-0.006088204627846774
-0.006198238989032503
-0.006308199445342307
-0.006418086084557959
-0.006527898994449565
-0.0066376382631194285
-0.006747303979349287
-0.006856896232950967
-0.006966415115121017
-0.0070758607187997175
-0.007185233139034198
-0.007294532473345715
-0.007403758822101436
-0.007512912288890001
-0.0076219929809010194
-0.007731001009308184
-0.007839936489655506
-0.00794879954224633
-0.00805759029253475
-0.008166308871518726
-0.008274955416134398
-0.008383530069650934
-0.008492032982065014
-0.008600464310494379
-0.008708824219569531
-0.008817112881822381
-0.00892533047807123
-0.009033477197800822
-0.009141553239536282
-0.009249558811210017
-0.009357494130519946
-0.009465359425278276
-0.009573154933748947
-0.009680880904972827
-0.0097885375990789
-0.009896125287580165
-0.010003644253652773
-0.010111094792396644
-0.0102184772110765
-0.010325791829341253
-0.01043303897942071
-0.010540219006297692
-0.01064733226785431
-0.010754379134990954
-0.010861359991716375
-0.0109682752352077
-0.011075125275839013
-0.011181910537177282
-0.011288631455944517
-0.011395288481945097
-0.011501882077957428
-0.011608412719589048
-0.01171488089509453
-0.011821287105155863
-0.01192763186262449
-0.012033915692225419
-0.012140139130222868
-0.012246302724047819
-0.012352407031887865
-0.012458452622239737
-0.01256444007342533
-0.012670369973072103
-0.01277624291755899
-0.01288205951142913
-0.012987820366770864
-0.013093526102568795
-0.013199177344026695
-0.013304774721864346
-0.013410318871590499
-0.013515810432754398
-0.013621250048178336
-0.013726638363173818
-0.01383197602474432
-0.013937263680777185
-0.014042501979227916
-0.01414769156729969
-0.014252833090621076
-0.014357927192425426
-0.014462974512734438
-0.014567975687549499
-0.014672931348053565
-0.014777842119826577
-0.014882708622077506
-0.014987531466895616
-0.015092311258523833
-0.015197048592656793
-0.015301744055765926
-0.015406398224453997
-0.015511011664841168
-0.015615584931984604
-0.015720118569333266
-0.015824613108219684
-0.015929069067389817
-0.016033486952572392
-0.016137867256088616
-0.01624221045650298
-0.016346517018315635
-0.01645078739169699
-0.01655502201226414
-0.01665922130089977
-0.016763385663612417
-0.016867515491438542
-0.016971611160385158
-0.017075673031412567
-0.017179701450456206
-0.017283696748486316
-0.017387659241604996
-0.017491589231178016
-0.017595487004001393
-0.01769935283250022
-0.01780318697495853
-0.017906989675778667
-0.018010761165767997
-0.01811450166245178
-0.01821821137040986
-0.018321894462338794
-0.018425539225465994
-0.018529157614445776
-0.018632745960869022
-0.01873630436564261
-0.01883983296000649
-0.018943331868168555
-0.01904680120529249
-0.019150241077571628
-0.019253651582607608
-0.019357032809858815
-0.01946038484111313
-0.019563707750970397
-0.01966700160732904
-0.019770266471873167
-0.019873502400558407
-0.019976709444094774
-0.020079887648425023
-0.02018303705519781
-0.02028615770223423
-0.020389249623986857
-0.020492312851990532
-0.020595347415304062
-0.02069835334094178
-0.02080133065429452
-0.020904279379539387
-0.02100719954003754
-0.021110091158719414
-0.021212954258457085
-0.0213157888624231
-0.021418594994435526
-0.021521372679288536
-0.021624121943068543
-0.021726842813455424
-0.021829535320008395
-0.02193219949443642
-0.02203483537085302
-0.022137442986015266
-0.022240022379546275
-0.02234257359414206
-0.022445096675761514
-0.022547591673800237
-0.02265005864124758
-0.022752497634827052
-0.022854908715120224
