1175241.6484992
1259334.850380779
1242732.6946422434
1227260.9979933056
1212911.9595811751
1199605.03758774
1187253.839448554
1175778.2134628557
1165105.7484198462
1155171.3144006254
1145916.3118496716
1137287.9435158328
1129238.56140711
1121725.0905194294
1114708.5220842643
1108153.46813565
1102027.7697921772
1096302.1524886861
1090949.9222122882
1085946.6975451182
1081270.1729827423
1076899.9095852654
1072817.149533512
1069004.6516122138
1065446.5450330654
1062128.1993496465
1059036.1085099601
1056157.7873464508
1053481.6790233932
1050997.0721514963
1048694.0264441764
1046563.3059321961
1044596.3188766482
1042785.0636270598
1041122.0797639869
1039600.4039459674
1038213.5299505797
1036955.3724602303
1035820.234196292
1034802.7760515172
1033897.9899110406
1033101.173887646
1032407.9097279926
1031814.0421736065
1031315.6600843394
1030909.0791530479
1030590.8260586112
1030357.6239208963
1030206.3789354862
1030134.16807894
1030138.2277864558
1030215.9435139548
1030364.8401054039
1030582.6112362993
1030866.958048957
1031215.8109044386
1031627.1696260716
1032099.1350764551
1032629.90308249
1033217.7587900886
1033861.0714137779
1034558.2893493836
1035307.9356206877
1036108.6036335928
1036958.9532135502
1037857.7069042338
1038803.6465073421
1039795.6098450612
1040832.4877283827
1041913.2211158402
1043036.7984485045
1044202.2531482705
1045408.661267502
1046655.1392790849
1047940.8419967938
1049264.9606166822
1050626.7208709319
1052025.3812862714
1053460.2315396417
1054930.590904396
1056435.806780759
1057975.2533047842
1059548.3300304697
1061154.460680025
1062793.091957717
1064463.692422971
1066165.7514187656
1067898.7780516115
1069662.3002196148
1071455.8636854633
1073279.0311912466
1075131.3816123593
1077012.509147805
1078922.0225444762
1080859.5443530378
1082824.7102133038
1084817.1681670295
1086836.5779962016
1088882.610585042
1090954.9473039694
1093053.2794139793
1095177.307489844
1097326.7408607556
1099501.2970669973
1101700.7013313635
1103924.68604411
1106172.990260214
1108445.35920788
1110741.4819997135
1113061.3002124631
1115404.3263745774
1117770.5126699468
1120159.5658761212
1122571.2584368114
1125005.3657577292
1127461.6657694397
1129939.9384932858
1132439.9656094685
1134961.530026522
1137504.4154514433
1140068.4059597761
1142653.2855649218
1145258.8377859944
1147884.8452135408
1150531.08907245
1153197.348781396
1155883.4015081497
1158589.021720119
1161313.9807294575
1164058.0462321502
1166820.9818403474
1169602.5466074327
1172402.4945450623
1175220.5741316667
1178056.5278116826
1180910.0914849315
1183780.9939855186
1186668.9565495662
1189573.6922711898
1192494.905546063
1195432.2915018909
1198385.5354152159
1201354.3121138092
1204338.2853640865
1207337.1072428138
1210350.417492483
1213377.8428596756
1216418.9964157445
1219473.4768591234
1222540.867798641
1225620.7370170832
1228712.6357143768
1231816.0977296971
1234930.6387418143
1238055.7554469884
1241190.9247137462
1244335.602713841
1247489.2240287352
1250651.2007309264
1253820.9214394402
1256997.7503488725
1260181.0262312721
1263370.061410261
1266564.1407068176
1269762.5203559913
1272964.4268941015
1276169.0560157585
1279375.5714002063
1282583.103506468
1285790.748336799
1288997.5661680088
1292202.580250245
1295404.77547287
1298603.0969970762
1301796.4488550564
1304983.6925153902
1308163.6454146197
1311335.0794548304
1314496.7194672993
1317647.2416422195
1320785.2719246743
1323909.3843771042
1327018.0995085929
1330109.8825714344
1333183.1418255013
1336236.2267711086
1339267.4263511628
1342274.9671235532
1345257.0114048035
1348211.655386263
1351136.927224169
1354030.7851051653
1356891.1152889645
1359715.7301300596
1362502.3660805498
1365248.6816763997
1367952.255509566
1370610.5841886804
1373221.0802912097
