0.29586261926474045
0.3073678821586812
0.32090950206870694
0.3355306402874473
0.3510698311493861
0.3675178033280543
0.38488808257960117
0.4031927176698868
0.4224389922121364
0.4426299793641554
0.463765555762968
0.4858432763953699
0.5088590527774335
0.5328076673503538
0.5576831622763868
0.5834791330492389
0.6101889496943456
0.6378059225402328
0.6663234253335738
0.6957349854078567
0.7260343483579584
0.7572155229839803
0.7892728109869189
0.8222008249159115
0.8559944971052733
0.8906490817451027
0.9261601517625809
0.9625235918235527
0.9997355884738416
1.0377926182107273
1.0766914340942648
1.1164290513658517
1.157002732429707
1.1984099714655243
1.2406484788724719
1.283716165692003
1.3276111281162912
1.372331632158063
1.4178760985340215
1.464243087796351
1.5114312857336032
1.5594394890526422
1.608266591346349
1.6579115693469126
1.708373469461195
1.7596513945825296
1.811744491172015
1.8646519366017733
1.918372926752484
1.9729066638576909
2.0282523445878455
2.0844091483676404
2.1413762259209004
2.1991526880381125
2.257737594562472
2.317129943591198
2.377328660889702
2.438332589517032
2.5001404796618316
2.5627509786888467
2.626162621396768
2.69037382048891
2.7553828572589527
2.821187872494556
2.8877868576023227
2.955177645958123
3.0233579044873014
3.0923251254797717
3.1620766186454414
3.232609503415755
3.303920701497504
3.37600692968531
3.4488646929394173
3.522490277735605
3.5968797456941624
3.6720289274949156
3.7479334170853282
3.824588566188654
3.901989479119
3.9801310079100616
4.059007747764029
4.138614032826952
4.218943932296516
4.299991246867821
4.38174950552238
4.464211962665029
4.547371595613012
4.631221102440867
4.715752900184245
4.800959123405084
4.88683162311993
4.973361966092503
5.0605414344908555
5.148361025908761
5.2368114537501675
5.325883147974765
5.415566256201945
5.505850645169622
5.596725902543549
5.688181339072019
5.780205991079986
5.872788623295931
5.965917732003966
6.059581548513
6.153768042934025
6.248464928255928
6.343659664709604
6.439339464409507
6.5354912962612435
6.6321018911233
6.729157747210501
6.8266451357264195
6.92455010671156
7.022858495093891
7.121555926927976
7.220627825808824
7.320059419446412
7.419835746386759
7.519941662865432
7.620361849779356
7.721080819762922
7.822082924354502
7.923352361239692
8.024873181557814
8.1266292972585
8.228604488495517
8.330782411045327
8.433146603738281
8.535680495890775
8.638367414727169
8.741190592780725
8.844133175263329
8.947178227394275
9.05030874167899
9.15350764512901
9.256757806415173
9.3600420429465
9.46334312786786
9.56664379696997
9.669926755505983
9.773174684909353
9.876370249408282
9.97949610253259
10.082534893509361
10.185469273544257
10.288281901985892
10.39095545237116
10.49347261834988
10.595816119487617
10.697968706945948
10.799913169039897
10.901632336672721
11.003109088648522
11.10432635686371
11.205267131378543
11.30591283748708
11.406250307615116
11.50626037843273
11.60592651411587
11.705232118687192
11.804160647445054
11.902695636341232
12.000820712395376
12.098519599904877
12.195776125311685
12.292574221499535
12.388897931804104
12.48473141385625
12.580058943313759
12.674864917508721
12.769133859025665
12.862850419219944
12.95599938168368
13.04856566566547
13.14053432944969
13.231890573701028
13.322619744779852
13.412707338033911
13.502139001071976
13.590900537024787
13.678977907798867
13.76635723732847
13.853024814831047
13.938967098071352
14.024170716639302
14.108622475246486
14.1923093570462
14.275218526981458
14.357337335165566
14.438653320299341
14.519154213128983
14.598827939948338
14.677662626148987
14.755646599821311
14.832768395409445
14.909016757422613
14.984380644205057
15.058849231766406
15.132411917673979
