179.27653143863557
179.01708070680237
178.9984946071856
178.98232643804585
178.96425733746165
178.94464859262501
178.92385819925047
178.90216596697277
178.87978857123164
178.85689296954894
178.8336070336316
178.81002794588173
178.78622882542476
178.76226395330872
178.73817289007118
178.71398371809929
178.6897155929141
178.66538074915658
178.64098607660054
178.616534357359
178.59202523629975
178.56745598151034
178.54282207964326
178.51811770147296
178.49333606548913
178.4684697214224
178.44351077092463
178.41845103893718
178.39328220637907
178.36799591250178
178.34258383345943
178.31703774223328
178.29134955393863
178.26551135967372
178.23951545138723
178.2133543397062
178.18702076624746
178.16050771160738
178.1338083999684
178.1069163010587
178.07982513004552
178.05252884581802
178.0250216480205
177.99729797312042
177.9693524897367
177.94118009340747
177.91277590094003
177.88413524445681
177.85525366522847
177.82612690736775
177.79675091144313
177.7671218080604
177.73723591145028
177.70708971309455
177.6766798754154
177.64600322555023
177.61505674922736
177.5838375847577
177.55234301715294
177.52057047237923
177.48851751175349
177.45618182648795
177.4235612323869
177.39065366469833
177.35745717312287
177.3239699169813
177.29019016054022
177.2561162684961
177.2217467016173
177.18708001254132
177.1521148417279
177.1168499135625
177.08128403261108
177.04541608002125
177.0092450100674
176.9727698468372
176.93598968105533
176.89890366704122
176.86151101979743
176.82381101222487
176.78580297246103
176.7474862813374
176.70886036995262
176.66992471735688
176.6306788483447
176.5911223313511
176.55125477644836
176.51107583343935
176.47058519004327
176.42978257017117
176.3886677322863
176.34724046784717
176.31121500973003
176.27930677937854
176.2504678763916
176.2239099233771
176.1990490615538
176.17544795991395
176.15278020668657
176.13080221029486
176.10933219275935
176.0882345073351
176.0674079328572
176.04677693727916
176.0262851577457
176.0058905351102
175.98556168322835
175.96527517974323
175.9450135445284
175.92476373126877
175.9045160019424
175.8842630870114
175.86399955880054
175.84372136394563
175.82342547453283
175.8031096277975
175.78277213190236
175.76241172101925
175.74202744719867
175.72161859968824
175.70118464473188
175.68072518065017
175.6602399043233
175.63972858618143
175.61919105154317
175.59862716669036
175.57803682847734
175.55741995657723
175.53677648769545
175.51610637125202
175.49540956615877
175.47468603841475
175.45393575931075
175.4331587040897
175.4123548509464
175.39152418028067
175.3706666741397
175.34978231580166
175.32887108946449
175.30793298001345
175.2869679728473
175.2659760537482
175.24495720878465
175.22391142423842
175.20283868654994
175.1817389822776
175.16061229806667
175.1394586206263
175.1182779367121
175.09707023311285
175.07583549664054
175.054573714123
175.0332848723979
175.01196895830853
174.99062595870018
174.96925586041814
174.9478586503051
174.92643431520003
174.90498284193671
174.88350421734324
174.86199842824104
174.8404654614446
174.81890530376097
174.7973179419895
174.77570336292192
174.7540615533419
174.73239250002553
174.710696189741
174.68897260924894
174.66722174530247
174.64544358464738
174.6236381140226
174.60180532016028
174.5799451897861
174.5580577096198
174.53614286637531
174.51420064676148
174.49223103748216
174.47023402523712
174.44820959672194
174.42615773862903
174.4040784376479
174.38197168046574
174.35983745376825
174.33767574423976
174.31548653856404
174.2932698234253
174.27102558550823
174.24875381149897
174.22645448808572
174.20412760195947
174.1817731398147
174.15939108834982
174.13698143426834
174.11454416427924
174.09207926509782
174.06958672344652
174.04706652605543
174.02451865966347
