115.25768575710114
122.62672664373854
129.51738270035256
135.95231281881027
141.96918902858206
147.60455182906273
152.8916029108954
157.86019605559747
162.53714843048522
166.9465711960283
171.11017250740872
175.04752760831852
178.77631776155795
182.31254097118045
185.67069755964818
188.86395350743175
191.90428422313164
194.80260114705453
197.56886332613524
200.21217584648255
202.74087677820845
205.16261407829379
207.48441371135667
209.7127400844252
211.85354974842724
213.91233919424334
215.89418746272653
217.80379419413507
219.6455136611417
221.42338525929367
223.14116086804117
224.80232944292132
226.4101391540483
227.96761734671824
229.4775885658926
230.94269085672659
232.36539052769444
233.7479955405216
235.0926676717413
236.4014335737401
237.6761948483998
238.91873723351958
240.13073899087618
241.3137785748925
242.46934165214984
243.5988275343496
244.7035550805549
245.78476811864206
246.8436245502928
247.881264248512
248.89871863142568
249.89697746989324
250.8769768098272
251.83960230114425
252.78569227749082
253.7160406079862
254.63139934016664
255.53248115153943
256.41996162549754
257.29448136591196
258.15664796337614
259.0070378249245
259.8461978779554
260.67464715815714
261.49285838451965
262.30135635119035
263.10053274886775
263.8908216645818
264.6726247694191
265.4463219310796
266.2122734054523
266.970820966493
267.7222888076034
268.46698435960735
269.2051990532369
269.93720903373367
270.66327583144783
271.3836469914881
272.09855666514557
272.808226165601
273.5128644902177
274.2126688115653
274.9078538698388
275.5985373247194
276.2849118443876
276.9671316533526
277.64534120235777
278.3196755083749
278.990260474813
279.65721319290947
280.32064222536064
280.9806478732087
281.6373224269425
282.2907504027203
282.94100876453643
283.5881671331299
284.2322879823629
284.8734268237608
285.51163237985594
286.1469467469472
286.77940554783714
287.40903807508806
288.03586742530547
288.659910624912
289.2811787478713
289.8996770257821
290.5154049507414
291.1283563713591
291.7385195822783
292.3458774075509
292.95040727818065
293.5520813041523
294.1508663412353
294.7467240528415
295.33961096720947
295.9294785301613
296.51627315368694
297.09993626058935
297.6804043254087
298.25760891184945
298.83147670692404
299.4019295519999
299.9688844709621
300.53225369566803
301.091944688885
301.6478601648748
302.199898107822
302.7479517882393
303.2919097775467
303.8316559609545
304.3670695488198
304.89802508662547
305.42439246371805
305.9460369209581
306.4628190574136
306.97459483623436
307.4812155898399
307.98252802454175
308.4783742247336
308.9685916567576
309.45301317257434
309.9314670133312
310.4037768129571
310.86976160186293
311.32923581086425
311.7820092753996
312.2278872401479
312.6666703641074
313.09815472622086
313.52213183160893
313.93838861846547
314.346707465674
314.7468662011756
315.1386381111302
315.5217919498824
315.8960919507595
316.2612978376711
316.6171648375431
316.9634436935122
317.2998806788754
317.62621761173097
317.94219187023367
318.24753640839174
318.54197977229194
318.82524611665
319.09705522151785
319.3571225090198
319.6051590599241
319.8408716298443
320.0639626648619
320.27413031631437
320.471068454487
320.65446668090794
320.82401033894064
320.9793805223232
321.1202540812879
321.24630362587266
321.3571975259999
321.45259990788617
321.5321706463058
321.59556535221543
321.64243535523286
321.672427680406
321.6851850187328
321.6803456908382
321.65754360320005
321.61640819632044
321.55656438420857
321.47763248452213
321.37922813874434
321.2609622217317
321.1224407400049
320.96326471812955
320.7830300726025
320.5813274726278
320.35774218723395
320.11185391822784
319.84323661851306
319.5514582954061
80.40039173317606
87.0596707898694
93.43271356006001
99.51225674448482
105.31191296614986
110.84842927106364
116.13823479036199
121.19680279701561
126.03857299639753
130.67698681422047
135.1245455381057
139.3928722320492
143.49277279197628
147.434294668349
151.22678262769884
154.87893125320755
158.3988340645248
161.79402925342885
165.0715421100846
168.2379242662312
171.2992899139956
174.26134917754158
177.12943882325268
179.9085504956583
182.60335666291647
185.2182344490792
187.75728752168646
190.22436619337043
192.62308588571395
194.95684409300497
197.22883597310127
199.44206868252328
201.59937456331832
203.7034232801839
205.7567329979173
207.76168068142363
209.72051159329638
211.63534805734852
213.50819755037645
215.34096017890303
217.13543559254887
218.89332938107165
220.61625899792182
222.30575924932836
223.9632873844653
225.59022781910625
227.18789652230504
228.75754509306262
230.30036455156508
231.81748886746684
233.3099982457311
234.77892218879543
236.22522823866916
237.6498809914701
239.05376021162405
240.4377193104477
241.8025735053517
243.14910185351735
244.47804915600028
245.79012774144294
247.08601913794956
248.36637564104183
249.6318217849711
250.88295572414188
252.1203505308278
253.34455541490635
254.5560968709026
255.75547975721105
256.9431883120219
258.11968711011406
259.2854219643811
260.4408207756745
261.58629433427234
262.7222370760574
263.84902779625
264.9670303233505
266.0765941557517
267.17805506330836
268.2717356559918
269.3579459216095
270.4369837344377
271.50913533647434
272.5746757929212
273.6338694233905
274.6869702102178
275.7342221851949
276.7758597959193
277.81210825291953
278.84318385859086
279.86929431895135
280.89063903913825
281.90740940351776
282.9197890412152
283.9279540778369
284.9320733740894
285.93230875196826
286.92881520915375
287.92174112218277
288.9112284389703
289.89741286118607
290.8804240169836
291.8603856245299
292.8374156467763
293.81162643786445
294.7831248815596
295.7520125220573
296.7183856875084
297.682365089358
298.64394852107904
299.60333615671163
300.5605148881198
301.5155864098166
302.46861797765905
303.4196723164859
304.36880769533565
305.31607799761497
306.2615327864271
307.20521736523267
308.14717283399784
309.08743614099023
310.0260401303644
310.96301358566666
311.89838126938815
312.8321639586892
313.76437847739834
314.6950377243989
315.62415069848913
316.55172251982265
317.47775444799953
318.40224389690195
319.32518444633234
320.2465658505413
321.1663740436926
322.0845911423375
323.0011954449481
323.91616142855406
324.8294597425435
325.7410571996523
326.65091676419786
327.55899753757615
328.46525474106306
329.3696396959414
330.27209980098013
331.17257850728606
332.0710152905372
332.96734562062346
333.8615009286945
334.75340857162263
335.6429917938906
336.530169686894
337.4148571456643
338.2969648229957
339.176399080976
340.0530619399002
340.926851024551
341.79765950782314
342.6653760516712
343.52988474535033
344.3910650409131
345.2487916859244
346.10293465336076
346.95335906864005
347.79992513372684
348.64248804826707
349.48089792768053
350.3149997181438
351.14463310839164
351.9696324382529
352.7898266038352
353.6050389592571
354.4150872148245
355.2197833315465
356.01893341185126
356.81233758638075
357.59978989672703
358.3810781739319
359.15598391260625
359.92428214047476
360.685741283146
361.4401230239166
362.1871821583521
362.92666644342376
363.658316440913
364.38186535481987
365.09703886243744
365.80355493878204
366.50112367399663
367.1894470833526
367.8682189094155
368.53712441592955
369.195840172917
369.84403383247377
370.48136389467527
371.1074794629795
371.7220199884558
372.32461500211843
372.91488383457033
373.4924353221364
374.05686749854544
