344783.48900400003
338103.688127401
337774.0889890791
337445.46191716637
337108.5044981802
336758.2630147238
336392.0425674076
336008.3096827262
335606.1133736727
335184.7773424639
334743.73443665594
334282.43564597156
333800.29787889915
333296.6715383071
332770.8177444629
332221.889692994
331648.9150575475
331050.77759064856
330426.19668823725
329773.70395011717
329091.61583909043
328378.00149112183
327630.64459244325
326846.9980314227
326024.1297511163
325158.6578680056
324246.6726650877
323283.64249814523
322264.29994849383
321182.5036927262
320031.0705234524
318801.5707448923
317484.07882443693
316066.8698300044
314536.0511141138
312875.11852691864
311064.4259603417
309080.58080413577
306895.73864410236
304476.89501993865
301785.2368744887
298775.787653225
295397.7557303392
291596.3182162984
287317.03720151924
282514.6420829105
277168.1657926404
271303.4708105463
265020.4642278389
258514.71251629762
252074.81223263068
246038.39395177644
240711.68624476407
236289.41301801743
232819.23673355105
230223.632839265
228354.23404514484
227044.82625468858
226144.94249015144
225533.643683484
225120.59798804208
224841.42418993817
224651.6082112574
224520.9739365059
224429.32627222806
224363.26275467972
224313.9378220527
224275.53510358385
224244.2401976574
224217.56873714572
224193.8730554848
224172.0956437735
224151.53503624263
224131.76285245808
224112.48981121223
224093.5338138557
224074.78125623686
224056.1632239547
224037.63991624833
224019.19043447485
224000.80608628687
223982.48599456687
223964.23421790753
223946.05786276015
223927.96584656945
223909.9680883746
223892.0749802546
223874.29704337398
223856.64470539827
223839.1281577307
223821.75726515125
223804.54151031945
223787.48996025065
223770.61124831153
223753.91356560076
223737.40465867796
223721.09183136845
223704.98194912067
223689.08144495863
223673.39632637787
223657.93218274048
223642.69419290594
223627.68713290017
223612.9153835124
223598.3829377518
223584.09340809225
223570.05003351506
223556.25568631937
223542.7128787007
223529.42376910636
223516.39016837406
223503.6135456865
223491.09503429616
223478.83543714482
223466.83523227705
223455.094578139
223443.61331876315
223432.39098885903
223421.4268188066
223410.71973960564
223400.2683877668
223390.07111018302
223380.1259689771
223370.43074636135
223360.9829495042
223351.77981543474
223342.818315983
223334.09516278026
223325.60681231882
223317.34947109516
223309.3191008329
223301.51142379956
223293.92192823373
223286.5458738699
223279.37829758567
223272.4140191709
223265.6476472179
223259.07358514878
223252.68603736834
223246.4790155594
223240.44634511744
223234.58167172037
223228.878468049
223223.33004063962
223217.92953688986
223212.66995219866
223207.54413725212
223202.54480545194
223197.66454047768
223192.89580399307
223188.23094348455
223183.66220023538
223179.18171742617
223174.78154836578
223170.45366485865
223166.1899656699
223161.98228513205
223157.82240185776
223153.70204756016
223149.6129159932
223145.54667198492
223141.49496057414
223137.449416251
223133.40167228223
223129.3433701287
223125.26616894765
223121.1617551784
223117.02185220426
223112.8382300825
223108.60271535866
223104.3072009278
223099.94365597575
223095.50413596936
223090.98079270145
223086.36588439968
223081.65178586377
223076.8309986734
223071.8961614043
223066.8400599296
223061.65563771073
223056.3360061513
223050.87445497306
223045.26446261897
223039.49970668287
223033.57407436904
223027.48167295635
223021.21684030473
223014.77415536085
223008.14844869231
223001.33481302604
222994.32617281371
222987.1254886754
222979.72140517583
222972.11259587063
222964.29562300412
222956.26737450348
222948.0250745485
222939.56629421702
222930.88896212255
222921.99137507935
