311.3475411049598
309.7828325195972
309.50929294375555
309.4852230798109
309.5049592652663
309.5295943592957
309.55258118409034
309.57338018928914
309.59240195513974
309.6100922221995
309.6268009570701
309.6427878018097
309.6582437942354
309.6733097544697
309.68808979722087
309.7026610642841
309.7170807717118
309.7313913603745
309.74562429096494
309.7598028567208
309.77394427606896
309.7880612528091
309.80216314020817
309.816256809342
309.83034729615747
309.84443828287243
309.8585324553967
309.8726317680819
309.8867376393162
309.90085109563313
309.9149728775774
309.92910351724703
309.9432433949168
309.9573927802601
309.9715518622677
309.98572077089517
309.9998995926802
310.01408838197585
310.02828716901064
310.0424959656529
310.0567147695287
310.0709435669535
310.08518233501877
310.09943104307587
310.1136896537901
310.12795812389186
310.1422364047119
310.15652444256676
310.17082217903624
310.18512955116614
310.19944649162005
310.2137729287926
310.2281087868982
310.2424539860421
310.25680844227895
310.2711720676636
310.28554477029576
310.2999264543617
310.314317020175
310.32871636421436
310.343124379164
310.35754095395316
310.37196597379807
310.3863993202452
310.4008408712173
310.4152905010621
310.42974808060353
310.44421347719776
310.4586865547907
310.47316717398155
310.48765519208973
310.5021504632258
310.5166528383675
310.5311621654412
310.5456782894066
310.5602010523489
310.57473029357396
310.5892658497107
310.60380755481805
310.6183552404972
310.63290873601034
310.647467868404
310.6620324626389
310.67660234172405
310.69117732685817
310.7057572375741
310.7203418918905
310.73493110646757
310.7495246967676
310.76412247722067
310.778724261394
310.79332986216696
310.80793909190743
310.8225517626539
310.83716768629984
310.85178667478004
310.866408540261
310.88103309533176
310.8956601531966
310.91028952786866
310.9249210343644
310.93955448889756
310.9541897090726
310.9688265140775
310.9834647248742
310.99810416438766
311.0127446576916
311.02738603219126
311.04202811780226
311.0566707471254
311.0713137556164
311.08595698175014
311.1006002671796
311.1152434568878
311.12988639933405
311.1445289465922
311.15917095448106
311.1738122826884
311.1884527948859
311.2030923588342
311.2177308464826
311.23236813405657
311.24700410213734
311.2616386357332
311.2762716243398
311.290902961992
311.305532547306
311.32016028351245
311.33478607847974
311.34940984472803
311.364031499435
311.37865096443136
311.3932681661885
311.40788303579785
311.4224955089408
311.4371055258523
311.45171303127506
311.4663179744079
311.480920308846
311.4955199925155
311.5101169876009
311.52471126046703
311.53930278157657
311.5538915253998
311.5684774703228
311.58306059854937
311.5976408959996
311.61221835220533
311.6267929602022
311.6413647164187
311.65593362056353
311.670499675511
311.6850628871839
311.6996232644361
311.71418081893364
311.72873984728193
311.7432862017828
311.7578363336498
311.77238300990405
311.7869267932887
311.8014678287933
311.8160061743962
311.8305418702161
311.84507495200296
311.8596054547737
311.87413341406574
311.8886588663908
311.90318184936984
311.91770240173304
311.9322205632595
311.946736374695
311.96124987765927
311.97576111455055
311.99027012844914
312.00477696302323
312.0192816624362
312.03378427125494
312.0482848343614
312.0627833968656
312.07728000402057
312.09177470113946
312.10626753351454
312.1207585463389
312.1352477846284
312.14973529314756
312.1642211163353
312.17870529823426
312.19318788242003
312.20766891193364
312.22214842921494
312.23662647603675
312.2511030934427
312.26557832168345
312.2800522001577
312.29452476735156
312.3089960607813
312.32346611693566
312.3379349712218
312.3524026579086
