109352.9811456
112658.54426902198
114765.95713728601
116814.0262085322
118821.57488854705
120793.21919586077
122730.61139287415
124634.83507823116
126506.88601904917
128347.7599974067
130158.46192239212
131940.00057812204
133693.38193315183
135419.60339384223
137119.64926094122
138794.48725217482
140445.0659061014
142072.3127009884
143677.1327496534
145260.4079560413
146822.99654022514
148365.73285576716
149889.42743754585
151394.86722973356
152882.81595308453
154354.0145784546
155809.1818797763
157249.01504490522
158674.1903269465
160085.36372214023
161483.17166316556
162868.23171903598
164241.14329461232
165602.4883242821
166952.83195558982
168292.72321961002
169622.69568566207
170943.26809862847
172254.9449976694
173558.21731554627
174853.5629581173
176141.44736383538
177422.32404328688
178696.63509899125
179964.811725797
181227.27469231613
182484.43480391684
183736.69334783193
184984.4425209974
186228.06584124407
187467.9385424854
188704.4279545463
189937.8938682789
191168.6907164814
192397.16064966173
193623.64466866793
194848.4757885301
196071.98111075262
197294.48211395333
198516.29493325838
199737.7306294188
200959.09544831532
202180.69107135665
203402.81485723914
204625.76007549962
205849.81613228508
207075.26878872147
208302.4003722813
209531.4899814918
210762.81368434333
211996.64471071874
213233.2536391604
214472.90857827407
215715.87534305506
216962.41762640578
218212.79716610795
219467.27390749482
220726.10616205807
221989.550762216
223257.86321245634
224531.29783705936
225810.10792459716
227094.54586939435
228384.86331012635
229681.3112657329
230984.14026879985
232293.6004965731
233609.9418997436
234933.41432915928
236264.26766058255
237602.75191764094
238949.11739307683
240303.61476843263
241666.49523227307
243038.01059705758
244418.41341476436
245807.9570913734
247206.89600028872
248615.48559480524
250033.98251970176
251462.6447220364
252901.73156123486
254351.5039185376
255812.2243058823
257284.15697428698
258767.56802180028
260262.7255010774
261769.8995266435
263289.35646473785
264821.3886321755
266366.24914493324
267924.23541848495
269495.6234779423
271080.698050114
272679.74666999216
274293.05978697876
275920.93087134894
277563.656520785
279221.5365670026
280894.8741824845
282583.97598733543
284289.1521562622
286010.7165256878
287748.9867009898
289504.28416386456
291276.9343798056
293067.26690567477
294875.61549734976
296702.3182174248
298547.71754292364
300412.160472996
302295.9986365438
304199.58839973615
306123.29097334726
308067.47251985536
310032.5042602297
312018.76258032455
314026.62913679134
316056.49096240825
318108.7405707239
320183.77605989494
322282.0012155894
324403.82561281574
326549.66471653455
328719.93998088344
330915.07894684124
333135.5153381459
335381.68915526324
337654.04676718684
339953.04100084247
342279.13122784166
344632.7834483231
347014.4703715965
349424.67149329226
351863.8731686861
354332.56868185924
356831.2583103385
359360.44938481937
361920.65634356474
364512.40078105446
367136.21149040834
369792.6244991122
372482.1830975251
375205.4378596217
377962.94665540545
380755.2746543701
383582.9943193983
386446.68539039243
389346.9348569614
392284.3369194035
395259.4929372013
398273.0113642178
401325.5076697472
404417.6042444688
407549.9302904306
410723.1216940141
413937.8208808853
417194.676651832
420494.3439983821
423837.4838970076
427224.7630807093
430656.85378670803
434134.43347891135
437658.18454379844
441228.79395829147
444846.9529281368
448513.3564952843
452228.7031126745
455993.69418482314
459809.03357250674
463675.42705985473
467593.5817820455
471564.2056118174
475588.0065029215
479665.69178861514
483797.9674332674
487985.5372350976
492229.1019780459
496529.3585307536
