549.455108794765
547.7600205269961
546.1663070188586
544.6012865320854
543.0278253835961
541.4270005323864
539.7894119403302
538.1106119110312
536.3887011778439
534.6230643998517
532.813704211662
530.9608893580721
529.0649673209183
527.126262732162
525.1450200993705
523.1213689102142
521.0552994214241
518.9466427823295
516.795051907007
514.5999809055345
512.360661548443
510.0760754987037
507.7449210713528
505.36557315449056
502.9360346831895
500.45387770965993
497.9161716534002
495.3193957291176
492.65933181796953
489.9309331488251
487.1281630791292
484.2437970227923
481.26917923549433
478.1939249274243
475.0055574523877
471.68910597524047
468.22645375804916
464.595938823715
460.7715877431587
456.72252957562694
452.412566647866
447.8002524438164
442.84006346052706
437.48565643879346
431.6967044281036
425.45113867790707
418.7640270670507
411.71138236874054
404.4507123920252
397.2222476056879
390.3145761322023
383.9963760330595
378.4447438652787
373.7100682265849
369.73181048628794
366.3845746585632
363.52501071942106
361.02211789288305
358.77008528384664
356.68968339936384
354.72438457476983
352.8350997033008
350.995343316951
349.18740731850437
347.39955607047386
345.6240585896527
343.8558442723053
342.0915996079929
340.3292359572518
338.56724698195234
336.80478215845307
335.0411682881811
333.276174266262
331.5095588170791
329.7411934893063
327.9710129869065
326.19899356407063
324.42513894772793
322.649471150251
320.8720244579095
319.09284148597055
317.3119705813804
315.52946410601425
313.74537729648836
311.959767502514
310.17269367447494
308.38421601564283
306.59439574372965
304.80329492539886
303.01097636002885
301.21750349643037
299.4229403732346
297.6273515747207
295.83080219837535
294.03335783074374
292.23508452949295
290.43604881024055
288.6363176371152
286.83595841631944
285.03503899213655
283.2336276449816
281.4317930911617
279.62960448408023
277.82713141666875
276.02444392484546
274.22161249185035
272.4187080532852
270.61580200273903
268.8129661978664
267.01027296680854
265.2077951148394
263.4056059311617
261.60377919572755
259.8023891860316
258.0015106837685
256.20121898129537
254.40158988782304
252.60269973527804
250.8046253837515
249.00744422651297
247.21123419449387
245.4160737602286
243.6220419411765
241.82921830239343
240.03768295850958
238.24751657497444
236.45880036852841
234.67161610687236
232.88604610748916
231.10217323561508
229.32008090129148
227.53985305551268
225.76157418541186
223.98532930847946
222.2112039657852
220.43928421418843
218.66965661751195
216.90240823667298
215.1376266187371
213.37539978489968
211.6158162173755
209.85896484518153
208.1049350288089
206.35381654377122
204.60569956302552
202.86067463826984
201.11883268008933
199.3802649369784
197.64506297322586
195.9133186456549
194.18512407925255
192.4605716416507
190.73975391650907
189.02276367578204
187.30969385090248
185.60063750285659
183.89568779122848
182.1949379421739
180.49848121537983
178.80641086999285
177.1188201296158
175.4358021462932
173.7574499636247
172.08385647894912
170.41511440467804
168.75131622881887
167.0925541746889
165.43892015991392
163.79050575468852
162.1474021394034
160.5097000616627
158.8774897927077
157.25086108337388
155.62990311954505
154.01470447724486
152.40535307733242
150.801936139973
149.20454013880232
147.61325075499772
146.0281528312008
144.4493303253933
142.87686626485356
141.31084270012926
139.75134065923515
138.19844010203374
136.65221987495966
135.11275766604848
133.58012996046207
132.05441199648993
130.5356781838539
129.02399974365323
127.51944931967023
126.02209626309094
124.53200894064447
123.04925422273804
121.57389744493513
120.10600237051302
118.6456311541005
117.19284430651638
115.74770066083026
