0.004542841724207192
0.004441172809049033
0.004443133537783488
0.004446080359829277
0.004448166932039357
0.00444955089157513
0.004450389649976906
0.004450807849190424
0.004450903518554191
0.004450753629583433
0.004450418521957075
0.004449945414300238
0.004449371184938418
0.004448724571653272
0.004448027909830274
0.0044472985044069204
0.004446549711705721
0.004445791791713955
0.004445032578937998
0.004444278010022458
0.004443532538397748
0.0044427994599090005
0.004442081168362181
0.004441379355941214
0.004440695170292963
0.004440029337577582
0.004439382258804991
0.004438754085216916
0.004438144777241575
0.004437554150576705
0.004436981912191571
0.004436427688436383
0.004435891046974478
0.004435371513880592
0.004434868586956919
0.004434381746089691
0.004433910461289851
0.004433454198920738
0.0044330124265060875
0.0044325846164255285
0.004432170248737721
0.004431768813318776
0.00443137981146268
0.004431002757058519
0.004430637177434301
0.004430282613937799
0.004429938622309675
0.004429604772892294
0.004429280650708415
0.004428965855436799
0.004428660001306131
0.004428362716924189
0.004428073645055908
0.004427792442361141
0.004427518779100911
0.004427252338819195
0.004426992818006065
0.004426739925746809
0.004426493383361044
0.004426252924034924
0.004426018292449175
0.00442578924440522
0.004425565546451192
0.004425346975509541
0.004425133318507473
0.0044249243720114115
0.00442471994186645
0.004424519842841572
0.004424323898281378
0.0044241319397648185
0.004423943806771543
0.004423759346356118
0.004423578412830486
0.004423400867455009
0.004423226578138127
0.004423055419144954
0.004422887270814737
0.004422722019287373
0.004422559556238924
0.004422399778626127
0.004422242588439854
0.004422087892467496
0.004421935602064093
0.004421785632932151
0.004421637904910007
0.004421492341768556
0.004421348871016239
0.004421207423712025
0.004421067934286316
0.004420930340369454
0.004420794582627744
0.004420660604606691
0.004412891711227679
0.004407093636758408
0.004402765580512855
0.00439953181459523
0.004397114665403721
0.0043953064681148376
0.00439395241083436
0.004392937065965346
0.004392174356389307
0.004391600084285282
0.004391166365371025
0.00439083748101419
0.004390586786117919
0.004390394403552598
0.004390245504779592
0.004390129027471922
0.004390036718977482
0.004389962422782156
0.004389901546213341
0.004389850663333224
0.00438980721867816
0.0043897693062294385
0.004389735504508368
0.004389704753543331
0.004389676263075533
0.00438964944407152
0.004389623857624486
0.004389599176829256
0.00438957515833687
0.004389551621131282
0.0043895284306943805
0.004389505487191424
0.004389482716656108
0.004389460064413667
0.0043894374901739565
0.004389414964370251
0.0043893924654279225
0.004389369977726442
0.00438934749007917
0.004389324994598935
0.004389302485852054
0.004389279960227074
0.004389257415463966
0.004389234850303014
0.004389212264222942
0.004389189657245673
0.004389167029790783
0.004389144382567056
0.0043891217164916535
0.0043890990326300025
0.004389076332150996
0.004389053616293764
0.004389030886342933
0.004389008143610338
0.004388985389421481
0.004388962625105524
0.004388939851987963
0.004388917071385258
0.004388894284600959
0.004388871492922866
0.00438884869762109
0.004388825899946696
0.00438880310113074
0.004388780302383659
0.004388757504895015
0.004388734709833288
0.004388711918345855
0.004388689131559078
0.004388666350578462
0.004388643576488837
0.0043886208103546195
0.0043885980532200755
0.00438857530610958
0.004388552570027981
0.0043885298459608035
0.004388507134874651
0.004388484437717465
0.004388461755418836
0.004388439088890363
0.004388416439025872
0.004388393806701801
0.004388371192777443
0.004388348598095272
0.004388326023481231
0.004388303469744994
0.004388280937680297
0.004388258428065117
0.004388235941662096
0.004388213479218666
0.004388191041467378
0.004388168629126183
0.004388146242898589
0.004388123883474046
0.004388101551528115
0.004388079247722668
0.004388056972706209
0.004388034727114081
0.004388012511568665
0.004387990326679635
0.0043879681730441605
0.004387946051247165
0.004387923961861466
0.004387901905448044
0.004387879882556233
0.004387857893723902
0.004387835939477713
0.004387814020333221
