0.01062913423525686
0.010563133118189842
0.010497590418906064
0.010432727617054226
0.01036872229884334
0.010305716935517106
0.010243824233463181
0.010183132016988457
0.010123707318268421
0.010065599797755604
0.010008844610493095
0.009953464812800914
0.009899473386521158
0.009846874944137989
0.009795667166909014
0.009745842019088551
0.009697387249690643
0.009650285813565125
0.009604518066871931
0.009560061900798555
0.009516893262630027
0.009474986599478385
0.009434315233081246
0.009394851675992808
0.00935656789789221
0.009319435549394706
0.00928342614962836
0.009248511255461686
0.009214662550393278
0.00918185200039922
0.00915005192027277
0.009119235048443872
0.009089374605134575
0.009060444338443444
0.009032418560227929
0.00900527217330462
0.008978980691270047
0.008953520252061432
0.00892886762622031
0.008905000220687626
0.008881896078843531
0.008859533877406177
0.008837892920717686
0.008816953132872974
0.008796695048082302
0.008777099799604603
0.008758149107540572
0.008739825265733485
0.008722111127990498
0.008704990093805877
0.008688446093741259
0.008672463574594742
0.008657027484470493
0.008642123257843116
0.008627736800696053
0.008613854475800037
0.008600463088186266
0.008587549870859352
0.008575102470786243
0.00856310893519042
0.008551557698173905
0.008540437567684453
0.008529737712840657
0.00851944765162342
0.008509557238939138
0.008500057104973119
0.008490937266733509
0.008482188521825187
0.00847380196028683
0.008465768955169956
0.008458081152790543
0.008450730463319173
0.008443709051714834
0.008437009328993635
0.008430623943822567
0.008424545774428478
0.008418767920812049
0.008413283697256657
0.008408086625121915
0.008403170425911882
0.00839852901460789
0.00839415649325621
0.008390047144800837
0.0083861954271521
0.008382595967481726
0.008379243556735609
0.008376133144355433
0.008373259833200869
0.008370618874664105
0.008368205663968948
0.008366015735646841
0.008364044759182647
0.008362288534823016
0.00836074298954067
0.008359404173148248
0.008358268254555256
0.008357331518162498
0.008356590360387987
0.00835604128631906
0.008355680906485433
0.008355505933748196
0.008355513180299978
0.008355699554771676
0.008356062059441487
0.008356597787541931
0.008357303920661002
0.008358177726233611
0.008359216555119585
0.008360417839264903
0.008361779089442753
0.008363297893071305
0.008364971912105014
0.008366798880996843
0.008368776604728307
0.008370902956905025
0.008373175877915015
0.00837559337314734
0.00837815351126902
0.008380854422557748
0.008383694297288366
0.008386671384171217
0.008389783988840245
0.008393030472389205
0.008396474396436747
0.008399927519029769
0.008403626707456877
0.008407336993807527
0.008411238772494084
0.008415258052720996
0.008419400898948874
0.008423717778791502
0.00842810906046014
0.008432618947046189
0.00843724783644974
0.008441931009864066
0.008446789019904581
0.008451765028411364
0.008456856228913885
0.008462061638965799
0.008467380370175782
0.008472811572469317
0.008478354431377276
0.008484008167052397
0.008489772033388186
0.008495645317182892
0.008501627337341949
0.008507717444114432
0.008513915018360315
0.008520219470845592
0.008526630241563162
0.00853314679907732
0.0085397686398905
0.008546495287830599
0.008553326293457933
0.008560261233490652
0.008567299710247686
0.008574441351108528
0.008581685807988886
0.008589032756831816
0.008596481897113453
0.008604032951362955
0.008611685664696136
0.00861943980436206
0.008627295159302566
0.008635251539723773
0.008643308776679704
0.008651466721667151
0.008659725246231723
0.008668084241584696
0.008676543618230151
0.008685103305602303
0.008693763251712616
0.008702523422806342
0.008711383803028383
0.008720344394098044
0.008729405214992476
0.00873856630163862
0.008747827706613304
0.008757184390851562
0.008766641293019633
0.008776199974227626
0.008785860192500015
0.008795621972694364
0.008805492769961752
0.00881546332101049
0.008825533941921579
0.00883570553313746
0.008845978392735484
0.00885635281790927
0.008866829104479286
0.008877407549658359
0.008888088454204583
0.008898872114415052
0.00890975885488286
0.00892074899455214
0.00893184286134753
0.008943040792105877
0.008954343142595817
0.008965750256589366
