44.53145358584858
43.26157916061913
42.04033516049955
40.86437529160172
39.73106442939782
38.638455751015876
37.58524687686503
36.57071612291115
35.59464307586848
34.657216139114105
33.75892780580281
32.90045756653764
32.08254302938068
31.30584237185327
30.57079544248347
29.8774956607262
29.225588455647383
28.61421210645459
28.041992023294146
27.50709021714594
27.007300741439458
26.54017319750347
26.103143012849227
25.693649675220747
25.309230551429312
24.947585417009005
24.60661297626705
24.284424369138527
23.979340026750215
23.6898759562836
23.414724407012017
23.15273250301283
22.902881177754207
22.664265758803893
22.436078847711126
22.21759568057814
22.008161880330945
21.807183366348667
21.61411812592305
21.428469542082127
21.249780991090443
21.077631455803132
20.911631938970633
20.751422498304073
20.596669759796963
20.44706479616142
20.302321282894727
20.162173869464766
20.026376695699973
19.89470206056289
19.766939171475272
19.642892980586037
19.52238309034537
19.405242720116917
19.291317728439196
19.180465687485434
19.072555007510157
18.9674641098049
18.865080647063802
18.765300770199037
18.668028440631176
18.57317478697578
18.48065750489808
18.39040029874528
18.30233236341048
18.216387904746185
18.13250569673625
18.050628673554726
17.970703554589956
17.892680500488996
17.816512798280105
17.742156573654604
17.669570528531814
17.598715702087613
17.529555253495733
17.46205426470808
17.396179561683553
17.331899552561843
17.26918408136783
17.208004295921214
17.148332528714718
17.090142189610507
17.033407669288362
16.97810425245962
16.924208039937795
16.87169587872956
16.82054529937867
16.77073445985978
16.722242095379762
16.675047473500012
16.62913035404583
16.584470953317183
16.541049912159732
16.49884826749641
16.457847426957397
16.418029146281203
16.37937550919127
16.341868909481434
16.305492035070237
16.270227853807953
16.236059600842307
16.202970767368598
16.17094509060809
16.139966544874778
16.11001933360546
16.08108788224139
16.05315683186169
16.026211033479733
16.000235542923296
15.975215616228049
15.951136705481948
15.927984455064978
15.905744698235088
15.88440345401685
15.863946924382113
15.84436149152108
15.825633715593213
15.807750332375322
15.790698251194947
15.774464552968912
15.759036488354202
15.744401475995641
15.730547100856603
15.71746111262094
15.70513142415561
15.693546110025101
15.682693405049607
15.672561702900339
15.663139554725932
15.654415667804974
15.64637890422022
15.639018279550823
15.632322961579218
15.626282269010193
15.620885670199531
15.602085206388585
15.580856406405628
15.555173217846997
15.524226714460283
15.487786441626094
15.445891370656232
15.398702913313024
15.346435466663646
15.289323604376506
15.227606636178663
15.161521409562026
15.091299045589283
15.017163560847635
14.939331394623798
14.858011367606615
14.773404841650358
14.685705967889643
14.595101968064917
14.501773422311784
14.40589455076869
14.307633483385562
14.207152515810181
14.104608350946641
14.000152326604995
13.893930630032003
13.786084500266073
13.676750419307993
13.566060293095747
13.454141623264386
13.34111767065747
13.227107611560209
13.112226687640305
12.996586350621493
12.880294402778386
12.763455134435155
12.646169459781513
12.528535052497647
12.41064648291086
12.292595358731107
12.174470471807467
12.056357956605682
11.938341352412552
11.820502207099251
11.70291963990491
11.585671032232566
11.468832190537576
11.352477680697849
11.236681234837382
11.121516253627059
11.0070564366788
10.893376586281825
10.780553648110574
10.668668079665691
10.557805677884788
10.44806005936393
10.339536082857148
10.232354655974108
10.12665961397106
10.022627764974272
9.920483884139795
9.820523635566088
9.723149540877152
9.628929063149965
9.538691417065621
