13.82288084116021
14.000878616083302
14.216008568610702
14.45217654608115
14.699982146942798
14.953801289737106
15.210218432707919
15.467116921370875
15.723145594418074
15.977406124697495
16.229270474261657
16.478274854321484
16.724058376861493
16.966327581474104
17.204835790310405
17.439370871840506
17.66974773115992
17.89580344693482
18.117393902094907
18.334391283313067
18.54668211933923
18.75416568897296
18.956752713580116
19.154364290676835
19.346931043462423
19.534392467560053
19.716696456729064
19.89379898742528
20.065663939840057
20.232263031151184
20.393575835715993
20.549589866982753
20.700300696838593
20.845712089855553
20.98583613231623
21.1206933385988
21.25031272066139
21.374731809314206
21.49399661913336
21.608161551652284
21.717289234179717
21.821450293916545
21.92072306906822
22.015193260448097
22.10495352840062
22.190103041011763
22.270746980353977
22.3469960140753
22.41896573989782
22.486776110639838
22.550550847329042
22.61041684758232
22.666503596042244
22.718942583201382
22.76786673815448
22.81340988039803
22.8557061948238
22.894889733626627
22.931093947894976
22.96445125115534
22.995092616433624
23.023147207764737
23.048742046627083
23.072001713232865
23.09304808216964
23.112000091586378
23.12897354475304
23.14408094259429
23.15743134560915
23.169130263421206
23.179279570159068
23.187977443676857
23.195318326798535
23.201392908557278
23.206288123585285
23.210087167810862
23.212869528653822
23.21471102801667
23.215683876528782
23.21585673743826
23.215294798809367
23.214059852688166
23.212210380052532
23.209801640429543
23.20688576518732
23.203511853612035
23.1997260709388
23.19557174762762
23.19108947924101
23.186317226354095
23.181290414026797
23.17604203036416
23.17060272388534
23.165000899277207
23.15926281138192
23.153412657143154
23.147472665333392
23.141463183974412
23.135402765300178
23.12930824820073
23.123194838101345
23.117076184263148
23.110964454446073
23.104870407017877
23.09880346044993
23.092771760302853
23.086782243707297
23.080840701397197
23.074951837366733
23.069119326219774
23.063345868236393
23.057633242317973
23.05198235677645
23.046393298141677
23.04086537799199
23.035397177931944
23.02998659276875
23.02463087195864
23.01932665944232
23.01407003187109
23.00885653535065
23.003681220753087
22.998538677666964
22.99342306702216
22.988328152518925
22.983247330827965
22.978173660709047
22.97309989103218
22.96801848779018
22.96292166014541
22.957801385556465
22.952649434007995
22.947457391413415
22.942216682236733
22.93691859130685
22.931554284950472
22.926114831392947
22.920591220508612
22.914974382923074
22.909255208503737
22.903424564250805
22.897473311639132
22.89139232336953
22.885172499633523
22.878804783816204
22.872280177750568
22.865589756414064
22.858724682209353
22.85167621875167
22.844435744195042
22.83699476410918
22.829344923936027
22.82147802097078
22.813386015944104
22.805061044161576
22.796495426217007
22.78768167827623
22.778612521965226
22.76928089380373
22.7596799542325
22.74980309623923
22.739643953519725
22.729196408270887
22.718454598513016
22.707412925001307
22.696066057735045
22.68440894200031
22.67243680401364
22.660145156106026
22.6475298014964
22.634586838602758
22.62131266495855
22.607703980624866
22.593757791216465
22.579471410467377
22.56484246233281
22.54986888268309
22.534548920531673
22.518881138815043
22.502864414750565
22.48649793972568
22.469781218779126
22.452714069624857
22.435296621224897
22.41752931198962
22.399412887485948
22.380948397768684
22.36213719427995
22.34298092633698
22.323481537231572
22.303641259919733
22.28346261234412
22.262948392356837
22.242101672294126
22.22092579321223
22.199424358716108
22.17760122853454
22.155460511724115
22.13300655958606
