0.00043
0.0010617690766420997
0.0010366720874165128
0.0010290719002147015
0.0010313590905517598
0.0010393496679214306
0.0010506739882924915
0.0010639684063430991
0.001078442713654954
0.0010936379992159786
0.0011092875513268752
0.0011252359853070376
0.0011413920845530932
0.0011577013761231503
0.001174130283477637
0.0011906570489574914
0.0012072665886152171
0.0012239476108287873
0.0012406910240515589
0.0012574890694006548
0.0012743348547580643
0.0012912221073636664
0.0013081450427771626
0.001325098294200945
0.0013420768721332766
0.0013590761387256877
0.0013760917890660689
0.0013931198357690305
0.0014101565953657748
0.0014271986760039843
0.0014442429663763957
0.0014612866259163541
0.0014783270762730406
0.0014953619940020345
0.001512389304321062
0.001529407175715774
0.001546414015128694
0.0015634084634609997
0.0015803893911095783
0.0015973558933011281
0.0016143072850155118
0.0016312430953455087
0.0016481630611863269
0.0016650671201953952
0.0016819554030150087
0.0016988282247814147
0.0017156860759806071
0.0017325296127328144
0.0017493596466087087
0.0017661771340874925
0.001782983165771972
0.001799778955483786
0.00181656582934771
0.0018333452149726574
0.0018501186308351584
0.001866887675941361
0.0018836540198594615
0.0019004193931713746
0.0019171855784122476
0.0019339544015256162
0.0019507277238718698
0.0019675074348081273
0.0019842954448448355
0.0020010936793853013
0.0020179040730393914
0.0020347285644953697
0.002051569091935644
0.0020684275889701537
0.0020853059810610215
0.0021022061824093686
0.0021191300932718606
0.0021360795976789197
0.0021530565615120443
0.002170062830921393
0.0021871002310385112
0.0022041705649605706
0.002221275612975876
0.0022384171319992656
0.0022555968551908334
0.002272816491740802
0.0022900777267864524
0.0023073822214486036
0.0023247316129650594
0.0023421275149059523
0.0023595715174536394
0.0023770651877345877
0.0023946100701928434
0.002412207686992067
0.002429859538438827
0.002447567103419291
0.002465331839841809
0.0024831551850825933
0.002501038556424123
0.0025189833514929942
0.0025369909486799296
0.0025550627075539155
0.0025731999692598377
0.002591404056898903
0.0026096762758966606
0.002628017914351826
0.0026464302433679915
0.0026649145173686796
0.0026834719743972506
0.002702103836395818
0.0027208113094735675
0.002739595584153883
0.0027584578356102105
0.002777399223886014
0.00279642089409989
0.0028155239766383404
0.0028347095873368852
0.002853978827644538
0.0028733327847841003
0.0028927725318937465
0.002912299128164174
0.0029319136189621974
0.0029516170359467557
0.002971410397175496
0.0029912947072017622
0.0030112709571668973
0.0030313401248810035
0.0030515031748973996
0.003071761058582836
0.003092114714174507
0.0031125650668438177
0.003133113028734647
0.0031537594990132495
0.0031745053639044662
0.0031953514967239883
0.003216298757904537
0.0032373479950196377
0.003258500042801803
0.003279755723153493
0.0033011158451575215
0.0033225812050834925
0.003344152586385733
0.003365830759703707
0.0033876164828539985
0.003409510500821676
0.003431513545747228
0.003453626336911312
0.003475849580715366
0.0034981839706623107
0.0035206301873298364
0.003543188898347559
0.003565860758365338
0.0035886464090275037
0.0036115464789348577
0.0036345615836149946
0.003657692325485609
0.0036809392938166926
0.003704303064691682
0.003727784200970233
0.003751383252244821
0.0037751007548010667
0.003798937231575336
0.0038228931921114313
0.003846969132516396
0.0038711655354189173
0.0038954828699251103
0.003919921591569904
0.003944482142280169
0.003969164950324412
0.0039939704302736235
0.004018898982954495
0.004043950995406123
0.004069126840840134
0.004094426878595473
0.004119851454098945
0.004145400898822319
0.004171075530243758
0.004196875651806462
0.0042228015528838056
0.004248853508736491
0.004275031780479085
0.004301336615043978
0.004327768245143884
0.0043543268892406095
0.004381012751510585
0.00440782602181171
0.004434766875653579
0.004461835474164775
0.004489031964065421
0.004516356477637087
0.004543809132691938
0.004571390032550157
0.004599099266007967
0.004626936907313328
0.004654903016138866
0.0046829976375551835
0.004711220802005878
0.004739572525280541
0.004768052808489992
0.004796661638038009
0.004825398985596014
0.0048542648080778135
0.0048832590476063295
0.004912381631490751
0.004941632472194068
