0.01334889128054648
0.013330145903470923
0.013311364297156921
0.013292666747629306
0.013274053936456922
0.013255503920779253
0.0132369917191367
0.013218493231145857
0.013199986007896012
0.013181449367065085
0.013162864357144302
0.013144213678489442
0.013125481588261153
0.013106653798743683
0.013087717373862344
0.013068660626895223
0.013049473021345482
0.013030145076248806
0.013010668276682034
0.012991034989889244
0.012971238387176728
0.012951272371547477
0.012931131510926994
0.012910810976748203
0.01289030648760665
0.012869614257679358
0.012848730949582162
0.012827653631338327
0.012806379737143523
0.012784907031620569
0.012763233577274978
0.01274135770487863
0.012719277986526079
0.012696993211132412
0.012674502362150604
0.012651804597312872
0.012628899230209817
0.012605785713542811
0.012582463623896612
0.012558932647890257
0.012535192569585598
0.012511243259033402
0.012487084661854591
0.012462716789762806
0.01243813971194107
0.012413353547194864
0.012388358456810659
0.01236315463805803
0.01233774231827252
0.012312121749471508
0.012286293203452144
0.012260256967329025
0.012234013301446212
0.012207562587733548
0.012180905098309292
0.012154041144423453
0.012126971035661552
0.01209969507740996
0.012072213568547924
0.012044526799348892
0.012016635049571211
0.0119885385867239
0.01196023766448916
0.011931732521291875
0.011903023378999244
0.011874110441741626
0.011844993894844107
0.011815673903858197
0.011786150613684761
0.011756424147780838
0.011726494607444548
0.011696362071167315
0.011666026594052125
0.011635488207288417
0.011604746917680908
0.011573802707226901
0.011542655532737412
0.011511305325498968
0.011479751990972101
0.011447995408523374
0.011416035431188189
0.011383871885460743
0.011351504571110876
0.011318933261021525
0.011286157701049786
0.011253177609905607
0.011219992679047733
0.011186602572596441
0.011153006927259184
0.011119205352270555
0.01108519742934348
0.01105098271263056
0.011016560728695767
0.010981930976494827
0.010947092927363225
0.010912046025011592
0.010876789685527558
0.010841323297382906
0.010805646221447536
0.010769757791006362
0.010733657311782227
0.010697344061961425
0.01066081729222375
0.010624076225776064
0.010587120058387557
0.010549947958429461
0.010512559066916066
0.010474952570874621
0.010437127336467893
0.010399082717863257
0.01036081752541166
0.010322330837755064
0.010283621632767788
0.010244688861320796
0.010205531447339593
0.010166148287864657
0.010126538253114225
0.010086700186548305
0.010046632904935819
0.010006335198423342
0.009965805830606174
0.009925043538602258
0.009884047033128568
0.00984281499857989
0.009801346093110815
0.009759638948720718
0.009717692171341968
0.009675504340931802
0.009633074011567275
0.009590399711544788
0.00954747994348313
0.009504313184431568
0.009460897885981598
0.00941723247438462
0.009373315350674068
0.009329144890793215
0.00928471944572891
0.009240037341651288
0.009195096880059823
0.009149896337936466
0.00910443396790547
0.009058707998401435
0.009012716633844535
0.00896645805482452
0.008919930418293602
0.008873131857768052
0.008826060483539932
0.008778714382898917
0.008731091620364513
0.00868319023792963
0.008635008255316084
0.008586543670242155
0.008537794458703063
0.008488758575265183
0.00843943395337406
0.008389818505677934
0.00833991012436636
0.008289706681525266
0.008239206029509385
0.008188406001332579
0.00813730441107706
0.008085899054322727
0.008034187708596702
0.007982168133845568
0.007929838072930158
0.007877195252144578
0.00782423738176094
0.00777096215660066
0.007717367256634122
0.007663450347610183
0.00760920908171715
0.007554641098276473
0.007499744024472425
0.00744451547611757
0.007388953058458784
0.007333054367023665
0.007276816988511719
0.007220238501731912
0.007163316478589868
0.007106048485127857
0.0070484320826208645
0.006990464828732196
0.00693214427873308
0.006873467986789778
0.006814433507323564
0.00675503839644805
0.006695280213489396
0.00663515652259533
0.0065746648944395875
0.006513802908027904
0.006452568152614143
0.0063909582297339
0.006328970755364894
0.006266603362223642
0.006203853702209085
0.006140719449004373
0.0060771983008498336
0.006013287983499986
0.005948986253380221
