9.2572
9.246055387055025
9.264683597705709
9.281653336426158
9.297760153581807
9.313414033666746
9.328834996822545
9.344142340523689
9.359402137249036
9.3746525454895
9.389917316608459
9.405213028368463
9.42055298943955
9.435949382387856
9.451414480427005
9.466961384119578
9.48260451770261
9.498360015390688
9.514246070494037
9.530283290371568
9.546495085346773
9.562908112999073
9.579552797182396
9.596463941929935
9.613681463197839
9.631251265899962
9.649226299798574
9.66766783576779
9.686647013975474
9.706246727998867
9.72656392412659
9.747712413262557
9.769826313654992
9.79306426483644
9.817614573298416
9.843701461147898
9.871592638807762
9.901607917195939
9.9341296853952
9.969613571622476
10.008598911897748
10.051715926029317
10.09968426876994
10.15329316112283
10.21334670957748
10.280549997781879
10.355306576703315
10.437408532548378
10.52564884397178
10.617490284995858
10.709049209902126
10.79565130392291
10.872927512541358
10.93796318564894
10.98986698400735
11.029532486781845
11.05891002924481
11.08026199444344
11.095673795850846
11.106841668108988
11.11504392494603
11.121198368968365
11.125943746534949
11.12971576999716
11.132807881525583
11.135416145827815
11.137670960131754
11.139658853046305
11.141437220430314
11.14304022451986
11.144500492176704
11.145831478958947
11.14704950827797
11.148154662250182
11.149155288606297
11.150055307543255
11.150857542623774
11.1515640939463
11.15217658154089
11.152696304187211
11.153124343145068
11.153461629934457
11.153708990616067
11.15386717468798
11.153936873903639
11.153918734480955
11.153813364976628
11.153621341320681
11.153343209990416
11.152979489970619
11.152530673920715
11.151997228840289
11.151379596395747
11.150678193053482
11.149893410083473
11.149025613491366
11.148075143913127
11.147042316494131
11.14592742076758
11.144730720541677
11.143452453801073
11.14209283262684
11.140652043136056
11.139130245443324
11.137527573644247
11.135844135820305
11.134080014066024
11.132235264537421
11.130309917521796
11.1283039775275
11.126217423394387
11.124050208423915
11.121802260527415
11.11947348239466
11.117063751679376
11.114572921203091
11.112000819176602
11.109347249438619
11.106611991711041
11.103794801871016
11.100895412239295
11.097913531884888
11.094848846945242
11.09170102096223
11.088469695233941
11.085154489181651
11.081755000731707
11.078270806712972
11.07470146326887
11.071046506284258
11.067305451826991
11.063477796603873
11.059563018431222
11.05556057671913
11.051469912970488
11.047290451293115
11.043021598926227
11.038662746780208
11.034213269989165
11.02967252847749
11.025039867538563
11.020314618426074
11.01549609895802
11.010583614132031
11.005576456753088
11.000473908071857
10.995275238434031
10.98997970794076
10.984586567118305
10.979095057597716
10.97350441280382
10.967813858652221
10.962022614255007
10.956129892633264
10.950134901437771
10.944036843673711
10.937834918433708
10.931528321633884
10.925116246754566
10.918597885585013
10.911972428971314
10.905239067563981
10.898396992570275
10.891445396503366
10.884383473933587
10.877210422237154
10.869925442342694
10.862527739475404
10.855016523895252
10.847391011632933
10.839650425217243
10.831793994396412
10.823820956852693
10.815730558905067
10.807522056205652
10.799194714420663
10.790747809904547
10.782180630354148
10.773492475456763
10.76468265751517
10.75575050206078
10.746695348449025
10.737516550433226
10.728213476722617
10.718785511516703
10.709232055018946
10.699552523926137
10.689746351896261
10.679812989988239
10.66975190707643
10.659562561944407
10.649244545577996
10.63879729660227
10.628220387602688
10.617513381743915
10.60667586187761
10.595707430742104
10.584607711124999
10.573376345990946
10.562012998571703
