5.058377668900476e-05
5.117001662678367e-05
5.148327710865893e-05
5.1748493720817505e-05
5.2003943330416456e-05
5.22573329212698e-05
5.251026811636606e-05
5.2763119160052244e-05
5.301600474557978e-05
5.326899125881e-05
5.352213319099848e-05
5.377548137991303e-05
5.402908473202012e-05
5.428299062346951e-05
5.453724503304514e-05
5.479189262015693e-05
5.504697679068928e-05
5.530253975907799e-05
5.555862260809407e-05
5.581526534648554e-05
5.6072506964411567e-05
5.633038548661432e-05
5.658893802329261e-05
5.684820081869752e-05
5.71082092974666e-05
5.73689981087629e-05
5.763060116827399e-05
5.789305169815226e-05
5.815638226497637e-05
5.842062481581764e-05
5.8685810712502574e-05
5.8951970764153415e-05
5.9219135258098446e-05
5.948733398923101e-05
5.975659628790523e-05
6.0026951046440986e-05
6.0298426744319926e-05
6.057105147214162e-05
6.084485295440904e-05
6.111985857121116e-05
6.139609537886269e-05
6.167359012956123e-05
6.195236929011604e-05
6.22324590598009e-05
6.251388538738425e-05
6.279667398737604e-05
6.308085035554053e-05
6.336643978371472e-05
6.365346737396975e-05
6.394195805215356e-05
6.423193658084579e-05
6.452342757175958e-05
6.481645549762032e-05
6.51110447883326e-05
6.540721950879645e-05
6.570500385619009e-05
6.600442185957977e-05
6.630549745903364e-05
6.660825451688532e-05
6.691271682700671e-05
6.721890812344438e-05
6.752685208867332e-05
6.783657236152625e-05
6.814809254482746e-05
6.846143621274302e-05
6.877662691786339e-05
6.909368819803095e-05
6.941264358292067e-05
6.973351660038984e-05
7.005633078260184e-05
7.038110967193745e-05
7.070787682669915e-05
7.103665582661893e-05
7.13674702781766e-05
7.170034381973597e-05
7.203530012650574e-05
7.237236291532964e-05
7.271155594931563e-05
7.305290304230581e-05
7.33964280631931e-05
7.374215494009214e-05
7.409010766436258e-05
7.44403102944978e-05
7.479278695987258e-05
7.514756186436308e-05
7.550465928983295e-05
7.586410359949703e-05
7.622591924115944e-05
7.659013075032806e-05
7.695676275321497e-05
7.732583996961422e-05
7.769738721566638e-05
7.80714294065092e-05
7.844799155881336e-05
7.882709879320655e-05
7.920877633658901e-05
7.959304952433489e-05
7.997994380238514e-05
8.036948472923187e-05
8.076169797778948e-05
8.115660933716142e-05
8.155424471429126e-05
8.19546301355085e-05
8.235779174795897e-05
8.276375582092864e-05
8.317254874704983e-05
8.358419704339872e-05
8.399872735247418e-05
8.441616642013212e-05
8.483654121191935e-05
8.525987862297523e-05
8.568620593786304e-05
8.611555038508789e-05
8.654793937385574e-05
8.698340044216646e-05
8.742196125696976e-05
8.786364961404467e-05
8.830849343774168e-05
8.875652078058527e-05
8.920775982273617e-05
8.966223887131236e-05
9.011998635956261e-05
9.058103084589301e-05
9.104540101273729e-05
9.151312566527489e-05
9.198423372998788e-05
9.245875425305209e-05
9.293671639856428e-05
9.341814944659465e-05
9.390308279106381e-05
9.439154593744221e-05
9.488356850026e-05
9.537918020043111e-05
9.58784108623806e-05
9.638129041097627e-05
9.688784886824986e-05
9.739811634991518e-05
9.791212306166884e-05
9.842989929526838e-05
9.895147542438832e-05
9.94768819002435e-05
0.0001000061492469729
0.00010053930805678449
0.00010107638898484543
0.00010161742274392186
0.0001021624400987529
0.00010271147186015842
0.00010326454887887203
0.00010382170203909073
0.00010438296225173994
0.00010494836044744015
0.00010551792756917323
0.00010609169456464087
0.00010666969237830504
0.00010725195194310795
0.0001078385041718599
0.00010842937994829024
0.0001090246101177549
0.00010962422547758989
0.00011022825676710774
0.0001108367346572262
0.00011144968973972281
0.00011206715251610902
0.00011268915338611417
0.00011331572263577652
0.00011394689042512926
0.0001145826867754763
0.00011522314155625137
0.00011586828447145419
0.00011651814504565413
0.00011717275260955707
0.00011783213628512965
0.00011849632497027073
0.00011916534732302886
0.00011983923174535781
0.00012051800636640254
0.00012120169902531518
0.00012189033725359182
0.0001225839482569273
0.00012328255889658554
0.0001239861956702774
0.00012469488469254872
0.00012540865167467037
0.00012612752190403214
0.00012685152022303618
0.00012758067100749324
0.00012831499814451472
0.00012905452500990827
0.00012979927444507498
0.00013054926873340907
0.0001313045295762065
0.00013206507806808444
0.00013283093467191597
0.00013360211919329003
0.00013437865075449802
0.00013516054776806263
0.00013594782790981246
0.0001367405080915158
0.00013753860443308972
