2.316099638047296
2.3296513457631085
2.345094268142067
2.362094756989934
2.380405408398507
2.399835618959372
2.420233736248203
2.4414758600200193
2.4634586369437197
2.486094464971235
2.5093081614766293
2.5330345338020166
2.5572165213162767
2.5818037150987263
2.6067511419306433
2.6320182460065333
2.6575680284066254
2.6833663192114
2.709381165179417
2.7355823201171923
2.7619408271897274
2.7884286834626706
2.8150185775047514
2.8416836912288033
2.868397557476087
2.8951339652301433
2.9218669048108903
2.9485705459473834
2.9752192422440173
3.0017875562170326
3.0282502997620675
3.0545825855955115
3.080759885871661
3.106758094797473
3.1325535926352597
3.158123308992767
3.1834447837476345
3.2084962243378534
3.2332565584765502
3.2577054816214073
3.281823498753779
3.305591960205632
3.3289930914207546
3.3520100166564024
3.3746267767270144
3.39682834096832
3.418600613660962
3.4399304352008637
3.4608055783408687
3.4812147398567097
3.5011475280113498
3.520594446205432
3.539546873209879
3.557997040379518
3.575938006243868
3.59336362886554
3.610268536345308
3.626648095840067
3.64249838144213
3.657816141249746
3.672598763937051
3.6868442451086803
3.7005511537006224
3.71371859866383
3.726346196142147
3.738434037331354
3.7499826571812687
3.7609930040790434
3.771466410628776
3.7814045656206483
3.7908094872622797
3.799683497725442
3.8080291990443005
3.8158494503843343
3.823147346687298
3.82992619868434
3.8361895142579385
3.841940981123675
3.84718445079471
3.851923923784152
3.85616353599566
3.8599075462477033
3.863160324873808
3.865926343338618
3.8682101648084353
3.8700164356142617
3.8713498775453754
3.8722152809124
3.872617498320052
3.8725614390914314
3.872052064287929
3.8710943822709196
3.8696934447545286
3.8678543433006385
3.865582206211221
3.8628821957750623
3.8597595058292695
3.856219359599031
3.8522670077814416
3.847907726842351
3.843146817497811
3.837989603354194
3.8324414296833207
3.8265076623117413
3.820193686604769
3.8135049065286193
3.806446743775294
3.7990246369368776
3.791244040717546
3.783110425172915
3.774629274967626
3.7658060886437883
3.75664637789307
3.7471556668272834
3.7373394912423055
3.727203397871583
3.716752943625807
3.705993694816125
3.6949312263589316
3.683571120960248
3.671918968278838
3.6599803640670983
3.647760909289157
3.635266209215897
3.622501872497106
3.609473510210561
3.5961867348888004
3.582647159523684
3.5688603965495953
3.5548320568058993
3.5405677484793876
3.5260730760274455
3.5113536390830418
3.49641503134235
3.4812628394356633
3.4659026417830487
3.4503400074352104
3.4345804949008443
3.418629650961291
3.4024930094735177
3.3861760901623366
3.369684397402892
3.353023418994118
3.3361986249245215
3.319215466130726
3.3020793732501543
3.284795755368157
3.2673699987612332
3.249807465636621
3.232113492869303
3.2142933907374114
3.196352441656902
3.1782958989160615
3.1601289854111427
3.141856892383621
3.1234847781600603
3.1050177668954424
3.0864609473209286
3.0678193714965665
3.0490980535701784
3.0303019685431947
3.011436051044005
2.992505194110234
2.9735142479801953
2.9544680188949193
2.9353712679115644
2.916228709728754
2.897045011525177
2.8778247918120425
2.8585726193005834
2.8392930117852972
2.8199904350441245
2.8006693017559834
2.7813339704373776
2.7619887443984172
2.7426378707193466
2.7232855392488227
2.703935881624484
2.684592970316988
2.665260817698586
2.6459433751369428
2.6266445321154634
2.60736811538073
2.588117888118195
2.5688975491573562
2.5497107322065893
2.530561005119336
2.5114518691920917
2.49238675849522
2.4733690392375456
2.454402009165366
2.435488896996937
2.4166328618929867
2.397836992964326
2.379104308817096
2.3604377571360975
2.341840214307709
2.3233144850820735
2.3048633022757103
