0.04172
0.1569440710652562
0.15412079985991967
0.15329321833281506
0.15280589426206206
0.15235549865156275
0.15189263705909453
0.15141437838488797
0.15092483114862143
0.1504281088839118
0.14992738755612459
0.14942500305493223
0.14892265888659176
0.1484215965808903
0.14792272038109602
0.14742668709143963
0.14693397118328455
0.1464449123799168
0.1459597506882175
0.14547865232198
0.14500172894629343
0.1445290519867135
0.14406066327261918
0.14359658294878838
0.1431368153482736
0.14268135334301316
0.14223018155871056
0.1417832787433016
0.1413406195058998
0.14090217558852408
0.14046791679200002
0.1400378116465445
0.13961182789451032
0.13918993283528577
0.1387720935694126
0.13835827716928623
0.13794845079653764
0.137542581780852
0.13714063767101922
0.13674258626605607
0.1363483956320975
0.13595803410918558
0.13557147031091954
0.13518867311908392
0.1348096116747987
0.13443425536726014
0.1340625738208297
0.13369453688103183
0.13333011459984137
0.1329692772204837
0.13261199516199076
0.13225823900359518
0.13190797946906285
0.13156118741102696
0.13121783379535737
0.13087788968558223
0.13054132622740297
0.1302081146332844
0.12987822616714917
0.12955163212917564
0.1292283038406911
0.12890821262918953
0.12859132981343266
0.1282776266887176
0.12796707451219996
0.12765964448838651
0.12735530775473763
0.12705403536741328
0.12675579828715636
0.12646056736532962
0.12616831333011932
0.1258790067729033
0.12559261813480857
0.1253091176934702
0.12502847554999538
0.12475066161616781
0.12447564560188823
0.12420339700288494
0.12393388508871048
0.12366707889104217
0.12340294719231223
0.12314145851468804
0.12288258110943076
0.12262628294665165
0.12237253170550415
0.12212129476482338
0.12187253919425074
0.12162623174587894
0.12138233884642015
0.12114082658996965
0.12090166073134612
0.12066480668007568
0.12043022949503687
0.12019789387978115
0.11996776417858795
0.11973980437325608
0.11951397808066662
0.1192902485511474
0.11906857866766268
0.11884893094584126
0.11863126753488022
0.11841555021932257
0.11820174042175251
0.11798979920638741
0.11777968728361841
0.11757136501546872
0.11736479242200414
0.11715992918868359
0.11695673467465743
0.1167551679219974
0.11655518766585972
0.11635675234557123
0.11615982011661358
0.11596434886350233
0.11577029621351227
0.1155776195512605
0.11538627603408683
0.11519622260820692
0.11500741602561368
0.11481981286167373
0.11463336953339202
0.1144480423182807
0.11426378737380379
0.11408056075734825
0.11389831844665144
0.11371701636066447
0.11353661038076564
0.11335705637229614
0.11317831020635692
0.11300032778179044
0.11282306504733824
0.11264647802387058
0.11247052282667208
0.1122951556877167
0.11212033297787631
0.11194601122901617
0.11177214715596927
0.11159869767824673
0.11142561994158373
0.11125287133912097
0.11108040953234254
0.11090819247161167
0.11073617841634036
0.11056432595474769
0.11039259402318241
0.11022094192498812
0.11004932934888756
0.10987771638689532
0.10970606355170881
0.10953433179360936
0.10936248251683973
0.10919047759546946
0.10901827938874857
0.1088458507559492
0.10867315507070446
0.10850001243348369
0.1083268069644552
0.1081531042093808
0.10797898680165492
0.10780442603767415
0.10762938962093714
0.10745384513056676
0.10727776059830871
0.10710110462907294
0.106923846441553
0.10674595588918201
0.10656740347427539
0.10638816035930676
0.10620819837681922
0.10602749003865533
0.10584600854477348
0.10566372779182226
0.10548062238154363
0.10529666762902733
0.10511183957089588
0.10492611497338991
0.10473947134042512
0.10455188692161443
0.10436334072027152
0.10417381250143753
0.10398328279991403
0.10379173292834813
0.1035991449853581
0.10340550186371975
0.1032107872586324
0.10301498567605398
0.1028180824411343
0.1026200637067191
0.10242091646197275
0.10222062854107648
0.10201918863203002
0.10181658628554495
0.1016128119240265
0.1014078568506374
0.10120171325844107
0.10099437423960513
0.10078583379466792
0.10057608684184316
0.10036512922635203
