15.085
3.0364085143006934
3.076358779451834
3.1190387837428735
3.1630804946401168
3.208094197705282
3.253944118958024
3.300568931522999
3.3479354380872035
3.3960240783710547
3.4448230885189894
3.4943255686622927
3.544527793016828
3.595428158917805
3.647026502775353
3.6993236403457863
3.7523210497682555
3.8060206482750623
3.860424631955065
3.915535358902909
3.971355262784754
4.027886788059864
4.085132340815648
4.143094250970159
4.201774742815532
4.261175911720554
4.32129970540621
4.3821479086367034
4.443722130477091
4.506023793497762
4.569054124471208
4.632814146231517
4.697304670458491
4.762526291215145
4.8284793791189555
4.895164076063452
4.962580290434602
5.030727692786572
5.099605711956053
5.169213531605914
5.239550087195329
5.310614063381061
5.382403891857073
5.454917749642831
5.528153557833077
5.60210898082257
5.676781426019337
5.752168044061802
5.828265729553195
5.905071122327756
5.982580609261552
6.060790326641215
6.139696163101033
6.219293763140034
6.299578531227627
6.380545636505376
6.462190018092049
6.54450639099577
6.627489252636463
6.711132889979714
6.795431387280802
6.880378634435837
6.96596833593487
7.05219402040966
7.13904905076486
7.2265266348821635
7.314619836880868
7.403321588918137
7.492624703508794
7.582521886341459
7.673005749566336
7.764068825525544
7.855703580896172
7.947902431211939
8.04065775572772
8.133961912588088
8.22780725425926
8.32218614318039
8.417090967589134
8.512514157472818
8.608448200596657
8.704885658555956
8.80181918280023
8.899241530573944
8.997145580718282
9.09552434927739
9.194371004851167
9.293678883637254
9.393441504104047
9.49365258123698
9.594306040300769
9.695396030061145
9.79691693541097
9.898863389345838
10.00123028423847
10.104012782360263
10.207206325603334
10.310806644357351
10.414809765499626
10.519212019458935
10.624010046318755
10.729200800927503
10.834781556988855
10.940749910108517
11.04710377977903
11.153841410287315
11.260961370536183
11.368462552774094
11.476344170233546
11.58460575368168
11.693247146893713
11.802268501062438
11.911670268162782
12.021453193295255
12.131618306035495
12.242166910822196
12.353100576420081
12.46442112449696
12.57613061735915
12.688231344892198
12.800725810755958
12.913616717887928
13.026906953368332
13.140599572705499
13.254697783598989
13.369204929241391
13.484124471219186
13.599459972075065
13.715215077593378
13.831393498869994
13.947998994229419
14.065035351049263
14.182506367551596
14.300415834620429
14.418767517701937
14.537565138842377
14.656812358917373
14.776512760102364
14.896669828633742
15.01728693790526
15.138367331943746
15.259914109303159
15.381930207414872
15.504418387427876
15.627381219569981
15.750821069057775
15.874740082580374
15.999140175378301
16.124023018936192
16.249390029305165
16.375242356067062
16.501580871950484
16.628406163106312
16.755718520045836
16.883517929244388
17.011887453305302
17.14057627860191
17.269833219662477
17.39957437020773
17.529797705675577
17.66050124534443
17.79168266493245
17.923339293434
18.055468110217657
18.188065742514418
18.32112846364755
18.454652191922385
18.58863249009562
18.723064565375193
18.857943269915577
18.993263101783192
19.129018206369363
19.2652023782295
19.401809063327885
19.538831361669576
19.67626203029767
19.814093486638676
19.95231781217618
20.090926756434214
20.229911741252938
20.369263865339377
20.508973909074648
20.64903233956424
20.789429315913086
20.930154694712026
21.07119803572094
21.21254860773557
21.35419539462372
21.49612710152134
21.63833216117452
21.780798740418984
21.9235147467861
22.066467835226863
22.20964541494562
22.353034656335225
22.49662249800834
22.640395653916727
22.784340620555117
22.928443684242872
