88.05335951335185
88.05335951335185
88.05335951335194
88.05335951335204
88.05335951335209
88.05335951335215
88.0533595133522
88.05335951335225
88.05335951335229
88.05335951335232
88.05335951335236
88.05335951335239
88.0533595133524
88.05335951335243
88.05335951335242
88.05335951335245
88.05335951335248
88.05335951335248
88.05335951335248
88.05335951335248
88.05335951335248
88.05335951335248
88.05335951335248
88.05335951335246
88.05335951335245
88.05335951335245
88.05335951335246
88.05335951335245
88.05335951335246
88.05335951335243
88.05335951335242
88.0533595133524
88.05335951335239
88.05335951335242
88.0533595133524
88.05335951335238
88.05335951335236
88.05335951335232
88.05335951335232
88.0533595133523
88.05335951335229
88.05335951335226
88.05335951335223
88.0533595133522
88.05335951335218
88.05335951335213
88.05335951335212
88.0533595133521
88.05335951335209
88.05335951335208
88.05335951335205
88.05335951335202
88.053359513352
88.053359513352
88.05335951335196
88.05335951335192
88.05335951335191
88.0533595133519
88.05335951335188
88.05335951335185
88.05335951335184
88.05335951335178
88.05335951335175
88.05335951335175
88.05335951335172
88.0533595133517
88.05335951335167
88.05335951335165
88.05335951335162
88.05335951335161
88.05335951335158
88.05335951335154
88.0533595133515
88.05335951335148
88.05335951335147
88.05335951335144
88.05335951335141
88.05335951335137
88.05335951335134
88.05335951335131
88.0533595133513
88.05335951335128
88.05335951335127
88.05335951335124
88.05335951335123
88.05335951335123
88.05335951335123
88.05335951335121
88.0533595133512
88.05335951335115
88.05335951335114
88.05335951335113
88.05335951335114
88.05335951335114
88.05335951335114
88.05335951335114
88.05335951335114
88.05335951335115
88.05335951335114
88.05335951335114
88.05335951335114
88.05335951335115
88.05335951335115
88.05335951335115
88.05335951335115
88.05335951335115
88.05335951335115
88.05335951335115
88.05335951335115
88.05335951335114
88.05335951335115
88.05335951335115
88.05335951335114
88.05335951335114
88.05335951335114
88.05335951335115
88.05335951335114
88.05335951335114
88.05335951335114
88.05335951335114
88.05335951335114
88.05335951335114
88.05335951335114
88.05335951335114
88.05335951335115
88.05335951335115
88.05335951335114
88.05335951335114
88.05335951335114
88.05335951335114
88.05335951335114
88.05335951335114
88.05335951335113
88.05335951335114
88.05335951335114
88.05335951335114
88.05335951335113
88.05335951335113
88.05335951335114
88.05335951335114
88.05335951335114
88.05335951335114
88.05335951335114
88.05335951335113
88.05335951335113
88.05335951335113
88.05335951335114
88.05335951335114
88.05335951335114
88.05335951335115
88.05335951335113
88.05335951335114
88.05335951335114
88.05335951335114
88.05335951335114
88.05335951335115
88.05335951335115
88.05335951335115
88.05335951335113
88.05335951335113
88.05335951335113
88.05335951335113
88.05335951335113
88.05335951335113
88.05335951335113
88.05335951335114
88.05335951335114
88.05335951335114
88.05335951335114
88.05335951335114
88.05335951335114
88.05335951335113
88.05335951335113
88.05335951335113
88.05335951335114
88.05335951335114
88.05335951335114
88.05335951335115
88.05335951335113
88.05335951335113
88.05335951335113
88.05335951335113
88.05335951335113
88.05335951335114
88.05335951335114
88.05335951335114
88.05335951335115
88.05335951335114
88.05335951335114
88.05335951335114
88.05335951335113
88.05335951335114
88.05335951335114
88.05335951335114
88.05335951335113
88.05335951335113
88.05335951335114
88.05335951335115
88.05335951335115
