0.040494195
0.04979673051222806
0.058796303547629526
0.06744536849675029
0.07576269573426228
0.08376545758813778
0.09146868269053321
0.09888557589424327
0.10602792700848618
0.112906453249257
0.11953104951807879
0.12591096074272987
0.13205489788148442
0.13797111613618632
0.14366746880365225
0.1491514457220379
0.15443020200729152
0.15951058059346246
0.16439913070273485
0.16910212351525547
0.17362556579135388
0.17797521188887389
0.18215657443247343
0.18617493377819797
0.19003534634413058
0.19374265182761638
0.1973014792901554
0.20071625205549146
0.20399119133005447
0.20713031841438953
0.21013745532672184
0.2130162236030177
0.21577004096969662
0.21840211550434654
0.22091543680668616
0.22331276360263239
0.22559660088006944
0.22776920348658816
0.22983251076328917
0.23178813877465818
0.23363733492794445
0.23538093519160877
0.23701932280987334
0.2385523997653344
0.23997959247520576
0.24129992868149208
0.24251224143346112
0.24361556852142804
0.2446097965164175
0.24549650942618634
0.2462798280878976
0.2469668524985175
0.24756734537721992
0.24809263896794212
0.24855419271698298
0.24896235373610492
0.24932570228319212
0.2496509048203395
0.24994292551418903
0.2502053701455508
0.25044083357848307
0.25065119166091904
0.2508378238280409
0.25100177347006736
0.25114385946236273
0.2512647520039833
0.2513650234193081
0.25144518183432935
0.25150569332172307
0.251546916130653
0.25156938573282495
0.2515734803527407
0.2515596921348999
0.2515282906868291
0.25147967713076214
0.2514142434841645
0.25133237545026044
0.2512344540446493
0.2511208564181241
0.2509919562372163
0.25084812382400196
0.2506897261676143
0.25051712687033484
0.2503306860634313
0.25013076031226067
0.24991770252135975
0.24969186184517939
0.24945358360727482
0.24920320922910527
0.2489410761686904
0.24866751786878277
0.24838286371410742
0.2480874389968447
0.24778156488967873
0.2474655584256386
0.24713973248400678
0.24680439578160115
0.24645985286879282
0.2461064041296665
0.2457443457857975
0.24537396990314325
0.24499556440163056
0.24460941306703538
0.24421579556481857
0.24381498745561103
0.24340726021207143
0.24299288123689586
0.2425721138817679
0.2421452174670776
0.24171244730226024
0.24127405470662833
0.24083028703059184
0.2403813876771824
0.23992759612380318
0.2394691479441525
0.2390062748302795
0.23853920461472636
0.23806816129274466
0.23759336504455975
0.23711503225767594
0.23663337554921562
0.23614860378828995
0.23566092211840658
0.2351705319799137
0.2346776311324927
0.23418241367770012
0.23368507008157643
0.23318578719732103
0.232684748288052
0.2321821330496482
0.231678117633693
0.23117287467051803
0.2306665732923589
0.2301593791566242
0.22965145446928895
0.22914295800840148
0.22863404514772542
0.22812486788050176
0.227615574843339
0.22710631134023118
0.22659721936669594
0.22608843763403758
0.22558010159373146
0.22507234346191876
0.2245652922440234
0.22405907375946532
0.2235538106664948
0.2230496224871133
0.2225466256321042
0.22204493342614917
0.22154465613304503
0.2210459009810064
0.220548772188052
0.2200533709874823
0.21955979565344746
0.21906814152659443
0.21857850103980486
0.2180909637440287
0.21760561633420433
0.217122542675285
0.21664182382836433
0.2161635380769129
0.21568776095313694
0.2152145652644588
0.21474402112014096
0.21427619595804898
0.21381115457158206
0.2133489591367682
0.21288966923955135
0.21243334190327437
0.21198003161637421
0.21152979036031527
0.21108266763776035
0.21063871050101157
0.21019796358073312
0.20976046911496118
0.20932626697844844
0.2088953947123202
0.20846788755410195
0.20804377846810312
0.20762309817619362
0.2072058751889756
0.2067921358373895
0.20638190430473682
0.2059752026591731
0.20557205088664657
0.20517246692433355
0.2047764666945478
0.20438406413916352
0.2039952712545433
0.2036100981164316
0.2032285529663416
0.2028506421510565
0.2024763702538512
0.20210574008581947
0.20173875273319494
0.20137540759599054
0.20101570242717615
0.20065963337236595
0.20030719501004038
