1400.1591826111276
3150.145903086456
3160.014732773214
3169.936261771653
3179.859423472271
3189.777728786072
3199.6867842671745
3209.5831765857247
3219.4642577977165
3229.327987684064
3239.172808236427
3248.997543637278
3258.8013206344385
3268.5835052080615
3278.3436522343145
3288.0814655023396
3297.7967659713418
3307.489466577387
3317.1595522432417
3326.8070640178175
3336.4320864915744
3346.0347378092997
3355.6151617415253
3365.1735213878173
3374.709994173328
3384.224767870156
3393.7180374319614
3403.1900024737793
3412.6408652646755
3422.070829127771
3431.4800971655604
3440.8688712448743
3450.2373511888836
3459.585734136508
3468.9142140358085
3478.222981245543
3487.5122222256923
3496.7821192988936
3506.0328504713975
3515.264589302004
3524.477504811261
3533.6717614243066
3542.8475189405394
3552.004932528259
3561.1441527369493
3570.2653255279847
3579.3685923184007
3588.4540900366887
3597.521951189047
3606.5723039333284
3615.6052721615815
3624.6209755868513
3633.6195298368457
3642.6010465500003
3651.5656334761306
3660.513394578872
3669.4444301409026
3678.358836869786
3687.2567080052927
3696.1381334269613
3705.0031997620595
3713.851990492799
3722.684586063328
3731.501063985972
3740.3014989454023
3749.08596290334
3757.8545251990604
3766.607252650614
3775.344209652441
3784.065458274094
3792.7710583491066
3801.4610675716417
3810.1355415862536
3818.7945340712854
3827.438096827726
3836.066279858161
3844.679131449481
3853.276698248361
3861.8590253369443
3870.426156304966
3878.9781333200044
3887.51499719417
3896.0367874487742
3904.5435423784484
3913.0352991093027
3921.512093657576
3929.9739609852686
3938.4209350526553
3946.8530488695355
3955.2703345444875
3963.6728233306094
3972.060545671041
3979.877997729134
3987.644567450243
3995.3462942524293
4003.0129717880277
4010.6383551133445
4018.235578314304
4025.8102830124812
4033.366664521306
4040.907838237283
4048.4361131019473
4055.9531957849135
4063.4603431837254
4070.9584763459975
4078.4482655861257
4085.9301940858086
4093.4046054215105
4100.871739081377
4108.331757008121
4115.784763434251
4123.230819705072
4130.669955354364
4138.102176381347
4145.527471432754
4152.945816421722
4160.357177976943
4167.761516017796
4175.158785676252
4182.548938730402
4189.931924673727
4197.307691510107
4204.676186346858
4212.037355833914
4219.3911464904
4226.737504945095
4234.07637811447
4241.407713331943
4248.731458443333
4256.0475618743
4263.355972679212
4270.656640574902
4277.949515962837
4285.234549944346
4292.51169432907
4299.780901638485
4307.042125107214
4314.295318681037
4321.540437013124
4328.777435459434
4336.006270072858
4343.226897596404
4350.4392754566425
4357.6433617559205
4364.839115265034
4372.026495415438
4379.205462291953
4386.375976623894
4393.537999778466
4400.691493752191
4407.836421163324
4414.972745244885
4422.100429835751
4429.219439374714
4436.329738891479
4443.4312940006885
4450.524070893759
4457.608036331957
4464.683157639708
4471.749402696916
4478.80673993252
4485.855138317508
4492.894567358526
4499.924997090257
4506.946398070173
4513.9587413711415
4520.96199857535
4527.956141767872
4534.941143530341
4541.916976935203
4548.883615539095
4555.841033377388
4562.789204957634
4569.728105254178
4576.657709702395
4583.577994192473
4590.488935064577
4597.39050910217
4604.282693527918
4611.165465996694
4618.038804591811
4624.902687818379
4631.757094598947
4638.60200426777
4645.437396566053
4652.26325163673
4659.0795500197955
4665.886272646758
4672.683400836517
4679.470916290223
4686.248801085889
4693.017037675429
4699.775608878057
4706.524497876743
4713.263688214417
4719.993163787344
4726.712908842787
4733.422907974194
4740.123146115854
