85.476105
86.2541519618191
85.32053283742877
84.45563794402099
83.62391398185866
82.81585356842801
82.02640786255361
81.25269260295994
80.49311025876698
79.74683759216005
79.01350885980435
78.29301728627657
77.5853899843524
76.89070921744286
76.20906331584703
75.54051682904097
74.88509331923167
74.24276655403634
73.6134573172399
72.99703397481277
72.39331551913403
71.80207619558851
71.2230510700415
70.6559420703911
70.10042415973041
69.55615139036348
69.02276265813633
68.49988703190726
67.98714857748973
67.48417063153688
66.99057950974168
66.50600765640812
66.03009625945812
65.56249736685541
65.1028755479076
64.65090914669132
64.2062911756044
63.76872989575388
63.337949127953465
62.91368833450896
62.495702507881276
62.08376189835685
61.67765160907708
61.27717108340738
60.88213350670852
60.49236514197942
60.10770461666529
59.72800217597903
59.35311891638372
58.98292601128637
58.61730393953967
58.256141725978864
57.89933620183839
57.546791291652006
57.19841733202949
56.85413042647689
56.51385183945826
56.177507431770316
55.845027138534896
55.516344490187016
55.19139617623911
54.87012165094871
54.55246277953268
54.238363523202125
53.927769660950254
53.62062854581435
53.316888893198744
53.01650059873332
52.71941458312834
52.42558266150332
52.13495743471967
51.847492200342934
51.563140880946236
51.28185796765183
51.00359847687156
50.728317918430236
50.45597227336511
50.18651797985372
49.919911925887526
49.65611144745318
49.395074331088765
49.13675881986841
48.88112362194919
48.628127920950156
48.37773138752571
48.12989419160389
47.884577014839
47.641741062903634
47.40134807732162
47.16336034660056
46.92774071647574
46.69445259912728
46.46345998126499
46.234727431026954
46.00822010363485
45.78390374582075
45.56174469900893
45.34170990128965
45.12376688822482
44.90788379252147
44.69402934263848
44.48217286038637
44.272284257581916
44.06433403182344
43.858293261464006
43.654133599837735
43.45182726881988
43.25134705177465
43.05266628596233
42.85575885446508
42.6605991776876
42.467162204490585
42.2754234030117
42.085358751214365
41.89694472722298
41.710158299477634
41.52497691675366
41.341378498080346
41.15934142259621
40.97884451936784
40.79986705720192
40.622388734480644
40.44638966904219
40.271850388119134
40.09875181838145
39.927075276054616
39.756802457181834
39.58791542800548
39.42039661549688
39.25422879804217
39.08939509629452
38.925878964196414
38.76366418018416
38.60273483858271
38.443075341184525
38.2846703890279
38.12750497437272
37.97156437287484
37.81683413596375
37.66330008342209
37.51094829616762
37.359765109238154
37.209737104975275
37.060851106410794
36.91309417084984
36.76645358364974
36.62091685218968
36.476471700033336
36.33310606127982
36.19080807509223
36.04956608040981
35.90936861083767
35.77020438970355
35.63206232528542
35.49493150620179
35.358801196958254
35.223660833650214
35.08950001981682
34.95630852243529
34.82407626805859
34.6927933390889
34.562449970178996
34.433036544762885
34.3045435917041
34.176961782062264
34.05028192597572
33.92449496964484
33.79959199242218
33.67556420399956
33.55240294169121
33.430099667805266
33.30864596710316
33.18803354433466
33.06825422185847
32.949299937333436
32.83116274147673
32.71383479589468
32.59730837097138
32.48157584381748
32.36662969627853
32.252462512993006
32.13906697950399
32.02643588041414
31.914562097586277
31.803438608392103
31.693058483989834
31.58341488764689
31.474501073095126
31.366310382918492
31.258836246973754
31.152072180837738
31.046011784284715
30.9406487397869
30.835976811043192
30.73198984152989
30.628681753067482
30.526046544421224
30.42407828991094
30.322771138043752
