0.31332
0.515134089699814
0.551942761353114
0.5895889574408938
0.6279141892900743
0.6667190523013521
0.7057681630634868
0.7447971952295949
0.7835215329715289
0.8216472326084059
0.8588850835380006
0.8949682261246127
0.9296729389019042
0.9628408536143659
0.9943992612870771
1.0243749236546054
1.0528967074589106
1.0801840514342067
1.1065216741982815
1.132224929052779
1.1576030619048838
1.1829279555142889
1.2084136578982316
1.2342083289513366
1.2603968883197847
1.2870107476011756
1.3140407323118861
1.341450115551353
1.369185892074051
1.397187508108322
1.4253930083843311
1.4537429607491714
1.4821826612797808
1.5106631141096183
1.539141201809937
1.5675793646981107
1.595945016669261
1.6242098510434553
1.6523491340026337
1.6803410432418586
1.708166082135654
1.735806581776283
1.7632462919820997
1.790470055733884
1.8174635579650635
1.8442131381346387
1.8707056558029644
1.8969283946488775
1.9228690226989091
1.948515530836953
1.9738562396347927
1.998879793328006
2.0235751680440206
2.0479316852724776
2.071939027918801
2.0955872569822387
2.1188668274725306
2.14176860263728
2.1642838659297516
2.186404330419108
2.208122145546488
2.229429901274111
2.2503206297723377
2.2707878048516075
2.2908253393808544
2.3104275809483856
2.329589306021105
2.3483057128476936
2.366572413334662
2.3843854241034843
2.401741156914659
2.41863640862142
2.435068350793622
2.4510345191310656
2.4665328027661264
2.4815614335378657
2.4961189753042476
2.5102043133452483
2.5238166438978964
2.5369554638541305
2.549620560643836
2.5618120023183137
2.5735301278437106
2.584775537609088
2.59554908415025
2.605851863087421
2.6156852042727405
2.6250506631419492
2.6339500122635235
2.6423852330778232
2.650358507818548
2.6578722116085833
2.6649289047225513
2.6715313250086266
2.6776823804625933
2.6833851419476664
2.6886428360540204
2.6934588380927953
2.697836665219714
2.701779969684235
2.7052925322006756
2.7083782554383538
2.711041157628312
2.713285366284766
2.7151151120397716
2.7165347225902234
2.717548616756462
2.718161298652306
2.718377351966524
2.7182014343560454
2.717638271951414
2.7166926539751834
2.7153694274741267
2.713673492166108
2.7116097953915217
2.7091833272491423
2.706399115682394
2.703262221899846
2.699777735766128
2.6959507713647195
2.6917864626766055
2.6872899593813404
2.6824664227812276
2.6773210218491768
2.671858929400693
2.6660853183902464
2.6600053583322487
2.6536242118465245
2.646947031328245
2.6399789557419364
2.6327251075391356
2.6251905896990633
2.6173804828916367
2.60929984276177
2.6009536973340164
2.632177872005445
2.6504405730475593
2.6726211125717505
2.696752896913165
2.7218705902181166
2.7474968917956346
2.773388836693854
2.7994157271787636
2.8255011009838737
2.8515949868815245
2.877660584584818
2.903667790120099
2.9295899982814584
2.955402489839064
2.9810815948744964
3.006604242090676
3.0319477036817775
3.0570894416221814
3.0820070081622752
3.1066779764768104
3.131079888977894
3.155190216673887
3.1789863259611963
3.2024454507908873
3.225544669004635
3.248260882033597
3.270570797421671
3.2924509137510567
3.3138775075849627
3.334826622107758
3.355274057098935
3.375195359882499
3.394565816839367
3.4133604450091366
3.4315539832248767
3.449120882109317
3.466035292100549
3.4822710485429353
3.497801652376977
3.512600245083721
3.5266395558028063
3.5398927426760403
3.5523291646603243
3.563922532794956
3.5746425894794545
3.5844590992075376
3.5933408398374787
3.601255362289261
3.608168670783231
3.614044792909191
3.618845197785699
3.622528002381629
3.6250468787399295
3.6263495330800235
3.626375562858982
3.625053395183063
3.622295844264389
3.6179935526418494
3.6120051210335116
3.604141938366746
3.5941443196789606
3.581643007117191
3.566095312531764
3.5466759630588824
