70.03397912473912
70.11650969992544
70.19935562514522
70.28249938508155
70.36592418704468
70.4496141576675
70.53355432032197
70.61773056743002
70.70212962904989
70.78673903886532
70.8715470984914
70.95654284083558
71.04171599310682
71.12705693994648
71.21255668705366
71.29820682559547
71.38399860615084
71.46992557684028
71.55598088275283
71.64215812354014
71.7284513240688
71.81485490650542
71.90136366383496
71.98797273479634
72.07467758020712
72.1614739606384
72.248357915395
72.3353257422077
72.42237398030089
72.50949939133096
72.5966989436001
72.68396979675033
72.77130928742987
72.85871491587591
72.94618433336022
73.03371533044498
73.12130582599886
73.20895385692566
73.29665756855974
73.38441520568529
73.47222510413877
73.5600856829558
73.64799543702662
73.73595293022625
73.82395678898745
73.9120056962869
74.00009838601679
74.08823363771592
74.17641027163619
74.2646271441219
74.35288314328106
74.44117718492893
74.52950820878588
74.61787517491247
74.70627706036623
74.79471285606529
74.88318156384535
74.97168219369748
75.06021376117452
75.14877528495578
75.23736578455899
75.32598427819075
75.41462978072603
75.50330130180883
75.59199784406603
75.68071378687597
75.76945272580413
75.85821363292413
75.94699546713737
76.03579717285514
76.12461767875712
76.21345589662141
76.30231072022204
76.39118102428883
76.48006566352656
76.56896347168895
76.65787326070449
76.74679381985045
76.83572391497209
76.9246622877443
77.01360765497267
77.10255870793169
77.19151411173729
77.28047250475188
77.36943249801945
77.45839267472853
77.54735158970175
77.63630776890936
77.72525970900573
77.81420587688676
77.90314470926687
77.99207461227425
78.08099396106279
78.16990109943958
78.25879433950686
78.34767196131702
78.4365322125399
78.52537330814133
78.61419343007158
78.70299072696368
78.79176331383974
78.88050927182536
78.96922664787097
79.05791345447936
79.14656766943904
79.23518723556266
79.32377006042981
79.41231401613385
79.50081693903226
79.58927662949985
79.67769085168466
79.766057333266
79.85437376521419
79.94263780155171
80.03084705911559
80.11899911732041
80.207091517922
80.29512176478111
80.38308732362741
80.47098562182303
80.55881404812574
80.64656995245156
80.73425064563662
80.82185911694096
80.9093868640952
80.9968310991298
81.08418895337334
81.17145754829853
81.25863395152265
81.34571519252397
81.43269827085024
81.51958012901096
81.60635767491537
81.69302777287271
81.77958610540018
81.86602608326466
81.95234895910754
82.0385514280517
82.12463014221257
82.21058171035715
82.29640269763074
82.38208962528554
82.4676389704089
82.55304716565041
82.63831059894815
82.72342561325313
82.80838850625275
82.89319553009251
82.9778428910962
83.06232674948464
83.14664321909301
83.23078836708655
83.31475821367505
83.39854873182601
83.48215584697648
83.56557543674388
83.64880333063562
83.73183530975781
83.81466710652316
83.89729440435787
83.9797128374081
84.06191799024568
84.14390539757336
84.22567054392965
84.30720886339356
84.38851573928892
84.46958650388878
84.55041643811991
84.63100077126732
84.71133468067916
84.79141329147218
84.87123167623727
84.9507848547461
85.03006779365832
85.1090754062297
85.18780255202124
85.2662440366094
85.34439461129786
85.42225428567775
85.49980732205678
85.57705336758609
85.65398696323254
85.73060258916223
85.80689837480489
85.88286496258215
85.95849270269316
86.03377982330447
86.1087205126599
86.18330890241724
86.25753906732949
86.33140502491754
86.40490073514202
86.47802010043348
86.55075696429478
86.62310511210903
86.69505827045438
86.76661010681904
86.83775422897266
86.90848418578538
