1.499899534936815
1.483328982832263
1.4832820179813353
1.4838940281195396
1.4844399420798247
1.484900241317635
1.485284197800446
1.4856002785313576
1.4858558827207065
1.4860578577840398
1.486212728567379
1.486326746847342
1.4864058568061331
1.486455631820319
1.4864812119764959
1.4864872562413645
1.4864779142719367
1.4864568179538231
1.4864270903003365
1.4863913683347467
1.4863518363744619
1.4863102663573997
1.4862680622693514
1.4862263062143959
1.486185804155351
1.4861471298025102
1.4861106655360512
1.4860766396047917
1.486045159151681
1.4860162388775615
1.4859898253668682
1.4859658172654717
1.4859440816237381
1.485924466799147
1.485906812357231
1.485890956423563
1.4858767409265623
1.4858640151422924
1.4858526379078636
1.4858424788224938
1.4858334187028688
1.4858253495108038
1.4858181739252874
1.4858118046908542
1.4858061638414628
1.4858011818705275
1.485796796896617
1.4857929538572525
1.4857896037511895
1.4857867029401168
1.48578421251433
1.4857820977236007
1.4857803274704406
1.4857788738619744
1.4857777118165112
1.4857768187183864
1.4857761741176798
1.4857757594681256
1.4857755579003669
1.4857755540248687
1.4857757337615107
1.4857760841922996
1.4857765934336415
1.4857772505260514
1.4857780453386544
1.4857789684861094
1.485780011256606
1.4857811655490394
1.4857824238180246
1.4857837790256463
1.4857852245987906
1.4857867543916548
1.4857883626517323
1.4857900439900285
1.4857917933537175
1.4857936060015324
1.4857954774815105
1.485797403610454
1.4857993804549166
1.4858014043141952
1.485803471704066
1.4858055793419858
1.485807724133243
1.4858099031581788
1.485812113660194
1.4858143530345747
1.485816618818213
1.4858189086799185
1.4858212204114611
1.485823551919248
1.4858259012165482
1.48582826641644
1.485830645724946
1.4858330374352475
1.4858354399216598
1.4858378516346347
1.4858402710959504
1.4858426968941265
1.485845127680539
1.4858475621656513
1.4858499991155514
1.485852437348815
1.485854875733782
1.4858573131857065
1.4858597486646006
1.4858621811728179
1.4858646097531722
1.4858670334870838
1.4858694514928241
1.4858718629239822
1.485874266968135
1.4858766628452709
1.4858790498069057
1.4858814271346585
1.4858837941394067
1.4858861501601797
1.4858884945633202
1.4858908267416213
1.4858931461134186
1.4858954521220618
1.485897744235012
1.485900021943211
1.4859022847604795
1.4859045322229318
1.4859067638882661
1.4859089793354132
1.485911178163794
1.4859133599930001
1.4859155244621947
1.4859176712296513
1.4859197999723495
1.4859219103855827
1.4859240021824232
1.4859260750933552
1.4859281288660537
1.4859301632647484
1.4859321780701122
1.485934173078773
1.4859361481030526
1.4859381029706253
1.4859400375242398
1.4859419516213779
1.485943845134127
1.4859457179486797
1.4859475699653315
1.4859494010980117
1.4859512112743638
1.4859530004351482
1.4859547685343248
1.4859565155388006
1.4859582414281898
1.4859599461946185
1.4859616298427272
1.48596329238931
1.4859649338633196
1.4859665543057103
1.4859681537692884
1.4859697323185461
1.4859712900297215
1.485972826990531
1.4859743433000991
1.4859758390690323
1.4859773144190904
1.4859787694833941
1.4859802044061492
1.4859816193425834
1.4859830144590738
1.4859843899329026
1.4859857459523487
1.485987082716513
1.4859884004353885
1.4859896993296877
1.485990979631051
1.485992241581671
1.485993485434484
1.4859947114531162
1.485995919911688
1.4859971110949575
1.485998285298205
1.4859994428271213
1.4860005839978716
1.4860017091369058
1.4860028185810545
1.486003912677394
1.4860049917830302
1.4860060562653497
1.4860071065016318
1.4860081428791259
1.4860091657949115
1.4860101756557575
1.4860111728780843
1.486012157887764
1.486013131120081
1.4860140930194714
1.4860150440394444
1.4860159846425525
1.486016915299874
1.4860178364911871
1.4860187487045917
