2.0928121225200003
2.1005300294045757
2.1027041209759645
2.1059125050925664
2.109638510212637
2.113610293028288
2.117684312662091
2.121784891464349
2.1258722288953376
2.1299254613111844
2.1339336861315097
2.137891203525352
2.1417949917671915
2.1456433653729365
2.1494352590968693
2.1531698424921157
2.1568463083180136
2.1604637514747176
2.164021093997627
2.167517032176341
2.1709499926699025
2.174318090122781
2.1776190816492504
2.180850314921568
2.1840086671292545
2.1870904721249165
2.1900914328002097
2.193006515230078
2.195829820410283
2.1985544285004828
2.2011722093738095
2.2036735919783905
2.2060472835980134
2.208279928712377
2.2103556961567365
2.212255783345366
2.2139578195390404
2.2154352299461766
2.2166564038038334
2.2175839708013907
2.218174100161996
2.2183761556574577
2.2181331472544845
2.2173837771553684
2.21606736171184
2.2141334425045134
2.2115580833051283
2.208367705111927
2.2046672563401946
2.2006616767637626
2.1966515381152756
2.1929863405048677
2.1899820391215017
2.1878407278961736
2.1866160216790873
2.186235770566661
2.186556064839444
2.1874140471647356
2.188661298874411
2.1901777948479517
2.191873315870557
2.1936831212809813
2.195562114215535
2.1974794716906834
2.1994143756770494
2.2013528653451564
2.203285614712724
2.2052064035465953
2.2071110822741296
2.2089978197493783
2.2108631692928595
2.212706551181496
2.214525982667529
2.216322601998656
2.218095521857617
2.2198444314457784
2.221569125297451
2.2232694676949247
2.224945370396468
2.226596778384142
2.228223660629879
2.2298260040295803
2.231403809354515
2.2329570884979613
2.2344858625604167
2.2359901604827446
2.2374700180408813
2.2389254770816422
2.240356584921922
2.2417633938600696
2.243145960766114
2.2445043467308916
2.2458386167526383
2.2471488394612367
2.2484350868655567
2.249697434122636
2.250935959324908
2.252150743303278
2.2533418694443412
2.254509423520628
2.255653493532786
2.256774169562968
2.257871543638877
2.2589457096077945
2.2599967630202085
2.261024801022507
2.2620299222584688
2.2630122267790402
2.2639718159601006
2.264908792427929
2.265823259991926
2.2667153235843713
2.267585089206897
2.2684326638833547
2.269258155618818
2.2700616733644026
2.2708433269876616
2.2716032272483244
2.2723414857790702
2.2730582150710417
2.2737535284640313
2.274427540140868
2.2750803651259717
2.275712119287758
2.27632291934464
2.27691288287451
2.2774821283274407
2.278030775041402
2.278558943260812
2.279066754157682
2.279554329855348
2.2800217934543094
2.280469269060321
2.280896881814361
2.28130475792434
2.2816930246985416
2.282061810580399
2.282411245184696
2.282741459334924
2.2830525851016317
2.2833447558417173
2.2836181062385035
2.2838727723424403
2.2841088916123558
2.2843266029570626
2.2845260467773048
2.2847073650078715
2.2848707011597504
2.285016200362213
2.285144009404887
2.2852542767793493
2.285347152720647
2.285422789248084
2.2854813402056626
2.285522961301794
2.2855478101483753
2.285556046298834
2.2855478312855024
2.2855233286558763
2.285482704007867
2.2854261250236094
2.285353761502577
2.2852657853927165
2.285162370820787
2.2850436941207963
2.2849099338610377
2.2847612708695806
2.284597888257932
2.284419971443154
2.284227708167881
2.2840212885186917
2.2838009049426016
2.2835667522612026
2.283319027683304
2.2830579308149703
2.2827836636679915
2.282496430665498
2.2821964386463227
2.281883896866063
2.2815590169969253
2.2812220131246925
2.28087310174342
2.280512501748457
2.2801404344263636
2.2797571234432685
2.279362794830477
2.2789576769684325
2.278542000567681
2.278115998648431
2.277679906517593
2.2772339407284976
2.2767784041315946
2.276313475691932
2.2758394206060473
2.2753564852005077
2.274864917910882
2.2743649692450534
2.2738568917460547
2.2733409399531714
2.2728173703620427
