368169.668748
368604.37467347697
369465.1947474339
370360.5913811265
371271.45781184384
372187.7683639008
373104.2607140132
374018.1901658965
374928.1435774639
375833.41202056623
376733.65881453454
377628.7439075201
378518.63107126905
379403.33897563716
380282.9155190784
381157.42448940984
382026.938768823
382891.5370223656
383751.3022552979
384606.32139316783
385456.6854481891
386302.4900556703
387143.83628444345
387980.831694137
388813.5916537972
389642.2409672969
390466.915876162
391287.76653737563
392104.9601039859
392918.6845733424
393729.1536139345
394536.6126389584
395341.34646478493
396143.6889750872
396944.03530244523
397742.8571238857
398540.72072947386
399338.3156183164
400136.4732043193
400936.2062531786
401738.740817659
402545.5458677804
403358.3451930766
404179.0852800636
405009.8118913513
405852.3792360682
406707.8893801592
407575.77187357994
408452.5402780998
409330.5877276214
410197.8431377534
411039.25692403154
411840.2724633716
412590.842446973
413287.7377686238
413934.08907373965
414536.95326940255
415104.69659294916
415645.15007419535
416164.7632752932
416668.4480325828
417159.7630033826
417641.20432826347
418114.48617122223
418580.7691953193
419040.831599625
419495.1913228575
419944.19079004624
420388.0546824539
420826.9588956498
421260.94636046514
421690.0912730243
422114.40032050986
422533.93990186986
422948.701743615
423358.6829246849
423763.87567310885
424164.26843641954
424559.846682798
424950.59345402295
425336.48974510346
425717.51476466615
426093.64611434645
426464.8599136652
426831.1308886674
427192.4324366738
427548.73667548876
427900.0144826755
428246.235528597
428587.3683056791
428923.38015533035
429254.2372944108
429579.9048398568
429900.3468345583
430215.5262727625
430525.4051259202
430829.9443689609
431129.10400701186
431422.84310260083
431711.11980335787
431993.891370196
432271.11420599767
432542.7438847916
432808.73518143734
433069.0421018331
433323.61791362846
433572.41517749784
433815.3857789714
434052.4809608518
434283.65135623876
434508.8470221947
434728.0174740913
434941.11172061827
435148.0782995787
435348.8653144019
435543.4204714648
435731.691118245
435913.6242823333
436089.1667113211
436258.26491361397
436420.8652001861
436576.9137273031
436726.35654023034
436869.13961796
437005.2089189593
437134.5104279724
437256.99020386813
437372.59442856384
437481.26945701335
437582.9618682742
437677.6185176512
437765.18658990134
437845.61365351686
437918.8477160443
437984.8372804521
438043.5314025114
438094.8797491751
438138.83265793073
438175.3411970826
438204.35722695384
438225.83346195053
438239.7235334516
438245.9820534893
438244.56467915024
438235.42817766947
438218.5304921353
438193.83080776216
438161.28961866326
438120.8687950433
438072.5316507575
438016.2430111458
437951.96928107337
437879.67851308256
437799.34047557955
437710.9267209844
437614.41065368813
437509.76759780553
437396.9748645633
437276.01181923517
437146.85994754423
437009.5029213893
436863.92666379944
436710.1194130255
436548.07178561186
436377.7768383716
436199.2301291199
436012.4297760631
435817.3765157161
435614.07375921
435402.52764691174
435182.7471011696
434954.743877119
434718.53261139145
434474.1308686009
434221.559185525
433960.8411127841
433692.0032539988
433415.0753021789
433130.0900733873
432837.08353739034
432536.0948453135
432227.16635414056
431910.34364794026
431585.675555747
431253.2141659818
430913.0148373033
430565.13620584004
430209.640188682
429846.59198357374
429476.06006471656
429098.11141342163
428712.83531754406
428320.29572038254
427920.5788480383
427513.7693539445
427099.9550582419
426679.2269148236
426251.67897428316
425817.40834262536
425376.5151357762
