1.014696
2.7764015706243836
2.699717722664743
2.622887433544454
2.547113229562273
2.47361703115285
2.403266383919192
2.3366124119989786
2.273993437129037
2.2156223972459315
2.161641221527263
2.1121463164066445
2.06719436379888
2.026797235606914
1.9909129605872968
1.959437644363956
1.9322013692862747
1.9089694642135626
1.8894491930855333
1.8733009307057678
1.8601523134366766
1.8496136563354608
1.841293046128444
1.8348099405796627
1.8298058632261138
1.8259532186741376
1.8229602664184916
1.8205738963449183
1.818580009665256
1.8168024436764623
1.815099945052475
1.813364379065298
1.8115110735325994
1.8094835355846823
1.807243562397423
1.8047690999192636
1.8020509312263953
1.7990897693380912
1.795893767050002
1.7924764309293593
1.7888549101731284
1.785048621646654
1.781078168334109
1.7769645080648375
1.772728331447986
1.7683896114902764
1.763967291638873
1.7594790835223681
1.7549413500610467
1.7503690536972845
1.7457757532040696
1.7411736357160676
1.7365944234715143
1.7319865990106822
1.7274181511623428
1.722877289768125
1.7183704356801237
1.7139031070963144
1.7094800148682012
1.705105143287734
1.7007818259239431
1.6965128160760887
1.6923003516671875
1.6881462146057196
1.6840517847609102
1.680018088793661
1.6760458441389643
1.672135498466765
1.6682872649743157
1.6645011538549204
1.660777000267395
1.6571144891621847
1.653513177234574
1.649972512316525
1.6464918504678074
1.6430704710059552
1.6397075896998141
1.636402370328209
1.633153934786896
1.6299613719079271
1.6268237451402379
1.6237400992210111
1.6207094659554053
1.61773086921517
1.614803329245823
1.6119258663623828
1.609097504111229
1.6063172719672878
1.6035842076180482
1.6008973588809685
1.598255785315275
1.5956585595529635
1.5931047683915005
1.5905935136737508
1.5881239129897353
1.5856951002198352
1.5833062259406352
1.5809564577063755
1.5786449802394358
1.5763709955235976
1.5741337228250036
1.5719323986494056
1.569766276641483
1.5676346274427548
1.5655367385043923
1.5634719138733366
1.5614394739465853
1.5594387552057374
1.55746910993181
1.5555299059100778
1.553620526118881
1.5517403684107327
1.5498888451925086
1.5480653830976823
1.5462694226554972
1.5445004179641018
1.5427578363624455
1.5410411581006163
1.5393498760219286
1.5376834952382128
1.536041532816757
1.5344235174703935
1.5328289892539775
1.5312594328893074
1.5297105237583937
1.5281837838828318
1.5266787988315647
1.525195161050058
1.5237324726115715
1.5222903449615959
1.520868398665638
1.519466263160902
1.5180835765169232
1.5167199852018882
1.515375143853139
1.5140487150601352
1.5127403691431847
1.51144978395034
1.5101766446497216
1.5089206435332678
1.507681479826474
1.5064588594996535
1.5052524950886503
1.5040621055185919
1.5028874159342156
1.5017281575344084
1.500584067410304
1.4994548883909402
1.4983403688909476
1.4972402627637238
1.4961543291602595
1.4950823323902265
1.4940240417878976
1.4929792315806945
1.4919476807645586
1.490929172979906
1.4899234963947399
1.4889304435878778
1.4879498114343475
1.4869814009997644
1.486025017435517
1.4850804698728328
1.4841475713235466
1.4832261385873153
1.482315992152378
1.4814169561083372
1.4805288580562987
1.4796515290202192
1.4787848033685143
1.4779285187277418
1.4770825159083432
1.4762466388220832
1.4754207344153074
1.4746046525885201
1.4737982461323598
1.4730013706548113
1.4722138845174118
1.4714356487696818
1.4706665270866663
1.4699063857061487
1.4691550933701931
1.468412521269833
1.4676785429833632
1.4669530344282176
1.4662358738021086
1.4655269415324572
1.4648261202299648
1.4641332946335364
1.4634483515667644
1.4627711798911587
1.4621016704579854
1.4614397160669348
1.460785211422363
1.4601380530919275
1.459498139464162
1.4588653707110133
1.4582396487487146
1.4576208771993842
1.4570089613541455
