0.00438507
0.004373244638440565
0.004364771293390767
0.004361295658876945
0.0043597619359506175
0.004358970741208821
0.004358456391501457
0.0043580390904002465
0.004357650257745333
0.0043572645123516945
0.004356873202476138
0.004356474115513578
0.004356067486207349
0.004355654444650092
0.004355236421859057
0.0043548149190561995
0.004354391420201543
0.00435396735919294
0.004353544107883471
0.004353122971873988
0.004352705189096404
0.004352291929316848
0.004351884293886503
0.004351483315526204
0.004351089958103307
0.004350705116421678
0.004350329616065821
0.004349964213344103
0.004349609595373766
0.004349266380345886
0.004348935118002679
0.004348616290353606
0.004348310312650386
0.004348017534634693
0.004347738242065924
0.004347472658530222
0.004347220947525879
0.004346983214814571
0.004346759511022614
0.004346549834471733
0.004346354134214743
0.004346172313248121
0.004346004231871085
0.004345849711157778
0.004345709867322763
0.004345580952910068
0.0043454653935166105
0.004345362548914324
0.004345271981742563
0.004345193305883272
0.004345126150280577
0.0043450701435517386
0.004345024910176361
0.004344990070859086
0.004344965244323078
0.004344950301374157
0.004344944454007699
0.004344947427749631
0.004344958891827759
0.004344978500368657
0.004345005908760125
0.0043450407804437605
0.004345082790088211
0.004345131625331752
0.004345186987905598
0.004345248594434606
0.004345316177041298
0.0043453894837991985
0.004345468279063078
0.004345552343693249
0.00434564147518738
0.0043457354877318
0.004345834212183155
0.004345937495990444
0.004346045203066529
0.0043461572136172496
0.0043462734239352084
0.004346393746164064
0.004346518108037895
0.004346646452598687
0.0043467787378932915
0.004346914936649301
0.00434705503592692
0.00434719903674121
0.0043473469536456635
0.004347498814263912
0.0043476546587511876
0.0043478145391605445
0.004347978518680922
0.004348146670704209
0.00434831907766758
0.004348495829606606
0.004348677022349238
0.004348862755292851
0.004349053127990188
0.004349248240110857
0.004349448185050378
0.004349653051982266
0.004349862931407786
0.004350077936610555
0.004350298254210719
0.00435052421194963
0.004350756130105306
0.004350992866406577
0.0043512277368993255
0.00435144797934237
0.0043516464389613705
0.004351827874719505
0.004352000985492871
0.004352172150446357
0.004352344797782294
0.0043525204907815945
0.004352699851245593
0.004352883080186636
0.004353070209580739
0.004353261214172271
0.0043534560578431785
0.004353654711252956
0.004353857157454096
0.004354063392720686
0.004354273425613422
0.004354487275501171
0.004354704971009886
0.004354926548565961
0.0043551520510814925
0.004355381526783558
0.004355615028174072
0.004355852611102538
0.004356094333934254
0.004356340256798071
0.004356590440899906
0.0043568449478901955
0.004357103839275379
0.00435736717586516
0.004357635017248888
0.004357907421295657
0.004358184443673984
0.004358466137388
0.004358752552328033
0.00435904373483428
0.004359339727273159
0.004359640567626511
0.004359946289094526
0.00436025691971383
0.0043605724819927
0.004360892992565872
0.004361218461871756
0.004361548893855423
0.004361884285700874
0.004362224627596555
0.0043625699025382665
0.004362920086173787
0.004363275146693716
0.0043636350447731264
0.004363999733568533
0.004364369158774784
0.004364743258746206
0.004365121964686161
0.004365505200908921
0.004365892885177297
0.004366284929119004
0.0043666812387242035
0.004367081714925861
0.004367486254263986
0.004367894749633754
0.004368307091116685
0.004368723166893065
0.004369142864232544
0.0043695660705589875
0.004369992674584164
0.0043704225675040105
0.004370855644249756
0.004371291804785222
0.0043717309554405425
0.004372173010271419
0.004372617892432239
0.00449292886635356
0.004517604569443951
0.004527193851712931
0.004532284084391634
0.004535357602301261
0.0045373413485669785
0.004538631342497678
0.004539417290687961
0.00453980566092543
0.004539866859438947
0.004539655895457757
0.004539216977048454
0.004538591079253014
0.00453780482320486
0.004536887085473614
0.004535861683435867
0.004534748275491459
0.004533563048508739
0.004532319258043203
0.004531024667608598
0.00452969322996149
0.00452833068457056
0.0045269423957518115
0.004525533089957184
0.004414640965068784
0.0044088184665167195
0.004405854025992122
0.004404139111427723
0.004403071933443205
0.00440235554389579
0.004401840205795408
0.004401448082826531
0.004401136875195058
0.004400882208788337
0.0044006690428810115
0.004400487427449633
0.004400330363672108
0.004400192686201267
0.004400070455790507
0.004399960600557598
0.004399860693901909
0.004399768804458464
0.004399683388830393
0.004399603211302296
0.004399527281845231
0.004399454807299962
0.0043993851524927454
0.0043993178090669625
0.0043992523704219
0.004399188511537892
0.004399125972733761
0.004399064546597621
0.004399004067480926
0.004398944403062748
0.004398885447585013
0.004398827116434915
0.004398769341812204
0.004398712069268924
0.004398655254949802
0.004398598863394477
0.0043985428657896805
0.004398487238581165
0.004398431962372897
0.004398377021055277
0.004398322401115684
0.004398268091093999
0.004398214081153173
0.00439816036274101
0.004398106928324163
0.004398053771179185
0.004398000885228598
0.004397948264912495
0.004397895905088026
0.00439784380095088
0.004397791947973952
0.004397740341859522
0.004397688978502005
0.004397637852569742
0.004397586965158617
0.004397536306560122
0.004397485875942989
0.004397435669720235
0.004397385684454667
0.004397335916824062
0.004397286363598906
0.004397237021630672
0.004397187887845193
0.004397138959238583
0.004397090232874511
0.004397041705882233
0.004396993375455578
0.004396945238849562
0.00439689734482093
0.004396849614437491
0.0043968020588793675
0.0043967546818751676
0.004396707483732459
0.004396660463278914
0.004396613618720844
0.0043965669480221055
0.004396520449071021
0.004396474119753612
0.004396427957985567
0.004396381961725992
0.004396336128983121
0.004396290457816513
0.004396244946337707
0.004396199592710142
0.004396154395148837
0.0043961093519198765
0.004396064461339866
0.004396019721775348
0.004395975131642177
0.004395930689404928
0.004395886393576253
0.004391367936765167
0.004389397840046363
0.004388530673674888
0.004388136665585135
0.004387946566042875
0.00438784315203987
0.004387779305513618
0.004387731307435489
0.004387690072108209
0.00438765169832821
0.004387614516668928
0.0043875778195892065
0.0043875413137062225
0.004387504883556335
0.00438746848972103
0.00438743212491555
0.004387395795082009
0.004387359511268507
0.004387323286160112
0.004387287132615099
0.004387251063064624
0.004387215089283211
0.004387179222317556
0.004387143472482044
0.004387107849381572
0.0043870723619446736
0.004387037018459784
0.00438700182661159
0.004386966793516163
0.004386931925754516
0.00438689722940435
0.004386862710070044
0.004386828372910957
0.0043867942226680865
0.004386760263689175
0.004386726499952376
0.004386692935088565
0.004386659572402313
0.004386626414891668
0.004386593465266769
0.0043865607259673855
0.004386528199179429
0.004386495886850456
0.004386463790704313
0.004386431912254866
0.004386400252818971
0.004386368813528647
0.004386337595342628
0.004386306599057257
0.004386275825316842
0.004386245274623448
0.004386214947346145
0.004386184843729674
0.0043861549639025
0.00438612530788434
0.004386095875593146
0.004386066666851694
0.004386037681393749
0.004386008918869946
0.004385980378853341
0.004385952060844646
0.004385923964277212
0.004385896088521687
0.004385868432890434
0.004385840996641677
0.004385813778983379
0.004385786779076935
0.004385759996040581
0.004385733428952661
0.004385707076854646
0.004385680938754012
0.004385655013626914
0.004385629300420704
0.004385603798056326
0.004385578505430527
0.0043855534214179565
0.00438552854487314
0.00438550387463232
0.00438547940951519
0.004385455148326537
0.0043854310898577544
0.004385407232888292
0.004385383576186992
0.0043853601185133645
0.004385336858618763
0.0043853137952475025
0.0043852909271379
0.004385268253023247
0.004385245771632729
0.004385223481692287
0.004385201381925399
0.004385179471053857
0.004385157747798448
0.0043851362108796215
0.004385114859018106
0.004385093690935459
0.0043850727053546335
0.00438505190100045
0.004385031276600082
0.004385010830883471
0.004384990562583748
0.004384970470437588
0.0043849505531855775
0.004384930809572528
0.004384911238347778
0.004384891838265481
0.004384872608084847
0.004384853546570391
0.0044112814530471115
0.004412323485360679
0.004411966818479452
0.004411567244652871
0.004411200595230651
0.004410865647851685
0.004410557506402455
0.004410271890445493
0.004410005225858395
0.0044097545177172745
0.0044095172400938154
0.004409291249410675
0.004409074716154137
0.004408866070566061
0.004408663959073295
0.004408467209050071
0.004408274800110443
0.004408085840564213
0.004407899547989931
0.004407715233055886
0.004407532286334753
0.004407350166755903
0.004407168391954611
0.004406986530921575
0.0044068041967672165
0.004406621041090059
0.004406436749105755
0.004406251035496355
0.00440606364087563
0.004405874328780443
0.004405682883113387
0.004405489105974738
0.004405292815832
0.004405093845983915
0.004404892043282709
0.004404687267084108
0.004404479388399359
0.004404268289227426
0.004404053862048698
0.004403836009464238
0.0044036146439667065
0.0044033896878309196
0.0044031610731133115
0.004402928741750778
0.004402692645750146
0.0044024527474601505
0.004402209019918252
0.004401961447264808
0.00440171002521723
0.0044014547615967275
0.0044011956769000014
0.004400932804908052
0.004400666193323868
0.004400395904430354
0.004400122015759371
0.004399844620762282
0.004399563829471846
0.004399279769144804
0.004398992584873977
0.0043987024401582675
0.004398409517418443
0.004398114018446332
0.004397816164774589
0.004397516197954087
0.004397214379725682
0.004396910992073015
0.004396606337142876
0.004396300737019651
0.00439599453334022
0.004395688086735778
0.004395381776086904
0.0043950759975783455
0.004394771163540002
0.004394467701060879
0.004394166050363248
0.004393866662925147
0.004393569999340756
0.00439327652691043
0.0043929867169554436
0.004392701041856988
0.004392419971825131
0.004392143971411144
0.004391873495786256
0.004391608986821177
0.004391350869013502
0.004391099545323897
0.004390855392995861
0.004390618759447097
0.004390389958331734
0.004390169265880673
0.004389956917630889
0.004389753105652615
0.00438955797637523
0.0043893716290981525
0.0043891941196037496
0.0043890254429971454
0.0043888655598967735
0.004388714381824347
0.004388571777169621
0.004388437574389825
0.004388311565601284
0.004388193510603082
0.004388083141212993
0.004387980165786017
0.004387884273788916
0.004387795140313445
0.004387712430424768
0.0043876358032584745
0.004387564915798285
0.004387499426285566
0.004387438997230047
0.004387383298007907
0.004387332007047763
0.004387284813617215
0.004387241419231779
0.004387201538714934
0.00438716490094245
0.00438713124930648
0.004387100341935777
0.004387071951707604
0.004387045861382358
0.0043870218820665895
0.004386999825007025
0.00438697951848194
0.004386960804770816
0.004386943537645556
0.004386927582533358
0.004386912815724489
0.004386899123701907
0.004386886402481642
0.004386874556966598
0.004386863500319334
0.004386853153358075
0.00438684344397908
0.004386834306607418
0.004386825681677439
0.004386817515143493
0.004386809758020976
0.004386802365957299
0.004386795298832102
0.004386788520385765
0.004386781997875077
0.00438677570175485
0.004386769605384136
0.004386763684755698
0.004386757918247353
0.004386752669732587
0.004386747170364241
0.004386741756449661
0.004386736429039542
0.004386731176013965
0.00438672598592186
0.00438672084843373
0.004386715754246563
0.004386710321165866
0.004386705274564441
0.004386700264109901
0.004386695268687581
0.004386690282075527
0.004386685299169304
0.004386680315348153
0.0043866753263990125
0.004386670328469249
0.004386665318025451
0.004386660291816882
0.004386655246843178
0.00438665018032588
0.00438664508968348
0.004386639972509668
0.00438663482655445
0.004386629649707915
0.00438662443998635
0.004386619195520497
0.004386613914545703
0.004386608595393764
0.004386603236486248
0.004386597836329119
0.004386592393508454
0.004386586906687109
0.004386581374602132
0.004386575796062814
0.0043865701699492
0.00438656449521094
0.004386558770866378
0.004386552996001771
0.004386547169770542
0.004386541291392514
0.004386535360153072
0.004386529375402197
0.004386523336553382
0.00438651724308239
0.004386511094525878
0.0043865048904799
0.004386498630598302
0.004386492314591056
0.004386485942222543
0.0043864795133098395
0.00438647302772104
0.004386466485373619
0.004386444364679858
0.004386425798818109
0.004386410777840867
0.004386398461951563
0.00438638848130867
0.004386380533023985
0.0043863743566811345
0.004386369726902543
0.004386366447810616
0.004386364348525917
0.0043863632794685576
0.004386363109299666
0.004386363722377088
0.0043863650166268975
0.00438636690175321
0.004386369297467129
0.004386372133272995
0.004386375345687074
0.00438637887847883
0.0043863826815501985
0.004386386710232118
0.00438639092467583
0.004386395289322338
0.004386399772438205
0.004386404345707959
0.004386408983875011
0.004386413667026154
0.0043864183699979685
0.004386423077352421
0.004386427773329381
0.004386432443864138
0.004386437076498893
0.0043864416602265735
0.004386446185347557
0.004386450643340656
0.004386455026746904
0.004386459329064733
0.004386463544655362
0.004386467668657312
0.00438647169690912
0.004386475625879431
0.004386479452603742
0.00438648317462714
0.004386486789952471
0.004386490296993401
0.004386493694531942
0.004386496981679987
0.004386500157844501
0.004386503222696036
0.0043865061761402405
0.0043865090182921
0.004386511749452665
0.004386514370088013
0.0043865168808102685
0.004386519282360447
0.0043865215755930125
0.004386523761461928
0.0043865258410081005
0.00438652781534807
0.0043865296856638305
0.004386531453193676
0.004386533119223964
0.004386534685081728
0.004386536152128034
0.004386537521287568
0.004386538795119052
0.0043865399743182616
0.004386541060348562
0.0043865420546684
0.0043865429587415065
0.0043865437740343806
0.004386544502013646
0.004386545144143658
0.004386545701884375
0.00438654617668946
0.004386546570004596
0.004386546883265974
0.004386547117898967
0.004386547275316937
0.004386547356920207
0.0043865473640951206
0.004386547298213239
0.004386547160630634
0.004386546952687257
0.004386546675706404
0.004386546330994251
0.0043865459198394515
0.004386545443512794
0.004386544903266919
0.004386544300336084
0.004386543635935968
0.004386542911263518
0.00438654212749684
0.004386541285795111
0.004386540387298534
0.004386539433128309
0.00438653842438664
0.00438653736215676
0.004386536247502973
0.004386535081470723
0.00438653386508668
0.0043865325993588345
0.004386531285276618
0.004386529923811029
0.004386528515914766
0.004386527062522403
0.004386525564550521
0.004386524022897905
0.004386522438445713
0.004386520812057671
0.004386519144580266
0.004386517436842949
0.004386515689658343
0.004386513903822465
0.004386512080114933
0.004386510219299198
0.004386508322122766
0.004386506389317426
0.004386504421599504
0.0043865024196700665
0.004386500384215179
0.00438649831590615
0.00438655541302898
0.004386498436271294
0.004386551080399896
0.004386494059280347
0.004386499486304027
0.00438649747193234
0.004386495178592815
0.004386540007704036
0.004386539133994042
0.004386536719574154
0.004386534230372968
0.004386473134918528
0.004386468772517523
0.004386466246948902
0.004386463755860961
0.0043864612426083764
0.004386458705863343
0.004386456146030314
0.0043864535635558
0.004386450958875917
0.00438644833241535
0.004386445684587866
0.004386443015796784
0.004386440326435405
0.0043864376168873944
0.004386434887527112
0.00438643213871995
0.004386429370822593
0.004386426584183319
0.004386423779142236
0.00438642095603154
0.004386418115175731
0.00438641525689185
0.004386412381489685
0.004386409489271983
0.004386406580534644
0.004386403655566926
0.004386400714651622
0.004386397758065255
0.0043863947860782555
0.0043863917989551355
0.0043863887969546565
0.004386385780330012
0.004386382749328974
0.004386379704194068
0.004386376645162721
0.004386373572467424
0.004386370486335879
0.004386367386991146
0.00438636427465179
0.004386361149532027
0.004386358011841855
0.004386354861787197
0.004386351699570034
0.004386348525388535
0.00438634485411541
0.004386341565312756
0.004386338369680538
0.004386335159613869
0.004386331940284185
0.0043863292757771585
0.0043863260294801825
0.004386322759366689
0.004386319479384802
0.004386316190453648
0.004386312892484012
0.004386309585454339
0.004386306269377834
0.004386302944294202
0.004386299609552665
0.004386296266655367
0.004386292914991925
0.004386289554642579
0.004386286185713498
0.004386282809010438
0.004386279423259557
0.004386276029263461
0.004864516304057656
0.00528854841184164
0.005650211220976423
0.005946724265702566
0.006179981624117258
0.006355321042300911
0.006480167125988612
0.006562825768319625
0.006611567267058287
0.006634019717000315
0.006636826084827121
0.006625494057692562
0.0066043717494438155
0.00657669946437031
0.006544707338996296
0.006509744595485555
0.0064724352338004065
0.006432856514555245
0.006390732107610194
0.006345624961022814
0.006297110283210634
0.006244909792513546
0.0061889749609771805
0.006129516897374296
0.0060669900887696405
0.006002043528972369
0.005935454748933075
0.00586806060290858
0.005800694911182933
0.005734138783754286
0.005669085732755431
0.0056061210215815815
0.005545713142508629
0.005488214660296706
0.005433869624128784
0.0053828250715938514
0.005335144626793115
0.0052908226996319875
0.005249798251905724
0.0052119674753968465
0.005177195020636665
0.005145323628726439
0.005116182165233218
0.005089592148759599
0.00506537292054837
0.0050433456266970765
0.005023336243415302
0.00500517747215242
0.004988710591232695
0.0049737860517820075
0.004960264047061367
0.004948014664757694
0.00493691779644108
0.0049268628712271015
0.004917748467094413
0.0049094818417786575
0.0049019784155730755
0.004895161230522709
0.00488896040418366
0.004883312591105113
0.004878160461267076
0.00487345220167551
0.0048691410450092286
0.004865184827483074
0.004861545576817724
0.0048581891302873215
0.004855084782170218
0.004852204959490653
0.004849524924657802
0.0048470225034437505
0.004844677836661579
0.004842473153885052
0.004840392567574723
0.004838421886027058
0.004836548443633959
0.00483476094702214
0.004833049335729651
0.004831404656167117
0.004829818947700388
0.004828285139778778
0.004826796959116172
0.004825348846011916
0.004823935878972749
0.004822553706866907
0.004821198487906584
0.004819866834815093
0.004818555765591059
0.004817262659333221
0.0048159852166371345
0.00481472142411855
0.0048134695226584225
0.004812227979001354
0.00481099546037305
0.0048097708118132135
0.004808553035948787
0.004807341274958236
0.004806134794501257
0.004804932969410005
0.004803735270957542
0.004802541255537181
0.004801350554602976
0.004800162865736205
0.004798977944716412
0.004797795598487903
0.004796615678923636
0.004795438077298549
0.0047942627193936355
0.0047930895611602384
0.004791918584881589
0.004790749795775234
0.004789583218986223
0.004788418896926353
0.004787256886919548
0.004786097259019468
0.004784940094622766
0.004783785484021797
0.004782633525624413
0.004781484324454356
0.004780337991019009
0.004779194640303975
0.004778054390880064
0.004776917364109996
0.0047757836834430205
0.004774653473787615
0.004773526860952955
0.004772403971151457
0.004771284930555278
0.0047701698649007
0.004769058899135081
0.004767952157101581
0.004766849761257595
0.0047657518324231984
0.00476465848955658
0.0047635698495537195
0.004752215745853134
0.004745871909272668
0.004739408928791157
0.004731679235553255
0.004722837443478432
0.004713329163921721
0.00470355884303399
0.004693814446982758
0.004684276645715329
0.004675047631108569
0.0046661779424267925
0.004657686276220965
0.004649572685572401
0.00464182687291538
0.004634433199931537
0.004627373624071914
0.004620629372700722
0.004614181867880028
0.004608013214720515
0.0046021064395603975
0.004596445586953953
0.004591015738448963
0.004585802989217332
0.004580794403042781
0.00457597795724926
0.00457134248407067
0.004566877612064209
0.004562573709535913
0.004558421831010948
0.004554413667254712
0.00455054149905503
0.004546798154813175
0.004543176971907552
0.004539671761759588
0.004536276778527279
0.0045329866913716476
0.004529796560277279
0.004526701815472802
0.004523698240561895
0.004520781959565487
0.004517949439123794
0.004515197571695625
0.00451252312903231
0.004509923832516262
0.004507397461803438
0.004504942190582441
0.0045025566184000426
0.004500239824672853
0.004497991446746037
0.004495811789754027
0.004493701979748072
0.004491664177156315
0.004489701875993346
0.004487820327068013
0.004486027143597213
0.004484333179950615
0.004482753827138649
0.004481310957108862
0.004480035899349039
0.004478974099174843
0.004478192586850731
0.004477792278637656
0.004477928844308075
0.004478849284247251
0.004480958492254303
0.005916166072021343
0.006411849033323286
0.00659385383590136
0.006686154552800024
0.006751964997245311
0.006807830939021458
0.006858529433713452
0.006905877274669931
0.00695077570850029
0.006993715712867428
0.007034948099463169
0.007074571918691188
0.007112593810158485
0.007148970901303986
0.007183641693789728
0.007216547403795303
0.007247645573337259
0.007276917500355694
0.007304370904390783
0.00733003914468427
0.007353978179353447
0.007376262277785078
0.00739697928934559
0.007416226000683371
0.0074341040440883575
0.007450716392514436
0.00746616462182207
0.007480546850740769
0.007493956320679169
0.007506480435047959
0.007518200503361549
0.0075291905032620985
0.00753951893234889
0.007549247534935228
0.0075584321270908625
0.00756712296101934
0.007575365139903868
0.007583199050279769
0.0075906607920646334
0.007597782593862595
0.007604593205909105
0.007611118266152419
0.007617380637316071
0.007623400714354876
0.0076291967027689745
0.00763478486909881
0.007640179765034579
0.00764539442731264
0.0076504405552368406
0.0076553286679014254
0.0076600682431341785
0.0076646714055976116
0.007669137112545861
0.007673478422808774
0.00767770137129114
0.007681811567480239
0.0076858142474989745
0.007689714264585252
0.007693516108064157
0.007697223932442292
0.007700841588610827
0.007704372653867644
0.007707820459444085
0.007711188115276853
0.0077144785320012186
0.007717694440459997
0.007720838408915284
0.007723912858174136
0.0077269200750895205
0.007729862224310865
0.00773274135883308
0.007735559429280289
0.007738318292158587
0.0077410197171923255
0.007743665393878064
0.007746256937342465
0.007748795893576001
0.007751283744148527
0.007753721910439511
0.007756111757463533
0.00775845459734319
0.007760751692447201
0.007763004258235277
0.007765213465884054
0.007767380444681692
0.007769506284205144
0.007771592036325627
0.00777363871710472
0.007775647308485062
0.0077776187598996745
0.007779553989744105
0.007781453886777887
0.007783319311407925
0.007785151096892531
0.0077869500504668355
0.007788716954447785
0.007790452567193404
0.007792157624071339
0.007793832838353963
0.007795478902058652
0.007797096486762552
0.007798686244347076
0.00780024880774016
0.00780178479158875
0.007803294792925669
0.007804779391790875
0.00780623915183764
0.007807674620883535
0.007809086331471465
0.007810474801397198
0.007811840534190218
0.007813184019600137
0.007814505734065533
0.007815806141140828
0.007817085691920822
0.007818344825461267
0.007819583969141662
0.007820803539067991
0.00782200394041985
0.00782318556779482
0.007824348805536825
0.00782549402807754
0.007826621372002882
0.007827731757315574
0.007828825158224828
0.007829901924371408
0.007830962392945633
0.007832006890237053
0.007833035732783942
0.007834049228216679
0.007835047675873338
0.007836031367284411
0.007837000586564627
0.007837955610716997
0.007838896709937085
0.00783982414782819
0.007840738181646045
0.007841639062493659
0.007842527035506598
0.007843402340043068
0.007844265209846915
0.00784511587321361
0.007845954553142149
0.00784678146748685
0.007847596829107687
0.007848400846002053
0.007849193721445769
0.007849975654120345
0.007850746838234451
0.00785150746364957
0.007852257715998892
0.007852997776803788
0.00785372782357827
0.007854448029940238
0.007855158565707189
0.00785585959700547
0.007856551286373054
0.007857233792839013
0.007857907272016306
0.007858571876203237
0.007859227754463287
0.007859875052697649
0.007860513913744819
0.007861144477442619
0.007861766880713375
0.007862381257642225
0.007862987739531268
0.007863586454988598
0.00786417752997934
0.007864761087909792
0.007865337249665493
0.007865906133701809
0.007866467856079579
0.007867022530540434
0.007867570268552065
0.007868111179368007
0.007868645370080583
0.007869172945677237
0.00786969400908506
0.007870208661215473
0.007870717001026685
0.007871219125550473
0.007871715129958127
0.007872205107592872
0.007872689150005802
0.007873167347014497
0.007873639786728517
0.007874106555592758
0.007874567738432823
0.00787502341848281
0.007875473677425008
0.007875918595424844
0.007876358251168537
0.007876792721889325
0.007877222083403359
0.007877646410144013
0.007878065775191298
0.007878480250298182
0.007878889905923525
-296.40830424815175
-296.40830424815175
-296.40830424815175
-296.40830424815175
-296.40830424815175
-296.40830424815175
-296.40830424815175
-296.40830424815175
-296.40830424815175
-296.40830424815175
-296.40830424815175
-296.40830424815175
-296.40830424815175
-296.40830424815175
-296.40830424815175
-296.40830424815175
-296.40830424815175
-296.40830424815175
-296.40830424815175
-296.40830424815175
-296.40830424815175
-296.40830424815175
-296.40830424815175
-296.40830424815175
-296.40830424815175
-296.40830424815175
-296.40830424815175
-296.40830424815175
-296.40830424815175
-296.40830424815175
-296.40830424815175
-296.40830424815175
-296.40830424815175
-296.40830424815175
-296.40830424815175
-296.40830424815175
-296.40830424815175
-296.40830424815175
-296.40830424815175
-296.40830424815175
-296.40830424815175
-296.40830424815175
-296.40830424815175
-296.40830424815175
-296.40830424815175
-296.40830424815175
-296.40830424815175
-296.40830424815175
-296.40830424815175
-296.40830424815175
-296.40830424815175
-296.40830424815175
-296.40830424815175
-296.40830424815175
-296.40830424815175
-296.40830424815175
-296.40830424815175
-296.40830424815175
-296.40830424815175
-296.40830424815175
-296.40830424815175
-296.40830424815175
-296.40830424815175
-296.40830424815175
-296.40830424815175
-296.40830424815175
-296.40830424815175
-296.40830424815175
-296.40830424815175
-296.40830424815175
-296.40830424815175
-296.40830424815175
-296.40830424815175
-296.40830424815175
-296.40830424815175
-296.40830424815175
-296.40830424815175
-296.40830424815175
-296.40830424815175
-296.40830424815175
-296.40830424815175
-296.40830424815175
-296.40830424815175
-296.40830424815175
-296.40830424815175
-296.40830424815175
-296.40830424815175
-296.40830424815175
-296.40830424815175
-296.40830424815175
-296.40830424815175
-296.40830424815175
-296.40830424815175
-296.40830424815175
-296.40830424815175
-296.40830424815175
-296.40830424815175
-296.40830424815175
-296.40830424815175
-296.40830424815175
-296.40830424815175
-296.40830424815175
-296.40830424815175
-296.40830424815175
-296.40830424815175
-296.40830424815175
-296.40830424815175
-296.40830424815175
-296.40830424815175
-296.40830424815175
-296.40830424815175
-296.40830424815175
-296.40830424815175
-296.40830424815175
-296.40830424815175
-296.40830424815175
-296.40830424815175
-296.40830424815175
-296.40830424815175
-296.40830424815175
-296.40830424815175
-296.40830424815175
-296.40830424815175
-296.40830424815175
-296.40830424815175
-296.40830424815175
-296.40830424815175
-296.40830424815175
-296.40830424815175
-296.40830424815175
-296.40830424815175
-296.40830424815175
-296.40830424815175
-296.40830424815175
-296.40830424815175
-296.40830424815175
-296.40830424815175
-296.40830424815175
-296.40830424815175
-296.40830424815175
-296.40830424815175
-296.40830424815175
-296.40830424815175
-296.40830424815175
-296.40830424815175
-296.40830424815175
-296.40830424815175
-296.40830424815175
-296.40830424815175
-296.40830424815175
-296.40830424815175
-296.40830424815175
-296.40830424815175
-296.40830424815175
-296.40830424815175
-296.40830424815175
-296.40830424815175
-296.40830424815175
-296.40830424815175
-296.40830424815175
-296.40830424815175
-296.40830424815175
-296.40830424815175
-296.40830424815175
-296.40830424815175
-296.40830424815175
-296.40830424815175
-296.40830424815175
-296.40830424815175
-296.40830424815175
-296.40830424815175
-296.40830424815175
-296.40830424815175
-296.40830424815175
-296.40830424815175
-296.40830424815175
-296.40830424815175
-296.40830424815175
-296.40830424815175
-296.40830424815175
-296.40830424815175
-296.40830424815175
-296.40830424815175
-296.40830424815175
-296.40830424815175
-296.40830424815175
-296.40830424815175
-296.40830424815175
-296.40830424815175
-296.40830424815175
-296.40830424815175
-296.40830424815175
-296.40830424815175
-296.40830424815175
-296.40830424815175
-296.40830424815175
-296.40830424815175
-296.40830424815175
-296.40830424815175
-296.35472746541825
-296.35472746541825
-296.35472746541825
-296.35472746541825
-296.35472746541825
-296.35472746541825
-296.35472746541825
-296.35472746541825
-296.35472746541825
-296.35472746541825
-296.35472746541825
-296.35472746541825
-296.35472746541825
-296.35472746541825
-296.35472746541825
-296.35472746541825
-296.35472746541825
-296.35472746541825
-296.35472746541825
-296.35472746541825
-296.35472746541825
-296.35472746541825
-296.35472746541825
-296.35472746541825
-296.35472746541825
-296.35472746541825
-296.35472746541825
-296.35472746541825
-296.35472746541825
-296.35472746541825
-296.35472746541825
-296.35472746541825
-296.35472746541825
-296.35472746541825
-296.35472746541825
-296.35472746541825
-296.35472746541825
-296.35472746541825
-296.35472746541825
-296.35472746541825
-296.35472746541825
-296.35472746541825
-296.35472746541825
-296.35472746541825
-296.35472746541825
-296.35472746541825
-296.35472746541825
-296.35472746541825
-296.35472746541825
-296.35472746541825
-296.35472746541825
-296.35472746541825
-296.35472746541825
-296.35472746541825
-296.35472746541825
-296.35472746541825
-296.35472746541825
-296.35472746541825
-296.35472746541825
-296.35472746541825
-296.35472746541825
-296.35472746541825
-296.35472746541825
-296.35472746541825
-296.35472746541825
-296.35472746541825
-296.35472746541825
-296.35472746541825
-296.35472746541825
-296.35472746541825
-296.35472746541825
-296.35472746541825
-296.35472746541825
-296.35472746541825
-296.35472746541825
-296.35472746541825
-296.35472746541825
-296.35472746541825
-296.35472746541825
-296.35472746541825
-296.35472746541825
-296.35472746541825
-296.35472746541825
-296.35472746541825
-296.35472746541825
-296.35472746541825
-296.35472746541825
-296.35472746541825
-296.35472746541825
-296.35472746541825
-296.35472746541825
-296.35472746541825
-296.35472746541825
-296.35472746541825
-296.35472746541825
-296.35472746541825
-296.35472746541825
-296.35472746541825
-296.35472746541825
-296.35472746541825
-296.35472746541825
-296.35472746541825
-296.35472746541825
-296.35472746541825
-296.35472746541825
-296.35472746541825
-296.35472746541825
-296.35472746541825
-296.35472746541825
-296.35472746541825
-296.35472746541825
-296.35472746541825
-296.35472746541825
-296.35472746541825
-296.35472746541825
-296.35472746541825
-296.35472746541825
-296.35472746541825
-296.35472746541825
-296.35472746541825
-296.35472746541825
-296.35472746541825
-296.35472746541825
-296.35472746541825
-296.35472746541825
-296.35472746541825
-296.35472746541825
-296.35472746541825
-296.35472746541825
-296.35472746541825
-296.35472746541825
-296.35472746541825
-296.35472746541825
-296.35472746541825
-296.35472746541825
-296.35472746541825
-296.35472746541825
-296.35472746541825
-296.35472746541825
-296.35472746541825
-296.35472746541825
-296.35472746541825
-296.35472746541825
-296.35472746541825
-296.35472746541825
-296.35472746541825
-296.35472746541825
-296.35472746541825
-296.35472746541825
-296.35472746541825
-296.35472746541825
-296.35472746541825
-296.35472746541825
-296.35472746541825
-296.35472746541825
-296.35472746541825
-296.35472746541825
-296.35472746541825
-296.35472746541825
-296.35472746541825
-296.35472746541825
-296.35472746541825
-296.35472746541825
-296.35472746541825
-296.35472746541825
-296.35472746541825
-296.35472746541825
-296.35472746541825
-296.35472746541825
-296.35472746541825
-296.35472746541825
-296.35472746541825
-296.35472746541825
-296.35472746541825
-296.35472746541825
-296.35472746541825
-296.35472746541825
-296.35472746541825
-296.35472746541825
-296.35472746541825
-296.35472746541825
-296.35472746541825
-296.35472746541825
-296.35472746541825
-296.35472746541825
-296.35472746541825
-296.35472746541825
-296.35472746541825
-296.35472746541825
-296.35472746541825
-296.35472746541825
-296.35472746541825
-296.35472746541825
-296.35472746541825
-296.35472746541825
-296.35472746541825
-296.35472746541825
-296.35472746541825
-296.35472746541825
-711768.478295985
-74343316406103.88
-74343316406103.88
-74343316406103.88
-74343316406103.88
-74343316406103.88
-74343316406103.88
-74343316406103.88
-74343316406103.88
-74343316406103.88
-74343316406103.88
-74343316406103.88
-74343316406103.88
-74343316406103.88
-74343316406103.88
-74343316406103.88
-74343316406103.88
-74343316406103.88
-74343316406103.88
-74343316406103.88
-74343316406103.88
-74343316406103.88
-74343316406103.88
-74343316406103.88
-74343316406103.88
-74343316406103.88
-74343316406103.88
-74343316406103.88
-74343316406103.88
-74343316406103.88
-74343316406103.88
-74343316406103.88
-74343316406103.88
-74343316406103.88
-74343316406103.88
-74343316406103.88
-74343316406103.88
-74343316406103.88
-74343316406103.88
-74343316406103.88
-74343316406103.88
-74343316406103.88
-74343316406103.88
-74343316406103.88
-74343316406103.88
-74343316406103.88
-74343316406103.88
-74343316406103.88
-74343316406103.88
-74343316406103.88
-74343316406103.88
-74343316406103.88
-74343316406103.88
-74343316406103.88
-74343316406103.88
-74343316406103.88
-74343316406103.88
-74343316406103.88
-74343316406103.88
-74343316406103.88
-74343316406103.88
-74343316406103.88
-74343316406103.88
-74343316406103.88
-74343316406103.88
-74343316406103.88
-74343316406103.88
-74343316406103.88
-74343316406103.88
-74343316406103.88
-74343316406103.88
-74343316406103.88
-74343316406103.88
-74343316406103.88
-74343316406103.88
-74343316406103.88
-74343316406103.88
-74343316406103.88
-74343316406103.88
-74343316406103.88
-74343316406103.88
-74343316406103.88
-74343316406103.88
-74343316406103.88
-74343316406103.88
-74343316406103.88
-74343316406103.88
-74343316406103.88
-74343316406103.88
-74343316406103.88
-74343316406103.88
-74343316406103.88
-74343316406103.88
-74343316406103.88
-74343316406103.88
-74343316406103.88
-74343316406103.88
-74343316406103.88
-74343316406103.88
-74343316406103.88
-74343316406103.88
-74343316406103.88
-74343316406103.88
-74343316406103.88
-74343316406103.88
-74343316406103.88
-74343316406103.88
-74343316406103.88
-74343316406103.88
-74343316406103.88
-74343316406103.88
-74343316406103.88
-74343316406103.88
-74343316406103.88
-74343316406103.88
-74343316406103.88
-74343316406103.88
-74343316406103.88
-74343316406103.88
-74343316406103.88
-74343316406103.88
-74343316406103.88
-74343316406103.88
-74343316406103.88
-74343316406103.88
-74343316406103.88
-74343316406103.88
-74343316406103.88
-74343316406103.88
-74343316406103.88
-74343316406103.88
-74343316406103.88
-74343316406103.88
-74343316406103.88
-74343316406103.88
-74343316406103.88
-74343316406103.88
-74343316406103.88
-74343316406103.88
-74343316406103.88
-74343316406103.88
-74343316406103.88
-74343316406103.88
-74343316406103.88
-74343316406103.88
-74343316406103.88
-74343316406103.88
-74343316406103.88
-74343316406103.88
-74343316406103.88
-74343316406103.88
-74343316406103.88
-74343316406103.88
-74343316406103.88
-74343316406103.88
-74343316406103.88
-74343316406103.88
-74343316406103.88
-74343316406103.88
-74343316406103.88
-74343316406103.88
-74343316406103.88
-74343316406103.88
-74343316406103.88
-74343316406103.88
-74343316406103.88
-74343316406103.88
-74343316406103.88
-74343316406103.88
-74343316406103.88
-74343316406103.88
-74343316406103.88
-74343316406103.88
-74343316406103.88
-74343316406103.88
-74343316406103.88
-74343316406103.88
-74343316406103.88
-74343316406103.88
-74343316406103.88
-74343316406103.88
-74343316406103.88
-74343316406103.88
-74343316406103.88
-74343316406103.88
-74343316406103.88
-74343316406103.88
-74343316406103.88
-74343316406103.88
-74343316406103.88
-74343316406103.88
-74343316406103.88
-74343316406103.88
-74343316406103.88
-74343316406103.88
-74343316406103.88
-74343316406103.88
-74343316406103.88
