197970.031245
98872.8951200005
96999.09648774346
95017.34843444805
92990.00858138272
90960.64357744584
88952.75431974407
86978.3241223298
85042.97158481757
83148.86307408876
81296.35424436232
79484.9077893435
77713.59734901204
75981.37563840757
74287.20961019679
72630.14187615976
71009.31226972173
69423.95873121466
67873.40822618188
66357.06356352802
64874.38923964142
63424.89789979375
62008.13815927602
60623.684065642665
59271.12623793157
57950.064593837094
56660.102516902254
55400.84229369503
54171.88164879994
52972.81121353064
51803.21277829557
50662.65819469797
49550.70881002132
48466.915332860764
47410.818043463136
46381.94727540605
45379.82410694578
44403.96120981649
43453.863811975396
42529.03073740717
41628.95549228533
40753.1273716487
39901.03256524168
39072.1552450089
38265.97862002715
37481.985947879526
36719.661494105254
35978.491433851195
35257.96469193759
34557.57371946311
33876.81520659273
33215.19073234583
32572.20735333796
31947.378134031474
31340.222621507768
30750.26726825884
30177.045806307775
29620.099576311728
29078.97781482585
28553.237903060373
28042.4455799762
27546.175122461642
27064.009495070095
26595.540471485412
26140.36872974545
25698.103923031387
25268.364727621207
24850.77886952893
24444.983131200002
24050.62333954329
23667.354336521857
23294.839933445874
22932.752850131594
22580.774639936524
22238.59560181293
21905.91468035865
21582.439354897215
21267.885518596562
20961.97734857924
20664.44716795385
20375.03530073471
20093.48992048448
19819.566893557625
19553.029617749722
19293.64885713734
19041.202573833867
18795.475757355765
18556.26025225589
18323.35458462195
18096.563788005064
17875.699229298138
17660.57843503672
17451.02491856735
17246.86800845806
17047.94267854125
16854.089379866553
16665.15387488477
16480.987074097815
16301.444875389025
16126.388006243584
15955.681869009295
15789.196389337467
15626.805867922509
15468.388835638414
15313.827912130533
15163.009667938415
15015.824490168085
14872.166451755023
14731.933184317842
14595.025754600934
14461.348544497401
14330.809134626217
14203.318191425838
14078.78935774012
13957.139146829817
13838.28683977352
13722.154386189051
13608.66630821999
13497.749607716258
13389.333676541642
13283.350209942259
13179.73312288955
13078.418469331786
12979.344364278291
12882.4509086324
12787.680116701275
12694.975846304076
12604.28373139719
12515.551117146504
12428.72699736249
12343.761954227402
12260.60810024203
12179.2190223145
12099.549727916989
12021.556593248852
11945.19731333117
11870.43085396234
11797.217405477855
11725.518338241216
11655.296159809111
11586.51447370825
11519.137939764736
11453.132235931362
11388.464021554853
11325.10090202869
11263.011394784055
11202.164896566475
11142.531651949741
11084.082723035928
11026.789960308748
10970.625974585508
10915.56411002781
10861.578418176181
10808.643632966228
10756.735146686924
10705.828986852066
10655.90179394456
10606.930800000817
10558.893808008197
10511.76917208193
10465.535778390307
10420.173026805327
10375.66081324858
10331.979512707729
10289.109962900602
10247.033448555743
10205.731686298372
10165.186810113362
10125.381357364873
10086.298255353458
10047.920808391977
10010.232685381143
9973.217907871995
9936.860838591434
9901.14617041647
9866.058915789628
9831.584396549473
9797.708234170188
9764.416340396292
9731.694908254249
9699.530403433886
9667.90955602474
9636.81935259848
9606.2470286266
9576.180061215007
9546.60616215871
9517.513271297372
9488.889550162976
9460.723375914547
9433.003335546511
9405.718220366054
9378.857020728326
9352.408921023914
9326.363294907324
9300.70970076079
9275.437877391383
9250.537739940271
9225.999376009884
9201.81304199859
