0.985288
1.1220811147701
1.1448460740520547
1.1652562379809794
1.1836708942859688
1.2005085052243836
1.216216638289283
1.2312426326610435
1.2460118309864074
1.2609113559190226
1.2762777414133095
1.2923863315493667
1.30944116378623
1.3275652968556053
1.3467929911981202
1.3670663703484764
1.3882396122875662
1.4100928251848075
1.4323554841506276
1.45473634131935
1.476954384491932
1.4987649202889066
1.5199764832062332
1.5404571745851177
1.560131836771112
1.578973133927412
1.5969899054356131
1.6142154833985394
1.6306976227573942
1.6464907363799492
1.6616504635291587
1.676230241896869
1.6902794239661194
1.7038424855699565
1.7169589455502663
1.729663704782552
1.741987596874859
1.753958012057576
1.7655995083664788
1.7769343619012625
1.787983033614792
1.7987645466899584
1.8092967786111462
1.819596677533013
1.8296804149931718
1.8395634874997615
1.8492607788314008
1.858786599530016
1.8681546749262898
1.8773781872786317
1.8864697397534738
1.895441355572426
1.9043044691014592
1.9130699191225014
1.9217479455275515
1.930348190070178
1.938879701364455
1.9473509440026255
1.9557698114534776
1.9641436422743768
1.9724792391042263
1.9807828898850546
1.9890603907724418
1.997317070229881
2.0055578138485775
2.0137870894901124
2.02200897240494
2.030227170036157
2.038445046271189
2.0466656449524843
2.054891712501079
2.0631257195477066
2.0713698814956234
2.079626177971056
2.0878963711379734
2.0961820228742956
2.104484510822515
2.112805043338976
2.1211446733761337
2.129504311339348
2.1378847369643443
2.1462866102651446
2.1547104816039364
2.1631568009363575
2.1716259262834825
2.180118131483263
2.188633613272121
2.197172497745039
2.205734846241074
2.214320660700234
2.222929888532618
2.2315624270405334
2.240218127432297
2.2488967984606183
2.2575982097215586
2.266322094641326
2.2750681531827874
2.2838360542950227
2.292625438132304
2.301435918064072
2.3102670824959315
2.3191184965225453
2.3279897034271433
2.3368802260456607
2.3457895680089154
2.3547172148763837
2.363662635173192
2.372625281341975
2.3816045906187444
2.3905999858420772
2.3996108762039543
2.4086366579487737
2.4176767150284237
2.426730419717704
2.435797133222724
2.444876206096745
2.4539669790634324
2.463068783211806
2.472180940654145
2.48130276496748
2.490433561658083
2.4995726286177202
2.5087192565706116
2.517872729516775
2.527032325170515
2.536197315393171
2.5453669666296643
2.5545405403391235
2.5637172934280703
2.572896478682487
2.5820773452031545
2.5912591388382387
2.6004411026245546
2.6096224772205203
2.6188025013530756
2.6179512231977844
2.6309184855225283
2.6421179483363697
2.6524269971881096
2.6622908149971303
2.671932900112679
2.681465410160956
2.6909448882828273
2.70039991355843
2.7098449410143672
2.7192872322529484
2.728730356543073
2.738175971850306
2.7476247358730044
2.7570767736189516
2.766531917641833
2.775989831422933
2.785450072799697
2.794912126884488
2.804375423735775
2.8138393486611686
2.8233032491759937
2.8327664406529487
2.842228211627338
2.851687829230379
2.861144544988236
2.8705976009631757
2.8800462364148665
2.889489694927328
2.898927232104425
2.908358123904331
2.917781675752296
2.9271972325951805
2.936604190128999
2.946002007485859
2.955390221751667
2.96476846495611
2.9741364829590364
2.9834941602383305
2.992841546742005
3.0021788933819638
3.0114925947437623
3.0208258019616285
3.030137153726527
3.039442478185668
3.0487438469359183
3.058044026315761
3.0673466097406537
3.076656232415819
3.0859788539976836
3.095322134900916
3.1046959433302708
3.114113047327667
3.123590072568899
3.133148848006104
3.1428183273887607
3.152637381967714
3.162658938102665
3.172956237385076
3.1836325280406035
3.194836451173276
3.2067871551730756
3.2198165644432617
3.23444298445796
