133951.07700000002
359672.1210381279
357404.84312988655
355176.1580582342
352987.2474222326
350838.93361306365
348731.73923984874
346665.9388455608
344641.6016507791
342658.6269071185
340716.7732912745
338815.6834601806
336954.90464729397
335133.9059974793
333352.0931981882
331608.8208566265
329903.4223083217
328235.15754810773
326603.28685712797
325007.05073470436
323445.67741087166
321918.38747022196
320424.39777087216
318962.9247603006
317533.18727435614
316134.4088929543
314765.8199151893
313426.6606995073
312116.17629741784
310833.6276270899
309578.2857316456
308349.43417241
307146.36961831956
305968.40230256226
304814.85636682983
303685.0701093668
302578.3961508343
301494.2015300271
300431.86773984187
299390.79071250133
298370.380761734
297370.0624886332
296389.2746569085
295427.47004250786
294484.1152618637
293558.6905824368
292650.6897187116
291759.61961635295
290885.00022684014
290026.3642746013
289183.2570183133
288355.23600788566
287541.8708383366
286742.74290166027
285957.4451375894
285185.5817840527
284426.7681279663
283680.63025696244
282946.8048125158
282224.93874489644
281514.68907028623
280815.7226303791
280127.7158546942
279450.35452583485
278783.3335478697
278126.3956808495
277479.2054276444
276841.490874518
276212.9812657005
275593.4138536035
274982.53368943976
274380.09341688536
273785.85306953616
273199.57987218373
272621.0480459358
272050.03861719964
271486.3392305248
270929.7439652995
270380.05315631535
269837.07321816386
269300.6164734708
268770.5009849296
268246.5503911323
267728.593746144
267216.4653628192
266710.0046597987
266209.0560121774
265713.46860577416
265223.09629499976
264737.7974642382
264257.4348927273
263781.8756228767
263310.99083197804
262844.6557072495
262382.74932417454
261925.1545280699
261471.7578188307
261022.44923880885
260577.12226374468
260135.6736967175
259698.00356504018
259264.01502005605
258833.61423976085
258406.71033420294
257983.2152536008
257563.04369911805
257146.11303623306
256732.3432106484
256321.65666668018
255913.97826807122
255509.23522116322
255107.35700037624
254708.27527594083
254311.92384381278
253918.23855773415
253527.15726336607
253138.61973445464
252752.56761096595
252368.944339138
251987.69511340596
251608.76682013625
251232.10798313122
250857.66871084628
250486.82970889952
250115.32035314664
249748.60199142172
249381.21400914996
249017.37172933994
248655.27758805922
248295.0940878306
247937.9251662037
247581.48255693517
247226.81765176513
246873.91468384562
246521.31868580094
246171.81724347235
245823.9967805646
245477.80597320138
245133.21371722012
244790.1905400222
244448.7078537394
244108.73790606626
243770.25375377756
243433.22923765233
243097.63895814132
242763.45825171424
242430.6631678982
242099.23044698546
241769.13749840032
241440.362379704
241112.88377623964
240786.68098138674
240461.73387741772
240138.0229169452
239815.52910493888
239494.23398130081
239174.11960398764
238855.16853265438
238537.36381281842
238220.68896051918
237905.1279474658
237590.66518664942
237277.28551842258
236964.97419701022
236653.71687746068
236343.49960300815
236034.30879283493
235726.13123023603
235418.95405115216
235112.76473307572
234807.55108430405
234503.30123355187
234200.00361987698
233897.64698294605
233596.22035359812
233295.71304472
232996.11464240556
232697.41499740255
232400.4068794866
232103.95600107513
231808.2216070212
231513.3099420178
231219.20613616842
230924.91319768838
230632.04560058517
230340.04669347353
230048.8851945231
229758.55269206403
229469.03868320584
229180.33325869768
228892.4270366283
228605.31110485364
228318.97841673414
228033.4184376539
227748.62429388758
227464.5885249414
227181.3039469404
226898.76220375812
226616.95897704785
