33.46966815599999
8.083006719329664
8.411423399848575
8.763728609878983
9.101900913991564
9.403933118837006
9.659146306750886
9.867659421796345
10.037974725652496
10.182786591852517
10.314505179285097
10.442267439844588
10.570967810329986
10.701767939673369
10.833301304511926
10.962967935283324
11.087969809705111
11.20595832257444
11.315319847637667
11.415202684278185
11.50540086627573
11.586185364025507
11.658138166992275
11.722015186320931
11.778644889486676
11.828859714683892
11.873453579317609
11.913158409327679
11.948633603526426
11.980463785439994
12.00916150908734
12.035172643132427
12.058882991351114
12.080625221723164
12.10068558087406
12.119310116575793
12.136710266689306
12.153067793514078
12.168539076578167
12.183258806892352
12.197343157808998
12.21089247764312
12.223993590948565
12.236721736242892
12.24914221905777
12.261311807126848
12.273279917078153
12.285089619726053
12.296778494067514
12.308379356588794
12.319920881311901
12.331428132325476
12.342923018885307
12.354424688119911
12.365949858213781
12.377513114779077
12.389127162355901
12.400803040926423
12.412550322722904
12.424377271120187
12.436290998825662
12.448297582320185
12.460402188397449
12.472609163340772
12.48492212801328
12.497344053716851
12.509877330157003
12.522523830843852
12.535284962444909
12.548161721792455
12.561154729487118
12.574264278112251
12.587490362726252
12.600832710326715
12.614290811854614
12.627863947489029
12.641551202869541
12.655351496023403
12.66926359135313
12.68328611604969
12.697417576144689
12.711656367005345
12.726000785637792
12.740449040990452
12.75499926012453
12.7696495006267
12.784397752987465
12.799241947623003
12.814179963824207
12.829209628106572
12.844328718867905
12.859534974723069
12.87482609042584
12.890199724647832
12.905653493324335
12.921184980218243
12.93679173311657
12.95247125801494
12.968221028417513
12.984038482476835
12.999921015850656
13.015865986406173
13.031870712515742
13.047932466521365
13.0640484788388
13.080215929193965
13.09643194669783
13.11269360955533
13.12899793471512
13.145341882618972
13.161722345212041
13.178136146448665
13.194580036953528
13.211050690771627
13.227544694374593
13.244058548795861
13.26058865737437
13.27713132363591
13.293682743261396
13.310238997241544
13.326796044674069
13.343349716846578
13.3598957038275
13.376429554583046
13.392946655852338
13.409442234580693
13.42591134060784
13.44234884078626
13.458749399063779
13.47510747672172
13.49141730904839
13.50767289802524
13.523867996809429
13.539996091350346
13.556050392848206
13.572023810719196
13.587908945915439
13.603698059572642
13.619383065977196
13.634955504173611
13.650406515014579
13.665726822067189
13.68090670373504
13.695935968872604
13.710803925815094
13.725499355986157
13.740010479982889
13.754324925207248
13.76842968884609
13.782311105509432
14.040926862978173
14.088869026932622
14.129901559557418
14.165755869930518
14.197735824371756
14.226820769019856
14.253742431922662
14.279054992104212
14.251984483835221
14.216236757593524
14.191760872401273
14.175494067658478
14.165276305730075
14.159547746106925
14.15715907151982
14.15724823214761
14.159157868414239
14.16237855644307
14.166508963057943
14.171227357137827
14.176270901965434
14.181420394247974
14.186488864607362
14.19131295043213
14.19574628302409
14.199654347624346
14.20291042784036
14.20539235600464
14.206979870289992
14.207552407124696
14.206987237784842
14.205157859143487
14.20193257456277
14.19717323527269
14.190734096328278
14.18246079042904
14.17218940343714
14.159745659717409
14.14494423136405
14.127588209643578
14.107468762507155
14.084365049475673
14.058044455435594
14.028263228338037
13.994767654550682
13.957295879121302
13.915580581014625
13.869352662467037
13.81834623687953
