-24.945820216548
-4.308028474569208
-25.03549825198059
-4.372714168037672
-25.104996720578118
-4.430422278033294
-25.157686267852565
-4.481990251810816
-25.19595074779334
-4.528095656539749
-25.221719278391127
-4.569316572244558
-25.23661048487946
-4.606153054379176
-25.24199663551065
-4.639040179459703
-25.23904691036229
-4.668358048812711
-25.228761227792887
-4.694439966651837
-25.21199770122267
-4.717579236326687
-25.189495166526466
-4.738034841955138
-25.161891759609098
-4.756036216681686
-25.129740297584267
-4.771787258472928
-25.09352106105307
-4.785469723931609
-25.053652455400833
-4.79724610638681
-25.010499934940235
-4.807262085013934
-24.964383499187033
-4.815648615990687
-24.915584011303938
-4.8225237239630925
-24.864348541531868
-4.827994041782817
-24.810894900683948
-4.832156138108225
-24.75541549852537
-4.83509766565321
-24.698080637530328
-4.836898357315451
-24.63904133287558
-4.837630892874728
-24.57843173364161
-4.837361655227388
-24.516371207285083
-4.836151392059447
-24.452966138931274
-4.8340557963329855
-24.388311488435793
-4.831126016868702
-24.322492141115166
-4.827409108571281
-24.255584082240965
-4.822948430398596
-24.18765542060432
-4.817783997969106
-24.11876728248956
-4.811952796690734
-24.048974594103864
-4.805489060446116
-23.978326767763974
-4.798424520153854
-23.90686830485019
-4.790788625921883
-23.834639326617477
-4.782608745997774
-23.761676042338394
-4.773910345286552
-23.688011162896736
-4.764717145837221
-23.613674266799837
-4.75505127138366
-23.538692124608062
-4.744933377755675
-23.463088986954368
-4.73438277074479
-23.386886840624317
-4.723417512809968
-23.310105636569606
-4.7120545198375074
-23.232763493216048
-4.700309649020861
-23.15487687798797
-4.688197778798318
-23.076460769595876
-4.67573288167514
-22.99752880330965
-4.6629280906602455
-22.918093401160306
-4.6497957599633475
-22.838165676652807
-4.636347484129017
-22.757756388027936
-4.622594294078409
-22.67687476033145
-4.6085464866433234
-22.595529418649495
-4.594213811763883
-22.513728252581693
-4.579605475922436
-22.431478485366146
-4.564730178439498
-22.34878673629948
-4.5495961449316455
-22.2656590771626
-4.534211158190938
-22.182101083281353
-4.51858258671753
-22.09811787977467
-4.502717411113368
-22.013714183484847
-4.486622248524164
-21.928894341027597
-4.4703033752984656
-21.843662363353232
-4.453766748016002
-21.758021957167326
-4.437018023023077
-21.671976553523148
-4.420062574599483
-21.58552933386368
-4.4029055118698075
-21.498691497102925
-4.385551711790929
-21.411441302442828
-4.368005766596476
-21.323805371194492
-4.350272083275166
-21.235778464065834
-4.332354879134461
-21.14736269440204
-4.314258146648721
-21.058560155245583
-4.295985699378168
-20.96937283816693
-4.277541177514784
-20.87980263013766
-4.258928056891776
-20.7898513225271
-4.240149658104478
-20.699520621430963
-4.221209155193211
-20.60881215754289
-4.202109583828409
-20.517727495322966
-4.182853849018659
-20.426268141478992
-4.163444732373301
-20.33443555281462
-4.1438848989509545
-20.24223114350166
-4.12417690372317
-20.149656291828887
-4.104323197680043
-20.056712346475795
-4.084326133602776
-19.96340063235504
-4.064187971526016
-19.86972271986155
-4.043910934590809
-19.77567937826384
-4.0234970120568665
-19.681272152835184
-4.002948265563201
-19.58650232456216
-3.9822666332884813
-19.491371174650386
-3.961453984008872
-19.39587998851389
-3.940512121093788
-19.300030059535228
-3.919442786308582
-19.203822692623493
-3.898247663438084
-19.107259207592534
-3.8769283817424594
-19.01034094237743
-3.855486519256266
-18.913069256105313
-3.833923605940526
-18.81544553203424
-3.812241126697139
-18.717471180373913
-3.7904405242541546
-18.619147640999792
-3.768523201930058
-18.520476386071298
-3.7464905262843695
-18.42145892256492
-3.724343829661742
-18.322096794730122
-3.702084412635845
-18.222391586477496
-3.679713546359276
-18.122344923706166
-3.657232474825085
-18.02195847657732
-3.634642417045254
-17.92123396174059
-3.611944569151035
-17.820173144518645
-3.5891401064198387
-17.718777841055594
-3.566230185232972
-17.61704992043354
-3.5432159449682477
-17.514991306762283
-3.5200985098313273
-17.412603981245407
-3.4968789906292934
-17.30988998422686
-3.4735584864897455
-17.206851417221007
-3.4501380865286135
-17.103490444928983
-3.4266188714694996
-16.999809297244518
-3.403001915217319
-16.895810271250863
-3.379288286388809
-16.791495733211256
-3.355479049802184
-16.686868120555093
-3.3315752679282995
-16.581929943860935
-3.307578002305289
-16.47668378883814
-3.283488314918669
-16.371132318308312
-3.2593072695487537
-16.26527827418768
-3.235035933086995
-16.159124479471302
-3.2106753768228753
-16.052673840219867
-3.186226677702853
-15.945929347549914
-3.161690919562659
-15.838894079627785
-3.1370691943342623
-15.731571203667688
-3.1123626032286578
-15.62396397793446
-3.0875722578956264
-15.516075753751
-3.062699281561398
-15.40790997751027
-3.0377448101452167
-15.299470192692528
-3.0127099933556623
-15.190760041886959
-2.9875959957675056
-15.081783268818175
-2.962403997879836
-14.972543720377011
-2.9371351971561466
-14.863045348655895
-2.911790809046984
-14.75329221298782
-2.886372067995733
-14.64328848198926
-2.8608802284280066
-14.533038435606358
-2.8353165657251864
-14.42254646716437
-2.8096823771824933
-14.311817085419557
-2.783978982951934
-14.20085491661375
-2.75820772697058
-14.089664706530934
-2.732369977874406
-13.978251322555856
-2.706467129898023
-13.866619755734156
-2.680500603760589
-13.75477512283421
-2.6544718475380966
-13.642722668410284
-2.628382337522326
-13.530467766867359
-2.6022335790666693
-13.418015924527525
-2.5760271074190215
-13.305372781698125
-2.5497644885419546
-13.192544114742358
-2.5234473199204204
-13.079535838152538
-2.4970772313571716
-12.966354006627009
-2.470655885756112
-12.853004817151456
-2.4441849798938917
-12.73949461108584
-2.4176662451799187
-12.625829876258322
-2.391101448405186
-12.512017249067885
-2.3644923924801313
-12.398063516597471
-2.337840917162001
-12.283975618740097
-2.3111488997720437
-12.169760650340415
-2.2844182559030584
-12.055425863354658
-2.2576509401177525
-11.940978669032752
-2.2308489466385915
-11.826426640125728
-2.204014310029679
-11.711777513123474
-2.1771491058714902
-11.597039190527298
-2.150255451429286
-11.482219743162512
-2.123335506316055
-11.367327412537175
-2.0963914731511033
-11.252370613253673
-2.069425598215349
-11.137357935479908
-2.0424401721046674
-11.022298147488428
-2.0154375303825938
-10.907200198271804
-1.988420054233967
-10.792073220243886
-1.9613901711212056
-10.676926532037106
-1.934350355445036
-10.561769641407045
-1.9073031292117077
-10.446612248255947
-1.88025106270887
-10.331464247788727
-1.8531967751925231
-10.216335733815223
-1.8261429355876686
-10.101237002213932
-1.7990922632054087
-9.986178554573256
-1.7720475284795827
-9.871171102028102
-1.7450115537262045
-9.756225569310491
-1.7179872139292962
-9.641353099034102
-1.6909774375568176
-9.526565056234155
-1.6639852074108974
-9.411873033185957
-1.6370135615166799
-9.297288854526373
-1.6100655940545632
-9.18282458270425
-1.5831444563407713
-9.068492523787643
-1.5562533578617304
-8.95430523365819
-1.529395567367986
-8.840275524622864
-1.502574414033758
-8.726416472478203
-1.4757932886887277
-8.612741424061943
-1.4490556451290788
-8.49926400532993
-1.4223650015151237
-8.385998129999969
-1.3957249418636037
-8.272958008804
-1.3691391176429908
-8.160158159396168
-1.3426112494808806
-8.047613416964207
-1.3161451289930393
-7.9353389455971515
-1.2897446207443468
-7.8233502504640375
-1.2634136643525493
-7.711663190863502
-1.2371562767464903
-7.6002939942063135
-1.2109765545911702
-7.489259270999574
-1.184878676893047
-7.378576030903643
-1.15886690779966
-7.2682616999396075
-1.1329455996088904
-23.78882390269119
-3.907436620614893
-23.896019060348785
-3.9687009032019542
-23.986795839777045
-4.024904334102693
-24.06341334856131
-4.076520667889813
-24.127433363274776
-4.123940053944114
-24.1801373770707
-4.16750582380342
-24.222638718492668
-4.2075252310178834
-24.25591959195602
-4.244274690633738
-24.280850727639645
-4.27800348884547
-24.298205873492762
-4.308936857982807
-24.3086738519797
-4.337278644531164
-24.312868923812847
-4.363213650780602
-24.311339771870024
-4.3869096960851195
-24.304577309777354
-4.408519433268358
-24.293021478696442
-4.428181950568822
-24.277067170924894
-4.446024185719127
-24.257069399311742
-4.462162175488744
-24.23334781484815
-4.476702161122691
-24.206190660463776
-4.489741567536773
-24.175858236702595
-4.5013698718583015
-24.1425859443309
-4.511669374905366
-24.10658695980614
-4.520715887451058
-24.06805459171843
-4.528579341595658
-24.027164359620972
-4.5353243362435265
-23.98407583093506
-4.5410106245293465
-23.93893424670909
-4.5456935500376305
-23.8918719628106
-4.549424437791739
-23.843009729533883
-4.5522509452351425
-23.79245782952124
-4.554217377774821
-23.740317091248336
-4.555364972889057
-23.686679793054736
-4.555732156309869
-23.631630470743637
-4.5553547733620166
-23.57524664009546
-4.554266298168357
-23.517599444187105
-4.55249802310722
-23.45875423416081
-4.550079230624924
-23.39877109100144
-4.547037349260088
-23.337705294947312
-4.543398095521047
-23.275607748346992
-4.5391856030693924
-23.21252535706992
-4.53442254049759
-23.148501374967886
-4.529130218844178
-23.083575715348257
-4.523328689862878
-23.017785232958527
-4.51703683595041
-22.95116397957335
-4.510272452539473
-22.883743435921026
-4.503052323676689
-22.815552722376363
-4.495392291428871
-22.746618790572636
-4.487307319693306
-22.67696659784835
-4.478811552927986
-22.606619266231093
-4.469918370264649
-22.535598227478477
-4.460640435420414
-22.46392335553005
-4.450989742782122
-22.391613087581447
-4.44097766000011
-22.318684534863568
-4.430614967395219
-22.245153377004243
-4.419911858707899
-22.171034784095625
-4.408878117729339
-22.096342257275335
-4.397522935757644
-22.021088537764456
-4.385855083193909
-21.94528547094387
-4.373882901066868
-21.86894407260688
-4.361614326248017
-21.792074589947617
-4.349056914929151
-21.714686557748784
-4.336217864503432
-21.63678885019095
-4.323104033976007
-21.55838972866352
-4.309721963019157
-21.479496885919616
-4.296077889776531
-21.400117486885847
-4.2821777675121835
-21.32025820640922
-4.2680272801919
-21.239925264196547
-4.253631857076701
-21.159124457179477
-4.238996686401887
-21.07786118951663
-4.224126728208885
-20.9961405004255
-4.209026726391407
-20.913967090020208
-4.19370122001273
-20.831345343314467
-4.178154553946004
-20.748279352537065
-4.162390888885641
-20.664772937892966
-4.146414210773761
-20.58082966689191
-4.130228339682421
-20.496452872357143
-4.113836938189117
-20.411645669216046
-4.09724351928014
-20.32641097016703
-4.080451453813801
-20.240751500308356
-4.063463977573022
-20.154669810808198
-4.046284197934692
-20.068168291688682
-4.028915100181149
-19.981249183790123
-4.011359553477115
-19.893914589977904
-3.993620316534034
-19.80616648564709
-3.975700042981827
-19.718006728578235
-3.9576012864669603
-19.62943706819168
-3.9393265054941424
-19.540459154244523
-3.9208780680279527
-19.451074545011693
-3.90225825586938
-19.361284714988454
-3.88346926882143
-19.271091062149416
-3.864513228656758
-19.18049491479631
-3.845392182899694
-19.089497538024432
-3.8261081084338384
-18.998100139835337
-3.806662914946083
-18.906303876921704
-3.7870584482167895
-18.814109860147706
-3.767296493265584
-18.72151915974737
-3.7473787773613
-18.628532810261174
-3.727306972904343
-18.53515181523002
-3.707082700188957
-18.4413771516643
-3.6867075300526624
-18.347209774304137
-3.6661829864194586
-18.252650619686946
-3.6455105487431267
-18.15770061003555
-3.624691654356504
-18.062360656981017
-3.6037277007323123
-17.96663166513204
-3.5826200476606767
-17.87051453550277
-3.561370019348334
-17.77401016880966
-3.53997890644403
-17.677119468647582
-3.518447967994572
-17.57984334455466
-3.4967784333355025
-17.482182963996138
-3.474971554029422
-17.384138510280998
-3.453028355064967
-17.285711925652862
-3.4309501887470093
-17.18690342435269
-3.408738031807722
-17.08771423655764
-3.3863930417500487
-16.988145366626497
-3.3639163061493647
-16.88819784387783
-3.34130889457388
-16.78787272503255
-3.3185718600753598
-16.687171096613955
-3.2957062406421715
-16.586094077303024
-3.272713060617277
-16.484642820254916
-3.24959333208341
-16.38281851538013
-3.2263480562175153
-16.280622391594775
-3.2029782246164387
-16.17805571904409
-3.1794848205957513
-16.075119811302855
-3.155868820463519
-15.971816027556144
-3.132131194770712
-15.868145774763788
-3.1082729095398745
-15.76411050981187
-3.084294927473607
-15.659711741654107
-3.0601982091443207
-15.554951033446011
-3.0359837141666577
-15.449830004674597
-3.011652402353931
-15.344350333286279
-2.9872052348598443
-15.238513757815142
-2.9626431753066806
-15.132322079514347
-2.9379671909011424
-15.025777164492569
-2.9131782535389545
-14.918880945857852
-2.8882773408992355
-14.811635425870659
-2.863265437529669
-14.70404267810853
-2.838143535923492
-14.596104849643627
-2.812912637589055
-14.487824163235564
-2.78757375411304
-14.379202919541033
-2.7621279082180075
-14.270243499341614
-2.736576134815125
-14.160948365791885
-2.7109194820528972
-14.051320066689165
-2.6851590123625235
-13.941361236766411
-2.6592958035006755
-13.83107460000964
-2.633330949590316
-13.720462972001526
-2.607265562160199
-13.609529262292384
-2.581100771183687
-13.49827647680021
-2.5548377261174533
-13.38670772024031
-2.5284775969406046
-13.274826198587018
-2.5020215751948403
-13.16263522156783
-2.4754708750260526
-13.05013820519131
-2.4488267342279424
-12.937338674310812
-2.42209041528808
-12.824240265224052
-2.3952632064368684
-12.710846728310766
-2.3683464226998354
-12.597161930709282
-2.3413414069536853
-12.483189859032873
-2.314249530986442
-12.368934622128027
-2.287072196562172
-12.254400453875009
-2.2598108364905305
-12.139591716032186
-2.2324669157015395
-12.024512901125934
-2.20504193232596
-11.909168635386624
-2.1775374187814887
-11.793563681732383
-2.149954942865167
-11.67770294280256
-2.1222961088523307
-11.561591464040845
-2.0945625586022283
-11.445234436831331
-2.0667559726708187
-11.32863720168752
-2.0388780714308443
-11.211805251496797
-2.0109306161995426
-11.0947442348216
-1.9829154103742384
-10.97745995925921
-1.9548343005760966
-10.859958394861826
-1.9266891778022706
-10.742245677619298
-1.8984819785868055
-10.624328113006072
-1.8702146861704294
-10.506212179594916
-1.841889331679681
-10.387904532739645
-1.8135079953155084
-10.269412008329383
-1.785072807551776
-10.150741626617272
-1.7565859503439234
-10.031900596126109
-1.7280496583481306
-9.912896317634486
-1.6994662201513873
-9.793736388246598
-1.6708379795127961
-9.674428605549336
-1.6421673366165914
-9.554980971860754
-1.6134567493372989
-9.435401698574099
-1.5847087345175546
-9.315699210601885
-1.5559258692590958
-9.195882150925485
-1.527110792227584
-9.07595938525491
-1.4982662049718347
-8.955940006805703
-1.4693948732583175
-8.835833341198422
-1.4404996284215725
-8.715648951488195
-1.4115833687315642
-8.59539664333203
-1.3826490607788973
-8.475086470301866
-1.3536997408790106
-8.354728739352467
-1.324738516496547
-8.234334016454012
-1.2957685676912587
-8.113913132400295
-1.2667931485869222
-7.9934771888036575
-1.2378155888649192
-7.873037564289854
-1.2088392952843152
-7.752605920906473
-1.1798677532304283
-7.632194210759908
-1.1509045282941575
-7.5118146828977235
-1.121953267884534
-7.391479890453865
-1.093017702877217
-7.271202698076726
-1.0641016493019602
