1.5019818442990815
1.5095859640582678
1.506977535979831
1.504962949948524
1.5035183459875348
1.5024741992019428
1.5017130110750108
1.501154595319029
1.5007431885348002
1.500439274138535
1.5002144187817297
1.5000479292633417
1.4999246230394307
1.4998332998156791
1.4997656689535408
1.4997155824449542
1.4996784783668948
1.499650972674583
1.4996305574944164
1.49961537698868
1.499604060331875
1.4995955970565238
1.4995892439908902
1.4995844558235594
1.4995808333630471
1.499578085052499
1.499575998406369
1.49957441886358
1.4995732341736032
1.4995723629007
1.4995717459853009
1.499571340568457
1.4995711154865499
1.4995710479948838
1.499571121392534
1.4995713233059944
1.4995716444527944
1.4995720777536128
1.4995726176965674
1.4995732598833647
1.4995740007061427
1.4995748371179218
1.499575766469879
1.4995767863961575
1.499577894732399
1.4995790894581145
1.4995803686558644
1.4995817304822694
1.499583173147316
1.4995846948994935
1.499586294015006
1.4995879687898535
1.4995897175339301
1.4995915385665486
1.4995934302129867
1.4995953908017687
1.4995974186624896
1.4995995121240475
1.4996016695131893
1.4996038891533054
1.4996061693634313
1.4996085084574207
1.4996109047432704
1.4996133565225802
1.4996158620901356
1.4996184197336035
1.4996210277333364
1.4996236843622759
1.499626387885955
1.49962913656259
1.4996319286432627
1.4996347623721882
1.4996376359870638
1.499640547719499
1.4996434957955196
1.499646478436148
1.4996494938580527
1.4996525402742669
1.4996556158949732
1.4996587189283492
1.4996618475814758
1.4996650000613
1.499668174575654
1.4996713693343244
1.4996745825501705
1.4996778124402865
1.499681057227207
1.49968431514015
1.4996875844162956
1.4996908633020951
1.499694150054611
1.4996974429428767
1.4997007402492815
1.499704040270968
1.4997073413212456
1.499710641731009
1.499713939850165
1.4997172340490557
1.4997205227198793
1.4997238042781047
1.499727077163869
1.499730339843363
1.499733590810191
1.4997368285867094
1.4997400517253328
1.4997432588098074
1.4997464484564471
1.4997496193153266
1.4997527700714295
1.4997558994457478
1.4997590061963268
1.4997620891192551
1.4997651470495943
1.4997681788622461
1.4997711834727543
1.499774159838039
1.4997771069570585
1.499780023871404
1.4997829096658128
1.4997857634686127
1.4997885844520853
1.499791371832752
1.4997941248715843
1.4997968428741317
1.4997995251905736
1.499802171215689
1.4998047803887533
1.4998073521933535
1.4998098861571292
1.4998123818514382
1.4998148388909494
1.4998172569331651
1.4998196356778721
1.4998219748665287
1.499824274281585
1.4998265337457448
1.4998287531211645
1.4998309323086016
1.4998330712465069
1.4998351699100696
1.499837228310216
1.499839246492567
1.499841224536356
1.4998431625533117
1.4998450606865112
1.4998469191092019
1.4998487380236032
1.4998505176596841
1.4998522582739258
1.4998539601480678
1.4998556235878482
1.4998572489217312
1.4998588364996353
1.499860386691658
1.4998618998868043
1.4998751329081546
1.4998650023428313
1.4998662424543603
1.499867599562924
1.499868929488919
1.4998702277137828
1.4998714932402921
1.4998727259190285
1.4998739259696656
1.4998750937777978
1.4998762298048023
1.4998773345475267
1.499878408519977
1.4998794522447227
1.499880466248588
1.4998814510602443
1.4998824072086565
1.4998833352219163
1.4998842356262672
1.499885108945229
1.4998859556987822
1.4998867764026016
1.4998875715673239
1.4998883416978523
1.4998890872926924
1.4998898088433215
1.4998905068335884
1.4998911817391423
1.4998918340268967
1.499892464154519
1.4998930725699506
1.4998936597109547
1.499894226004695
1.499894771867338
1.4998952977036861
1.4998958039068304
1.4998962908578366
1.4998967589254493
1.499897208465823
1.4998976398222756
1.4998980533250639
1.4998984492911807
1.499898828024175
1.4998991898139884
