153.17216
164.70716116485812
164.65518094020743
164.61453140652281
164.58310484385095
164.55898160247318
164.54045736090643
164.52615159994875
164.51505769924594
164.50652004331624
164.5001718922475
164.49586295042636
164.4935923791801
164.49345330713024
164.49558962946833
164.50016364488064
164.50733248969877
164.5172314895899
164.5299629520209
164.54558931796714
164.5641298798486
164.58556043869928
164.60981534374577
164.6367913270527
164.66635288028223
164.6983379380568
164.73256435266688
164.76883604463828
164.80694882624772
164.84669545083543
164.88787023901037
164.93027198706724
164.97370932199104
165.01799906040344
165.0629702432834
165.10846439731554
165.1543359806289
165.20045245277961
165.24669405249122
165.29295335660248
165.33913468288253
165.38515338867936
165.43093510735488
165.47641495561098
165.52153673712098
165.5662521613909
165.6105200915102
165.6543058300273
165.6975804489696
165.7403201672072
165.78250577645815
165.8241221157223
165.86512777563905
165.9056033536334
165.94545453243447
165.9847073567995
166.0233605858476
166.06141478072476
166.09887205195653
166.13573583794397
166.17201070889962
166.20770219367003
166.24281662709774
166.2773610157885
166.3113429202992
166.34477035195746
166.37765168271022
166.4099955665059
166.44181087088214
166.47310661766463
166.50389193155897
166.53417599587618
166.56396801441247
166.59327717879248
166.62211264060764
166.65048348775753
166.67839872447942
166.70586725458966
166.73289786755026
166.75949922698243
166.78567986132947
166.81144815638143
166.83681234940698
166.8617805246858
166.8863606102663
166.91056037575737
166.9343874310102
166.9578492255799
166.98095304885948
167.00370603073821
167.02611514276722
167.04818719970396
167.06992886140807
167.09134663499498
167.11244687722763
167.13323579708666
167.1537194585064
167.17390378318584
167.1937945535246
167.21339741560098
167.23271788219193
167.2517613358269
167.27053303182944
167.28903810137794
167.30728155452627
167.32526828321932
167.3430030642597
167.3604905622465
167.37773533245064
167.39474182366388
167.4115143809822
167.42805724852198
167.44437457209878
167.46047040183817
167.47634869471642
167.49201331705052
167.50746804693105
167.52271657656647
167.5377625146061
167.55260938836548
167.56726064600826
167.58171965866427
167.5959897224995
167.6100731356517
167.62397490847746
167.6376971924234
167.65124300163473
167.66461528635026
167.6778169330209
167.69085076598998
167.70371954912954
167.71642598742062
167.72897272849167
167.7413623641149
167.7535974316422
167.76568041542913
167.77761374817624
167.78939981227205
167.80104094106574
167.81253942011443
167.82389748839955
167.83511733949362
167.84620112270449
167.85715094417844
167.86796886797697
167.8786569171215
167.88921707460113
167.8996512843606
167.9099614522532
167.92014944696538
167.93021710092222
167.9401662111606
167.9499985401818
167.9597158167715
167.96931973680842
167.97881196403733
167.98819413083532
167.99746783894744
168.00663466019336
168.01569613716995
168.0246537839345
168.03350908665422
168.04226350424346
168.05091846900052
168.0594753871974
168.0679356396791
168.07630058243703
168.0845715471553
168.09274984176966
168.10083675098124
168.1088335367854
168.11674143895246
168.1245616755393
168.1322954433414
168.13994391837136
168.14750825629784
168.15498959289005
168.16238904444313
168.16970770819663
168.17694666273397
168.18410696837853
168.19118966758825
168.19819578531323
168.20512632938127
168.21198229084067
168.2187646443064
168.22547434831372
168.23211234563138
168.238679563594
168.24517691441764
168.2516052954986
168.25796558971854
168.2642586657348
168.27048537826707
168.2766465683701
168.2827430637098
168.28877567882824
168.2947452154004
168.30065246248412
