0.00443
0.006383598544271031
0.006090724874525652
0.0058331213954429095
0.005594529220438143
0.005368681341378482
0.005152186044311736
0.004942823856616448
0.004739107918363134
0.004540119706757783
0.0043454076334919186
0.004154902331427669
0.003968836706125687
0.0037876671701760163
0.003611995939762382
0.00344249648524407
0.003279845531181346
0.0031246652828312302
0.002977478853450347
0.0028386804611360917
0.0027085202907417456
0.0025871024099803136
0.002474393090390491
0.0023702364292833796
0.0022743741999093803
0.002186467388330006
0.0021061173162407157
0.002032885075971188
0.0019663084647157138
0.001905916113715311
0.0018512387757210218
0.0018018180962677923
0.0017572126804040718
0.0017170030305942601
0.001680794036116791
0.0016482166466228639
0.0016189284734776561
0.0015926136561502228
0.0015689821937056102
0.0015477689021167142
0.0015287321239688307
0.0015116522883653245
0.00149633039522032
0.0014825864790806661
0.001470258092504059
0.001459198837192599
0.0014492769619414462
0.0014403740394680286
0.0014323837289657439
0.0014252106272902318
0.0014187692088737567
0.0014129828524348056
0.0014077816138363896
0.001403107970168225
0.0013989032651670322
0.001395119537441573
0.0013917128524682566
0.0013886439302150957
0.0013858776559167777
0.0013833826402755668
0.0013811308245268022
0.0013790971262133047
0.0013772591218035835
0.0013755967625564114
0.0013740921203544147
0.001372729160480301
0.001371493538598768
0.001370372419445702
0.0013693543149657615
0.0013684289398673613
0.001367587082739069
0.0013668204910919906
0.0013661217688241227
0.0013654842847826876
0.0013649020912247889
0.001364369851107483
0.0013638827732490445
0.001363436554507145
0.0013630273282099442
0.0013626516181588415
0.0013623062975941609
0.001361988552583673
0.0013616958493493309
0.0013614259051033446
0.0013611766620103554
0.001360946263934438
0.0013607330356668079
0.0013605354643645823
0.0013603521829621793
0.0013601819553355928
0.0013600236630358755
0.0013598762934168103
0.0013597389290098195
0.0013596107380090716
0.0013594909657477817
0.0013593789270605582
0.001359273999437448
0.00135917561687955
0.0013590832643904734
0.0013589964730285496
0.001358914815463772
0.001358837901986036
0.0013587653769156296
0.001358696915376761
0.0013586322203918994
0.0013585710202678736
0.0013585130662403624
0.0013584581303516274
0.0013584060035359785
0.0013583564938942497
0.0013583094251348859
0.0013582646351662573
0.001358221974825064
0.0013581813067271365
0.0013581425042262
0.0013581054504731038
0.0013580700375633796
0.0013580361657635543
0.001358003742812016
0.0013579726832825263
0.001357942908007354
0.0013579143435531818
0.0013578869217458188
0.0013578605667670077
0.0013578352446766534
0.0013578108882781872
0.0013577874464007831
0.0013577648713502656
0.001357743118622136
0.001357722146647865
0.0013577019165658926
0.0013576823920112106
0.0013576635389253044
0.001357645325381375
0.0013576277214243434
0.0013576106989263011
0.001357594231450825
0.0013575782941320723
0.0013575628635611313
0.0013575479176826586
0.0013575334357002215
0.0013575193979883681
0.0013575057860123181
0.0013574925822535293
0.0013574797701415313
0.0013574673339908684
0.001357455258942426
0.0013574435309101072
0.0013574321365305362
0.0013574210631171746
0.0013574102986178011
0.0013573998315750734
0.0013573896510897122
0.0013573797467865201
0.0013573701087828522
0.0013573607276591033
0.001357351594431873
0.0013573427005287551
0.0013573340377637424
0.0013573255983157634
0.0013573173747088464
0.001357309359792159
0.0013573015467218384
0.0013572939289456776
0.0013572865001858232
0.0013572792544255877
0.0013572721858953066
0.001357265289058645
0.0013572585586023084
0.0013572519894230297
0.001357245576618804
0.0013572393154766096
0.0013572332014660797
0.0013572272302276674
0.0013572213975667894
0.0013572156994445818
0.0013572101319711634
0.001357204691398687
0.0013571993741149826
0.0013571941766370142
0.0013571890956048601
0.0013571841277774288
0.0013571792700254623
0.001357174519328708
0.0013571698727695282
0.001357165327528809
0.0013571608808830426
0.0013571565301985986
0.0013571522729289899
0.0013571481066115782
0.001357144028863194
0.001357140037377607
0.0013571361299222681
0.0013571323043357585
0.001357128558524124
0.001357124890459049
0.001357121298175286
0.0013571177797679355
0.0013571143333901677
