7.764252658001677
7.290357276880868
6.891618516120935
6.556966263078041
6.275958139938806
6.0390499985191415
5.837765726153623
5.664759013176107
5.513790706499265
5.37965190817598
5.258060773122298
5.145554652786558
5.039391410372269
4.937466124102856
4.838242824306601
4.740695910827889
4.64425309187063
4.548731731674525
4.454263596401431
4.361208320498526
4.270061545753948
4.181367319867911
4.095644542478905
4.013334212888653
3.9347695494675436
3.8601666605067915
3.7896306651847667
3.723171308310948
3.6607227436341865
3.6021635564322025
3.547334628065256
3.496053733265305
3.4481266629943015
3.403355195049088
3.3615424758148835
3.3224964281688867
3.28603174602463
3.2519709348915775
3.2201447470479256
3.1903922592411904
3.162560758558148
3.136505539800397
3.112089673444605
3.089183773732424
3.0676657780703214
3.047420738529215
3.028340621210356
3.0103241146772115
2.9932764038766324
2.977108987205792
2.961739445481405
2.947091209429547
2.933093316146237
2.9196801555123066
2.906791208623511
2.89437078072359
2.8823677313092144
2.8707352040655825
2.8594303591419727
2.848414110033915
2.837650867041058
2.8271082889470915
2.816757044242978
2.806570582902819
2.7965249194334416
2.786598427660527
2.7767716474884465
2.767027103678809
2.757349136532605
2.7477237442309654
2.7381384364868118
2.7285820990812972
2.7190448688015407
2.7095180182567837
2.6999938500258773
2.6904655995773585
2.680927346401717
2.671373932802185
2.6618008898032035
2.6522043696535245
2.6425810844221163
2.6329282502088924
2.6232435365175157
2.6135250203638503
2.603771144720104
2.5939806809211428
2.5841526946853297
2.5742865154274215
2.5643817085652527
2.5544380505450412
2.544455506332095
2.534434209134441
2.5243744421463012
2.51427662211662
2.5041412845647666
2.4939690704813176
2.483760714366498
2.4735170334722714
2.4632389181265903
2.452927323029734
2.442583259423198
2.4322077880411648
2.421802012763468
2.4113670748969245
2.4009041480192814
2.3904144333266313
2.379899155431274
2.3693595585624063
2.3587969031270584
2.348212462593146
2.3376075206606224
2.3269833686903163
2.316341303363356
2.305682624547113
2.2950086334074764
2.2843206303616355
2.273619913875998
2.262907778646325
2.252185514310803
2.241454404179166
2.230715724060709
2.219970741181891
2.2092207131852817
2.198466887202713
2.1877104989961977
2.176952772161145
2.1661949173868265
2.1554381317698392
2.1446835981766967
2.1339324846521817
2.1231859438704332
2.1124451126261596
2.1017111113636373
2.0909850437413584
2.0802679962303845
2.074512372152563
2.0662438738599316
2.057508740880938
2.0491128319612884
2.041339216607066
2.034261141547851
2.0278732302108753
2.022144240898898
2.017037058752018
2.0125155724262207
2.0085465718873934
2.0050999232050817
2.0021482526381402
1.9996665652559047
1.997631918707619
1.9960231680869192
1.9948207684785462
1.9940066181842995
1.9935639291849667
1.9934771157532942
1.993731695544157
1.9943141997726026
1.9952120904944977
1.9964136838184643
1.9979080783247092
1.999685088196151
2.001735180682463
2.004049417558408
2.0066194002526103
2.0094372183171143
2.0124954008945397
2.015786870820852
2.019304900979013
2.023043072489982
2.0269952342917414
2.0311554636101423
2.0355180267650947
2.0400773396685055
2.044827927267633
2.049764381048793
2.054881312754417
2.06017320883287
2.0656347863547917
2.0712602670796816
2.0770437786166496
2.0829791322400775
2.0890597135800273
2.0952783461967317
2.101627119203462
2.1080971662330183
2.114678377855257
2.121359021961588
2.1281252353241413
2.134960332409409
2.141843851134047
2.1487502138340457
2.1556468154395247
2.162491242521664
2.169227145758679
2.1757779780047373
2.182037263983635
2.187853078405758
2.193002560464134
2.1971487159546133
