0.0006211168114339708
0.000628471757425194
0.0006324761542616169
0.0006358907139494485
0.0006391853081007438
0.0006424545522983982
0.0006457181480603911
0.0006489806254894796
0.0006522434252718825
0.0006555073460729034
0.0006587730410300568
0.0006620411189915503
0.0006653121656474335
0.0006685867484234459
0.0006718654180819135
0.0006751487096490522
0.0006784371431949503
0.0006817312245691063
0.0006850314461095424
0.000688338287327162
0.000691652215564539
0.0006949736866282088
0.0006983031453940529
0.0007016410263857865
0.000704987754326808
0.0007083437446660075
0.0007117094040782455
0.0007150851309403651
0.0007184713157836781
0.0007218683417239116
0.0007252765848696455
0.0007286964147102475
0.0007321281944843354
0.0007355722815297537
0.0007390290276160447
0.0007424987792603331
0.0007459818780275496
0.0007494786608158239
0.0007529894601279076
0.0007565146043293749
0.0007600544178943508
0.000763609221639483
0.000767179332946805
0.0007707650659761071
0.0007743667318674348
0.0007779846389342405
0.0007816190928477105
0.0007852703968127913
0.0007889388517363272
0.000792624756387778
0.0007963284075529109
0.0008000501001808386
0.0008037901275247871
0.0008075487823715029
0.0008113263528668677
0.00081512312893623
0.0008189393983802524
0.000822775447893712
0.0008266315631996967
0.0008305080291591906
0.0008344051298729651
0.0008383231487787911
0.0008422623687447871
0.0008462230721591684
0.000850205541016609
0.000854210057001365
0.0008582369015673141
0.0008622863560150403
0.0008663587015661016
0.0008704542194345817
0.0008745731908960702
0.0008787158973541299
0.0008828826204043949
0.0008870736418963638
0.0008912892439929785
0.0008955297092280667
0.000899795320561744
0.0009040863614337982
0.0009084031158151758
0.0009127458682575855
0.0009171149039412996
0.0009215105087211907
0.0009259329691710707
0.0009303825726263398
0.000934859607225022
0.0009393643619472133
0.0009438971266529513
0.0009484581921185814
0.0009530478500715903
0.0009576663932239938
0.0009623141153042434
0.0009669913110877064
0.0009716982764257208
0.000976435308273241
0.0009812027047150767
0.0009860007649907662
0.000990829789518034
0.0009956900799148996
0.0010005819390203803
0.001005505670913843
0.0010104615809329578
0.0010154499756902745
0.0010204711630884054
0.0010255254523338095
0.0010306131539491777
0.0010357345797843713
0.0010408900430259587
0.0010460798582052773
0.0010513043409114298
0.0010565638092748465
0.0010618585802671286
0.0010671889755258983
0.0010725553157243457
0.0010779579235502355
0.0010833971230482745
0.0010888732396176568
0.0010943866000061651
0.0010999375323024925
0.0011055263659267996
0.0011111534316195061
0.0011168190614282614
0.001122523588693054
0.001128267348029431
0.0011340506753097725
0.001139873907642586
0.001145737383349767
0.0011516414419417706
0.0011575864240906696
0.0011635726716010162
0.0011696005273784732
0.0011756703353961676
0.001181782440658664
0.001187937189163578
0.0011941349278606806
0.001200376004608515
0.0012066607681283995
0.0012129895679557775
0.001219362754388863
0.0012257806784344812
0.0012322436917510651
0.0012387521465887074
0.0012453063957262316
0.001251906792405172
0.0012585536902606196
0.0012652474432488224
0.0012719884055715028
0.0012787769315967719
0.0012856133757765953
0.0012924980925607058
0.0012994314363068906
0.001306413761187558
0.001313445421092521
0.0013205267695278915
0.0013276581595109932
0.0013348399434612358
0.0013420724730868376
0.0013493560992673026
0.0013566911719315922
0.0013640780399318765
0.001371517050912777
0.0013790085511760342
0.0013865528855404805
0.0013941503971972389
0.0014018014275600898
0.0014095063161108504
0.001417265400239761
0.001425079015080718
0.0014329474933413246
0.0014408711651276308
0.0014488503577635248
0.0014568853956046664
0.0014649765998468749
0.0014731242883289396
0.001481328775329741
0.0014895903713596373
0.0014979093829460208
0.001506286112413036
0.0015147208576553424
0.0015232139119059063
0.0015317655634977756
0.0015403760956197612
0.0015490457860660436
0.0015577749069796208
0.001566563724589606
0.001575412498942359
0.0015843214836264413
0.0015932909254913778
0.001602321064360278
0.0016114121327362875
0.0016205643555029434
0.0016297779496184529
0.0016390531238039525
0.0016483900782258269
0.0016577890041721366
0.0016672500837233005
0.0016767734894170849
0.0016863593839080654
0.001696007919621677
0.0017057192384030315
