0.004357360016347632
0.004383886478771114
0.00439680414956327
0.0044063269083818276
0.004415432297903677
0.004424441859600548
0.004433313767974787
0.004441984012940209
0.004450406631386179
0.004458551740985463
0.004466400194060466
0.004473939694056504
0.004481162359019055
0.004488063254416473
0.004494639528930221
0.004500889916731761
0.004506814459076577
0.004512414354355376
0.004517691880536145
0.0045226503553868385
0.004527294112970274
0.00453162848322753
0.00453565918546651
0.004539394240493885
