-48.533564328090314
-48.43843555630665
-48.35180736962297
-48.26609292125764
-48.17998254966686
-48.09322708801119
-48.005773430993635
-47.91760344756477
-47.828704379025865
-47.73906399485834
-47.64867014273074
-47.5575109167497
-47.46557481292076
-47.3728508071413
-47.279328376595
-47.184997488328264
-47.08984857135257
-46.993872482373106
-46.89706047110331
-46.79940414848345
-46.70089545949412
-46.60152666124067
-46.50129030638507
-46.40017923165689
-46.29818655099229
-46.19530565278169
-46.09153020068724
-45.986854137527054
-45.88127169175965
-45.77477738616581
-45.667366048374696
-45.55903282293716
-45.44977318469777
-45.339582953259125
-45.22845830836619
-45.11639580607195
-45.003392395565776
-44.889445436569545
-44.774552717216764
-44.65871247234736
-44.54192340215271
-44.424184691117325
-44.30549602720394
-44.18585762123209
-44.06527022640127
-43.94373515791119
-43.82125431262689
-43.69783018874029
-43.57346590537344
-43.44816522206882
-43.32193255810807
-43.19477301159975
-43.066692378270716
-42.937697169896
-42.807794632296954
-42.67699276283527
-42.545300327326856
-42.412726876298194
-42.27928276050355
-42.14497914561939
-42.009828026031116
-41.87384223762262
-41.737035469481036
-41.59942227442404
-41.46101807825777
-41.32183918767284
-41.181902796685044
-41.041226991526905
-40.89983075389894
-40.75773396248778
-40.61495739266282
-40.47152271426377
-40.32745248739448
-40.18277015614268
-40.03750004014964
-39.89166732395745
-39.74529804406886
-39.59841907366014
-39.451058104894315
-39.30324362879101
-39.1550049126161
-39.00637197476512
-38.857375557123085
-38.70804709489447
-38.55841868390801
-38.40852304541262
-38.258393488393004
-38.108063869445594
-37.95756855026914
-37.80694235283683
-37.656220512330336
-37.50543862792999
-37.35463261156828
-37.203838634767266
-37.05309307369469
-36.90243245258424
-36.75189338568037
-36.60151251787768
-36.45132646423737
-36.30137174857328
-36.15168474130905
-36.00230159681692
-35.85325819045573
-35.704590055532165
-35.556332320413205
-35.40851964602272
-35.26118616395566
-35.11436541544502
-34.96809029141514
-34.82239297385312
-34.67730487872541
-34.53285660066186
-34.38907785962203
-34.24599744975042
-34.10364319061737
-33.96204188103122
-33.82121925559466
-33.68119994416558
-33.542007434366546
-33.40366403727358
-33.266190856396676
-33.129607760049225
-32.993933357184964
-32.85918497676411
-32.72537865069185
-32.59252910035487
-32.460649726763094
-32.32975260428697
-32.19984847796271
-32.070946764321214
-31.943055555680782
-31.81618162782803
-31.690330450996687
-31.565506204041103
-31.441711791687872
-31.3189488647388
-31.197217843086904
-31.07651794139866
-30.956847197308544
-30.838202501963796
-30.72057963275332
-30.603973288049946
-30.48837712379235
-30.37378379173119
-30.260184979163203
-30.14757144997829
-30.035933086844476
-29.925258934359977
-29.815537243003117
-29.70675551371628
-29.598900542964245
-29.49195846811279
-29.38591481297998
-29.28075453341828
-29.17646523467308
-29.073021613481462
-28.970415860311896
-28.86862876444946
-28.76764295440773
-28.667440878442225
-28.568004753807987
-28.469316590072328
-28.371358224436374
-28.274111359441257
-28.177557600839524
-28.081678494883782
-27.9864555647134
-27.891870345683223
-27.79790441955149
-27.70453944748044
-27.61175720181974
-27.519539596655555
-27.427868717114915
-27.336726847420348
-27.2460964976955
-27.155960429525216
-27.066301680278098
-26.977103586202116
-26.888349804307524
-26.80002433305237
-26.712111531849636
-26.624596139415512
-26.53746329098103
-26.450698534389684
-26.364287845105345
-26.278217640155024
-26.192474791032357
-26.107046635587068
-26.02192098892701
-25.937086153358386
-25.85253092739043
-25.768244613830202
-25.684217026992027
-25.60043849904774
-25.516899885540745
-25.433592570087846
-25.350508468291604
-25.26764003088545
-25.184980246131893
