6.780409889818944
6.810467538117614
6.8402066960286465
6.86963360636411
6.89875459932068
6.927576094573399
6.95610459564763
6.98434668132595
7.012308994945646
7.039998232222273
7.067421128114269
7.094584443144534
7.1214949495127895
7.148159417264457
7.174584600725391
7.200777225365314
7.2267439752143146
7.252491480925114
7.278026308547793
7.30335494906222
7.328483808695955
7.35341920004115
7.378167333972334
7.402734312357625
7.427126121548489
7.451348626627161
7.475407566386295
7.499308549011826
7.523057048437471
7.546658401337339
7.570117804722023
7.593440314102715
7.616630842187715
7.639694158075806
7.662634886911303
7.685457509966298
7.708166365116442
7.7307656476776225
7.753259411571967
7.775651570792901
7.797945901140232
7.820146042197564
7.842255499525737
7.864277647047389
7.88621572959906
7.908072865628703
7.929852050017795
7.951556157008582
7.973187943218293
7.994750050723419
8.016245010198409
8.037675244094265
8.059043069843717
8.080350703080661
8.101600260862687
8.12279376488645
8.14393314468653
8.165020240809437
8.186056807955188
8.207044518079622
8.227984963451481
8.248879659658906
8.26973004856066
8.29053750117804
8.311303320523942
8.332028744366166
8.352714947922411
8.373363046485045
8.393974097973935
8.414549105416208
8.435089019352036
8.455594740165937
8.476067120343327
8.496506966652365
8.516915042251359
8.537292068722234
8.557638728030735
8.577955664414242
8.598243486198207
8.618502767542395
8.638734050118192
8.658937844718368
8.67911463280077
8.699264867967532
8.719388977381366
8.73948736312065
8.759560403474994
8.779608454183066
8.799631849614398
8.819630903896998
8.839605911992528
8.859557150720846
8.859081808096512
8.858619960655517
8.858171596608162
8.857736704259157
8.857315272077276
8.856907288599382
8.85651274242755
8.85613162221433
8.85576391665184
8.855409614463705
8.855068704399116
8.854741175228488
8.854427015740276
8.854126214738685
8.853838761042018
8.853564643481517
8.853303850900566
8.853056372154139
8.852822196108475
8.852601311640873
8.852393707639607
8.85219937300391
8.85201829664402
8.851850467481267
8.851695874448174
8.851554506488597
8.851426352557858
8.85131140162291
8.851209642662479
8.851121064667227
8.851045656639903
8.850983407595503
8.850934306561415
8.85089834257757
8.850875504696587
8.850865781983906
8.85086916351793
8.850885638390144
8.850915195705253
8.850957824581293
8.851013514149741
8.851082253555637
8.851164031957676
8.85125883852832
8.851366662453882
8.851487492934627
8.851621319184847
8.851768130432959
8.851927915921564
8.852100664907532
8.852286366662065
8.85248501047077
8.852696585633714
8.85292108146548
8.853158487295225
8.853408792466729
8.853671986338442
8.853948058283521
8.85423699768988
8.854538793960218
8.854853436512057
8.855180914777772
8.855521218204615
8.85587433625474
8.85624025840523
8.856618974148105
8.857010472990353
8.85741474445393
8.857831778075777
8.858261563407824
8.858704090017012
8.85915934748527
8.859627325409543
8.860108013401772
8.860601401088905
8.861107478112885
8.861626234130643
8.862157658814102
8.862701741850143
8.863258472940618
8.86382784180232
8.864409838166978
8.865004451781225
8.8656116724066
8.86623148981951
8.866863893811223
8.867508874187832
8.868166420770244
8.86883652339414
8.86951917190996
8.870214356182872
8.87092206609274
8.8716422915341
8.87237502241612
8.873120248662577
8.873877960211816
8.874648147016723
8.875430799044686
8.87622590627756
8.877033458711624
8.877853446357559
8.878685859240393
8.879530687399477
8.880387920888428
8.881257549775109
8.882139564141568
8.883033954084011
