132169.401
101174.69883352454
101333.53681102085
101487.73149706586
101638.02455916774
101785.00208998754
101929.12734684229
102070.76660047291
102210.20962564333
102347.68596718065
102483.3778600834
102617.43049058298
102749.96013874245
102881.06063036466
103010.80843822903
103139.26670390602
103266.48757826602
103392.51671632218
103517.39408412349
103641.15487505044
103763.83112799362
103885.45259209146
104006.04737565907
104125.64242599974
104244.26387747691
104361.93729772426
104478.68785579104
104594.54083410613
104709.5200834259
104823.65046566146
104936.95625956438
105049.461553261
105161.19022651404
105272.16592648812
105382.41204017322
105491.95166573243
105600.80758444643
105709.00223438595
105816.5576865554
105923.49562397382
106029.83732389238
106135.60364322926
106240.8150071361
106345.49140055742
106449.65236257121
106553.31698327172
106656.50390293438
106759.23131320346
106861.51696003144
106963.37814813873
107064.83174673471
107165.89419630996
107266.58151627822
107366.90931330371
107466.89279014802
107566.54675490767
107665.88563050255
107764.92346433108
107863.6739379884
107962.15037698334
108060.36576037845
108158.33273032351
108256.06360141786
108353.57036988979
108450.8647225594
108547.95414088559
108644.85301464782
108741.57291397205
108838.12435599338
108934.51759188593
109030.76261398404
109126.86916267527
109222.84673310936
109318.70458170839
109414.45173248487
109510.09698317139
109605.64891116357
109701.1158792699
109796.50604129514
109891.82734744184
109987.08754954832
110082.29420616318
110177.45468746974
110272.57618005395
110367.6656915382
110462.73005506916
110557.77593368241
110652.80982453057
110747.83806300223
110842.86682671309
110937.90213938871
111032.94987464091
111128.01575963892
111223.1053786751
111318.22417664029
111413.37746239992
111508.57041207813
111603.8080722603
111699.09536310105
111794.43708135426
111889.83790331706
111985.30238770346
112080.83497843133
112176.44000733893
112272.12169682942
112367.88416244203
112463.73141535513
112559.66736482002
112655.69582052782
112751.82049491504
112848.04500540305
112944.37287657421
113040.80754229355
113137.35234776323
113234.010551528
113330.78532741532
113427.67976642936
113524.69687858497
113621.8395946906
113719.11076808242
113816.51317630394
113914.04952273995
114011.72243820239
114109.49918690584
114207.49582633746
114305.56035216975
114403.84642180323
114502.23641280024
114600.7839992946
114699.48731441906
114798.30998915297
114897.32232408015
114996.49369750089
115095.82581583029
115195.35933084192
115295.01419648396
115394.8355329268
115494.82570277966
115594.98624881252
115695.31867543761
115795.82445606908
115896.50502980592
115997.36179875354
116098.3961261153
116199.60933488786
116301.00270699771
116402.57748278251
116504.33486073177
116606.27599741987
116708.40200757718
116810.7139642757
116913.21289918733
117015.89980289507
117118.77562524684
117221.84127573384
117325.09762388223
117428.54549965939
117532.18569387573
117636.0189585926
117740.04600752064
117844.26751641528
117948.68412346016
118053.29642964675
118158.1049991354
118263.11035961326
118368.31300263609
118473.71338395927
118579.31192385659
118685.10900742764
118791.10498489455
118897.30017188091
119003.69484969013
119110.28926555805
119217.08363290827
119324.07813158387
119431.2729080786
119538.66807574959
119646.2637150224
119753.72830552922
119861.59544249547
119969.72253879959
120078.06160806955
120186.61335291166
120295.77597194527
120404.83288857396
120514.07406286642
120623.50595290179
120733.13066480689
120842.94934385826
120952.96278213196
121063.17149658382
121173.57578727859
121284.17540964158
121394.97098008763
121505.9621337391
121617.1486393767
121728.53018443781
121840.10675497302
121951.87727987768
