0.034431
0.03279876647627421
0.03305142716368057
0.03330283723092652
0.03355282332793102
0.033801239578639786
0.0340479764597909
0.03429295535993697
0.03453612297096163
0.03477744658768706
0.03501691023387345
0.03525451146594354
0.03549025873338245
0.03572416919881
0.035956266938424956
0.036186581457341306
0.0364151464656566
0.03664199887043405
0.03686717794650714
0.03709072465545528
0.03731268108735849
0.037533090004344065
0.03775199446854969
0.03796943754008886
0.03818546203307657
0.03840011031983076
0.0386134241749988
0.03882544465278081
0.03903621199157146
0.0392457655412758
0.039454143709364654
0.039661383922377794
0.03986752260013855
0.040072595140400104
0.0402766359119987
0.04047967825494195
0.040681754486086685
0.04088289590931168
0.04108313282925036
0.04128249456781355
0.04148100948287453
0.04167870498855759
0.041875607576710175
0.04207174283918223
0.04226713549060684
0.04246180939143694
0.04265578757103388
0.0428490922506396
0.0430417448660895
0.0432337660901756
0.04342517585455318
0.04361599337113438
0.04380623715291326
0.043995924952914385
0.044185074109153885
0.04437370107519489
0.044561821764047944
0.04474945148436229
0.044936604957319964
0.04512329633286221
0.04530953920524193
0.04549534662792008
0.04568073112780488
0.0458657047188617
0.04605027891508617
0.04623446474287555
0.046418272752800235
0.04660171303079154
0.04678479520876294
0.04696752847468466
0.04714992158212031
0.0473319828592356
0.047513720217311844
0.04769514115875725
0.04787625278464634
0.04805706180179124
0.04823757452936055
0.04841779690505984
0.04859773449088412
0.04877739247845297
0.04895677569394059
0.049135888602608875
0.04931473531295901
0.0494933195804975
0.049671644811147504
0.049849714064286774
0.05002753005544046
0.05020509515862947
0.05038241140837411
0.05055948050137309
0.05073630379784732
0.05091288232256621
0.05108921676555714
0.0512653074825002
0.05144115449481266
0.05161675748942898
0.051792115818277924
0.051967228497457406
0.05214209420611513
0.052316711285024714
0.0524910777348755
0.05266519121426097
0.05283904903737922
0.05301264817143601
0.05318598523375418
0.05335905648859494
0.053531857843676756
0.0537043848464061
0.053876632432934723
0.05404859616255763
0.05422026946062131
0.05439164716645975
0.054562722699135154
0.05473348934818754
0.05490394000800756
0.055074067171628195
0.05524386292419535
0.05541331893611513
0.055582426455877514
0.05575117630254474
0.05591955885790665
0.05608756405829441
0.056255181386046155
0.05642239986062097
0.05658920802935685
0.05675559395786253
0.056921545220039754
0.05708704888772752
0.057252091519963015
0.05741665915185254
0.057580737283041604
0.057744310865781544
0.057907364292578666
0.058069881383426114
0.058231845372600795
0.05839323889502377
0.05855404397217343
0.058714241997539274
0.05887381372161154
0.05903273923639572
0.05919099795943922
0.05934856861736653
0.05950542922890438
0.059661557087395414
0.05981692874278334
0.05997151998305984
0.060125305815166556
0.060278260445334554
0.06043035725885382
0.060581568799261756
0.06073186674693646
0.06088122189708258
0.061029604137100686
0.061176982423325484
0.06132332475711983
0.06146859816031484
0.06161276864997803
0.06175580121250194
0.06189765977699769
0.062038307187978474
0.06217770517732241
0.06231581433549848
0.06245259408204221
0.06258800263527117
0.062721996981217
0.06285453284176895
0.06298556464200891
0.06311504547672428
0.06324292707608417
0.06336915977046417
0.06349369245440231
0.06361647254967115
0.06373744596745413
0.06385655706960014
0.06397374862895353
0.06408896178872711
0.06420213602091525
0.06431320908371845
0.06442211697796751
0.06452879390252558
0.06463317220864936
0.06473518235328964
0.06483475285131063
0.06493181022660452
0.06502627896208198
0.06511808144851058
0.06520713793218
0.06529336646136637
0.06537668283156736
0.06545700052947893
0.0655342306756842
0.0656082819660185
0.06567906061157722
0.06574647027732695
0.06581041201927987
0.06587078422018713
0.06592748252370396
0.0659803997669736
0.06602942591157779
