473.5912686257657
473.2499122948308
472.53172671378564
471.7466600856739
470.94717507168355
470.14159334988955
469.33029058788173
468.5124363434446
467.6871968206314
466.8538996482958
466.01201990598963
465.1611458908107
464.3009502939582
463.4311686767035
462.5515836768078
461.6620133818961
460.76230271938357
459.85231705263965
458.93193740862927
458.00105692326025
457.0595782013239
456.1074113665359
455.1444726335812
454.1706832756218
453.1859688916423
452.19025890105496
451.183486210656
450.1655870121617
449.1365006788269
448.09616973716913
447.04453989579457
445.98156011771084
444.90718272587685
443.8213635342617
442.7240619986699
441.61524138291895
440.49486893711526
439.3629160855121
438.2193586220683
437.0641769121776
435.89735609945006
434.71888631655014
433.52876289931237
432.32698660342317
431.1135638230602
429.8885068108651
428.6518338987026
427.4035697186297
426.1437454234715
424.87239890644395
423.5895750191897
422.29532578756306
420.98971062454166
419.67279653950527
418.34465834318615
417.0053788475052
415.6550490594993
414.29376836851196
412.92164472577576
411.5387948155132
410.1453442166188
408.7414275540103
407.327188638654
405.90278059530635
404.4683659769745
403.02411686508185
401.57021495432997
400.10685162124634
398.63422797540085
397.1525548922998
395.6620530269601
394.16295280720294
392.6554944057338
391.139927690104
389.6165121496852
388.0855167988608
386.54722005566924
385.0019095952076
383.44988217719305
381.8914434471242
380.32690771061203
378.75659768051685
377.1808441966401
375.5999859178382
374.0143689865272
372.42434666568175
370.8302789485571
369.2325321414919
367.6314784202998
366.02749536088544
364.42096544487555
362.81227554119835
361.20181636468936
359.58998191295075
357.97716888283315
356.3637760680595
354.7502037396281
353.1368530107925
351.5241251885127
349.91242111341364
348.30214049037727
346.69368121201023
345.0874386772934
343.4838051078196
341.88316886406864
340.2859137642176
338.6924184080256
337.1030555083333
335.5181912327343
333.9381845579375
332.36338663932816
330.79414019816875
329.23077892882037
327.6736269282861
326.12299815027035
324.5791958858472
323.04251227269054
321.5132278346942
319.9916110536397
318.4779179744274
316.9723918451989
315.4752627935052
313.9867475394941
312.50704914689175
311.03635681236517
309.57484569365556
308.1226767766831
306.6799967816216
305.2469381077612
303.8236188167916
302.4101426539483
301.00659910631964
299.6130634974173
298.2295971169909
296.85624738490577
295.4930480477842
294.140019406985
292.79716857640244
291.4644897684573
290.1419646065923
288.82956246250404
287.52724081630214
286.23494563773994
284.9526117866395
283.6801634306234
282.4175144782491
281.1645690256777
279.9212218149998
278.6873587023952
277.4628571343278
276.2475866300369
275.04140926862607
273.8441801791316
272.65574803200565
271.4759652746522
270.3046423632987
269.14163268932145
267.9867619557553
266.8398524386809
265.7007238677058
264.5691931363488
263.4450745904166
262.3281804221103
261.2183210864917
260.11530571940546
259.0189425493875
257.9290393002486
256.8454035826817
255.76784327399326
254.6961668854222
253.63018391670238
252.56970519765008
251.51454321662615
250.4645124357979
249.41942959317151
248.37911399140617
247.34338777347244
246.31207618524186
245.28500782513447
244.26201488097186
243.2429333542174
242.227603271794
241.21586888569738
240.20757886063552
239.20258644993544
238.20074965996687
237.20193140334476
236.2059996411703
235.21282751457989
234.2222934658662
233.2342813494364
232.24868053287267
231.26538598835407
230.28429837469022
229.30532411021636
228.32837543679005
227.35337047511968
226.38023327164984
225.40889383721216
