262.06834784099607 300.01232056358265 298.45492362743727 
7.139634232994891 9.030062656988694 8.983184622454289 
231.1176303076553 281.958506895905 283.44304532108555 
24.170656228224363 19.989632122071374 20.09487286013769 
0.004387509190681118 0.004385549242039159 0.004385651341182329 
1.5008114020345402 1.5001658618170306 1.5002001755298047 
6.520008227927584 2.8161226811968927 2.845787622099772 
2.009915231784635 1.0492301471538203 1.054754351233379 
31.727597920521998 59.81098454307122 59.812389790347716 
0.05746506954088063 0.046348659760974645 0.04634971360875915 
3.9658248909368115 3.865951226646129 3.84588146638858 
4.8857315158554185e-05 5.9049903212669536e-05 5.874201497191334e-05 
2.8356237163318125 0.9945644964355517 0.9998006816389637 
0.0007972200225016347 0.00033795163026010557 0.00033795763955314835 
0.0057436548485632665 8.319303855867949 8.319495627041539 
0.0010044668460945946 16.42715486588451 -1.1489652940970922 
-0.745785165326374 -0.1402296146376364 -0.0009998846633546411 
8.126381317216417