-688.9340584748837
-686.7931868447162
-684.6950364924073
-682.6683435912465
-680.7188816654236
-678.846554051075
-677.0496586213727
-675.3260200537753
-673.6733120306816
-672.0891639965281
-670.5712067335493
-669.1170976502025
-667.7245372792722
-666.3912807171298
-665.1151455747291
-663.8940173262034
-662.7258526634071
-661.6086813135022
-660.5406066748284
-659.519805550289
-658.5445271985874
-657.6130918772094
-656.7238890143379
-655.875375117715
-655.0660715052879
-654.2945619240201
-653.5594901085565
-652.8595573197517
-652.1935198937376
-651.5601868248012
-650.9584173994652
-650.3871188944615
-649.8452443476335
-649.3317904078235
-648.8457952675566
-648.386336680514
-647.9525300643985
-647.5435266887163
-647.1585119462105
-646.7967037060367
-646.4573507463504
-646.1397312636606
-645.8431514560677
-645.5669441774086
-645.3104676592352
-645.0731042975455
-644.8542595012159
-644.6533605991177
-644.4698558029844
-644.3032132231725
-644.152919934573
-644.0184810900262
-643.8994190786946
-643.7952727269885
-643.705596539725
-643.6299599793274
-643.5679467809795
-643.5191543017647
-643.4831929019007
-643.4596853563204
-643.4482662949038
-643.4485816697855
-643.460288248254
-643.4830531298087
-643.5165532860702
-643.5604751222734
-643.6145140591568
-643.6783741341571
-643.7517676208195
-643.8344146654713
-643.9260429401988
-644.0263873112555
-644.1351895220778
-644.2521978901107
-644.3771670167254
-644.5098575095188
-644.6500357163391
-644.7974736728044
-644.9519478456779
-645.1132409240656
-645.2811395679346
-645.4554352061069
-645.6359236258954
-645.8224047737789
-646.014682563726
-646.2125646927879
-646.4158624635927
-646.6243906133903
-646.8379671493335
-647.0564131896634
-647.279552810531
-647.507212898157
-647.7392230060782
-647.9754152172378
-648.215624010669
-648.4596861325706
-648.7074404715496
-648.9587279378428
-649.2133913463259
-649.4712753031357
-649.7322260957395
-649.9960915862869
-650.2627211081067
-650.5319653651969
-650.8036763345851
-651.0777071714252
-651.3539121167197
-651.6321464075488
-651.9122661897078
-652.194128432658
-652.4775908466793
-652.7625118021631
-653.0487502509443
-653.3361656496071
-653.624617884688
-653.9139671997062
-654.2040741239708
-654.4947994030952
-654.7860039311694
-655.077548684543
-655.3692946571736
-655.6611027974861
-655.9528339467333
-656.244348778785
-656.5355077413517
-656.82617099859
-657.11619837507
-657.4054493010965
-657.6937827593431
-657.9810572328021
-658.2671306540325
-658.5518603556852
-658.8351030223118
-659.1167146434464
-659.3965504679503
-659.6744649596371
-659.9503117541543
-660.2239436171532
-660.4952124037245
-660.7639690191345
-661.0300633808505
-661.2933443818753
-661.5536598554052
-661.8108565408213
-662.0647800510292
-662.3152748411677
-662.562184178706
-662.8053501149359
-663.0446134578953
-663.2798137467261
-663.5107892275047
-663.7373768305467
-663.9594121492231
-664.1767294202963
-664.3891615058027
-664.5965398765014
-664.7986945968993
-664.9954543118815
-665.1866462349551
-665.3720961381237
-665.5516283433967
-665.7250657159597
-665.8922296589992
-666.0529401101827
-666.2070155398116
-666.3542729506247
-666.4945278792537
-666.6275943993209
-666.7532851261523
-666.871411223089
-666.9817824093655
-667.08420696952
-667.1784917642908
-667.2644422429446
-667.3418624569846
-667.4105550751675
-667.4703213997409
-667.5209613838222
-667.562273649825
-667.594055508801
-667.6161029805952
-667.628210814664
-667.6301725114113
-667.621780343876
-667.6028253795871
-667.5730975023978
-667.5323854340759
-667.4804767554192
-667.4171579266568
-667.3422143068485
-667.2554301720078
-667.156588731628
-667.0454721432744
-666.9218615249016
-666.7855369644881
-666.6362775266022
-666.4738612554652
-666.2980651740315
-666.1086652786211
