338.2110693645591
334.9970016458647
331.9285280047081
329.0169104159672
326.25646647409684
323.6379871410004
321.1520548651159
318.78981308637293
316.5430991600603
314.4044229059282
312.36691205772934
310.42425467417047
308.57064553486043
306.80073776449154
305.10959951898775
303.49267526285104
301.9457511385286
300.4649239656341
299.046573456877
297.6873372852232
296.3840886800735
295.1339162686776
293.93410591292997
292.78212432147546
291.6756042432181
290.61233107124036
289.5902307062378
288.6073585461663
287.6618894842359
286.75210881090214
285.87640392738257
285.03325678863797
284.2212370029267
283.4389955230727
282.685258871713
281.9588238490043
281.2585526768221
280.58336853832026
279.93225147607103
279.30423461578647
278.69840068602895
278.1138788073201
277.5498415267122
277.00550207629215
276.4801118361719
275.9729579844316
275.4833613181624
275.0106742312574
274.5542788359559
274.11358521635776
273.68802980320106
273.27707386018835
272.8802020730002
272.4969212329491
272.12675900792385
271.7692627939163
271.42399864101316
271.09055024824846
270.76851802219375
270.4575181945924
270.15718199473076
269.8671548725963
269.58709576920046
269.3166764307164
269.0555807633793
268.8035042263096
268.5601532596587
268.3252447456797
268.0985055004917
267.8796717945053
267.6684888996026
267.4647106613224
267.268099094432
267.07842400037435
266.8954626052052
266.7189992167183
266.54882489956213
266.38473725377867
266.226539689541
266.0740420168234
265.927059314244
265.78541211330537
265.64892607353073
265.5174317562764
265.39076440948656
265.26876376276056
265.15127383214565
265.03814273410165
264.92922250812126
264.8243689475178
264.7234414379354
264.6263028031472
264.5328191577519
264.4428597663942
264.35629690915584
264.2730057527948
264.1928642275216
264.11575290902334
264.04155490546873
263.97015574923284
263.9014432931076
263.8353076107692
263.77164090129196
263.7103373975103
263.6512932780406
263.5944065827858
263.5395771317592
263.4867064470692
263.4356976779176
263.38645552847873
263.33888618851904
263.2928972666442
263.248397726054
263.205297822697
263.1635090457223
263.1229440601344
263.0835166515577
263.04514167303097
263.007734993744
262.9712134496506
262.9354947958824
262.9004976608953
262.8661415022957
262.83234656427754
262.79903383662634
262.7661250152338
262.73354246407484
262.7012091786109
262.6690487505686
262.6369853340642
262.6049436130376
262.57284876995686
262.5406264557727
262.50820276109175
262.4755041885408
262.4424576263061
262.40899032282044
262.37502986258556
262.3405041431062
262.3053413529301
262.2694699507745
262.2328186457282
262.1953163785247
262.1568923038737
262.1174757738439
262.0769963222977
262.0353836503675
261.99256761297454
261.94847820638716
261.9030455568197
261.8561999100706
261.8078716222026
261.7579911512673
261.70648905007425
261.6532959600134
261.5983426059311
261.5415597920629
261.4828783990339
261.42222938192646
261.3595437694246
261.2947526640335
261.2277872433909
261.1585787626663
261.0870585580538
261.0131580513687
260.9368087557457
260.85794228244356
260.776490348763
260.6923847870702
260.60555755493573
260.5159407463806
260.4234666042324
260.3280675335826
260.22967611634107
260.1282251268811
260.0236475487638
259.9158765925266
259.8048457145227
259.6904886367975
259.5727393679708
259.4515322251093
259.32680185655755
259.19848326569473
259.0665118355833
258.9308233544653
258.7913540420673
258.6480405766581
258.50082012280404
258.3496303597677
258.1944095104724
258.0350963709686
257.8716303403164
257.7039514507983
257.5320003983703
257.35571857324305
257.17504809048665
256.98993182053897
256.8003134194828
256.6061373589587
