-355.25999559138444
-351.13660481359204
-347.1925160530337
-343.440040262429
-339.8726254878524
-336.4795054306263
-333.2495967287515
-330.17242057929025
-327.2382725842438
-324.4382080719068
-321.7639862335582
-319.2080089463818
-316.7632629144479
-314.42326686991214
-312.18202385693206
-310.0339782173935
-307.97397682928477
-305.9972341647746
-304.0993007709678
-302.2760348150262
-300.5235763723525
-298.83832417057084
-297.2169145329955
-295.6562022930754
-294.15324347626654
-292.70527956802493
-291.30972320646106
-289.9641451557917
-288.6662624324042
-287.41392746920667
-286.205118216274
-285.0379290866991
-283.91056266626333
-282.82132211410413
-281.76860418921325
-280.75089284433363
-279.76675333487066
-278.814826795742
-277.8938252438945
-277.0025269684054
-276.13977227390205
-275.30445954638094
-274.49554161351654
-273.7120223742627
-272.9529536749216
-272.2174324110373
-271.50459783640065
-270.81362906217214
-270.1437427307002
-269.49419085001597
-268.86425877623225
-268.25326333223063
-267.6605510520289
-267.0854965411519
-266.52750094417917
-265.98599051137046
-265.4604152569845
-264.9502477025144
-264.4549816986176
-263.9741313200562
-263.5072298283963
-263.0538286976614
-262.61349669851955
-262.1858190369071
-261.7703965433602
-261.3668449095704
-260.9747939689707
-260.59388701841596
-260.22378017820125
-259.86414178792154
-259.51465183582104
-259.1750014194675
-258.8448922357574
-258.52403609837745
-258.2121544810047
-257.9089780846398
-257.6142464275734
-257.3277075459506
-257.04911717773587
-256.7782393082897
-256.5148449410119
-256.25871223081003
-256.00962609381
-255.76737792191506
-255.53176531120857
-255.30259180342338
-255.079666639744
-254.86280452624496
-254.65182541031993
-254.44655426748676
-254.24682089801
-254.0524597327936
-253.86330964805407
-253.6792137882992
-253.5000193971721
-253.32557765574722
-253.15574352788917
-252.99037561230872
-252.8293360009731
-252.67249014354724
-252.51970671756183
-252.37085750402122
-252.2258172681843
-252.08446364526208
-251.94667703079656
-251.8123404754914
-251.68133958428547
-251.55356241947112
-251.4288994076606
-251.3072432504394
-251.18848883851373
-251.0725331692238
-250.95927526724907
-250.84861610838007
-250.7404585462175
-250.63470724167706
-250.53126859517866
-250.43005068141514
-250.33096318658735
-250.2339173480163
-250.1388258960337
-250.04560299806087
-249.9541642048073
-249.86442639849125
-249.77630774302943
-249.68972763611637
-249.60460666312883
-249.52086655280468
-249.43843013462882
-249.35722129788118
-249.27716495230015
-249.1981869903018
-249.12021425073183
-249.04317448409537
-248.9669963192372
-248.89160923143507
-248.81694351187423
-248.74293023848125
-248.66950124808005
-248.59658910985817
-248.52412710011706
-248.45204917828278
-248.38028996417088
-248.3087847164803
-248.23746931250753
-248.16628022907224
-248.0951545246403
-248.0240298226388
-247.9528442959575
-247.88153665262942
-247.81004612269223
-247.73831244622207
-247.66627586254555
-247.5938771006252
-247.5210573706254
-247.44775835665877
-247.37392221071286
-247.29949154777168
-247.22440944212843
-247.14861942490106
-247.07206548274954
-246.99469205781534
-246.91644404887893
-246.83726681374432
-246.75710617286765
-246.67590841422555
-246.59362029943836
-246.51018907115642
-246.42556246171043
-246.33968870303912
-246.25251653789385
-246.16399523233238
-246.0740745894972
-245.9827049646848
-245.88983728171038
-245.79542305056074
-245.69941438633668
-245.60176402947477
-245.50242536725364
-245.40135245655483
-245.29850004788537
-245.19382361062983
-245.08727935952032
-244.9788242822983
-244.86841616853397
-244.75601363958043
-244.64157617961317
-244.5250641677152
-244.40643891095672
-244.28566267841342
-244.16269873605248
-244.03751138242316
-243.91006598505945
-243.78032901751868
-243.64826809693912
-243.5138520220211
-243.37705081130127
-243.23783574158452
-243.0961793863898
