1543.8785485059518
1533.1840886869022
1523.012087366307
1513.4005801125868
1504.3282312788865
1495.7620815921923
1487.6687075998543
1480.0166641686926
1472.776884027598
1465.9226065812913
1459.4292072604965
1453.2740153883053
1447.4361412547785
1441.8963168544617
1436.636750688849
1431.6409959643606
1426.8938312194082
1422.3811523451302
1418.089874976865
1414.007846281169
1410.1237652272748
1406.4271105031703
1402.9080753092298
1399.5575083335382
1396.3668602806838
1393.3281353888249
1390.4338474279236
1387.6769797248483
1385.0509488089333
1382.5495713146604
1380.1670338167344
1377.8978653074057
1375.7369120566648
1373.6793146234972
1371.7204868107654
1369.8560963781015
1368.0820473465794
1366.3944637460902
1364.7896746717838
1363.2642005294956
1361.8147403622547
1360.438160160854
1359.1314820710459
1357.8918744185528
1356.7166424808731
1355.6032199415658
1354.5491609690573
1353.552132867335
1352.6099092509755
1351.7203637012947
1350.8814638644265
1350.0912659557216
1349.3479096380497
1348.6496132444813
1347.994669318499
1347.3814404471668
1346.8083553648612
1346.2739053071011
1345.7766405957275
1345.3151674382743
1344.88814492583
1344.4942822149385
1344.132335880318
1343.8011074262308
1343.4994409453068
1343.2262209145229
1342.980370118855
1342.7608476938801
1342.5666472792018
1342.3967952753326
1342.2503491970733
1342.1263961170896
1342.0240511937477
1341.9424562778017
1341.8807785928448
1341.8382094848764
1341.8139632366065
1341.8072759424922
1341.8174044407474
1341.8436252988504
1341.885233849302
1341.941543272638
1342.011883724876
1342.0956015067989
1342.1920582726316
1342.3006302758401
1342.4207076499679
1342.551693722474
1342.6930043598077
1342.8440673419323
1343.0043217647328
1343.173217468801
1343.3502144931688
1343.5347825527285
1343.7264005380684
1343.9245560366048
1344.1287448739429
1344.3384706744432
1344.5532444400924
1344.7725841467666
1344.996014357116
1345.223065849257
1345.4532752606042
1345.6861847461523
1345.9213416505997
1346.158298193725
1346.3966111684808
1346.6358416513224
1346.8755547242642
1347.115319208278
1347.3547074075864
1347.59329486452
1347.8306601245604
1348.0663845112638
1348.3000519107852
1348.531248565708
1348.7595628779513
1348.9845852205237
1349.205907757915
1349.42312427494
1349.6358300138766
1349.8436215197248
1350.0460964934762
1350.2428536532568
1350.4334926032432
1350.6176137102632
1350.7948179879972
1350.964706988715
1351.126882702491
1351.2809474638573
1351.4265038658505
1351.5631546814318
1351.6905027922612
1351.808151124803
1351.915702593785
1352.0127600529781
1352.0989262533217
1352.1738038084188
1352.2369951673713
1352.2881025950219
1352.3267281595872
1352.3524737277144
1352.364940966976
1352.3637313558252
1352.348446201027
1352.3186866625758
1352.2740537861062
1352.214148542822
1352.1385718769106
1352.0469247604685
1351.9388082558942
1351.8138235857402
1351.671572209988
1351.5116559107016
1351.333676883976
1351.137237839155
1350.921942105186
1350.6873937440282
1350.4331976709973
1350.158959781889
1349.8642870867388
1349.5487878500226
1349.2120717371
1348.8537499666675
1348.4734354689688
1348.0707430494947
1347.6452895578186
1347.196694061299
1346.7245780232074
1346.2285654849345
1345.7082832518176
1345.1633610821154
1344.5934318786417
1343.9981318825096
1343.3771008684043
1342.7299823407845
1342.0564237303272
1341.3560765899542
1340.6285967896688
1339.873644709443
1339.090885429325
1338.2799889159012
1337.4406302041798
1336.5724895739772
1335.6752527197564
1334.7486109129043
1333.7922611553092
1332.8059063231312
1331.7892552995336
1330.7420230951418
1329.6639309549464
1328.5547064502991
1327.4140835546211
1326.2418027014062
1325.037610823064
1323.801261369096
1322.5325143020602
1321.2311360697363
1319.8968995518057
