1566.2910810994022
1556.8946874874623
1547.8313288181614
1539.1625757805136
1530.887260729914
1522.9890892225521
1515.4488830251864
1508.2476609495982
1501.3673769223883
1494.7910581026524
1488.5027894506613
1482.4876598948765
1476.7317002905804
1471.221821380563
1465.945754147492
1460.8919933153954
1456.0497442390376
1451.4088732174155
1446.9598611686943
1442.6937605479727
1438.6021553564099
1434.6771240716705
1430.9112053210001
1427.2973661161855
1423.8289724723315
1420.4997622380674
1417.3038199725263
1414.2355537133153
1411.2896734892129
1408.461171441012
1405.745303423609
1403.137571971741
1400.6337105208454
1398.2296687828914
1395.921599185155
1393.7058442872715
1391.5789250989037
1389.5375302266875
1387.5785057851574
1385.6988460116631
1383.8956845303787
1382.1662862150624
1380.5080396043763
1378.918449827507
1377.3951320012352
1375.9358050628744
1374.5382860064249
1373.200484491935
1371.9203978005269
1370.6961061097827
1369.5257680662078
1368.4076166333853
1367.3399551960852
1366.3211539022109
1365.3496462258563
1364.4239257360468
1363.5425430569462
1362.7041030064186
1361.9072619007775
1361.150725014565
1360.4332441849501
1359.7536155511705
1359.1106774201603
1358.5033082500736
1357.930424744146
1357.3909800477657
1356.8839620421913
1356.40839172886
1355.963321698531
1355.5478346800894
1355.1610421640298
1354.8020830960847
1354.4701226367529
1354.164350982732
1353.8839822465952
1353.6282533912379
1353.3964232158687
1353.1877718281326
1353.0015975351207
1352.837220348533
1352.6939767634199
1352.5712211553753
1352.4683245795582
1352.384674043541
1352.3196718124018
1352.272734744317
1352.2432936550053
1352.230792709453
1352.23468883948
1352.2544511857252
1352.2895605628114
1352.339508946426
1352.4037989811984
1352.4819435083054
1352.5734651117616
1352.677895682477
1352.7947759991582
1352.9236553252272
1353.0640910209486
1353.2156481700245
1353.377899219952
1353.5504236354623
1353.7328075644366
1353.9246435156886
1354.1255300480725
1354.335071470375
1354.5528775515077
1354.7785632405298
1355.0117483960526
1355.252057524646
1355.4991195277896
1355.7525674570802
1356.01203827729
1356.2771726369806
1356.5476146463582
1356.823011662075
1357.1030140787243
1357.3872751267656
1357.6754506766354
1357.967199048839
1358.2621808298109
1358.5600586933208
1358.860497227311
1359.1631627659144
1359.467723226572
1359.7738479520597
1360.0812075572983
1360.3894737808519
1360.6983193409578
1361.0074177960248
1361.3164434094988
1361.6250710189804
1361.9329759095656
1362.2398336913125
1362.5453201807813
1362.8491112866084
1363.150882899043
1363.4503107834519
1363.747070477707
1364.0408371934889
1364.3312857214514
1364.6180903402371
1364.9009247293643
1365.1794618859524
1365.453374045305
1365.72233260536
1365.9860080550195
1366.2440699063623
1366.4961866307792
1366.7420255990335
1366.9812530252955
1367.2135339151532
1367.4385320176532
1367.6559097813822
1367.8653283146423
1368.0664473497402
1368.258925211418
1368.44241878948
1368.6165835156255
1368.7810733445372
1368.9355407392195
1369.0796366606626
1369.213010561817
1369.3353103858906
1369.446182569019
1369.5452720472756
1369.6322222680383
1369.706675205716
1369.7682713817942
1369.8166498891924
1369.851448420889
1369.8723033027786
1369.8788495306821
1369.870720811444
1369.8475496080425
1369.8089671885925
1369.7546036791164
1369.6840881199455
1369.5970485256178
1369.4931119480339
1369.3719045427208
1369.233051637941
1369.0761778063975
1368.9009069392614
1368.7068623221817
1368.4936667129673
1368.2609424205336
1368.0083113847015
1367.7353952564204
1367.441815477893
1367.1271933620906
1366.7911501710767
1366.433307192501
1366.0532858136305
1365.6507075921409
1365.2251943229348
1364.7763681001497
1364.3038513734243
1363.8072669975163
