1077.5648593192316
1071.9276946874502
1066.4923123490892
1061.2847212979873
1056.3031778237064
1051.5402172387073
1046.9872202373192
1042.635413501704
1038.4761332722671
1034.500923553917
1030.7015873083828
1027.07021742798
1023.5992153247356
1020.2813006639457
1017.10951449967
1014.0772174861496
1011.1780844592668
1008.4060963963358
1005.755530538656
1003.220949284348
1000.7971883191653
998.4793443426431
996.262762660113
994.1430248428909
992.1159366056108
990.1775160079861
988.3239820559273
986.5517437519305
984.8573896253752
983.2376777587057
981.6895263143534
980.2100045589799
978.796324375518
977.4458322491154
976.1560017100682
974.9244262147814
973.7488124446337
972.62697400197
971.5568254823112
970.5363769020756
969.5637284615007
968.6370656231301
967.7546544869148
966.9148374438345
966.1160290908088
965.3567123905246
964.6354350607704
963.9508061786626
963.3014929860957
962.6862178835186
962.1037555999907
961.5529305281941
961.0326239206076
960.5417326354788
960.0792253279002
959.644101340144
959.2353984798017
958.8521911458879
958.4935885585195
958.158733085939
957.8467986629062
957.5569892947686
957.288537641929
957.0407036797167
956.8127734290472
956.6040577535566
956.4138912191523
956.2416310122275
956.086655913011
955.9483653207477
955.8261783276645
955.7195328387993
955.6278847350387
955.550707076826
955.4874893461808
955.437736724826
955.4009694063518
955.3767219404693
955.3645426075459
955.363992821706
955.3746465608937
955.3960898224105
955.4279201024937
955.4697458986241
955.5211862333036
955.5818701981383
955.6514365171244
955.7295331280798
955.8158167812734
955.9099526542899
956.0116139823045
956.1204817029084
956.2362441147411
956.3585965491817
956.4872410544118
956.6218860912172
956.7622462398742
956.908041917589
957.0589991058912
957.2148490874916
957.3753281920996
957.5401775507305
957.7091428580692
957.88197414245
958.058425543083
958.2382550941219
958.4212245152269
958.6070885535357
958.79564706914
958.9866295335273
959.1798422205364
959.375051737374
959.5720378410656
959.7705826632567
959.9704705416517
960.1714878554818
960.3734228646936
960.5760655526609
960.7792074722157
960.9826415948099
961.1861621626167
961.3895645434023
961.5926450879999
961.7952009902219
961.9970301490546
962.1979310329951
962.3977025463804
962.5961438975728
962.793054468889
962.988233688104
963.1814809014722
963.3725952480848
963.5613755355009
963.7476201165183
963.9311267669839
964.1116925645613
964.2891137683324
964.4631856991559
964.6337026207023
964.8004576210445
964.9632424947682
965.1218476254718
965.2760618686183
965.4256724346284
965.5704647721694
965.7102224515486
965.8447270481491
965.9737580258342
966.0970926202635
966.2145057220418
966.3257697596457
966.4306545820633
966.5289273410823
966.6203523731707
966.7046910808758
966.7817018137071
966.8511397484103
966.9127567686007
966.9663013436765
967.0115184069665
967.0481492330412
967.0759313141158
967.0945982355174
967.1038795501014
967.1035006515912
967.0931826467514
967.0726422263239
967.0415915346642
966.9997380379776
966.9467843910896
966.8824283026613
966.806362398745
966.7182740845905
966.6178454046022
966.504752900308
966.3786674662523
966.2392542036521
966.0861722716969
965.9190747363222
965.7376084163003
965.5414137264639
965.3301245178715
965.1033679146992
964.8607641476235
964.6019263834495
964.3264605507035
964.033965160899
963.7240311251394
963.3962415657014
963.0501716222147
962.6853882520063
962.3014500241461
961.8979069066876
961.4743000465356
961.0301615413481
960.5650142028028
960.0783713104944
959.569736355676
959.0386027739797
