1008.3496987734835
1000.2611411225432
993.1119309879028
986.7964297138573
981.2101350064357
976.2626956439678
971.8768098781253
967.9862007857134
964.5338318653972
961.4704215973254
958.7532166053846
956.344979007139
954.2131491800843
952.3291516711205
950.6678178722095
949.2069040481309
947.9266873923569
946.8096261182703
945.8400722796194
945.0040281692269
944.2889388705154
943.6835149181231
943.1775801319162
942.7619405791417
942.4282713370814
942.1690183086176
941.9773128136052
941.8468970618687
941.7720589263967
941.7475746917113
941.7687552640851
941.8309207871727
941.9303159282395
942.0631334408673
942.2259403867117
942.415566837801
942.6290790627341
942.8637572413921
943.1170756481235
943.3866848673348
943.6703957915284
943.9661651969669
944.2720827197259
944.5863590775755
944.9073154024042
945.2333735646445
945.5630473854512
945.8949346448962
946.2277098052117
946.5601173775297
946.8909658687429
947.2191222522836
947.5435069128595
947.8630890207203
948.1768822958209
948.483941126539
948.783357011363
949.0742552952617
949.3557921754398
949.6271519537822
949.8875445155932
950.1362030163823
950.3723817602172
950.5953542548987
950.8044114306483
950.9988600103563
951.1780210206371
951.3412284340105
951.4878279334936
951.6171757918016
951.7286378580861
951.8215886459319
951.8954105169137
951.9494929546546
951.9832319248129
951.9960293169396
951.987292464561
951.9564337402393
951.902870222698
951.8260234334405
951.7253191405152
951.6001872273883
951.4500616250232
951.2743803055063
951.07258533566
950.8441229892136
950.5884439162069
950.3050033683121
949.9932614788362
949.6526835961038
949.2827406689154
948.882909682687
948.4526741447588
947.9915246172325
947.4989592954875
946.9744846303302
946.4176159914431
945.8278783695125
945.2048071140757
944.547948703707
943.8568615447764
943.1311167945282
942.3702992037028
941.574007973396
940.7418576202731
939.873478843626
938.9685193871412
938.0266448875849
937.0475397019779
936.0309077041334
934.9764730408539
933.883980837416
932.7531978414781
931.5839129940292
930.3759379156019
929.1291072957331
927.8432791734924
926.5183350969575
925.1541801497295
923.7507428330642
922.3079747928842
920.8258503819118
919.3043660484568
917.7435395449422
916.1434089511803
914.5040315095872
912.8254822720827
911.1078525612057
909.3512482510698
907.5557878770591
905.721600586626
903.8488239471098
901.937601630035
899.9880809948705
898.0004105985225
895.9747376599054
893.9112055115828
891.8099510726689
889.671102378781
887.4947762057673
885.2810758241575
883.030088920668
880.7418857217137
878.4165173516144
876.0540144551632
873.6543861104344
871.2176190531917
868.743678182622
866.2325024814722
863.6840114584994
861.0981014084075
858.4746474528415
855.8135047755912
853.1145101620693
850.377483819023
847.6022314461169
844.788546527268
841.9362128065992
839.0450069116335
836.1147010847623
833.1450659828234
830.1358735041676
827.0868996031113
823.9979270534359
820.8687481252338
817.6991671424221
814.4890028913172
811.2380908539029
807.9462852427631
804.6134608183465
801.2395144729124
797.8243665693279
794.3679620265002
790.870271146795
787.3312901840434
783.7510416538025
780.1295743903077
776.4669633570287
772.7633092199491
769.018737694592
765.2333986794605
761.4074651899197
757.5411321077161
753.6346147622259
749.6881473602798
745.7019812819846
741.676383260405
737.6116334633064
733.5080234954197
729.3658543398956
725.18543425779
720.9670766645651
716.7110980027668
712.4178156302054
708.0875457431557
703.7206013543524
699.3172903457639
694.8779136164612
690.4027633461907
