4.389203560854668
4.591535555600804
4.786071693656807
4.9733967642977985
5.153855791526904
5.327728099526512
5.495267328073399
5.65671146924423
5.8122858447252
5.962204370506582
6.106670370668269
6.245877243543635
6.380009057053678
6.50924109554828
6.633740366785627
6.753666073809412
6.869170055110008
6.980397195793289
7.087485812071875
7.190568011104944
7.289770027990759
7.385212541539755
7.477010970311993
7.565275750278918
7.650112595362825
7.7316227420134584
7.8099031788964135
7.8850468626906
7.957142920922165
8.026276842696882
8.092530658133045
8.155983107241168
8.216709798945022
8.274783360889922
8.330273580640352
8.38324753882575
8.43376973475609
8.48190220499164
8.527704635318086
8.571234466547294
8.612546994534506
8.65169546477603
8.688731161926697
8.723703494552884
8.756660075415226
8.787646797555624
8.816707906444051
8.843886068423823
8.869222435677763
8.892756707922862
8.914527191027624
8.93457085273279
8.952923375645096
8.96961920766187
8.984691609974831
8.998172702791173
9.010093508901893
9.020483995218308
9.029373112390957
9.036788832617036
9.042758185736748
9.047307293712038
9.050461403575927
9.052244918935344
9.052681430104593
9.051793742943397
9.049603906467476
9.04613323929691
9.041402355002845
9.035431186410248
9.028239008910731
9.019844462836268
9.010265574942538
8.999519779046635
8.987623935862834
8.97459435207653
8.96044679869501
8.945196528711373
8.928858294116049
8.911446362288384
8.892974531799464
8.873456147655297
8.852904116008308
8.831330918363571
8.808748625304798
8.785168909764227
8.760603059858814
8.735061991314723
8.708556259500464
8.68109607108854
8.65269129536422
8.623351475199437
8.593085837709065
8.561903304605586
8.529812502268193
8.496821771541114
8.462939177275612
8.428172517629363
8.39252933313657
8.356016915561465
8.318642316547328
8.280412356072931
8.241333630727658
8.20141252181613
8.160655203303014
8.119067649607937
8.076655643260628
8.033424782425362
7.989380488304224
7.944528012427882
7.898872443842429
7.852418716200804
7.805171614766648
7.757135783338621
7.708315731102666
7.658715839419719
7.608340368555921
7.557193464362582
7.505279164912359
7.452601407098541
7.399164033203928
7.3449707974452085
7.290025372499454
7.234331356018463
7.1778922771364915
7.1207116029776465
7.062792745167828
7.0041390663570136
6.944753886756774
6.884640490698418
6.823802133216354
6.76224204666172
6.699963447350755
6.636969542252369
6.573263535719541
6.508848636268224
6.443728063408273
6.3779050545299985
6.3113828718501
6.244164809420627
6.176254200204122
6.10765442321846
6.0383689107540786
5.968401155666662
5.897754718747831
5.826433236176214
5.75444042705136
5.681780101012151
5.608456165941924
5.534472635761606
5.459833638312259
5.384543423328184
5.308606370501441
5.232026997638343
5.154809968908212
5.07696010318457
4.998482382478456
4.919381960463331
4.839664171090867
4.75933453729643
4.678398779792836
4.596862825950643
4.514732818763034
4.4320151258925735
4.348716348797563
4.264843331934527
4.180403172033577
4.0954032274428025
4.009851127537738
3.9237547821910206
3.8371223912977883
3.749962454351225
3.6622837800627823
3.574095496021092
3.4854070583830272
3.396228261590206
3.3065692481037976
3.216440518149781
3.1258529394670287
3.0348177570494492
2.9433466028735693
2.851451505602122
2.7591449002541193
2.666439637831082
2.573348994888849
2.4798866830440027
2.3860668584030913
2.291904130902807
2.197413573548248
2.102610731536265
2.0075116312500367
1.9121327891105628
1.8164912202700592
1.720604447131755
1.624490507679765
1.5281679636021999
1.431655908189746
1.3349739739911155
1.2381423402060383
