52.48038967164408 23.341483781449536 10.511306413021753 13.964957425789889 144.03032934931556 
31.643499275751765 128.2167099509811 123.88770791184466 129.45410091048728 3.814812569886656 
28.03496992180049 13.665242829965672 82.75783352010971 52.82966736751578 116.27719391210351 
0.519333281482128 5.721488965997386 46.921863722534574 86.5986765634585 25.44575033859214 
0.005137258736889973 0.004251330472419891 0.004339459169687065 0.004324645282521105 0.003328591306661006 
1.4916605736668171 1.490779603012657 1.4843694836984451 1.4793368798423359 1.4890449739951055 
2.3251174436539968 24.58370798926754 2.3462187261971787 1.2554684491663424 3.2072155655011896 
39.05981454139637 31.021528156315505 0.3684926658714137 0.10647436028110908 0.7124811255182415 
136.63422487120638 24.778000050137457 39.0834735227979 20.082501709607055 8.2426566117146 
0.0007076375347570046 -0.024355605287833704 -0.014496050246276778 -0.029400758970239242 -0.03903556572659531 
2.6613143154334336 6.880418288556236 -0.5096945786876282 -0.5582102585631492 1.9413587293584855 
0.0026624732892235794 0.0001999934624660433 2.4892032092090095e-05 1.3441236926700605e-05 3.520831270562307e-05 
14.523440510186669 0.10724512464642388 0.6779523788357731 0.4283382106338328 0.9366793496571441 
0.2225126824847641 0.00020217054612099754 0.00021629475520519985 0.0001982919104079382 0.00018977375829169795 
0.07464574163113372 4.5645643766295745 4.6508445642967 4.540871055805721 4.48883644213037 
0.00019208767590964593 4.32413097101415 -47.851487021896034 
-37.694570489567106 -58.02237222817316 -9.203576578644233 
6.274136173904489