28.825675383631534 7.610488979332246 143.37886931014785 
39.93403481437523 141.00772035048155 4.211495728772235 
2.5195764377817365 7.12194438427942 115.39072289636229 
1.1066202435661725 4.017073709677428 24.33837623265646 
0.004480958492254303 0.0042862569834754335 0.0050261493193193285 
1.499910247825821 1.4998603671330946 1.5001232285078256 
6.707398680096844 10.358256640274597 3.0830593857069086 
46.12394356758506 18.76960236637596 1.0812488946923662 
101.68422427977559 15.793261878659491 10.084720782927826 
0.008711242626557161 0.008682231078329076 0.004616146046261562 
13.410729939445133 3.52208428758888 0.36242932192891425 
0.0010898640044816202 0.00028718939910614297 5.55832307474187e-05 
19.006114059538426 0.05085090853974322 0.9763831489548191 
0.11919708694030026 0.0003096485284322778 0.0003122943033277083 
0.3239796231510391 3.2515042466140507 3.1236981806589346 
5.46601514651297e-05 5.467491439851882 -1.7320961225976244 
-52.97188407059981 -78.76608389107372 -0.027892529597442064 
2.9781392316890543