169.20015091200003
150.7545893562347
150.77537851029078
150.79763613697438
150.81924116354278
150.8399394596848
150.85971995055914
150.87860226098536
150.8966090277071
150.91376232637225
150.93008324386864
150.945591859279
150.96030727658575
150.97424766267292
150.98743028463326
150.99987154565332
151.018765657335
151.03018694840117
151.03334991239382
151.0425514172444
151.05145081865055
151.05973853628876
151.06738432652364
151.07439346025868
151.08077526888644
151.0865391073752
151.09169385346075
151.09624786187203
151.10020897639842
151.10358454865866
151.10638145702285
151.10860612487147
151.1102645381166
151.11136226200568
151.1119044572338
151.111895895397
151.11134097381284
151.1102437297374
151.1086078540038
151.10643670411014
151.10373331677775
151.10050042000682
151.09674044465035
151.09245553552856
151.08764756210547
151.08231812874615
151.07646858457733
151.07010003296733
151.0632133406439
151.05580914646993
151.04788786989042
151.03944971906967
151.03049469873307
151.0210226177298
151.01103309632933
151.0005255732681
150.98949931255834
150.9779534100739
150.9658867999241
150.95329826062988
150.9401864211129
150.92654976651076
150.9123866438281
150.89769526743584
150.88247372442842
150.86671997985107
150.85043188180487
150.83360716644117
150.8162434628551
150.79833829788637
150.77988910083826
150.76089320812068
150.74134786783128
150.7212502442702
150.70059742243555
150.67938641244015
150.6576141539188
150.63527752040847
150.6123733237114
150.58889831825056
150.56484920542277
150.54022263795986
150.51501522430152
150.4892235329918
150.46284409710057
150.43587341868283
150.40830797327766
150.3801442144554
150.35137857842307
150.32200748868914
150.2920273607903
150.2614346071215
150.2302256417882
150.19839688561734
150.16594477120884
150.13286574810843
150.09915628808218
150.06481289049978
150.02983208783797
149.99421045130237
149.9579445965803
149.92103118972423
149.88346695317506
149.84524867192653
149.80637319983995
149.76683746610905
149.7266384818845
149.68577334705694
149.64423925720808
149.60203351072875
149.55915351611156
149.5155967994178
149.47136101192433
149.42644393795214
149.3808435028781
149.33455778133322
149.2875850055882
149.23992357412752
149.19157206041277
149.14252922183553
149.09279400885947
149.04236557435124
148.99124328309833
148.93942672151144
148.88691570751013
148.83371030058757
148.77981081205013
148.7252178154287
148.66993215705287
148.61395496678685
148.55728766891406
148.49993199316668
148.44188998588976
148.38316402133015
148.32375681303614
152.06585845148717
151.40199045644968
150.74847584374157
150.10905971422827
149.48442810230185
148.8747608401775
148.28006545484195
147.70024410819804
147.13512314495418
146.58447337751068
146.048025460123
145.5254817106025
145.01652520472183
144.52082675790007
144.03805026715352
143.56785677872668
143.1099075638993
142.6638664215871
142.22940137717774
141.8061859091527
141.39389980581922
140.9922297318588
140.60086956685575
140.21952056431473
139.8478913689892
139.4856979219737
139.13266327638547
138.78851734121744
138.4529965667411
138.12584358144798
137.80680678774786
137.49563992134583
137.192101577279
136.89595470390833
136.60696606465308
136.32490566587543
136.04954614797006
135.78066213539344
135.51802953997742
135.26142481040466
135.01062411906585
134.7654024757892
134.52553275575113
134.29078462664464
134.06092335740666
133.83570848778044
133.6148923345257
133.39821830632448
133.1854189954961
132.97621401092718
132.77030751392627
132.56738541856183
132.36711222336373
132.1691274576716
131.97304176404802
131.778432718708
131.5848406556005
131.39176508911146
131.19866299808655
131.00495161640947
130.8100213353023
130.61327095980613
130.41419338979057
130.2125807253584
