1.4967
1.4934958660813211
1.4935680398236115
1.4940210796495714
1.4945243129929957
1.4950214253840637
1.4955010799065662
1.4959595182516616
1.4963945421610692
1.496804575495598
1.497188531976454
1.4975457892354238
1.4978761705129469
1.49817990439845
1.498457575453136
1.4987100663571977
1.4989384966597665
1.4991441622428954
1.4993284786500982
1.4994929304365934
1.4996390277732283
1.499768270757383
1.4998821212869309
1.4999819819402547
1.5000691810548183
1.500144963080702
1.5002104832667567
1.5002668057861939
1.50031490449709
1.500355665642999
1.500389891912216
1.50041830738424
1.500441564271191
1.500460242101217
1.5004748665095615
1.5004859019844397
1.5004937631047652
1.5004988187584025
1.5005013967151197
1.5005017879240796
1.5005002504559926
1.5004970130874276
1.500492278540682
1.500486226402567
1.5004790157323615
1.5004707874103345
1.5004616662187882
1.5004517626829679
1.5004411747635624
1.500429989250391
1.5004182831100523
1.5004061246120715
1.5003935743419865
1.500380686095148
1.5003675076648602
1.500354081537043
1.5003404455018845
1.5003266331919356
1.5003126745547972
1.500298596270064
1.5002844221050469
1.5002701732441261
1.50025586855878
1.5002415248486616
1.5002271570582348
1.5002127784461972
1.500198400747909
1.500184034296863
1.5001696881740298
1.5001553702398243
1.5001410872476078
1.5001268448986602
1.5001126478855065
1.500098499923689
1.5000844037710532
1.5000703612347883
1.5000563731672052
1.5000424394491654
1.5000285589623434
1.500014729549221
1.500000947904582
1.4999872097244737
1.4999735093169488
1.49995983970159
1.4999461924492123
1.4999325575467435
1.4999189232391115
1.4999052758443112
1.4998915995371846
1.4998778760963654
1.4998640846079074
1.4998502011172865
1.4998361982200539
1.4998177519129465
1.4997980353698521
1.4997787602112187
1.4997600979978363
1.499742033514885
1.4997245306327507
1.4997075542297515
1.499691072335647
1.499675056148971
1.4996594797889224
1.4996443199618577
1.4996295556730703
1.4996151679725556
1.4996011397271316
1.499587467232001
1.4995741133498512
1.4995610643897712
1.4995483316061649
1.499535894128339
1.4995237416270426
1.4995118650259471
1.4995002560105837
1.4994889068932133
1.4994778105341868
1.499466960277849
1.4994563498964488
1.4994459735404844
1.4994358256948814
1.4994259011401614
1.4994161949181897
1.4994067023019528
1.4993974187689927
1.499388339978014
1.4993794617483793
1.49937078004221
1.4993622909486495
1.4993539906702755
1.4993458755111833
1.4993379418667356
1.4993301862146868
1.4993226051075423
1.4993151951660242
1.4993079530734663
1.4993008755711041
1.4992939594540786
1.4992872015680256
1.4992805988063524
1.49927414810791
1.4992678464550704
1.4992616908722391
1.4992556784246567
1.4992498062174004
1.4992440713947024
1.499238471139393
1.4992330026724892
1.4992276632530086
1.4992224501777376
1.499217360781212
1.4992123924356753
1.4992075425511642
1.4992028085755116
1.4991981879945007
1.4991936783319608
1.499189277149835
1.4991849820483287
1.4991807906660037
1.4991767006798244
1.4991727098052317
1.4991688157962038
1.499165016445233
1.4991613095833347
1.499157693079996
1.4991541648431037
1.49915072281885
1.4991473649916216
1.4991440893837813
1.4991408940555524
1.4991377771047778
1.4991347366666585
1.49913177091352
1.4991288780544885
1.499126056335222
1.499123304037513
1.4991206194789886
1.499118001012704
1.4991154470267478
1.4991129559438212
1.4991105262208337
1.4991081563484694
1.4991058448506698
1.4991035902842484
1.4991013912383653
1.49909924633404
1.4990971542236915
1.4990951135905957
1.4990931231484292
1.4990911816407144
1.4990892878403128
1.4990874405489458
1.4990856385966183
1.49908388084115
1.4990821661676113
1.4990804934878526
1.4990788617399327
1.4990772698876254
1.499075716919953
