23808.7562496
2405.2265491880366
2421.0973289015824
2435.7270957036844
2449.2308635446057
2461.6439037140904
2473.009330759279
2483.3504014857967
2492.709788183441
2501.1298174357917
2508.655503401711
2515.333746230437
2521.2125915250685
2526.340564132665
2530.766082207055
2534.5369536108383
2537.6998307575864
2540.300345319569
2542.3821412984335
2543.9871201788565
2545.155193283571
2545.924170984869
2546.329744461505
2546.4054562319247
2546.182725896006
2545.6908952245703
2544.9572920473784
2544.007308124691
2542.864486878482
2541.5506175186124
2540.0858328229833
2538.4887078339093
2536.7763587510954
2534.9645390337587
2533.067733143332
2531.099246352045
2529.0712903749086
2526.9950644774985
2524.88083189724
2522.737991537699
2520.5751449803033
2518.4001589366544
2516.2202232893587
2514.0419049309626
2511.871197607568
2509.7135679974976
2507.5739982559876
2505.457025256294
2503.3667767531947
2501.3070046871594
2499.2811158375166
2497.292200022982
2495.343056036177
2493.4362154876285
2491.573964722465
2489.7583649622848
2487.991270813859
2486.274347275368
2484.609085361178
2482.996816457143
2481.438725509216
2479.9358631401938
2478.4891567822183
2477.0994209048254
2475.7673664126214
2474.493609280296
2473.278678487243
2472.1230233088118
2471.027020017048
2469.990978038626
2469.015145614745
2468.0997150032663
2467.2448272603547
2466.4505766362163
2465.717014616204
2465.0441536357557
2464.4319704965947
2463.8804095075116
2463.3893853729596
2462.958785849387
2462.588474188601
2462.2782913853675
2462.028058244879
2461.837577285573
2461.7066344896352
2461.6350009145326
2461.6224341764887
2461.66867981644
2461.773472558115
2461.936537467105
2462.1575910190627
2462.436342084561
2462.7724928373264
2463.16573959257
2463.6157735808274
2464.1222816629665
2464.6849469912795
2465.3034496211885
2465.9774670777606
2466.706674880928
2467.490747033117
2468.3293564723504
2469.222175494086
2470.1688761445216
2471.169130588032
2472.2226114510163
2473.3289921445717
2474.48794716786
2475.6991523943607
2476.9622853424753
2478.2770254324037
2479.6430542306257
2481.060055683642
2482.5277163421497
2484.04572557705
2485.6137757882825
2487.231562607788
2488.898785097711
2490.6151459444186
2492.380351649918
2494.1941127210093
2496.0561438573745
2497.9661641392363
2499.92389721567
2501.929071493982
2503.981420331168
2506.0806822282557
2508.226601027858
2510.4189261163065
2512.6574126304995
2514.9418216705353
2517.271920518758
2519.6474828659625
2522.0682890454896
2524.5341262761362
2527.0447889144175
2529.600078717182
2532.1998051153523
2534.843785499877
2537.531845520195
2540.2638193971748
2543.039550250368
2545.8588904416783
2548.72170193575
2551.6278566787864
2554.5772369967676
2557.5697360142917
2560.6052580958844
2563.683719310527
2566.8050479218155
2569.9691849045053
2573.1760844902014
2576.4257147432063
2579.7180581691314
2583.0531123582887
2586.4308906660444
2589.851422932869
2593.3147562466056
2596.820955749769
2600.370105495189
2603.9623093530395
2607.59769197313
2611.276399805774
2614.9986021859395
2618.764492484749
2622.574289333237
2626.4282379234496
2630.326611392513
2634.2697122956556
2638.2578741746665
2642.291463228859
2646.370880095879
2650.4965617508938
2654.668983532825
2658.8886613072978
2663.1561537768007
2667.471957001096
2671.836940774669
2676.251694471754
2680.716978207925
2685.233605334768
2689.802446486266
2694.4244467562326
2699.100609128723
2703.8321285829597
2708.619930172206
2713.4653665500896
2718.369762960471
2723.334537628148
2728.3612079089044
2733.4513968990486
2738.6068405530773
2743.8293953546126
2749.1210465887107
2754.4839172673155
2759.9202777636665
2765.432556218492
2771.0233497841878
2776.6954367806775
