1579.4338009023988
1574.6251292466816
1569.8549175197247
1565.1212516367934
1560.4221163702384
1555.7555807622036
1551.119833093015
1546.513180758517
1541.9340426402398
1537.3809404061283
1532.852490200296
1528.3473950090429
1523.8644377167182
1519.4024748037396
1514.9604306284723
1510.5372922361603
1506.1321046424505
1501.7439665438715
1497.3720264123394
1493.015478935142
1488.6735617658771
1484.3455525554612
1480.030766235603
1475.7285525300847
1471.4382936718084
1467.1594023059165
1462.8913195613698
1458.6335132752213
1454.385476355473
1450.1467252698576
1445.9167986491893
1441.6952559950867
1437.4816764828918
1433.2756578515266
1429.0768153728409
1424.8847808937385
1420.6992019450036
1416.5197409113464
1412.3460742576797
1408.1778918071368
1404.0148960667161
1399.856801596849
1395.7033344214904
1391.5542314756603
1387.4092400876114
1383.2681174930626
1379.1306303791487
1374.9965544559307
1370.8656740535116
1366.7377817429428
1362.6126779792664
1358.4901707651775
1354.3700753338976
1350.2522138499776
1346.1364151268392
1342.022514359962
1337.9103528746994
1333.7997778877966
1329.69064228174
1325.5828043911417
1321.4761278004155
1317.3704811520563
1313.2657379648927
1309.161776461707
1305.0584794056854
1300.955733945178
1296.853431466294
1292.7514674528882
1288.6497413535262
1284.5481564550391
1280.4466197623071
1276.3450418839388
1272.243336923529
1268.1414223761944
1264.0392190301236
1259.9366508728706
1255.8336450021586
1251.73013154096
1247.6260435566433
1243.5213169839847
1239.4158905518573
1235.30970571342
1231.2027065796378
1227.09483985598
1222.9860547821434
1218.876303074669
1214.765538872309
1210.653718684031
1206.5408013395374
1202.4267479421835
1198.3115218242028
1194.1950885041235
1190.0774156462971
1185.9584730224403
1181.8382324751076
1177.7166678830165
1173.5937551281456
1169.4694720645355
1165.3437984887219
1161.2167161117352
1157.0882085326032
1152.9582612132972
1148.8268614550661
1144.6939983760974
1140.5596628904618
1136.4238476882824
1132.286547217085
1128.14775766428
1124.0074769407368
1119.865704665396
1115.7224421508945
1111.5776923901456
1107.4314600438483
1103.2837514288829
1099.134574507553
1094.9839388776472
1090.831855763276
1086.6783380064574
1082.5234000594132
1078.3670579775485
1074.2093294130752
1070.0502336092595
1065.8897913952505
1061.7280251814689
1057.5649589555217
1053.400618278615
1049.2350302824334
1045.0682236664638
1040.900228695725
1036.7310771988818
1032.5608025667161
1028.3894397509193
1024.2170252631875
1020.0435971745835
1015.8691951151429
1011.6938602736925
1007.5176353978555
1003.3405647942151
999.1626943286075
994.9840714265165
990.8047450735419
986.6247658159123
982.4441857610158
978.2630585779199
974.0814394978485
969.8993853145942
965.7169543848313
961.5342066283031
957.351203527858
953.1680081292999
948.9846850410296
944.8013004334462
940.6179220380815
936.4346191464397
932.251462608512
928.0685248309419
923.8858797748126
919.7036029530288
915.5217714272677
911.3404638044733
907.1597602328683
902.9797423974582
898.8004935150063
894.622098328453
890.4446431007615
886.2682156081638
882.0929051327922
877.9188024546731
873.7459998430696
869.574591047154
865.4046712859948
861.2363372378526
857.0696870287637
852.9048202204107
848.7418377972681
844.5808421530221
840.4219370762584
836.2652277354202
832.1108206630402
827.958823739248
823.8093461745668
819.6624984920045
815.5183925084593
811.3771413154547
807.2388592592253
803.1036619201794
798.9716660917671
794.8429897587847
790.7177520751557
786.5960733412248
782.478074980615
778.3638795166938
774.2536105487035
770.1473927276185
766.045351731787
761.947614242434
757.8543079190924
753.7655613750482
749.6815041528806
