200.68418744701376
435.01209076492466
435.06033282189674
435.07883117049164
435.0964956022229
435.11411561484005
435.1316420450837
435.1490141099734
435.1661821763388
435.18310652486815
435.1997557077302
435.2161051606398
435.2321360452354
435.2478342841188
435.2631897566563
435.278195628551
435.2928477929882
435.30714440450566
435.321085490077
435.33467262444583
435.3479086586977
435.360797493293
435.3733438880227
435.3855533024665
435.39743176216035
435.40898574582667
435.4202220904054
435.4311479107528
435.44177053175923
435.45209743062895
435.46213618796133
435.4718944460087
435.48137987297343
435.4906001327128
435.4995628586254
435.5082756311063
435.5167459596397
435.5249812641729
435.53298886330845
435.540775961485
435.54834963888305
435.5557168429928
435.5628843812894
435.56985891593894
435.5766469576437
435.5832548631879
435.5896888315439
435.5959549018668
435.60205895194076
435.6080066971744
435.6138036902939
435.6194553213819
435.62496681847784
435.6303432485576
435.63558964417365
435.6407104996264
435.64571053765485
435.65059419725935
435.65536576617046
435.66002938322987
435.6645890413101
435.66904859018234
435.6734117396555
435.6776820628175
435.68186299925407
435.6859578584538
435.6899698232621
435.6939019532836
435.69775718844426
435.70153835244975
435.70524815634263
435.70888920196455
435.71246398552313
435.71597490096997
435.71942424352636
435.7228142130296
435.7261469172798
435.72942437540985
435.73264852103506
435.73582120551373
435.7389442010364
435.7420192036841
435.7450478364221
435.7480316519659
435.75097213567904
435.7538707083055
435.75672872860736
435.7595474960425
435.76232825322927
435.76507218843324
435.7677804378947
435.7704540881332
435.6578293884207
435.5635442940205
435.4804238778211
435.4060755001867
435.33882101842397
435.27678301071245
435.2192495302564
435.1652028275113
435.11395518569424
435.0649690846333
435.0178242014748
434.9721916900503
434.9278141225173
434.88448984033846
434.842060741558
434.8004027473137
434.7594183585218
434.7190308434561
434.6791796982947
434.6398171016548
434.6009051448862
434.5624136694077
434.52431857503296
434.48660050113097
434.44924379419683
434.41223570202635
434.375565743942
434.3392252186629
434.3032068198375
434.2675043355221
434.23211241340397
434.19702637723543
434.1622420834491
434.1277558089846
434.0935641636839
434.0596640217599
434.0260524681743
433.9927267567265
433.959684277294
433.9269225301723
433.89443910587477
433.86223166940783
433.83029794829065
433.79863572215413
433.7672428154703
433.73611709226253
433.7052564501153
433.67465881738923
433.64432214988943
433.61424442864666
433.58442365795696
433.55485786401545
433.5255450935373
433.49648341301486
433.4676709076872
433.43910568101745
433.4107858540666
433.38270956511695
433.35487496920166
433.32728023779333
433.2999235584957
433.2728031347516
433.24591718567063
433.21926394570977
433.1928416645725
433.16664860693646
433.14068305231774
433.1149432948963
433.08942764331823
433.0641344206056
433.03906196392063
433.0142086245066
432.9895727674528
432.96515277162166
432.9409470294923
432.9169539469997
432.8931719434421
432.8695994513066
432.8462349161945
432.8230767966266
432.80012356396634
432.77737370230466
432.7548257082809
432.73247809097234
432.71032937189113
432.68837808467134
432.66662277509124
432.64506200094235
432.62369433186876
432.60251834928624
432.5815326462397
432.56073582736616
432.54012650868003
432.5197033175659
432.4994648925937
432.4794098834794
432.45953695092714
432.439844766544
432.4203320127669
432.40099738270595
432.3818395801019
432.36285731918383
432.34404932459466
432.32541433129444
432.30695108444297
432.28865833934856
432.2705348613251
