5240602.8626112
715767.0685164257
711932.5203251782
708198.6650615003
704589.6233293449
701104.5485760989
697742.6264816914
694496.7238236462
691363.5965695425
688339.1346988931
685419.3398228115
682600.3198531021
679878.2826726991
677249.5306973731
674710.4568819873
672257.5423241872
669887.305254269
667596.5000330901
665381.8245403053
663240.1162454835
661168.3119916321
659163.4323247845
657222.6129803504
655343.0883913202
653522.1988107145
651757.3919906786
650046.2242047265
648386.3605820389
646775.5747543031
645211.7478409099
643692.8668438586
642217.0224032826
640782.4062645198
639387.3081074925
638030.1122108351
636709.2937952995
635423.415188072
634171.121860452
632951.1383947663
631762.2644299117
630603.3706276045
629473.3946959891
628371.3374982455
627296.2592722008
626247.2759779061
625223.5557877807
624224.3157291326
623248.8184855286
622296.3693605601
621366.3134050901
620458.0327069926
619570.9438408145
618704.4954734785
617858.1661211443
617031.4620515603
616223.9153257327
615435.0819724172
614664.540288655
613911.8892595366
613176.7470904137
612458.7498448127
611757.5501815083
611072.8161844217
610404.2302791997
609751.4882306345
609114.2982153514
608492.3799644917
607885.4639713507
607293.2907593367
606715.6102057578
606152.1809173673
605602.769653753
605067.1507949653
604545.1058500666
604036.4230034347
603540.8966959142
603058.3272382045
602588.5204538776
602131.287349827
601686.443811967
601253.8103242114
600833.2117089621
600424.4768873652
600027.4386578773
599641.9334916298
599267.8013433648
598904.8854766832
598553.0323025243
598212.0912298488
597881.9145275884
597562.3571970096
597253.2768536846
596954.5336183631
596665.9900160595
596387.5108827486
596118.9632791114
595860.2164108104
595611.1415548167
595371.6119913618
595141.5029411061
594920.6915071666
594709.0566216559
594506.4789964427
594312.8410778312
594128.0270049196
593951.9225713816
593784.4151904786
593625.3938630838
593474.749148543
593332.373138216
593198.1594315429
593072.0031144882
592953.8007402564
592843.4503121594
592740.8512685316
592645.9044696005
592558.5121862388
592478.5780905195
592406.0072480098
592340.7061117479
592282.5825178612
592231.5456827647
592187.5062019201
592150.3760501421
592120.0685833793
592096.4985420154
592079.582055641
592069.2366492869
592065.3812511583
592067.9362018479
592076.8232650368
592091.9656397125
592113.2879739492
592140.7163802235
592174.1784523623
592213.6032841351
592258.9214895245
592310.0652247616
592366.9682121847
592429.5657659307
592497.7948196378
592571.5939561408
592650.9034393086
592735.6652481114
592825.8231130041
592921.3225547818
593022.1109259852
593128.1374550355
593239.3532932302
593355.7115647555
593477.1674198863
593603.6780915876
593735.202955683
593871.7035948265
594013.1438665157
594159.4899753871
594310.7105500607
594466.7767248652
594627.6622266977
594793.3434674114
594963.7996420668
595139.0128334776
595318.9681234256
595503.6537110412
595693.0610388402
595887.1849269599
596086.0237161466
596289.5794201471
596497.8578881611
596710.8689780935
596928.6267414106
597151.1496204104
597378.4606588826
597610.5877271283
597847.5637624529
598089.4270263247
598336.1991790168
598587.9748473368
598844.7865733891
599106.6976429209
599373.7774368257
599646.1019355905
599923.7570351793
600206.8345802899
600495.4597243696
600789.6951951876
601089.6847628474
601395.5588073762
601707.4586467415
602025.537229492
602349.9598781263
602680.905089672
603018.5653987891
603363.1483088246
603714.877296736
604073.9928981347
604440.7538796029
604815.4385057106
605198.345909109
