10.237
16.03180188019344
16.20104283299707
16.350330861544165
16.4844127963194
16.60710685590626
16.721268231309182
16.828994419711943
16.931827155550373
17.030907533129803
17.127087521092832
17.221008932826457
17.31315933895371
17.403911873256614
17.49355417384242
17.582309109026518
17.6703503457746
17.757813763066306
17.844806064039616
17.93141127948532
18.017695727507203
18.103711837165022
18.189501064901897
18.275096225796045
18.36052325971166
18.445802649453224
18.530950532580345
18.615979572771945
18.700899677908666
18.785718536594697
18.87044209438844
18.95507487082383
19.03962030008063
19.124080900509146
19.2084585049723
19.292754404620542
19.37696946189587
19.461104175786115
19.545158836300395
19.629133500707344
19.71302811226538
19.796842492963243
19.88057639297501
19.96422951878233
20.047801545929342
20.13129214283138
20.214700955698127
20.298027637738127
20.38127187858325
20.46443334557217
20.547511743916747
20.630506784253004
20.71341820818064
20.796245750213675
20.878989184797486
20.961648277211296
21.04422282456461
21.126712623632766
21.209117465295563
21.291437167158016
21.373671528500452
21.455820352939966
21.537883452400877
21.61986060855164
21.701751612724582
21.783556239349554
21.86527424266919
21.946905362806287
22.028449329330513
22.10990582477506
22.191274553518454
22.272555151474084
22.353747240891533
22.434850420886175
22.515864261780653
22.596788291295766
22.677622007764114
22.75836487877298
22.83901632678657
22.919575740090153
23.00004247806121
23.080415834993307
23.160695097659552
23.240879472369233
23.320968156996667
23.400960283062133
23.48085495146134
23.56065119753823
23.640348044251247
23.719944430583908
23.79943928035453
23.878831434611033
23.958119717409478
24.037302892466712
24.116379669712735
24.19534871014038
24.274208632364125
24.352957996066
24.431595319721772
24.51011905504154
24.588527608860655
24.666819351673947
24.74499257924665
24.823045542778647
24.900976451143915
24.978783438668742
25.056464615403456
25.134018016722184
25.211441631898293
25.288733390274135
25.36589118465566
25.44291284585232
25.51979612687982
25.596538770521626
25.673138442306733
25.74959274800448
25.82589924149141
25.90205545236344
25.978058807158128
26.0539067190168
26.129596526864844
26.205125511472
26.28049092623774
26.355689940991383
26.43071969843172
26.50557724804036
26.58025962767034
26.654763799582376
26.729086676643444
26.80322511351502
26.877175924431082
26.95093587020551
27.02450163353372
23.911402329825673
24.017589101212987
24.122646398076146
24.226627644916146
24.32957494733708
24.43152239578735
24.532498386285443
24.632527116124226
24.731629678504625
24.829824767419346
24.927129244927677
25.023558475108
25.11912663371441
25.213846921769758
25.3077316890563
25.400792612583537
25.493040738785293
25.58448660475755
25.6751402804706
25.765011425968243
25.854109353735115
25.94244299491386
26.030021039915596
26.116851862641703
26.202943605948878
26.288304164054274
26.3729412129907
26.456862246979657
26.54007453950175
26.622585190724294
26.70440112383903
26.785529100567377
26.865975725913025
26.945747436428896
27.024850529612884
27.103291149794778
27.18107532145495
27.258208907286683
27.334697652727524
27.41054716670141
27.485762927184002
27.560350303739042
27.6343145025627
27.70766064267118
27.780393719655684
27.852518586154027
27.92404000026595
27.99496259548454
28.065115229638366
28.13485235500816
28.204003804258537
28.272753043764038
28.340746672214944
28.40816666574194
28.475016761370195
28.541300566198025
28.60702148609379
28.672182784753485
28.736787500655574
28.800838430374874
28.864338099299207
28.927288692118207
28.98969190460015
29.05154887187424
29.112859915541602
29.173624138682356
