12458.0042496
16093.26229856922
16251.082928676416
16408.93035484669
16566.773634760244
16724.61126775884
16882.445515484895
17040.27898651489
17198.114186988023
17355.953462709018
17513.79899282503
17671.652790238157
17829.51670284273
17987.392414807447
18145.28144779869
18303.185162130692
18461.23307722773
18619.172199616263
18776.991531862557
18934.956865290063
19092.948255164938
19250.9600464259
19408.991705884844
19567.04323283358
19725.114561473478
19883.205483451282
20041.31563801594
20199.44451089832
20357.59143425262
20515.75558666488
20673.935993098567
20832.131524760913
20990.340898887654
21148.562678446062
21306.7952717564
21465.036932031806
21623.285756836973
21781.539687465687
21939.796508237316
22098.053845713108
22256.30916783185
22414.55978296582
22572.802838896852
22731.03532171354
22889.254054629415
23047.455696722885
23205.636741599243
23363.793515975656
23521.922178188855
23680.01871662726
23838.07894808719
23996.098516054273
24154.072888910985
24311.997358070537
24469.86703603841
24627.676854402183
24785.421561750623
24943.09572152316
25100.69370979045
25258.209712967564
25415.63772546075
25572.97154724889
25730.20478140158
25887.330831534284
26044.34289920308
26201.233981239962
26357.996867030568
26514.624135736045
26671.10815346133
26827.441070371315
26983.614817757323
27139.621105056325
27295.45141682515
27451.097009670186
27606.548909142868
27761.79790659136
27916.834555981848
28071.649170688466
28226.23182025556
28380.572327135873
28534.66026340859
28688.484947480683
28842.03544077623
28995.300544417543
29148.26879590293
29300.92846578577
29453.26755435988
29605.273788356495
29756.934617658433
29908.237212037187
30059.168457918408
30209.71495518418
30359.86301401506
30509.598651783108
30658.907589999766
30807.775251327854
30956.186756665356
31104.126922308653
31251.58025720466
31398.53096029982
31544.962917996305
31690.859701724134
31836.204565639848
31980.980444461868
32125.169951453525
32268.755376564648
32411.71868474387
32554.041514432723
32695.70517625485
32836.69065191255
32976.978593303895
33116.549321874176
33255.38282821538
33393.45877192856
33530.75648176301
33667.25495604857
33802.932863435184
33937.76854395704
34071.74001043613
34204.824950243135
34337.00072743125
34468.24438526135
34598.53264913508
34727.84192995409
34856.14832792313
34983.42763681556
35109.655348719294
35234.8066592819
35358.85647347308
35481.77941188417
35603.54981758213
35724.14176353733
35843.529060644156
35961.68526635186
36078.5836939248
40371.767403404316
40872.979107876505
41358.173429694005
41829.40920887065
42288.272486726615
42736.048571080086
43173.79520430342
43602.39074780543
44022.5698233736
44434.95049745956
44840.05532030824
45238.32779036024
45630.14536269782
46015.82981399261
46395.65556190818
46769.85638413696
47138.63087195918
47502.14687258959
47860.54511495043
48213.94216889833
48562.43285418398
48906.092189597606
49244.976952756915
49579.126905308265
49908.565725832836
50233.301682650286
50553.32807037109
50868.62342699892
51179.151542235864
51484.86126210811
51785.68608983702
52081.54357780971
52372.334500333476
52657.941791376536
52938.22922545936
53213.03981301744
53482.19387358059
53745.486740623026
54002.68604045882
54253.52847345284
54497.716008250354
54734.91137771123
54964.73273711579
55186.74730926744
55400.46379437068
55605.323261388614
55800.6881565263
55985.82895589253
56159.907842107226
56321.95858222643
56470.86150215931
56605.312053117945
56723.780889742375
56824.46253374163
56905.20842778439
56963.43823434783
56996.020156186925
56999.10604582765
56967.89862855846
56896.31334315783
56776.47001898426
56597.896432673166
56346.21473989537
56000.82901747062
