2.818387589602255
2.761097819701795
2.7065274887421262
2.6544708526687417
2.604778547917089
2.557319573447716
2.511973737210051
2.4686294958923947
2.4271827542814735
2.3875360215582093
2.349597727254324
2.313281652923254
2.278506454179318
2.2451952547279452
2.2132752981811694
2.182677646507319
2.153336917273491
2.1251910478320446
2.0981810911427172
2.072251028143963
2.0473475990036096
2.023420149143018
2.0004204878452323
1.9783027576766052
1.9570233133271708
1.936540608685864
1.9168150912074753
1.8978091027934323
1.8794867865410898
1.8618139988213613
1.8447582262294708
1.8282885070173829
1.8123753566746919
1.7969906973638667
1.7821077909527112
1.7677011754150525
1.7537466043942096
1.7402209897433503
1.7271023468732924
1.7143697427522282
1.702003246413825
1.689983881840534
1.6782935830980474
1.6669151516049323
1.655832215428679
1.645029190505972
1.6344912436909238
1.6242042575404878
1.6141547967513048
1.6043300761669275
1.5947179302787198
1.5853067841478146
1.5760856256793327
1.5670439791836632
1.5581718801629922
1.54945985126446
1.5408988793443246
1.5324803935903748
1.5241962446525104
1.5160386847339509
1.5080003485979376
1.5000742354470735
1.4922536916345799
1.4845323941688013
1.476904334974201
1.4693638058739158
1.4619053842606582
1.4545239194243895
1.4472145195067214
1.4399725390534708
1.432793567138168
1.4256734160306312
1.4186081103859516
1.4115938769304142
1.4046271346219819
1.3977044852640224
1.3908227045519665
1.3839787335335103
1.3771696704638867
1.3703927630385795
1.363645400986648
1.3569251090086105
1.3502295400435538
1.343556468850827
1.3369037858923363
1.330269491502082
1.323651690330173
1.317048586049117
1.3104584763107254
1.3038797479424817
1.2973108723727176
1.290750401274396
1.2841969624177565
1.2776492557224937
1.2711060495005486
1.2645661768809788
1.2580285324087417
1.2514920688095796
1.2449557939135334
1.238418767729928
1.231880099666999
1.2253389458896005
1.2187945068087405
1.2122460246969466
1.2056927814237337
1.1991340963056856
1.1925693240659117
1.185997852897855
1.179419102628664
1.1728325229775336
1.166237591904637
1.1596338140464542
1.153020719233494
1.1463978610865824
1.139764815688061
1.1331211803244083
1.1264665722969456
1.119800627797453
1.1131230008456539
1.106433362285676
1.0997313988387303
1.0930168122093695
1.0862893182428282
1.0795486461310504
1.0727945376651367
1.0660267465320474
1.059245037653509
1.0524491865651688
1.04563897883415
1.0388142095132435
1.0319746826300769
1.0251202107096766
1.0182506143289396
1.0113657217016008
1.004465368292369
0.997549396458981
0.9906176551209971
0.983669999454236
0.9767062906098145
0.9697263954568291
0.9627301863477847
0.9557175409059346
0.9486883418337663
0.941642476741929
0.9345798379979562
0.9275003225941992
0.9204038320344514
0.9132902722387914
0.9061595534662412
0.899011590254891
0.891846301379194
0.8846636098242019
0.877463442776561
0.8702457316321525
0.8630104120203203
0.8557574238446808
0.8484867113405855
0.841198223149352
0.8338919124094577
0.8265677368649469
0.8192256589913723
0.8118656461396669
0.8044876706984082
0.7970917102750159
0.7896777478965086
0.7822457722305186
0.7747957778273671
0.7673277653840738
0.7598417420313007
0.7523377216443043
0.7448157251791064
0.7372757810351935
0.7297179254461903
0.7221422029000821
0.7145486665907025
0.7069373789023539
0.6993084118772532
0.6916618476155436
0.6839977794070516
0.6763163120080949
0.6686175623598508
0.6609016603377095
0.6531687494957563
0.6454189879388381
0.6376525492494333
0.6298696236966466
0.62207041859085
0.6142551598128014
0.6064240929599689
0.5985774846071314
0.5907156236572525
0.5828388227882394
0.5749474200024334
0.5670417802862888
0.5591222973882715
0.5511893957235623
0.5432435324147563
0.5352851994783597
0.5273149261675262
