191.2159213043049
191.25273812863966
191.28919054383846
191.32527857701598
191.36100224734312
191.39636157540596
191.43135658549042
191.46598730591182
191.50025376888573
191.53415601029857
191.567694069466
191.60086798889873
191.63367781408243
191.66612359327257
191.6982053773037
191.7299232194135
191.7612771750796
191.7922673018699
191.82289365930416
191.8531563087264
191.88305531318784
191.91259073733886
191.9417626473292
191.97057111071635
191.99901619638086
192.02709797444808
192.0548165162162
192.08217189408907
192.10916418151504
192.13579345292936
192.16205978370132
192.18796325008506
192.21350392917398
192.238681898858
192.26349723778452
192.28795002532118
192.312040341522
192.335768267095
192.35913388337275
192.3821372722839
192.40477851632758
192.42705769854862
192.4489749025147
192.4705302122948
192.49172371243904
192.51255548795967
192.53302562431318
192.5531342073835
192.57288132346622
192.59226705925366
192.61129150182057
192.62995473861122
192.64825685742636
192.6661979464118
192.68377809404674
192.70099738913345
192.71785592078692
192.73435377842554
192.75049105176168
192.76626783079342
192.78168420579627
192.7967402673152
192.8114361061574
192.82577181338527
192.8397474803095
192.85336319848295
192.86661905969444
192.87951515596293
192.89205157953185
192.9042284228642
192.9160457786372
192.92750373973743
192.93860239925658
192.94934185048652
192.95972218691568
192.96974350222442
192.9794058902819
192.9887094451416
192.99765426103843
193.00624043238514
193.01446805376884
193.02233721994844
193.02984802585098
193.03700056656953
193.0437949373598
193.05023123363804
193.05630955097826
193.0620299851098
193.0673926319151
193.07239758742756
193.07704494782934
193.08133480944917
193.0852672687607
193.08884242238025
193.09206036706536
193.09492119971276
193.09742501735698
193.09957191716845
193.10136199645208
193.10279535264596
193.10387208331957
193.1045922861727
193.10495605903404
193.10496349985976
193.10461470673255
193.1039097778603
193.10284881157494
193.10143190633121
193.099659160706
193.09753067339682
193.09504654322134
193.09220686911584
193.0890117501348
193.0854612854497
193.08155557434822
193.07729471623338
193.07267881062273
193.06770795714755
193.06238225555202
193.05670180569243
193.0506667075364
193.04427706116235
193.0375329667585
193.03043452462228
193.02298183515953
193.01517499888388
193.0070141164161
192.99849928848317
192.9896306159179
192.98040819965783
192.9708321407451
192.96090254032515
192.9506194996464
192.9399831200594
192.92899350301622
192.91765075006958
192.90595496287222
192.8939062431761
192.8815046928316
192.86875041378693
192.85564350808704
192.84218407787318
192.82837222538168
192.81420805294346
192.79969166298275
192.78482315801668
192.76960264065397
192.75403021359415
192.73810597962654
192.72183004162935
192.70520250256845
192.68822346549658
192.67089303355192
192.6532113099573
192.63517839801878
192.61679440112465
192.598059422744
192.57897356642562
192.55953693579664
192.53974963456122
192.51961176649897
192.4991234354639
192.4782847453826
192.45709580025303
192.43555670414273
192.41366756118737
192.3914284755891
192.3688395516149
192.345900893595
192.32261260592088
192.29897479304356
192.27498755947198
192.2506510097709
192.22596524855913
192.20093038050754
192.17554651033691
192.14981374281635
192.12373218276085
192.09730193502918
192.07052310452212
192.04339579618002
192.01592011498047
191.98809616593658
191.95992405409413
191.93140388452974
191.9025357623484
191.8733197926811
191.8437560806823
191.8138447315282
191.78358585041357
191.75297954254975
191.7220259131621
191.69072506748768
191.65907711077256
191.62708214826964
191.59474028523596
191.56205162693024
191.5290162786107
191.49563434553212
