31.727597920521998
31.74412299842356
31.760541696460937
31.776854344997137
31.79306117090839
31.80916237026121
31.82515812491975
31.84104860702419
31.856833980581573
31.87251440235077
31.888090022536264
31.903560985409044
31.91892742988032
31.934189490033386
31.949347295614952
31.964400972487372
31.97935064304336
31.994196426585418
32.008938439672114
32.02357679643367
32.03811160885914
32.05254298705755
32.06687103949506
32.08109587321025
32.09521759400943
32.10923630664365
32.123152114969145
32.13696512209259
32.150675430502595
32.164283142188516
32.17778835874795
32.19119118148366
32.20449171149106
32.21769004973693
32.23078629713027
32.24378055458587
32.25667292308123
32.2694635037075
32.28215239771472
32.29473970655213
32.30722553190371
32.31960997571948
32.331893140242784
32.34407512803404
32.356156041991134
32.36813598536662
32.3800150617822
32.391793375240546
32.40347103013464
32.415048131254885
32.426524783794115
32.43790109335068
32.44917716592968
32.46035310794253
32.47142902620493
32.482405027933396
32.493281220740386
32.50405771262813
32.514734611981225
32.52531202755812
32.53579006848152
32.5461688442277
32.55644846461497
32.56662903979108
32.576710680219875
32.58669349666705
32.59657760018514
32.60636310209776
32.61605011398302
32.625638747656446
32.635129115152985
32.64452132870854
32.653815500740826
32.663011743829514
32.67211017069602
32.68111089418242
32.69001402723007
32.69881968285751
32.707527974137925
32.716139014176
32.724652916084324
32.733069792959284
32.74138975785638
32.74961292376516
32.757739403583564
32.765769310091855
32.773702755926024
32.78153985355075
32.789280715231854
32.796925453008306
32.8044741786638
32.81192700369774
32.81928403929592
32.826545396300595
32.833711185180185
32.84078151599847
32.84775649838337
32.85463624149516
32.861420853994325
32.86811044400891
32.8747051191014
32.88120498623515
32.88761015174031
32.89392072127935
32.9001367998121
32.906258491560266
32.91228589997153
32.91821912768318
32.92405827648528
32.92980344728334
32.93545474006055
32.94101225383952
32.946476086643564
32.95184633545758
32.957123096188326
32.96230646362439
32.96739653139554
32.97239339193184
32.97729713642201
32.982107854771606
32.986825635560606
32.99145056600057
32.99598273189139
33.00042221757755
33.00476910590402
33.00902347817166
33.01318541409229
33.0172549917432
33.02123228752142
33.02511737609747
33.028910330368795
33.03261122141277
33.036220118439374
33.03973708874347
33.0431621976568
33.04649550849951
33.04973708253155
33.05288697890357
33.05594525460767
33.05891196442775
33.06178716088972
33.06457089421138
33.06726321225205
33.069864160462124
33.07237378183224
33.074792116842445
33.07711920341115
33.07935507684393
33.08149976978224
33.08355331215209
33.08551573111261
33.087387051004576
33.089167293298985
33.0908564765456
33.09245461632159
33.09396172518018
33.09537781259944
33.096702884931226
33.09793694535028
33.09907999380345
33.100132026959265
33.10109303815762
33.101963017359864
33.10274195109914
33.103429822431075
33.104026610884915
33.104532292414966
33.10494683935261
33.105270220358676
33.10550240037642
33.10564334058497
33.10569299835338
33.105651327195325
33.10551827672433
33.105293792609785
33.104977816533506
33.10457028614718
33.10407113503044
33.10348029264971
33.102797684317906
33.102023231154966
33.101156850049065
33.100198453618916
33.09914795017674
33.098005243692256
33.09677023375749
33.09544281555255
33.094022879812265
33.09251031279384
33.09090499624531
33.08920680737498
33.087415618821815
33.08553129862672
33.08355371020466
33.08148271231776
33.07931815904921
33.077059899778014
33.07470777915462
33.07226163707727
