39.294792607303364
39.15112635291459
39.07585979267109
39.01475820232716
38.95704745678064
38.90018259437828
38.84354416024855
38.78697193664891
38.730415969156354
38.67385326175129
38.617267833320405
38.56064590471399
38.50397470528861
38.44724214892387
38.39043672167457
38.33354742329034
38.27656372449252
38.21947553058045
38.162273148846
38.10494725895972
38.04748888592347
37.989889375309545
37.932140370557164
37.87423379212731
37.81616181833844
37.75791686772624
37.69949158278581
37.64087881497087
37.58207161083637
37.52306319922328
37.463846979394226
37.404416510038004
37.344765499068764
37.28488779415338
37.22477737390661
37.164428339699555
37.10383490803199
37.042991403424296
36.98189225178767
36.9205319742365
36.858905181309176
36.797006567566456
36.73483090654043
36.67237304600798
36.60962790356606
36.54659046248764
36.483255767838926
36.41961892284018
36.35567508545416
36.29141946518713
36.22684732008893
36.16195395393986
36.09673471361247
36.03118498659829
35.96530019868927
35.89907581180557
35.83250732196122
35.76559025736003
35.698320176615354
35.6306926670866
35.5627033433272
35.49434784563848
35.425621838724304
35.35652101044213
35.287041070646154
35.21717775011864
35.14692679958614
35.07628398881689
35.00524510579683
34.93380595598128
34.86196236161976
34.789710161151696
34.717045208671
34.6439633734575
34.570460539573475
34.49653260552386
34.42217548397866
34.34738510155624
34.272157398666415
34.19648832941236
34.12037386155038
34.04380997650689
33.9667926694518
33.88931794942782
33.81138183953515
33.732980377171415
33.65410961432602
33.574765617929295
33.494944470255874
33.414642269382504
33.3338551297
33.25257918247961
33.17081057649387
33.088545478692026
33.00578007493045
32.92251057075793
32.83873319225665
32.754444186938855
32.66963982469978
32.58431639882737
32.49847022706888
32.4120976527554
32.325195045984614
32.23775880486214
32.14978535680263
32.061271159890644
31.972212704302432
31.882606513789028
31.792449147221458
31.701737200198767
31.610467306719585
31.518636140917966
31.426240418864232
31.333276900431553
31.2397423912291
31.14563374460248
31.05094786370209
30.955681703620403
30.85983227359857
30.763396639303394
30.66637192517523
30.568755316847472
30.470544063638332
30.371735481115696
30.272326953735426
30.172315937553883
30.07169996301525
29.970476637813928
29.868643649832844
29.7661987701577
29.663139856167927
29.559464854704352
29.455171805313945
29.350258843572036
29.24472420448165
29.13856622595063
29.031783352346014
28.924374138125756
28.816337251547704
28.707671478455318
28.598375726139857
28.48844902727858
28.377890543948283
28.26669957171347
28.15487554378825
28.04241803527118
27.929326767451762
27.815601612187415
27.701242596349548
27.5862499063372
27.470623892656565
27.354365074564473
27.237474144773955
27.1199519742195
27.001799616879776
26.883018314655278
26.763609502297967
26.64357481239015
26.522916080369345
26.401635349595832
26.27973487645926
26.157217135520593
26.034084824685344
25.910340870403857
25.785988432894264
25.66103091138332
25.535471949360193
25.409315439838203
25.2825655306188
25.155226629552423
25.027303409790157
24.89880081502007
24.769724064681895
24.640078659153303
24.50987038490097
24.379105319589208
24.24778983713878
24.115930612728377
23.983534627730617
23.85060917457475
23.71716186152746
23.583200617383284
23.448733696055864
23.31376968106094
23.178317489881785
23.04238637820776
22.905985944036217
22.76912613162801
22.631817235306443
22.49406990308963
22.355895140145865
22.217304312061383
22.078309147910158
21.938921743114676
21.79915456208706
21.659020440639537
21.51853258815319
21.377704589493902
21.236550406664474
