69387.05556000001
62899.60360852984
62852.37963213428
62847.842679058514
62866.73047162143
62898.263549883966
62936.27703291007
62977.249875425965
63019.17763042529
63060.926122161974
63101.860590968936
63141.63280044592
63180.05878624452
63217.04864167074
63252.566188191166
63286.60581394352
63319.17917721193
63350.30757967864
63380.017598971106
63408.33859521483
63435.30129536502
63460.93699766898
63485.27713326781
63508.35303391549
63530.195819244895
63550.836354130435
63570.30524815113
63588.63288157367
63605.84944956181
63621.985020625856
63637.069608017984
63651.13325450553
63664.20613229927
63676.31866095243
63687.50164716447
63697.78645158806
63707.205189128006
63715.79097090717
63723.57819815845
63730.60292088122
63736.90394391413
63742.5206922708
63747.497909201426
63751.88376739595
63755.7315607181
63759.10093904556
63762.05940886595
63764.68327544914
63767.06306740973
63769.30101255779
63771.51667022331
63773.8482582177
63776.45363921951
63779.508663776294
63783.200269559806
63787.71027614006
63793.184408077126
63799.6811386128
63807.099498893826
63815.098109981605
63823.0399130268
63830.0159308753
63834.98807140608
63837.02648259281
63835.538488048325
63830.37458565001
63821.77707681225
63810.230754140604
63796.30617691179
63780.54710982102
63763.41488394414
63745.273488956074
63726.39700503071
63706.985695688825
63687.18317651491
63667.09134059552
63646.78213742946
63626.30638534563
63605.70015138629
63584.98927499315
63564.19252598617
63543.323801803126
63522.39363689454
63501.41023349056
63480.38017473949
63459.30890809335
63438.20107603574
63417.06074183131
63395.91035200561
63374.72573336759
63353.51451866322
63332.262425529705
63311.00070723941
63289.727975303605
63268.44530894404
63247.15424722328
63225.8565579215
63204.556913998626
63183.25336371871
63161.94810335009
63140.64325802485
63119.340775978475
63098.042472527086
63076.75005642689
63055.46514630147
63034.189281214734
63012.92392778542
62991.6704852519
62970.43028931467
62949.20461524324
62927.99468053011
62906.80164726034
62885.6266242925
62864.47066930745
62843.334790758294
62822.219949739476
62801.12706177983
62780.05699858288
62759.010589689984
62737.988624093305
62716.99185178551
62696.02098525256
62675.076700903664
62654.159640444355
62633.27041221557
62612.409592421725
62591.57772635962
62570.775329585216
62550.00288890541
62529.26086364235
62508.54968640746
62487.86976416307
62467.221479095955
62446.605189473274
62426.02123045167
62405.46991484518
62384.951533851665
62364.466357741745
62344.014636509615
62323.5966004905
62303.212460943505
62282.862410603484
62262.54662420366
62242.26525897095
62222.018455092904
62201.80633616458
62181.62900960743
62161.48656707115
62141.37908481477
62121.3066240692
62101.269231383216
62081.26693895575
62061.299764951924
62041.36771380942
62021.4707765306
62001.608930967304
61981.78214209359
61961.990362274075
61942.23353152181
61922.51157775203
61902.82441703085
61883.17195381803
61863.55408120793
61843.97068116609
61824.421624764065
61804.90677241317
61785.42597409566
61765.97906959659
61746.56588873472
61727.18625159392
61707.8399687549
61688.526841527775
61669.24666218683
61649.99921420382
61630.78427248709
