85.476105
72.50480525847867
71.82435477804991
71.18226400040429
70.56479051129973
69.96555708913684
69.38143710031592
68.81075387590748
68.25249093854025
67.70594368100247
67.17056417815962
66.6458907355004
66.13151481676546
65.62706463253124
65.13219630159247
64.64658857668896
64.16993934715951
63.701963104779175
63.2423889882893
62.79095921357193
62.34742778371794
61.911559414671956
61.48312863306545
61.06191901444523
60.647722537187704
60.24033903223821
59.83957571236163
59.445246767290634
59.057173013443645
58.675181588626685
58.29910568365948
57.92878430415241
57.56406205668758
57.2047889546102
56.85082023940168
56.50201621424183
56.15824208705454
55.81936782070699
55.485267988566605
55.155821633967754
54.83091213246013
54.510427056024994
54.194258038648684
53.88230064287978
53.57445422716557
53.27062181389241
52.970709958158544
52.67462861745506
52.382291022405035
52.09361354885698
51.80851559159554
51.52691943994467
51.24875015557646
50.97393545310848
50.70240558273386
50.434093216983825
50.16893333991575
49.906863140194275
49.64782190774808
49.39175093423128
49.13859341740832
48.88829436951867
48.64080052966625
48.39606028024104
48.15402356736485
47.914641825312856
47.67786790484983
47.44365600539133
47.211961610891784
46.98274142935699
46.755953335816216
46.53155631866917
46.309510429214505
46.08977673424798
45.8723172715527
45.65709500814513
45.444073801118115
45.23321836092675
45.02449421697752
44.81786768536793
44.613305838639455
44.41077647741777
44.21024810379321
44.01168989634096
43.815071686644124
43.620363937228724
43.42753772078676
43.23656470061193
43.04741711213874
42.86006774551595
42.674489929123034
42.4906575139667
42.308544858883124
42.12812681649102
41.94937871983398
41.77227636966148
41.59679602229719
41.42291437806043
41.25060857018619
41.079856154223634
40.91063509786356
40.74292377117661
40.57670093723015
40.411945743054915
40.24863771094736
40.08675673007704
39.926283048387276
39.767197264766125
39.60948032147704
39.453113496832266
39.29807839809437
39.14435695459398
38.99193141105872
38.84078432113199
38.690898541080735
38.5422572236846
38.39484381228708
38.24864203501735
38.10363589916104
37.959809685683844
37.81714794389422
37.67563548624797
37.53525738328087
37.39599895866747
37.25784578440741
37.120783676121405
36.98479868846752
36.84987711066313
36.71600546211383
36.5831704881423
36.45135915581732
36.32055864987957
36.19075636875343
36.06193992065376
35.93409711977806
35.807215982577134
35.681284724110064
35.55629175447889
35.4322256753323
35.30907527645146
35.18682953239752
35.06547759923598
34.94500881132015
34.82541269071705
34.70667887864383
34.588797257673825
34.47175784327417
34.35555081449479
34.240166510904956
34.12559542970725
34.011828222957895
33.89885569484289
33.78666879901916
33.67525863600193
33.56461645060462
33.45473362942552
33.34560169837925
33.237212320275965
33.12955729243687
33.02262854436015
32.91641813541903
32.81091825260388
32.7061212083036
32.60201943811691
32.4986054987106
32.39587206570279
32.2938119315882
32.192418003692794
32.09168330216267
31.99160095798523
31.89216421104254
31.793366408192856
31.695201001383808
31.59766154579741
31.50074169801799
31.404435214235455
31.308735948470193
31.21363785082948
31.119134965787183
31.025221430494245
30.931891473109513
30.83913941115995
30.746959649924992
30.65534668084263
30.56429507994422
30.47379950630983
30.383854700547143
30.294455483296183
30.205596753751955
30.117273488214334
30.02948073865657
29.942213631319365
29.85546736532161
29.76923721129562
29.68351851004377
29.598306671214434
29.513597171997596
29.42938555584299
29.345667431197718
