0.07370205265821218
0.07372884295183464
0.07375575104178606
0.07378277412127295
0.07380991083148987
0.07383716007055649
0.07386452082904976
0.0738919921901488
0.07391957335286227
0.07394726365509117
0.07397506259249895
0.07400296983171827
0.07403098521913073
0.0740591087842053
0.07408734073847587
0.07411568147063313
0.07414413153840198
0.0741726916578955
0.07420136269110952
0.07423014563216337
0.07425904159281303
0.07428805178767486
0.07431717751950917
0.07434642016482883
0.07437578116002407
0.07440526198813009
0.0744348641663127
0.07446458923410512
0.07449443874239785
0.07452441424316102
0.07455451727986179
0.0745847493785309
0.07461511204463979
0.07464560673442601
0.07467623487894702
0.07470699785627904
0.07473789699028323
0.07476893354447803
0.0748001087162228
0.07483142363117963
0.07486287933802636
0.07489447680339821
0.07492621690704053
0.0749581004371618
0.07499012808596855
0.07502230044539528
0.07505461800301183
0.07508708113810497
0.07511969011797695
0.07515244509439457
0.07518534610027343
0.07521839304656067
0.07525158571934067
0.07528492377717436
0.07531840674868377
0.07535203403039448
0.0753858048848483
0.07541971843899846
0.07545377368289886
0.07548796946870001
0.07552230450995485
0.07555677738125695
0.0755913865182055
0.07562613021770968
0.07566100663864007
0.07569601380282133
0.07573114959637751
0.07576641177137014
0.0758017979480053
0.07583730561684791
0.07587293214160064
0.07590867476215675
0.07594453059797583
0.07598049665177202
0.07601656981350322
0.07605274686464691
0.07608902448275207
0.07612539924624641
0.07616186763948701
0.07619842605803481
0.07623507081417016
0.07627179814246073
0.0763086042057046
0.0763454851008881
0.07638243686531163
0.07641945548283165
0.07645653689020136
0.07649367698349456
0.07653087162459737
0.0765681166477549
0.07660540786616117
0.07664274107858313
0.07668011207601215
0.0767174747457829
0.07675481221116655
0.07679211993537596
0.07682939340227017
0.07686662812288496
0.07690381964100632
0.07694096353834035
0.07697805543945577
0.0770150910164463
0.07705206599333142
0.07708897615018453
0.07712581732701562
0.07716258542737221
0.0771992764216897
0.07723588614172949
0.07727241091266858
0.07730884712529548
0.0773451908405346
0.07738143840460963
0.0774175862454701
0.07745363087443662
0.0774895688876304
0.07752539696719261
0.07756111188230132
0.077596710489994
0.07763218973580423
0.07766754665422074
0.07770277836897756
0.07773788209318369
0.0777728551293009
0.07780769486897844
0.07784239879275279
0.07787696446962093
0.0779113895564955
0.07794567179754963
0.07797980902345962
0.07801379915055272
0.07804764017986797
0.07808133019613685
0.07811486736669092
0.07814824994030307
0.07818147624596898
0.07821454469163451
0.07824745376287562
0.07828020202153563
0.07831278810432578
0.0783452107213939
0.07837746865486599
0.07840956075736519
0.0784414859505127
0.07847324322341413
0.07850483163113564
0.07853625029317299
0.07856749839191678
0.07859857517111728
0.07862947993435127
0.0786602120434938
0.07869077091719714
0.07872115602937922
0.07875136690772352
0.07878140313219249
0.0788112643335558
0.07884095019193535
0.07887046043536831
0.07889979483838924
0.07892895322063267
0.07895793544545694
0.07898674141859027
0.0790153710867997
0.07904382443658357
0.07907210149288826
0.07910020231784938
0.07912812700955792
0.07915587570085159
0.07918344855813171
0.0792108457802056
0.07923806759715463
0.07926511426922803
0.07929198608576236
0.07931868336412654
0.0793452064486924
0.07937155570983055
0.07939773154293125
0.07942373436745048
0.07944956462598025
0.0794752227833436
0.07950070932571339
0.07952602475975494
0.07955116961179198
0.0795761444269956
0.07960094976859582
0.07962558621711537
0.07965005436962522
0.07967435483902163
0.07969848825332412
0.07972245525499402
0.07974625650027317
0.07976989265854227
0.07979336441169856
0.07981667245355231
0.0798398174892418
0.07986280023466616
0.07988562141593585
0.07990828176884024
0.07993078203833189
0.07995312297802713
