-0.017595640185455248
-0.017597937410441186
-0.017606796208441387
-0.01761949056643951
-0.01763411205849873
-0.01764939476214356
-0.0176645197161919
-0.017678968565393992
-0.017692423671051994
-0.017704701530191852
-0.017715708361986857
-0.01772541032234085
-0.017733813305196536
-0.017740949173728544
-0.017746866246698623
-0.01775162277194848
-0.01775528240501216
-0.0177579110896317
-0.017759574929943407
-0.017760338757142675
-0.017760265182615358
-0.017759414015040213
-0.017757841899513085
-0.017755602154579372
-0.017752744718745644
-0.017749316184920958
-0.017745359895773468
-0.017740916067132278
-0.017736021948887227
-0.01773071198097994
-0.017725017979918333
-0.01771896929311351
-0.017712592990114722
-0.017705914011689913
-0.017698955329311764
-0.01769173809713902
-0.017684281803500693
-0.01767660437679739
-0.01766872233797493
-0.017660650891790027
-0.01765240404893795
-0.017643994718329965
-0.017635434796793935
-0.017626735255022632
-0.01761790621171452
-0.017608957013233822
-0.017599896291861462
-0.017590732017978106
-0.01758147157562466
-0.01757212179400265
-0.017562689004667884
-0.017553179075729387
-0.01754359746283658
-0.017533949229134187
-0.017524239093267464
-0.017514471445384008
-0.0175046503841465
-0.01749477974276005
-0.01748486310076684
-0.01747490381857349
-0.017464905048731008
-0.017454869751531592
-0.017444800722523184
-0.017434700594030364
-0.017424571856326763
-0.017414416870391705
-0.017404237876722004
-0.017394037004106046
-0.017383816289834392
-0.01737357766671305
-0.017363322998406053
-0.017353054069466356
-0.017342772594549166
-0.017332480226034636
-0.017322178563468967
-0.017311869154458825
-0.017301553499571447
-0.017291233060780068
-0.01728090926196353
-0.017270583490810735
-0.017260257112800666
-0.017249931457042626
-0.017239607840596936
-0.01722928754966836
-0.017218971859003264
-0.017208662023491368
-0.017198359290357235
-0.01718806488537957
-0.01717778003552595
-0.01716750595035337
-0.017157243843145202
-0.017146994913053756
-0.017136760358954048
-0.017126541378607897
-0.017116339168307418
-0.017106154921945827
-0.01709598983664938
-0.01708584510854102
-0.01707572194077092
-0.017065621537965675
-0.01705554510450703
-0.017045493855984556
-0.0170354690112079
-0.017025471792115894
-0.01701550343331766
-0.017005565168430582
-0.0169956582446204
-0.016985783914959297
-0.01697594344265733
-0.016966138094911987
-0.016956369150277664
-0.016946637903227976
-0.016936945645899155
-0.016927293686744796
-0.0169176833459216
-0.016908115953333254
-0.016898592841420652
-0.01688911536660999
-0.016879684885281316
-0.016870302770316124
-0.016860970406884817
-0.016851689184406035
-0.016842460511644616
-0.016833285802478153
-0.016824166489853624
-0.01681510401126296
-0.016806099820108996
-0.01679715538050931
-0.016788272169753236
-0.016779451673609943
-0.016770695389884942
-0.01676200483489109
-0.01795482513370287
-0.01791710434343695
-0.017879840154374466
-0.017843048847997547
-0.017806746971383416
-0.017770950494461084
-0.017735674297738965
-0.017700931918502073
-0.017666735419003182
-0.017633095364858513
-0.017600020836913054
-0.017567519500743926
-0.01753559767347313
-0.01750426040760998
-0.01747351158990272
-0.01744335401537246
-0.017413789489668263
-0.017384818900953565
-0.017356442305403806
-0.01732865900079049
-0.01730146759185257
-0.017274866074881358
-0.017248851869315553
-0.017223421902047606
-0.017198572643076306
-0.017174300164116172
-0.017150600179905707
-0.017127468083936222
-0.01710489900035155
-0.017082887809444627
-0.017061429183621926
-0.017040517615255952
-0.017020147444643877
-0.017000312889797885
-0.01698100806314446
-0.01696222699744098
-0.016943963657492626
-0.01692621196934039
-0.016908965825667147
-0.016892219105937172
-0.016875965688805946
-0.01686019945896602
-0.01684491433233337
-0.016830104247035495
-0.016815763181827613
-0.01680188516928316
-0.016788464291074504
-0.016775494691318848
-0.01676293269355131
-0.01675084814918104
-0.016739197755002128
-0.016728014536511907
-0.016717216123690662
-0.01670683549104426
-0.016696867373182992
-0.016687306604791775
-0.01667814814160555
-0.016669387049593826
-0.016661018529414876
-0.016653037925456648
-0.016645440739273872
-0.016638222655065
-0.016631379588060595
-0.01662490771791429
-0.016618803580391823
-0.016613064207451247
-0.016607687334428415
