0.003176644349403665
0.003240562549586676
0.0033036441202789948
0.003366069772161452
0.0034279695802726237
0.0034894432831454663
0.003550570060677877
0.0036114143171580315
0.0036720294933795428
0.003732460711604366
0.003792746650211756
0.003852920927864664
0.003913013066578907
0.0039730493340829915
0.004033053226216368
0.004093045938219033
0.004153046699959468
0.004213073039604193
0.004273140991136243
0.00433326525870158
0.004393459347355736
0.004453735668151465
0.004514105622060276
0.004574579668283825
0.0046351673794543125
0.0046958774867294105
0.0047567179169168495
0.004817695822924727
0.004878817609517721
0.004940088954595375
0.005001514828024121
0.005063099507170816
0.005124846591663339
0.005186759015860964
0.005248839060685317
0.005311088364807255
0.005373507935713194
0.005436098159425273
0.0054988588116299825
0.005561789067486003
0.005624887512557484
0.005688152153445495
0.005751580428763818
0.0058151692205226655
0.0058789148657081465
0.005942813168585751
0.006006859412966264
0.006071048374711904
0.006135374335497881
0.006199831095877767
0.006264411989475472
0.006329109897021345
0.006393917261324116
0.006458826101776979
0.006523828030021281
0.006588914265107608
0.006654075649543975
0.006719302665441518
0.006784585450468427
0.0068499138147229514
0.006915277257234751
0.006980664982720361
0.007046065918932589
0.007111468733422005
0.007176861850940465
0.00724223347077799
0.007307571584055026
0.00737286399103239
0.007438098318851872
0.00750326203825386
0.00756834248168955
0.0076333268601842105
0.007698202280564147
0.007762955762570677
0.007827574255958805
0.007892044657206176
0.007956353826143691
0.008020488602536045
0.008084435822232774
0.00814818233309327
0.008211715011075937
0.008275020775201522
0.008338086603364082
0.00840089954659846
0.008463446744084484
0.008525715437059484
0.008587692982957211
0.008649366868391423
0.008710724722824229
0.008771754330663533
0.008832443644068532
0.008892780794223964
0.008952754103027193
0.00901235209398498
0.009071563502640115
0.00913037728649431
0.009188782634663238
0.009246768976770325
0.009304325991719315
0.009361443615602028
0.009418112049168335
0.00947432176523215
0.00953006351505137
0.009585328334381903
0.0096401075493636
0.009694392781237942
0.009748175951371209
0.00980144928521502
0.009854205316096433
0.009906436888235344
0.009958137159679945
0.010009299604774218
0.010059918015461146
0.010109986503174111
0.01015949949972941
0.01020845175783439
0.010256838350989249
0.010304654673859853
0.010351896440992174
0.01039855968623068
0.010444640761266211
0.01049013633366459
0.010535043385228201
0.010579359214141463
0.010623081416933144
0.01066620790283907
0.010708736882906656
0.010750666867328541
0.010791996661709557
0.010832725362892169
0.01087285235476712
0.010912377303988204
0.011037535288543615
0.011069647454186236
0.011101097231731916
0.01113190100537823
0.011162074477264243
0.011191632642566078
0.011220589793943048
0.011248959543010384
0.011276754850649788
0.011303988062543943
0.01133067094629958
0.011356814729391778
0.01138243013597732
0.01140752742249771
0.011432116411866197
0.011456206525308425
0.011479806812902177
0.011502925981701141
0.011525572422335434
0.011547754233693365
0.011569479245811459
0.011590755041638532
0.011611588976300493
0.011631988196009942
0.01165195965478097
0.011671510130358083
0.011690646238692235
0.011709374447221265
0.011727701087475256
0.011745632366248069
0.011763174376074938
0.011780333104732742
0.01179711444396791
0.011813524197546792
0.011829568088379589
0.0118452517651828
0.01186058080828341
0.011875560735203478
0.011890197005294985
0.011904495024160348
0.01191846014749589
0.011932097684413905
0.011945412900731402
0.011958411021276127
0.01197109723235677
0.011983476683858496
0.011995554490727459
0.012007335734364353
0.012018809676608627
0.01203001287140351
0.012040934554877585
0.012051595814387478
0.012061969373271308
0.012072076212265446
0.012081921203108793
0.012091509189221309
0.012100844986228987
0.012109933381936598
0.012118779137002754
0.01212738698550806
0.012135761635869857
0.012143907772421813
0.012151830058796224
0.012159533139055547
0.012167021647978457
0.012174300219887513
0.012181373507945032
