23.993437149600005
24.4574340717117
24.91259838150897
25.35895021135559
25.796486960500978
26.22518784467355
26.645023536828663
27.055961558355715
27.457969276944635
27.85101558908494
28.23507188292871
28.610112608542284
28.976115634104307
29.33306248505559
29.680938518639707
30.01973306204534
30.349439529268793
30.67005552479219
30.981582938449687
31.284028033915526
31.577401532275196
31.861718691689944
32.136999383999324
32.40326816909988
32.66055436802689
32.90889213581777
33.14832053543697
33.3788836142905
33.60063048515602
33.81361541371008
34.017897915259084
34.21354286379017
34.40062061707179
34.579207162275324
34.74938428748913
34.91123978559018
35.064867698270895
35.21036860964105
35.347850000795965
35.47742667912862
35.59922136228488
35.71336512126118
35.81999833519606
35.9192715607929
36.01134666021169
36.09639816291729
36.174614901204926
36.24620191665413
36.311382887816414
36.37040260875788
36.42352996293638
36.47106097306054
36.51332162735067
36.55066980136451
36.583495075819876
36.61221450901241
36.63726153802836
36.659064530629536
36.67801200436542
36.69440465879418
36.70840129706893
36.719974875257265
36.72889978539457
36.73478378049403
36.7371379254017
36.73545939821389
36.72929945210422
36.71830258170121
36.702216757710616
36.680885738926555
36.65423268722415
36.622242199608046
36.58494429740304
36.54240157918013
36.4946995113888
36.44193935131668
36.38423310245978
36.321699964522566
36.25446385029186
36.18265165015926
36.10639201478794
36.025814494255286
35.94104892181189
35.8522249654587
35.759471794634266
35.6629178264024
35.56269052688561
35.45891625152663
35.351726050928924
35.241237475732554
35.12757286519606
35.01084714254195
34.89118562055477
34.76870575396673
34.64352326476573
34.51575208237387
34.38550429079271
34.252890074572356
34.118017684633514
33.980993410592326
33.841921534597965
33.70090430295516
33.55804190124567
33.41343243292963
33.26717190136254
33.11935419514171
32.97007107668216
32.819412173913825
32.66746497498714
32.51431482587088
32.360044930724335
32.20473635492519
32.04846803063398
31.891316764775855
31.733357249321553
31.574662073749543
31.415301739572886
31.255344676815465
31.09485726232398
30.933903839803758
30.77254674146844
30.610846311195868
30.448860929084585
30.28664703730803
30.12425916716637
29.961749967237473
29.799170232532727
29.63656893456691
29.473993252245027
29.311488603499438
29.14909867756854
28.98686546785618
28.824829305287157
28.66302889208641
28.50150133591106
28.340282184267704
28.179405459150416
28.018903691837945
27.858807957791555
27.6991479115981
27.53995182190556
27.381246606301467
27.223057866087245
27.065409920904322
26.90832584317062
26.751827492288545
26.59593554858828
26.440669546972572
26.28604791023169
26.132087981999508
25.978806059323958
25.82621742482733
25.6743363784338
25.523176268643926
25.372749523337387
25.223067680087407
25.07414141597203
24.925980576868913
24.778594206222316
24.631990573272002
24.486177200735796
24.341160891938475
24.196947757381267
24.053543240747384
23.910952144340236
23.769178653952082
23.628226363161865
23.48809829706206
23.34879693541531
23.21032423524228
23.07268165284324
22.935870165256482
22.799890291157322
22.6647421112023
22.530425287823537
22.396939084478877
22.20851923943601
22.01568522107171
21.823105585109882
21.628504054263836
21.430808277087063
21.22960109822909
21.024776328174248
20.816363752452723
20.604448269117327
20.389136239852416
20.170541014729892
19.948778755503923
19.72396763382771
19.49622837242789
19.265685151193615
19.032466498175953
18.796706037360366
18.558543064938863
18.318122960999155
18.075597452581825
17.831124743502468
17.58486952305383
17.337002862345514
17.087702004491092
17.087986404511888
17.088030403944426
17.088066481351643
17.088101609846348
17.08813602892499
17.08816977183577
17.088202862899873
17.088235323924636
17.08826717479129
17.088298433796695
17.08832911792858
17.08835924308999
17.08838882428182
17.088417875750878
17.088446411109516
17.088474443431995
17.088501985331668
17.08852904902257
17.088555646368246
17.088581788920187
17.08860748794791
17.08863275446221
17.088657599232995
17.08868203280277
17.088706065496698
17.088729707429916
17.08875296851277
17.088775858454454
17.088798386765408
17.088820562758848
17.088842395551673
17.088863894064904
17.08888506702395
17.088905922958666
17.088926470203464
17.08894671689741
17.08896667098452
17.08898634021411
17.089005732141462
17.089024854128606
17.08904371334536
17.08906231677062
17.089080671193837
17.089098783216773
17.08911665925544
17.089134305542245
17.089151728128392
17.0891689328864
17.08918592551282
17.08920271153115
17.08921929629483
17.089235684990403
17.08925188264082
17.08926789410506
17.089283724092066
17.089299377155292
17.08931485769771
17.089330169976297
17.089345318105703
17.089360306061984
17.08937513768627
17.089389816688538
17.08940434665129
17.089418731033305
17.08943297317332
17.08944707629366
17.089461043503892
17.089474877804417
17.089488582089974
17.089502159153156
17.08951561168784
17.08952894229254
17.089542153473726
17.089555247649063
17.08956822715059
17.0895810942278
17.089593851050672
17.089606499712644
17.089619042233437
17.089631480561913
17.08964381657874
17.08965605209907
17.08966818887507
17.08968022859843
17.089692172902744
17.089704023365876
17.089715781512165
17.08972744881462
17.089739026697032
17.089750516535986
17.089761919662806
17.089770762758054
17.089777547259494
17.089782723266445
17.089786643215575
17.089789581695523
17.089791754009273
17.08979332729734
17.08979443238531
17.089795171466367
17.08979562437504
17.089795853486763
17.08979590754086
17.089795824624503
17.089795634502575
17.089795360437233
17.089795020609177
17.089794629228063
17.089794197400053
17.08979373380576
17.089793245230002
17.089792736975863
17.08979221318825
17.089791677106792
17.089791131263528
17.08979057763739
17.089790017774977
17.089789452884936
17.089788883911744
17.0897883115934
17.08978773650648
17.089787159101395
17.089786579729925
17.089785998666763
17.08978541612633
17.08978483227594
17.08978424724609
17.089783661138483
17.089783074032336
17.089782485989264
17.089781897057147
17.08978130727312
17.089780716665917
17.0897801252577
17.089779533065503
17.089778940102367
17.089778346378186
17.089777751900392
17.08977715667454
17.08977656070466
17.089775963993628
17.089775366543407
17.089774768355248
17.089774169429848
17.089773569767477
17.089772969368045
17.089772368231223
17.089771766356474
17.089771163743087
17.089770560390246
17.089769956297026
17.08976935146243
17.08976874588541
17.089768139564875
17.089767532499696
17.089766924688718
17.089766316130767
17.089765706824668
17.089765096769217
17.089764485963208
17.089763874405442
17.089763262094706
17.089762649029783
17.089762035209468
17.08976142063254
17.089760805297797
17.089760189204025
17.08975957235001
17.089758954734563
17.089758336356468
17.089757717214525
17.08975709730754
17.08975647663431
17.08975585519365
17.089755232984373
17.089754610005283
17.089753986255197
17.089753361732935
17.08975273643732
17.089752110367176
17.089751483521322
17.089750855898597
17.08975022749783
17.089749598317862
17.08974896835752
17.089748337615653
17.0897477060911
17.089747073782707
17.089746440689318
17.08974580680979
17.089745172142973
17.089744536687714
17.089743900442883
17.089743263407332
17.08974262557993
17.089741986959535
17.089741347545015
17.089740707335245
17.089740066329096
17.089611052428143
17.08951746866382
17.089431222995266
17.0893466975359
17.08926255866747
17.089178479323188
17.089094373395525
17.08901021291965
17.088925984283847
17.08884167769881
17.0887572846342
17.088672797168652
17.088588207802367
17.088503509384026
17.08841869506806
17.08833375828182
17.088248692697288
17.088163492205965
17.088078150896184
17.087992663032622
17.087907023037715
17.087821225474723
17.0877352650323
17.087649136510425
17.087562834807503
17.087476354908514
17.087389691874147
17.08730284083076
17.08721579696112
17.08712855549583
17.08704111170537
17.086953460892687
17.086865598386325
17.086777519533946
17.086689219696304
17.086600694241596
17.0865119385401
17.086422947959147
17.086333717858388
17.08624424358524
17.086154520470618
17.086064543824854
17.08597430893376
17.085883811054906
17.085793045414018
17.08570200720154
17.085610691569244
17.08551909362705
17.085427208439864
17.085335031024535
17.0852425563469
17.08514977931884
17.085056694795504
17.084963297572457
17.084869582382993
17.084775543895383
17.084681176710255
17.08458647535793
17.084491434295803
17.084396047905777
17.08430031049164
17.08420421627651
17.0841077594003
17.084010933917106
17.083913733792667
17.083816152901786
17.083718185025766
17.083619823849805
17.08352106296041
17.083421895842758
17.083322315878064
17.083222316340933
17.08312189039667
17.083021031098546
17.082919731385093
17.082817984077316
17.082715781875887
17.082613117358306
17.08250998297602
17.082406371051526
17.08230227377538
17.082197683203223
17.082092591252724
17.0819869897005
17.081880870178946
17.08177422417308
17.081667043017262
17.081559317891926
17.081451039820205
17.081342199664537
17.081232788123174
17.08112279572667
17.08101221283429
17.080901029630322
17.080789236120406
17.080676822127696
17.080563777289026
17.080450091050974
17.080335752665874
17.080220751187717
17.080105075468033
17.079988714151646
17.079871655672367
17.079753888248636
17.079635399879024
17.079516178337702
17.079396211169836
17.07927548568683
17.079153988961536
17.07903170782339
17.078908628853384
17.078784738379046
17.078660022469236
17.07853446692891
17.078408057293764
17.078280778824784
17.07815261650271
17.078023555022376
17.07789357878699
17.077762671902263
17.07763081817051
17.077498001084553
17.07736420382162
17.077229409237045
17.077093599857957
17.0769567578768
17.07681886514476
17.076679903165108
17.076539853086413
17.076398695695662
17.076256411411283
17.07611298027603
17.075968381949792
17.07582259570231
17.07567560040573
17.075527374527123
17.07537789612086
17.075227142820903
17.075075091832968
17.07492171992666
17.07476700342742
17.074610918208446
17.074453439682504
17.07429454279364
17.07413420200883
17.07397239130951
17.07380908418308
17.073644253614304
17.073477872076634
17.07330991152349
17.07314034337949
17.072969138531594
17.072796267320253
17.072621699530487
17.072445404382904
17.072267350524804
17.072087506021138
17.071905838345582
17.071722314371545
17.07153690036323
17.07134956196672
17.071160264201115
17.070968971449727
17.07077564745137
17.070580255291674
17.07038275739461
17.070183115514073
17.06998129072561
17.069777243418393
17.069570933287263
17.069362319325087
17.06915135981532
17.06893801232483
17.068722233697017
17.06850398004529
17.068283206746838
17.06805986843686
17.06783391900318
17.06760531158135
17.067373998550224
17.06713993152814
17.066903061369644
17.06666333816286
17.066420711227586
17.066175129114097
17.06592653960277
17.065674889704553
17.06542012566236
17.06516219295345
17.064901036292877
17.064636599638025
17.064368826194368
17.064097658422536
17.0638230380467
17.0635449060644
17.063263202757987
17.0629778677076
17.062688839805944
17.06239605727492
17.06210881718795
17.06180814968266
17.06149920678249
17.06118301421138
17.06085972359058
17.06052930116446
17.060191678743383
17.059846786834235
17.05949456188402
17.059134947810946
17.05876789624817
17.05839336647426
17.058011325250224
17.057621746618356
17.05722461168264
17.056819908382383
17.05640763126863
17.055987781291787
17.0555603656081
17.05512539741144
17.054682895795832
17.054232885652933
17.053775397607733
17.053310467994375
17.052838138873284
17.052358458089547
17.051871479371943
17.051377262470986
17.050875878653837
17.05036739494718
17.049851890495386
17.049329451213076
17.048800170220165
17.04826414815574
17.047721493506675
17.047172322947773
17.04661676168933
17.04605494382772
17.045487012694764
17.044913121201407
17.044333432171417
17.04374811866083
17.04315736425882
17.04256136336592
17.041960321445373
17.041354455243777
17.040743992977024
17.0401291744779
17.039510251301753
17.038887486786827
17.038261156066206
17.037631546028337
17.036998955223602
17.036363693714506
17.03572608286757
17.03508645508523
17.03444515347655
17.03380253146582
17.03315895233886
17.032514788726896
17.0318704220288
17.031226241772657
17.030582644918354
17.029940035103305
17.02929882183399
17.028659419626464
17.028022247099575
17.027387726025058
17.02675628033913
17.02612833512064
17.025504315541266
17.024884645793566
17.024269748002887
17.023660041129553
17.02305593986778
17.02245785354793
17.021866185048736
17.021281329726207
17.02070367436558
17.020133596162914
17.019571461742267
17.019017626214456
17.018472432282813
17.017936209401146
17.01740927298843
17.016891923704545
17.016384446790514
17.015887111476484
17.01540017045981
17.014923859455212
17.014458396818277
17.014003983243008
17.01356080153356
17.01312901644968
17.012708774624848
17.01230020451193
17.011903416587835
17.011518503305563
17.01114553936438
17.010784581951448
17.0104356710474
17.010098829786557
17.009774064866765
17.009461367004484
17.009160711430845
17.008872058424302
17.00859535115049
17.008330524705006
17.008077497981038
17.00783617734821
17.007606457283007
17.007388221030617
17.00718134127417
17.006985680807695
17.00680109320949
17.006627423512583
17.006464508869428
17.006312179208003
17.00617025787692
17.00603856227727
17.005916904479143
17.005805091821188
17.005702927491495
17.005610211088676
17.0055267391619
17.005452305729072
17.00538670277238
17.005329720710833
17.00528114884925
17.005240775803674
17.00520838990305
17.00518377953077
17.00516673365599
17.005157041829786
17.005154494802138
17.005158884678988
17.0051700052013
17.00518765199174
17.005211622778802
17.005241717601045
17.005277738992344
17.005319492149052
17.005366785079868
17.005419428739202
17.005477237144856
17.00554002748086
17.005607620186193
17.005679839030336
17.00575651117625
17.005837467231757
17.00592254128987
17.006011570959018
17.00610439738371
17.006200865256364
17.006300822821085
17.0064041218698
17.00651061773159
17.00662016925562
17.006732638788353
17.00684789214548
17.00696579857912
17.007086228298174
17.007209061540397
17.007334176160683
17.007461454492258
17.007590782300788
17.007722048551205
17.00785514537756
17.00798996784229
17.00812641409386
17.008264385206036
17.008403785129158
17.00854452304376
17.008686504292193
17.00882964255608
17.008973852952288
17.009119052958162
17.00926516253067
17.009412104075093
17.00955980238962
17.009708184606602
17.009857180133665
17.010006720595516
17.010156739776463
17.010307173563785
17.010457959891994
17.010609038688063
17.010760351817616
17.01091184303216
17.011063457917384
17.0112151438425
17.011366849910722
17.011518526910862
17.011670127270005
17.01182160500735
17.011972915689185
17.01212401638499
17.01227486562465
17.012425423356827
17.012554365079684
17.012678925346165
17.012799267267432
17.012915582560645
17.0130280574506
17.013136868909616
17.01324218466804
17.013344163689894
17.013442956675906
17.013538706539833
17.01363154885337
17.013721612261282
17.01380901886904
17.013893884604986
17.013976319559028
17.014056330989487
17.014134112992565
17.014209863105968
17.01428357735105
17.01435533465871
17.014425215285836
17.01449329621207
17.014559650717768
17.01462434849501
17.0146874558175
17.014749035709023
17.014809148103335
17.014867849995046
17.01492519558208
17.014981236400068
17.015036021449355
17.015089597314947
17.015142008279923
17.01519329643267
17.01524350176833
17.015292662284793
17.015340814073603
17.015387991405998
17.01543422681447
17.015479551169992
17.015523993755263
17.01556758233411
17.015610343217347
17.0156523013252
17.015693480246536
17.015733902295125
17.015773588562915
17.01581255897073
17.015850832316296
17.015888426319922
17.015925357667786
17.015961642053114
17.01599729421524
17.016032327976713
17.016066756278548
17.016100591213664
17.016133844058686
17.016166525304104
17.01619864468293
17.016230211197893
17.016261233147258
17.016291718149333
17.016321673165727
17.01635110452339
17.016380017935553
17.01640841852156
17.01643631082567
17.01646369883489
17.01649058599582
17.016516975230665
17.01654286895232
17.016568269078693
17.016593177046214
17.016617593822566
17.016641519918785
17.016664955400586
17.016687899899058
17.01671035262078
17.01673231235726
17.016753777493854
17.016774746018083
17.016795215527516
17.016815183237004
17.01683464598556
17.016853600242708
17.016872042114393
17.016889967348458
17.016907371339748
17.016924249134757
17.016940595435972
17.016956404605768
17.016971670670042
17.016986387321445
17.017000547922336
17.017014145507396
17.01702717278598
17.01703962214414
17.017051485646455
17.017062755037497
17.017073421743135
17.01708347687155
17.017092911214053
17.017101715245637
17.01710987912539
17.01711739269663
17.017124245486915
17.017130426707837
17.017135925254642
17.0171407297057
17.017144828321815
17.01714820904538
17.0171508594994
17.017152766986392
17.017153918487146
17.017154300659385
17.017153899836313
17.017152702025072
17.017150692905116
17.017147857826465
17.017144181807968
17.017139649535412
17.017134245359642
17.017127953294608
17.017120757015377
17.017112639856123
17.01710358480812
17.01709357451768
17.01708259128415
17.01707061705787
17.0170576334382
17.01704362167154
17.017028562649443
17.01701243690674
17.016995224619755
17.0172748896713
17.01753578169883
17.0177783213535
17.018002945822154
17.018210125692892
17.01840035221152
17.018574125303356
17.018731944682184
17.018874303481567
17.019001683753018
17.01911455333235
17.019213363710314
17.019298548641157
17.01937052329283
17.01942968379278
17.01947640705991
17.01951105084034
17.019533953884245
17.01954543621604
17.019545799460992
17.019535327199844
17.019514285328782
17.019482922407096
17.01944146997781
17.01939014284925
17.019329139326935
17.019258641386305
17.019178814777284
17.01908980905167
17.01899175750399
17.01888477701571
17.01876896779151
17.01864441297462
17.018511178126342
17.01836931055192
17.01821883845182
17.01805976987332
17.017892091432074
17.017715766767033
17.017530734684158
17.017336906934347
17.017134165558502
17.016922359716727
17.016701301898276
17.016470763382785
17.016230468789026
17.01598008950317
17.015719235718894
17.01544744674276
17.015164179110617
17.014868791912996
17.01456052852172
17.01423849361818
17.013901624003708
17.01354865105477
17.01317805175844
17.012787983835707
17.012376198199764
17.01193991829998
17.011475669627426
17.01097903152435
17.01044426261491
17.00986370962298
17.009226819458036
17.008518358529876
17.005541086179452
17.002577939019535
16.99964611778655
16.996763634535284
16.993948002856094
16.991215471534385
16.988580607642476
16.98605580986453
16.983651042250013
16.981373674634582
16.97922850773586
16.977217814511025
16.975341589097606
16.973597811205426
16.97198276573148
16.97049137956828
16.96911755342499
16.967854471766525
16.966694879477313
16.965631318899014
16.964656325074447
16.96376258019134
16.962943030374102
16.962190969245416
16.96150009325052
16.960864533792815
16.960278870941043
16.959738132976284
16.95923778545911
16.95877371288804
16.95834219543952
16.957939885704093
16.95756376902476
16.957211153885062
16.95687963194026
16.95656705482774
16.956271509194828
16.955991293393325
16.95572489594099
16.955470975777164
16.955228344282425
16.954995948992064
16.954772858911234
16.954558251313955
16.954351399925358
16.95415166435613
16.95395848066577
16.95377135299304
16.953589846056392
16.953413578529723
16.953242217141103
16.953075471433184
16.952913089110417
16.952754851906523
16.95260057191318
16.952450088316773
16.95230326449624
16.95215998543985
16.952020155445066
16.95188369606266
16.951750544268265
16.951620650822715
16.951493978804915
16.951370502300108
16.951250205216166
16.951133080223574
16.951019127779904
16.950908355316884
16.95080077643061
16.95069641016474
16.950595280382597
16.950497415186984
16.95040284639297
16.950311609048473
16.950223740997934
16.950139282485136
16.950058275791626
16.949980764907867
16.949906795234355
16.949836413299163
16.949769666571118
16.949706603132352
16.94964727156572
16.94959172075424
16.94953999972651
16.949492157522638
16.949448243080045
16.94940830513895
16.949372392167334
16.94934055230543
16.949312833329902
16.949289282638116
16.949261918901946
16.94922872632587
16.949190094891552
16.94914638423949
16.949097927268102
16.94904503286631
16.948987988304545
16.948927061218733
16.94886250159566
16.94879454329842
16.9487234055407
16.948649294171357
16.94857240281717
16.9484929139008
16.948410999835268
16.94832682297059
16.948240536913342
16.948152287718678
16.9480622136322
16.947970445899806
16.947877109238977
16.947782322264917
16.94768619787607
16.947588843603356
16.947490361927365
16.947390850567018
16.947290402742915
16.947189107418176
16.94708704951929
16.946984310139122
16.946880966724027
16.94677709324681
16.94667276036699
16.946568035579787
16.94646298335489
16.94635766526619
16.946252140113273
16.94614646403558
16.946040690619885
16.945934871001803
16.945829053961802
16.94572328601627
16.94561761150412
16.945512072669167
16.945406709738847
16.945301560999358
16.945196662867637
16.94509204996041
16.94498775516041
16.944883809680068
16.944780243122857
16.944677083542274
16.94457435749883
16.944472090114957
16.94437030512805
16.944269024941764
16.94416827067552
16.94406806221244
16.94396841824572
16.94386935632349
16.943770892892225
16.943673043338812
16.94357582203126
16.943479242358123
16.943383316766674
16.94328805679989
16.943193473132247
16.943099575604393
16.943006373256704
16.942913874361803
16.942822086456
16.942731016369752
16.942640670257113
16.94255105362423
16.942462171356933
16.94237402774739
16.942286626519884
16.942199970855732
16.942114063417364
16.942028906371604
16.941944501412138
16.9418608497812
16.941777952290547
16.941695809341656
16.941614420945264
16.941533786740155
16.941453906011326
16.941374777707473
16.941296400457865
16.941218772588563
16.941141892138095
16.9410657568725
16.940990364299854
16.940915711684188
16.940841796058965
16.940768614239943
16.94069616283762
16.940624438269165
16.94055343676986
16.94048315440413
16.940413587076115
16.940344730539795
16.94027658040877
16.940209132165577
16.940142381170634
16.94007632267086
16.94001095180787
16.940749973595945
16.94139993949674
16.94197060669554
16.942469695279375
16.94290381074416
16.943278716821872
16.943599481861323
16.943870584196937
16.944095997924993
16.944279263397302
16.944423545992642
16.94453168541651
16.944606237282827
16.9446495083638
16.944663586613963
16.944650367015697
16.94461157309876
16.944548776686364
16.94446341398697
16.94435679999909
16.944230141014838
16.94408454554386
16.943921033912943
16.943740546715155
16.94354395227076
16.943332053234023
16.9431055924596
16.94286525822495
16.94261168889129
16.942345477073452
16.942067173378756
16.941777289767323
16.941476302578337
16.941164655261176
16.940842760844937
16.94051100417573
16.940169743947173
16.93981931454647
16.939460027735493
16.93909217418418
16.938716024871233
16.938331832365517
16.937939831999937
16.937540242948252
16.937133269214034
16.93671910054012
16.936297913245863
16.93586987099869
16.935435125525952
16.934993817272247
16.93454607600696
16.93409202138624
16.93363176347325
16.933165403220176
16.932693032914962
16.932214736595725
16.931730590435308
16.93124066309827
16.930745016072414
16.930243703976732
16.92973677484749
16.929224270404
16.928706226295528
16.928182672330568
16.927653632689758
16.92711912612339
16.92657916613462
16.926033761149164
16.925482914672376
16.924926625434384
16.924364887524057
16.92379769051229
16.92322501956535
16.92264685554862
16.92206317512136
16.92147395082283
16.92087915115022
16.92027874062872
16.919672679874044
16.919060925647738
16.918443430905562
16.917820144839062
16.917191012910752
16.916555976882904
16.915914974840256
16.915267941206753
16.91461480675642
16.913955498618524
16.913289940277163
16.91261805156528
16.91193974865324
16.911254944032013
16.91056354649097
16.909865461090398
16.909160589128653
16.90844882810404
16.907730071671335
16.907004209592998
16.906271127684995
16.90553070775717
16.904782827548143
16.904027360654688
16.903264176455384
16.902493140028596
16.90171411206456
16.90092694877153
16.90013150177577
16.899327618015295
16.898515139627214
16.89769390382844
16.896863742789595
16.896024483501915
16.89517594763693
16.894317951398662
16.89345030536807
16.89257281433949
16.89168527714881
16.89078748649293
16.889879228740316
16.888960283732256
16.888030424574318
16.88708941741778
16.886137021230468
16.88517298755659
16.88419706026509
16.883208975285974
16.882208460334045
16.881195234619533
16.88016900854491
16.879129483387285
16.878076350965664
16.877009293292335
16.875927982207568
16.87483207899683
16.873721233989592
16.87259508613881
16.87145326258005
16.87029537816922
16.869121034997743
16.86792982188401
16.8667213138398
16.865495071510324
16.86425064058643
16.86298755118751
16.861705317213303
16.860403435663066
16.85908138592008
16.85773862899965
16.85637460675839
16.85498874106266
16.853580432913656
16.852149061526724
16.850693983362063
16.849214531104053
16.847710012586017
16.846179709657125
16.844622876988026
16.84303874081128
16.84142649759272
16.83978531262934
16.83811431856918
16.836412613848278
16.834679261039387
16.832913285106905
16.83111367156193
16.829279364511006
16.827409264591676
16.825502226787396
16.823557058113874
16.821572515168395
16.81954730153289
16.817480065021073
16.81536939475908
16.813213818088375
16.81101179727882
16.808761720280476
16.8064619191458
16.80411063414525
16.801706030200368
16.799246187307997
16.79672909582082
16.794152651704717
16.791514650701888
16.78881279067757
16.78604463586936
16.783207652883227
16.780299176708684
16.777316409822514
16.774256414338264
16.771116103632508
16.767892233411118
16.764581392176094
16.76117999105113
16.75768425292118
16.75409020083874
16.750393645646422
16.746590172762847
16.7426751280756
16.738643602882558
16.73843799795983
16.738232253099667
16.738026297312626
16.73782006380909
16.737613489660966
16.73740651566766
16.737199086167408
16.736991148849764
16.736782654577002
16.736573557216488
16.736363813483926
16.73615338279668
16.735942227136146
16.735730310918182
16.735517600870807
16.73530406591836
16.735089677071493
16.734874407322465
16.734658231545257
16.734441126400068
16.73422307024186
16.734004043032655
16.733784026257318
16.733563002842608
16.733340957079292
16.73311787454718
16.732893742042968
16.732668547510745
16.732442279975093
16.732214929476708
16.73198648701045
16.731756944465843
16.731526294569903
16.731294530832322
16.73106164749289
16.730827639471265
16.730592502318903
16.730356232173257
16.730118825714086
16.72988028012199
16.72964059303899
16.72939976253122
16.729157787053637
16.728914665416745
16.728670396755202
16.728424980498378
16.72817841634272
16.727930704225923
16.727681844302772
16.727431836922676
16.727180682608786
16.726928382038647
16.726674936026267
16.72642034550564
16.726164611515536
16.72590773518556
16.72564971772341
16.725390560403216
16.72513026455497
16.724868831554904
16.72460626281681
16.7243425597842
16.724077723923294
16.72381175671669
16.723544659657783
16.72327643424579
16.723007081981322
16.722736604362538
16.72246500288177
16.722192279022554
16.721918434257145
16.7216434700443
16.721367387827463
16.72109018903323
16.720811875070055
16.720532447327233
16.720251907174063
16.719970255959215
16.719687495010263
16.719403625633383
16.719118649113124
16.718832566712358
16.718545379672292
16.71825708921256
16.717967696531407
16.717677202805902
16.717385609192263
16.717092916826132
16.71679912682298
16.716504240278482
16.71620825826892
16.715911181851634
16.71561301206544
16.71531374993109
16.71501339645173
16.714711952613357
16.71440941938527
16.71410579772053
16.71380108855641
16.713495292814827
16.713188411402804
16.712880445212868
16.712571395123494
16.712261261999522
16.711950046692532
16.711637750041252
16.711324372871946
16.711009915998776
16.71069438022417
16.710377766339153
16.710060075123717
16.70974130734713
16.709421463768276
16.709100545135932
16.70877855218911
16.708455485657325
16.708131346260878
16.70780613471114
16.707479851710822
16.707152497954215
16.706824074127447
16.706494580908736
16.706164018968625
16.705832388970183
16.705499691569262
16.705165927414686
16.70483109714847
16.70449520140602
16.70415824081633
16.703820216002168
16.703481127580268
16.7031409761615
16.702799762351056
16.702457486748607
16.70211414994848
16.701769752539814
16.701424295106715
16.7010777782284
16.700730202479367
16.700381568429513
16.700031876644292
16.69968112768485
16.69932932190214
16.698976460058354
16.698622542702374
16.698267570379304
16.69791154363058
16.697554462994084
16.697196329004267
16.696837142192262
16.696476903085973
16.6961156122102
16.69575327008673
16.695389877234454
16.695025434169445
16.694659941405064
16.694293399452075
16.69392580881871
16.693557170010777
16.69318748353175
16.692816749882855
16.69244496956314
16.69207214306959
16.691698270897188
16.691323353539016
16.6909473914863
16.690570385228536
16.690192335253528
16.689813242047485
16.68943310609509
16.68905192787957
16.688669707882777
16.68828644658525
16.687902144466285
16.687516802004005
16.687130419675448
16.686742997956586
16.68635453732245
16.68596503824715
16.68557450120395
16.685182926665334
16.68479031510308
16.684396666988288
16.684001982791486
16.68360626298265
16.68320950803128
16.68281171840646
16.682412894576892
16.682013037010996
16.68161214617693
16.681210222542653
16.68080726657598
16.68040327874465
16.679998259516356
16.679592209358823
16.67918512873983
16.678777018127292
16.678367877989277
16.6779577087941
16.814308818318032
16.811598756778555
16.80889333925539
16.80619259448173
16.803496555102974
16.80080521013999
16.798118509737673
16.795436377349645
16.79275871986436
16.790085434599096
16.787416414123914
16.784751548969723
16.782090730335344
16.779433850091777
16.776780803039454
16.77413148714673
16.771485804163127
16.768843660144697
16.76620496594699
16.76356963770594
16.760937597318453
16.75830877291967
16.75568309936619
16.75306051871255
16.750440980681976
16.747824443125126
16.74521087246086
16.742600244098526
16.73999254283201
16.73738776320988
16.73478590986832
16.732186997838827
16.72959105281173
16.726998111370435
16.724408221188142
16.721821441186563
16.71923784165302
16.71665750433276
16.71408052247253
16.711507000839696
16.708937055700382
16.70637081476772
16.70380841711913
16.701250013082632
16.69869576409573
16.696145842533138
16.693600431511815
16.691059724675043
16.688523925944228
16.685993249257724
16.68346791828438
16.68094816612208
16.67843423497321
16.67592637581091
16.67342484802344
16.670929919051048
16.66844186400586
16.665960965279858
16.663487512147658
16.661021800353833
16.658564131695723
16.656114813599967
16.65367415868768
16.65124248434044
16.64882011225861
16.64640736801605
16.644004580613586
16.641612082031628
16.639230206777277
16.636859291441215
16.634499674243337
16.632151694587822
16.629815692619488
16.62749200878282
16.62518098338322
16.622882956154836
16.62059826583363
16.61832724973477
16.616070243338118
16.613827579881814
16.611599589959127
16.60938660113121
16.60718893753962
16.605006919537512
16.6028408633236
16.600691080591083
16.59855787818328
16.596441557766923
16.594342415508752
16.592260741772158
16.590196820818502
16.588150930528524
16.586123342131767
16.58411431994992
16.582124121154013
16.580152995535805
16.57820118529098
16.576268924818002
16.574356440528017
16.572463950670908
16.570591665176025
16.568739785502768
16.56690850450807
16.56509800632768
16.56330846626795
16.561540050715873
16.559792917057592
16.558067213612766
16.556363079580553
16.554680645000392
16.553020030722934
16.551381348391796
16.54976470044315
16.54817018011103
16.546597871445517
16.54504784934257
16.543520179586675
16.542014918897426
16.540532114993233
16.539071806659745
16.537634023828716
16.536218787668037
16.53482611067589
16.533455996688698
16.532108441287374
16.530783431619284
16.52948094662618
16.528200957175386
16.52694342619817
16.525708308834783
16.524495552583968
16.52330509745582
16.52217184971663
16.521059731762218
16.51996869901539
16.51889869182107
16.51784963839064
16.51682145694957
16.51581405720615
16.514827341377153
16.513861204928595
16.512915537125767
16.511990221460543
16.51108513599234
16.510200153634045
16.50933514239927
16.50848996562069
16.50766448215221
16.506858546554675
16.506072009273716
16.505304716809224
16.504556511879372
16.50382723358105
16.503116717543907
16.502424796086064
16.501751298363214
16.501096050518193
16.50045887582722
16.499839594845024
16.49923802554898
16.498653983480025
16.49808728188324
16.497537731846517
16.497005142437864
16.496489320841057
16.49599007248918
16.495507201197178
16.495040509292167
16.494589797742687
16.494154866284955
16.49373551354825
16.4933315371777
16.492942733955168
16.49256889991838
16.492209830476703
16.49186532052626
16.49153516456181
16.49121915678607
16.490917091217298
16.490628761794
16.490353960484065
16.4900924834477
16.48984412498658
16.489608681449354
16.48938594603943
16.489175714271756
16.488977782241975
16.488791946710233
16.48861800518166
16.488455755984855
16.488304998347033
16.488165532466578
16.488037159582973
16.487919682043852
16.48781290336283
16.487716628300372
16.48763066290281
16.487554814564913
