31552879.507200003
599786.7346188629
599287.9628210195
598706.5474781806
598048.9055571887
597320.310740839
596531.5473586634
595685.6564753329
594790.940964676
593854.2780362151
592882.3327898061
591881.4764254864
590857.7225410973
589816.6804573933
588763.5241768757
587702.9753206997
586639.2666370145
585576.2707416667
584517.3333497368
583465.4105134504
582423.0727061386
581392.5030270843
580375.5730451929
579373.8432463076
578388.6017768893
577420.894642732
576471.5545399523
575541.2279331282
574630.4001277701
573739.4182043113
572868.5117218207
572017.8113067873
571187.3651249609
570377.1533041326
569587.1005913265
568817.087266395
568066.9585220113
567336.5324594148
566625.6068524547
565933.9648256708
565261.3795823262
564607.6183063632
563972.4453521176
563355.6248239849
562756.9226357723
562176.1081302876
561612.9553290626
561067.2438731468
560538.759707836
560027.2955566047
559532.6512229474
559054.6337531202
558593.0574875802
558147.744024645
557718.5221158155
557305.2275090516
556907.7027535781
556525.7969771137
556159.3656445275
555808.2703052799
555472.3783353125
555151.5626780645
554845.701588214
554554.6783807972
554278.3811878066
554016.7027237525
553769.5400612338
553536.7944170713
553318.3709495076
553114.1785664544
552924.1297448582
552748.1403608717
552586.1295305608
552438.0194608025
552303.7353099601
552183.2050576237
552076.3593833809
551983.1315535868
551903.4573160637
551837.2748020004
551784.5244346261
551745.1488442846
551719.0927892561
551706.3030822505
551706.7285217404
551720.3198281862
551747.0295845177
551786.8121806557
551839.6237618075
551905.4221801403
551984.1669497346
552075.8192044122
552180.3416583688
552297.6985693426
552427.8557040977
552570.7803061603
552726.4410655608
552894.8080905473
553075.8528810116
553269.5483036349
553475.8685686376
553694.7892079849
553926.2870550031
554170.3402253547
554426.928099333
554696.0313052672
554977.6317042803
555271.7123760115
555578.2576055904
555897.2528715855
556228.6848350936
556572.5413297949
556928.8113530707
557297.4850581444
557678.5537471937
558072.0098655259
558477.8469966959
558896.0598587263
559326.644301269
559769.5973038643
560224.9169752395
560692.6025536503
561172.6544083945
561665.074042338
562169.8640957031
562687.0283509663
563216.5717389645
563758.5003463225
564312.8214241101
564879.5433978502
565458.6758789439
566050.2296775103
566654.216816707
567270.6505486569
567899.5453719324
568540.9170507704
569194.7826360522
569861.1604880836
570540.0703013531
571231.5331312714
571935.5714230626
572652.2090428206
573381.4713109675
574123.38503809
574877.9785634177
575645.281795975
576425.326258606
577218.1451350517
578023.7733201447
578842.2474734513
579673.6060764387
580517.8894934084
581375.1400364583
582245.4020346502
583128.7219077006
584025.1482444331
584934.7318863237
585857.5260164185
586793.5862540359
587742.9707555617
588705.7403217923
589681.958512236
590671.6917668459
591675.0095357182
592691.9844172675
593722.6923055168
594767.2125470993
595825.6281087253
596898.0257558235
597984.4962431961
599085.1345185817
600200.039940087
601329.3165085065
602473.073115708
603631.423810267
604804.4880816597
605992.3752449302
607195.2492835488
608413.2302044157
609646.4635297233
610895.1009415206
612159.3008183808
613439.2325821256
614735.0712881939
616047.019165974
617375.2370502034
618719.9471307452
620081.3656058625
621459.7204040919
622855.2519584456
624268.2140483
625698.8747099709
627147.5172214323
628614.4411679411
630099.9635958439
631604.4202627819
633128.1669932589
634671.581149328
636235.0632273369
