2766.4485600000003
2761.6152119175063
2756.6923509480757
2751.6807201775396
2746.5813515773857
2741.3954351252482
2736.1242434546994
2730.7690889916908
2725.3312997717862
2719.8122059753714
2714.2131326029507
2708.535395663801
2702.780300373344
2696.949140499126
2691.043198365245
2685.0637452374435
2679.0120419330624
2672.8893395702403
2666.696880411318
2660.435898779032
2654.1076220381105
2647.7132716435185
2641.25406426222
2634.7312129794113
2628.145928603546
2621.4994210876002
2614.792901087367
2608.0275816812264
2601.204680280153
2594.32542076185
2587.3910358690223
2580.4027699192766
2573.361881883199
2566.2696488981774
2559.1273702990393
2551.9363722630637
2544.698013187084
2537.413689939049
2530.084845156503
2522.7129758009637
2515.299643776845
2507.8464861778134
2500.3552309369866
2492.8277129888593
2485.265894080284
2477.671886300154
2470.0479799693776
2462.396676027166
2454.720726153336
2447.023175223179
2439.307411416163
2431.5772190787507
2423.836830409549
2416.09096690828
2408.3448542678843
2400.6041838109604
2392.8749805789544
2385.163327688268
2377.4749010926093
2369.8143094812103
2362.1843284824454
2354.5852475350534
2347.014622847837
2339.4676335931736
2331.937967936757
2324.4189073188595
2316.904234981565
2309.388774312033
2301.8685504398177
2294.34071504317
2286.8033553902237
2279.255279978717
2271.695826812323
2264.1247100890296
2256.5419051877057
2248.947565707454
2241.3419651273484
2233.7254564519762
2226.0984445976355
2218.461367631649
2210.814684089035
2203.1588644267317
2195.4943852813494
2187.8217256209164
2180.1413641720587
2172.453777706278
2164.759439904137
2157.0588206081907
2149.352384196034
2141.6405924360865
2133.9239014556692
2126.202763512349
2118.477623937125
2110.748923806875
2103.0170992068847
2095.2825812431097
2087.545796069788
2079.8071654477794
2072.0671051748577
2064.326026802244
2056.5843371013802
2048.84243811656
2041.1007272178529
2033.359597154345
2025.6194361075088
2017.8806277445758
2010.1435512717912
2002.4085814874695
1994.6760888347737
1986.9464394541635
1979.2199952354606
1971.497113869489
1963.7781488992555
1956.063449770631
1948.353361882518
1940.64822663646
1932.948381485694
1925.2541599835924
1917.5658918315085
1909.8839029259855
1902.2085154053254
1894.5400476954953
1886.8788145553617
1879.225127121247
1871.5792929507775
1863.9416160660464
1856.3123969960532
1848.6919328185038
1841.0805172004957
1833.4784404392558
1825.8859895013595
1818.303448061604
1810.7310965410625
1803.169212144396
1795.618068896421
1788.077937677938
1780.5490862608103
1773.031779342309
1765.5262785787115
1758.0328426181702
1750.5517271328404
1743.0831848502833
1735.62746558414
1728.1848162640892
1720.7554809650835
1713.3397009358794
1705.9377146268669
1698.5497577171952
1691.1760631412155
1683.8168611142378
1676.4723791576166
1669.142842123168
1661.8284722169299
1654.529489022276
1647.246109522387
1639.978548122093
1632.7270166690953
1625.4917244745775
1618.2728783332154
1611.0706825425966
1603.885338922059
1596.7170468309596
1589.5660031863856
1582.4324024803134
1575.3164367962358
1568.2182958252547
1561.1381668816641
1554.0762349180256
1547.032682539754
1540.0076900192116
1533.0014353093425
1526.0140940568367
1519.0458396148535
1512.0968430552994
1505.1672731806846
