5.1945895296
4.43108294434224
4.474708660343659
4.515859157608029
4.555922777192083
4.595276137482723
4.634045074031322
4.6722923341839
4.710063052024223
4.747395904649026
4.784325989769244
4.820885694574521
4.857105066137829
4.893012047808746
4.9286326702096845
4.963991219105816
4.999110386465505
5.034011407190934
5.06871418303408
5.103237394936803
5.137598604903806
5.1718143484214085
5.205900218350215
5.239870941129513
5.273740446060166
5.307521928347745
5.341227906528312
5.374870274830876
5.40846035097264
5.44200891983561
5.475526273424422
5.50902224746185
5.542506254944629
5.575987316946556
5.60947409092691
5.642974896777092
5.6764977408094675
5.710050337880303
5.7436401318109995
5.777274314259376
5.810959842179071
5.844703453986603
5.878511684551293
5.912390879102573
5.946347206151052
5.98038666949991
6.014515119425995
6.048738263092636
6.08306167425996
6.117490802344646
6.152030980882828
6.186687435438144
6.221465291000826
6.256369578912681
6.291405243354944
6.326577147430051
6.361890078864443
6.397348755363155
6.432957829636323
6.468721894120891
6.504645485420279
6.5407330884765145
6.576989140495522
6.613418034638537
6.650024123496221
6.6868117223561825
6.7237851122789225
6.760948542989923
6.798306235600285
6.835862385165342
6.873621163087334
6.9115867193731475
6.949763184751919
6.9881546726590935
7.026765281094918
7.06559909436001
7.104660184675376
7.143952613689186
7.183480433876345
7.223247689832858
7.263258419469629
7.303516655107403
7.344026424476342
7.38479175162274
7.425816657723733
7.467105161813616
7.5086612814202285
7.550489033117892
7.592592432991537
7.634975497019199
7.67764224136841
7.72059668260985
7.763842837849775
7.807384724776448
7.851226361626404
7.895371767067681
7.939824959998201
7.984589959263358
8.029670783287953
8.075071449624428
8.12079597441679
8.166848371778482
8.213232653083043
8.259952826168554
8.30701289445468
8.354416855967875
8.402168702279688
8.450272417352025
8.498731976290141
8.547551344004603
8.596734473776332
8.64628530572766
8.696207765198581
8.746505761022792
8.797183183708656
8.848243903519451
8.899691768454444
8.951530602130623
9.003764201561703
9.056396334837705
9.109430738702757
9.162871116029457
9.216721133194225
9.2709844173503
9.325664553599069
9.380765082062588
9.43628949485682
9.49224123296667
9.54862368302469
9.605440173996467
9.662693973772969
9.720388285673746
9.77852624486435
9.837110914690365
9.896145282932672
9.955632257988375
10.015574664982765
10.075975241815756
10.136836635152127
10.198161396359556
10.259951977402697
10.322210726701599
10.384939884961701
10.448141580987144
10.511817827484984
10.575970516871607
10.640601417094619
10.705712167480733
10.771304274622432
10.837379108320826
10.903937897593824
10.970981726771235
11.03851153168945
11.10652809600444
11.175032047641311
11.24402385539968
11.313503825734266
11.383472099731929
11.453928650308084
11.524873279641124
11.596305616873876
11.668225116100347
11.740631054665798
11.813522531805786
11.886898467646995
11.960757602600143
12.035098497169065
12.109919532204886
12.185218909632143
12.260994653675453
12.337244612613974
12.41396646109262
12.491157703015999
12.56881567505706
12.646937550801614
12.725520345562295
12.804560921883478
12.884055995764825
12.964002143628583
13.044395810053253
13.12523331629683
13.206510869631249
13.288224573506373
13.370370438563707
13.45294439451423
13.535942302896498
13.619359970725439
13.703193165043782
13.78743762838224
13.87208909513517
13.957143308852707
14.042596040450258
14.128443107332174
14.21468039342344
14.301303870099847
14.388309618005968
14.47569384974304
14.563452933412377
14.65158341698732
