13.33816252920473
28.925985640904408
28.950553324718076
28.973462258669997
28.996335701042224
29.019217983917642
29.042106314696372
29.06499724731061
29.087887964499338
29.11077620990589
29.133660196905385
29.156538531420054
29.179410147428865
29.202274253102544
29.22513028581354
29.247977874532975
29.27081680839659
29.293647010398917
29.316468515363525
29.3392814514746
29.36208602476093
29.38488250605018
29.4076712199792
29.430452535699995
29.453226859024916
29.475994625747806
29.49875629596512
29.5215123492219
29.54426328036042
29.567009595943883
29.589751811183476
29.612490447276794
29.635226029093893
29.657959083180565
29.68069013600511
29.703419712415723
29.726148334386764
29.748876519696662
29.771604781053828
29.794333625141185
29.817063551839187
29.839795053553978
29.86252861461833
29.885264710827805
29.90800380891735
29.930746366291324
29.95349283065546
29.97624363977998
29.998999221296472
30.021759992534662
30.044526360410273
30.067298721340563
30.09007746120167
30.11286295531595
30.135655573227137
30.15845565940353
30.18126356277258
30.2040796168418
30.226904144896512
30.249737460109035
30.272579865687085
30.29543165502257
30.318293111862168
30.341164510489193
30.364046115906575
30.38693818403658
30.409840961926086
30.432754687952695
30.455679592043357
30.478615895889426
30.501563813170886
30.524523549776294
30.547495304032413
30.57047926692311
30.593475622320337
30.616484547204657
30.63950621188773
30.662540780238167
30.685588409893228
30.708649252480534
30.7317234538282
30.754811154175208
30.77791248837762
30.80102758610753
30.824156572054623
30.847299566118153
30.870456683591907
30.893628035353753
30.916813728040502
30.940013864225254
30.96322854258355
30.986457858059648
31.002203509527384
31.019104408081194
31.036686579150448
31.054807511070607
31.07337380322792
31.09225741545926
31.111432010211715
31.13083170047018
31.150415543666814
31.170151523389475
31.190014593020674
31.209985149840715
31.230047844231933
31.250190650008424
31.270404138388805
31.29068091085238
31.311015156034422
31.331402303470185
31.351838752984087
31.37232166318957
31.39284878614778
31.413418338187995
31.434028898764097
31.454679331582767
31.47536872279261
31.496096332717006
31.51686155810457
31.53766390260954
31.558502953715347
31.579378364684715
31.600289840448447
31.62123712656564
31.642220000594588
31.663238265337835
31.68429174356365
31.705380273873995
31.72650370746956
31.747661905620305
31.76885473768727
31.790082079572652
31.811343812497885
31.83263982205287
31.853969997476636
31.875334231019078
31.896732417506236
31.91816445402845
31.93963023956328
31.96112967481911
31.982662662029245
32.00422910482035
32.02582890809326
32.0474619779434
32.06912822157569
32.0908275472642
32.11255986428768
32.13432508290118
32.15612311429861
32.177953870591885
32.199817264783505
32.22171321074892
32.243641623219496
32.26560241776556
32.28759551078889
32.30962081950255
32.33167826192834
32.35376775688023
32.37588922395787
32.3980425835377
32.420227756761726
32.44244466553437
32.46469323250805
32.486973381082464
32.509285035390384
32.53162812029521
32.55400256138275
32.5764082849522
32.59884521801274
32.621313288272894
32.6438124241387
32.6663425547017
32.68890360973645
32.71149551969472
32.734118215694956
32.75677162951691
32.77945569360435
32.80217034104453
32.82491550557223
32.84769112156312
32.87049712402434
32.89333344859087
32.9162000315179
32.939096809680436
32.962023720559955
32.98498070224628
33.00796769342644
33.03098463338427
33.054031461990625
33.0771081197002
33.10021454754773
33.123350687139414
33.1465164806514
33.1697118708218
33.19293680094766
33.216191214879466
33.23947505701514
33.262788272298295
33.286130806209776
