0.0065628480000000005
0.0067355506963030455
0.0068992026584564535
0.00706609415784829
0.007234627875837431
0.007403778725838515
0.00757291471227014
0.007741636247779908
0.007909680948345375
0.008076867459271922
0.008243062340395672
0.008408160568498054
0.008572074077694706
0.008734725042406872
0.008896041957435786
0.009055957367196941
0.009214406567121509
0.009371326878182333
0.009526657259467788
0.009680338120408333
0.009832311251251396
0.009982519823972089
0.010130908435614443
0.010277423177749653
0.010422011722660305
0.01056462342098217
0.01070520940802029
0.010843722717493646
0.01098011840245296
0.011114353663808566
0.011246387987441547
0.0113761832913444
0.011503704084709132
0.011628917641390001
0.011751794190755132
0.011872307129633662
0.011990433259898564
0.012106153057235286
0.012219450977870281
0.012330315811516633
0.012438741156539014
0.01254472566880331
0.012648273913319087
0.012749396864437995
0.01284811272024753
0.012944447828319449
0.013038437780561381
0.013130128667433199
0.013219578722430824
0.013306859838036672
0.013392059598280227
0.013475283266196666
0.013556655698212919
0.013636322766196947
0.01371445158936871
0.013791228441454261
0.013866852675830137
0.013941524620757893
0.014015425670249456
0.014088690596156838
0.014161376103033052
0.01423343491837656
0.014304707490988956
0.014374938951590989
0.014443817607148749
0.01451102080857734
0.014576252592097211
0.014639266188212608
0.01469986929310346
0.014757920961968514
0.014813323057997438
0.014866010910743405
0.014915944989786158
0.014963104246731463
0.015007481096216526
0.015049077762190985
0.015087903678894194
0.015123973665846047
0.015157306652419747
0.015187924785514178
0.015215852801213415
0.01524111757725494
0.015263747808442203
0.015283773765690624
0.015301227111949532
0.01531614075662534
0.015328548736278685
0.015338486113278092
0.015345995386406575
0.015351105308746579
0.015353854132253611
0.01535427405763408
0.01535241244375179
0.015348308380092391
0.015342001665926648
0.015333532685348272
0.015322942298416822
0.015310272429534838
0.015295563706268632
0.015278858055875371
0.015260197560689434
0.015239624419121033
0.015217180906246932
0.015192909332388515
0.015166852001190672
0.015139051168111916
0.015109548999865477
0.015078387535131932
0.015045608646732751
0.015011254005376022
0.014975365045036514
0.014937982930003351
0.01489914852360857
0.014858902358637465
0.014817284609412546
0.014774335065536152
0.014730093107271951
0.014684597682541396
0.014637887285507476
0.014589999936715534
0.014540973164758096
0.014490843989428596
0.014439648906326348
0.014387423872874583
0.014334204295710088
0.01428002501940388
0.014224920316469094
0.014168923878613161
0.014112068809188675
0.014054387616800314
0.013995912210019825
0.013936673893165446
0.01387670336309944
0.0138160307069985
0.013754685401051686
0.013692696310040874
0.013630091687759416
0.013566899178224625
0.013503145817641346
0.013438858037073183
0.013374061665780361
0.013308781935182368
0.013243043483406228
0.013176870360380441
0.013110286033436993
0.0130433133933844
0.012975974761015667
0.01290829189401653
0.012840285994240275
0.012771977715316593
0.012703387170563286
0.012634533941170657
0.012565437084629724
0.01249611514337631
0.012426586153624746
0.012356867654365703
0.012286976696503957
0.01221692985211289
0.01214674322378428
0.012076432454052079
0.012006012734870748
0.011935498817129705
0.011864905020185999
0.011794245241398925
0.011723532965651035
0.011652781274840953
0.011582002857334414
0.011511210017360865
0.0114404146843439
0.011369628422154313
0.0112988624382762
0.011228127592876079
0.01115743440776713
0.01108679307526033
0.011016213466895521
