99.14477
18.58856380857716
18.514817216377004
18.439677888522233
18.365486659647946
18.29357262449746
18.22465821528254
18.159094063924716
18.097001650653784
18.038362112927857
17.983072360475433
17.93098082160925
17.881910305203636
17.835672656385093
17.79207794604215
17.750940346065978
17.71208156737393
17.67533285712844
17.640535993808598
17.607543636951128
17.576219260463905
17.54643682308153
17.51808028279991
17.491043019200617
17.465227217424072
17.440543239344002
17.41690900454494
17.394249393724074
17.372495680363652
17.351584998326068
17.331459842512658
17.312067609240962
17.293360167076575
17.27529346761834
17.25782718298902
17.240924376215002
17.224551199862315
17.208676622087992
17.19327217115621
17.178311710584694
17.163771226567498
17.149628640045943
17.13586363238438
17.122457487342167
17.1093929477019
17.096654083995972
17.084226176785585
17.072095607180234
17.0602497569574
17.048676921964013
17.037366227324085
17.02630755472311
17.015491473240786
17.004909179497705
16.994552438909135
16.984413536804578
16.974485229502147
16.964760703239318
16.95523353550214
16.945897657814893
16.936747325643374
16.92777708763661
16.91898175845452
16.91035639610765
16.90189627742941
16.893596878928232
16.885453858219037
16.877463036632754
16.869620383410957
16.861922003334435
16.854364120211887
16.84694306959937
16.83965528517452
16.832497289358592
16.82546568454058
16.81855714557859
16.811768411603303
16.805096279244715
16.798537597116564
16.79208925956075
16.785748201206502
16.779511394080746
16.773375840373333
16.767338572249166
16.761396644616642
16.755547134848033
16.74978713802115
16.744113766028512
16.738524142492647
16.733015404164796
16.727584695511904
16.72222917030097
16.716945986722024
16.7117323080831
16.706585301195286
16.701502134954314
16.696479978976996
16.691516003493764
16.686607377629304
16.68175126994512
16.676944846705997
16.672185270881535
16.667469703560116
16.662795302021486
16.658159219262767
16.653558605266568
16.648990604265425
16.644452357008433
16.639940999192472
16.635453661998213
16.630987470842765
16.62653954657404
16.622107006233712
16.617686959693206
16.61327651300313
16.608872767577868
16.60447281988597
16.6000737601453
16.59567267638505
16.591266650088272
16.586852759391665
16.582428078452978
16.577989676077987
16.57353461874832
16.569059967625577
16.564562785278547
16.56004012452382
16.55548903849166
16.550906577503298
16.54628978976032
16.541635720818622
16.536941414509375
16.532203914497675
14.296060374594404
14.321847532003003
14.347417498504006
14.372733487153411
14.39776264295145
14.42247551931873
14.446845669836536
14.470849326813576
14.494465133726436
14.517673923137165
14.54045852194772
14.56280358507379
14.584695444185725
14.606121973127205
14.62707246814947
14.647537534359675
14.667508987141497
14.68697975678157
14.705943803617203
14.724396038462467
14.742332248149497
14.75974903100831
14.776643728156383
14.793014369954605
14.808859618361275
14.824178718107651
14.838971448891792
14.853238080480006
14.866979334527436
14.880196344886308
14.892890622986169
14.905064024723663
14.916718720144015
14.927857166009408
14.938482078324341
14.94859640884413
14.958203320925767
14.967306170773412
14.975908485798243
14.984013947607936
14.991626375011636
14.998749707365779
15.00538799293057
15.01154537164676
15.017226064479583
15.0224343627561
15.027174614874099
15.03145121748533
15.035271496379748
15.038634164262042
15.041546568343849
15.044010242432654
15.04603558603428
15.047624158133443
15.048780439580538
15.049508886294099
15.049813921333314
15.049699918512967
15.049171190120104
15.048231966900843
15.046886372107618
15.045138387473107
15.042991807453657
15.040450165156624
15.037516624222947
15.034193808305396
