11.62143
15.110154110235833
15.078178652037089
15.046929043141384
15.016593000175689
14.987188458077474
14.958712667680949
14.93113977429791
14.904451020085311
14.878623033186583
14.853631000044281
14.82944905702225
14.806050596206756
14.783408511503062
14.761495400522023
14.7402837336174
14.719746059888124
14.699854884673929
14.680583161942893
14.661904138713608
14.643791523066607
14.626219524471844
14.609162993762002
14.592597445595368
14.576499127322386
14.560845067957388
14.545613118388236
14.530781982909117
14.51633124231345
14.502241368979137
14.488493734056831
14.475070608545096
14.461955156877615
14.449131425848256
14.43658432824019
14.424299622382732
14.412263888231724
14.400464500639476
14.388889600423267
14.377528063792084
14.36636947063759
14.355404072126593
14.344622757995214
14.334017023872457
14.323578938919256
14.313301114019705
14.3031766707176
14.293199211052391
14.283362788415094
14.273661879513831
14.264091357512129
14.25464646638076
14.245322796485343
14.23611626141529
14.227023076046263
14.218039735817456
14.209162997197707
14.20038985930531
14.19171754664306
14.183143492905696
14.174665325813699
14.166280852926523
14.157988048387326
14.149785040550505
14.141670100444282
14.133641631021186
14.125698157150676
14.11783831630869
14.110060849921796
14.102364595324088
14.094748478287906
14.087211506090485
14.079752761080718
14.072371394713004
14.065066622015818
14.057837716464428
14.05068400523156
14.043604864786811
14.036599716822469
14.029668024481149
14.022809288864021
14.016023045799649
14.009308862853777
14.002666336564266
13.996095089882404
13.989594769807825
13.983165045201464
13.976805604764062
13.970516155167987
13.964296419331076
13.958146134822352
13.952065052389512
13.946052934599951
13.940109554586222
13.934234694889186
13.9284281463909
13.922689707331658
13.917019182404442
13.911416381921322
13.905881121047198
13.90041321909541
13.895012498881396
13.889678786129945
13.88441190893264
13.879211697252167
13.874077982469402
13.869010596972007
13.864009373779957
13.859074146207153
13.854204747555702
13.849401010841522
13.844662768548757
13.839989852411732
13.835382093222481
13.830839320662516
13.826361363157389
13.821948047752969
13.817599200011955
13.813314643929994
13.809094201870128
13.804937694515006
13.800844940835566
13.796815758076336
13.792849961755747
13.788947365681762
13.785107781981775
13.781331021146327
13.777616892086971
13.773965202206883
13.770375757484885
13.76684836257215
13.763382820901656
13.759978934810094
13.756636505672432
13.753355334048756
13.750135219843635
13.746975962478325
13.743877361075265
13.740839214655747
13.737861322350424
13.734943483623434
13.732085498509866
13.729287167867575
13.726548293643129
13.72386867915289
13.72124812937952
13.718686451284343
13.716183454136761
13.713738949860698
13.711352753399517
13.709024683100044
13.70675456111642
13.704542213835222
13.702387472322727
13.700290172795478
13.698250157115815
13.696267273313364
13.69434137613437
13.69247232762042
13.690659997718384
13.688904264923625
13.687205016958305
13.68556215148762
13.683975576876023
13.682445212986044
13.680970992023187
13.679552859429297
13.678190774828412
13.676884713028327
13.675634665082175
13.67444063941411
13.673302663013793
13.67222078270471
13.671195066491983
13.670225604995458
13.669312512975385
13.66845597444127
13.667656071932099
13.66691304392298
13.66622711986651
13.665598561863405
13.665027666542207
13.664514771623145
13.664060252440462
13.663664476060731
13.66332801268794
13.66305132590277
13.66283498383167
13.662679611005345
13.662585892246055
13.662554576839401
13.66258648301702
13.662682502776319
13.662843607065803
13.663070851366287
13.66336538170131
13.663728441113038
13.664161376642287
13.664665646855672
