1220248.0515198
257986.76228912306
257951.7052418735
257887.72819645447
257795.0430732141
257675.6187140175
257531.87326767665
257366.23463257527
257180.99169094797
256978.2502990289
256759.92741200622
256527.76072425113
256283.32223420893
256028.03367912286
255763.18022313344
255489.9250896512
255209.32095394406
254922.32105819866
254629.78899553427
254332.5074564109
254031.18605730514
253726.46835939452
253418.93815594946
253109.12514083975
252797.50999448638
252484.52897313933
252170.57804967658
251856.01664638697
251541.1710176101
251226.33729669626
250911.7842674736
250597.75585271453
250284.47339462454
249972.13768871926
249660.9308554946
249351.01802453378
249042.54885942783
248735.658934879
248430.47101586882
248127.09617252412
247825.63483459307
247526.17771769522
247228.8066803545
246933.59549944667
246640.61057107753
246349.9115524
246061.55193375857
245775.57957234743
245492.03717969524
245210.96273877582
244932.38991769098
244656.34842272007
244382.86433379102
244111.96039320788
243843.65629553335
243577.96892050648
243314.91257564997
243054.49919471872
242796.73852713304
242541.63832320113
242289.20448090724
242039.44119908963
241792.3511149686
241547.93541575465
241306.19396529772
241067.12540146295
240830.72723173362
240596.99592569759
240365.92699815932
240137.51507500012
239911.75398698667
239688.6368061234
239468.1559250266
239250.30311294526
239035.0695652513
238822.44595095867
238612.42246318093
238404.98886322294
238200.13451728088
237997.84843864053
237798.1193269287
237600.93559102577
237406.28539992025
237214.1566915783
237024.53722477704
236837.41458943885
236652.77624435612
236470.6095316556
236290.90171969155
236113.64000097796
235938.8115395118
235766.40346750777
235596.40293070173
235428.79709152208
235263.5731513674
235100.71837030497
234940.22008765774
234782.0657331459
234626.24284946584
234472.73909927692
234321.54228886307
234172.6403859494
234026.02152035316
233881.67400913092
233739.58637142275
233599.74732890903
233462.1458382492
233326.7710840951
233193.61250284652
233062.65978843192
232933.90291279004
232807.33212746234
232682.93796927045
232560.71129486116
232440.6432667634
232322.72536994104
232206.9494248912
232093.3076055052
231981.79242230114
231872.39676123505
231765.11387256018
231659.93738490518
231556.86132298736
231455.88009797732
231356.98852605448
231260.18183275842
231165.45568005968
231072.80614401097
230982.22973673098
230893.72340853047
230807.2845641419
230722.91106287518
230640.60121691364
313789.4608130976
312482.8801422689
311221.38262956706
310003.2549318592
308826.81422358786
307690.4238251284
306592.5025610576
305531.5295902217
304506.0465674923
303514.65790622885
302556.03001886845
301628.8897140116
300732.02227164793
299864.2692281522
299024.52597630105
298211.73944392975
297424.9056270926
296663.0673014133
295925.31170510326
295210.7683466879
294518.6069085551
293848.03513129696
293198.2970308941
292568.6709227773
291958.46776573645
291367.02945672337
290793.7272813372
290237.9604591682
289699.1546706107
289176.76077997714
288670.253557782
288179.1305043528
287702.9107260018
287241.133848839
286793.35904906696
286359.16408154176
285938.1444202826
285529.91236016265
285134.0962669298
284750.3397999341
284378.3012049858
284017.6526678063
283668.0796182745
283329.28022445866
283000.9647915188
282682.8552162518
282374.6845579118
282076.19654814963
281786.7904110638
281506.9380413279
281236.0595235576
280974.2968829568
280720.72461346665
280475.50091124786
280238.43479046435
280009.3438395363
279788.05417270033
279574.400655178
279368.227134942
279169.3869785213
278977.7439251983
278793.1733769085
278615.56433152524
278444.822594684
278280.87565056287
278123.68071240355
