6.1491
11.998074044132675
12.068868166451825
12.14052021498113
12.213041708820493
12.286437471321895
12.360711006943463
12.435865326522082
12.511903030099951
12.588826267467855
12.666636678500142
12.745335326690702
12.824922640545312
12.905398350734943
12.986761434463546
13.06901006369776
13.152141558306546
13.236152344168046
13.321037916059895
13.406792804989013
13.493410549526423
13.580883670685122
13.669203649898424
13.758360909707836
13.848344796836418
13.939143567402384
14.030744374102373
14.123133255265866
14.216295125743388
14.310213769645845
14.404871834992802
14.500250830361539
14.596331125924737
14.693091942907936
14.79051138048556
14.888566397872943
14.987232835046091
15.08648542172554
15.186297791765409
15.286642500609856
15.387491045920694
15.4888138914651
15.590580494331878
15.692759335541481
15.79531795401046
15.898222984042675
16.00144019612902
16.104934541093023
16.208670197740517
16.312610623370944
16.416718607763897
16.52095632992786
16.62528541773289
16.72966701018105
16.834061822118723
16.938430211171504
17.042732246661572
17.146927780250916
17.250976518036712
17.35483809381849
17.45847214320129
17.561838378319113
17.664896662736876
17.767607086303343
17.869930039615802
17.971826287715647
18.07325704278632
18.174184035288807
18.274569584341997
18.374376664297035
18.473568970931765
18.572110984180423
18.66996802828313
18.76710632892905
18.86349306717888
18.959096429967207
19.053885657034368
19.14783108410581
19.24090418223104
19.333077593163136
19.424325160818615
19.514621958118415
19.603944310829178
19.692269816191263
19.779577358029588
19.865847117718722
19.951060581180894
20.03520054200273
20.118251100775467
20.20019766077942
20.281026920149834
20.360726860673953
20.43928673338188
20.51653721619482
20.592588571953858
20.667484841664468
20.741222750655144
20.813800195136217
20.885216203183827
20.955470896380238
21.02456545079331
21.092502056718384
21.15928387754959
21.224915007947192
21.28940043158242
21.352745978439682
21.414958282063296
21.47604391121719
21.536012656951822
21.59487325841071
21.652633502998174
21.709304237308878
21.764896028775087
21.81941995717258
21.872887575668457
21.925310872807785
21.976702235514047
22.027074413164073
22.07644048278833
22.12481381543866
22.172208043757923
22.218637030777145
22.264114839959642
22.308655706504094
22.352274009912726
22.39498424782457
22.436801011108926
22.477738960209276
22.517812802722982
22.55703727219945
22.595427108134412
22.632997037136523
22.669761755238614
22.70573591132433
22.740934091638742
22.77537080534991
22.80906047112728
22.842017404701448
22.874255807369284
22.90578975540819
22.936633190362212
22.96679991016325
22.996303561050752
23.025157630253
23.05337543939371
23.080970138588615
23.107954701196512
23.13434191919055
23.160144399116394
23.185374558604003
23.21004462340179
23.234166624901903
23.257752398127064
23.280813580149886
23.303361608917278
23.32540772245287
23.34696295841204
23.36803815396507
23.38864394598478
23.40879077151617
23.428488868506957
23.447748276778416
23.46657883921717
23.484990203169723
23.502991822022096
23.520592956948295
23.537802678811836
23.554629870205822
23.57108322761733
23.58717126370367
23.602902309667584
23.618284517720234
23.63332586362115
23.648034149284875
23.662417005445096
23.676481894367036
23.69023611260042
23.7036867937648
23.71684091136056
23.729705281598704
23.74228656624355
23.754591275462527
23.766625770677734
23.778396267414955
23.789908838145077
23.801169415114284
23.81218379315936
23.822957632504288
23.833496461535766
23.843805679554098
23.853890559497575
23.863756250637834
23.873407781243984
23.882850061214185
23.89208788467252
23.90112593253028
23.909968775009947
23.918620874131257
23.927086586158268
