344783.48900400003
314908.87201641436
314658.6370374817
314400.617324596
314132.85634095035
313854.2223506007
313564.05019011395
313261.93038007454
312947.5895475669
312620.8215939035
312281.44744430814
311929.2909948785
311564.16422715836
311185.8574575319
310794.132387162
310388.71658648783
309969.29860100104
309535.52317881386
309086.98629625246
308623.22975280817
308143.73515415576
307647.91712036805
307135.11555625097
306604.5868076145
306055.49350412696
305486.89285683125
304897.72313671676
304286.78800837795
303652.73832849186
302994.05093957955
302309.00389281014
301595.6474145294
300851.7697861874
300074.85712855565
299262.04586348496
298410.0663602022
297515.1759499502
296573.0791029605
295578.8320973322
294526.7289663008
293410.16344393336
292221.470032024
290951.72257246467
289590.5034741992
288125.62606329034
286542.80909580574
284825.3007387824
282953.46486358735
280904.292408885
278651.00861820416
276162.68432285794
273404.1290276741
270336.2844729328
266917.57408406143
263106.90450160066
258869.29439330404
254185.25502470622
249064.668103251
243564.29594988332
237804.53072206595
231976.12305456758
226325.17523800096
221110.980621205
216547.91859015473
212757.809964806
209755.80064066264
207471.33758506802
205786.37952219124
204571.20656651258
203707.22861839808
203097.09805312773
202666.15651397174
202359.6410415287
202138.5528068944
201975.66173978362
201852.20379618742
201755.36197467963
201676.43276600572
201609.52930347083
201550.68066479414
201497.21358294887
201447.33126894475
201399.8278801659
201353.8955498562
201308.994265153
201264.76420067783
201220.9667062943
201177.44459498508
201134.096980792
201090.85847973637
201047.68535396957
201004.55182056624
200961.44410784385
200918.35895048614
200875.29497574337
200832.25399803472
200789.23988685998
200746.2578658939
200703.31423731806
200660.41493550257
200617.56661655378
200574.77600371742
200532.04978306792
200489.3945348792
200446.81668997178
200404.32250269846
200361.91803502038
200319.60914797752
200277.4014980873
200235.30053702355
200193.31151344735
200151.43947625865
200109.68927874975
200068.06558332252
200026.57286654078
199985.21542435035
199943.99737735477
199902.9226760982
199861.99510626437
199821.2182937877
199780.5957098431
199740.13067569953
199699.82636740114
199659.685820318
199619.7119335813
199579.90747421625
199540.27508126508
199500.81726982672
199461.53643399468
199422.43485208528
199383.51468838743
199344.77799731868
199306.22672636397
199267.86271908434
199229.68771797617
199191.70336719713
199153.9112151664
199116.3127170478
199078.9092371094
199041.70205098073
199004.69234779605
198967.88123223922
198931.26972649607
198894.8587721165
198858.6492317802
198822.64189100498
198786.83745975175
198751.2365739796
198715.83979713017
198680.6476215434
198645.66046982232
198610.8786961482
198576.30258753663
198541.93236506163
198507.76818502657
198473.81014010913
198440.05826045867
198406.5125147813
198373.1728113792
198340.03899917568
198307.11086871882
198274.3881531607
198241.87052922434
198209.55761815468
198177.44898665778
198145.54414783022
198113.84256207992
198082.34363804103
198051.0467334833
198019.95115621874
197989.05616500674
197958.36097045455
197927.86473592775
197897.5665784459
197867.46556959962
