1.8978316830345892
1.9033409932813445
1.9087678679063562
1.9141149947450156
1.9193858744001877
1.924583975467258
1.929712630494203
1.9347750284589913
1.9397742195380976
1.9447131211783262
1.9495945240552541
1.9544210977504455
1.959195396141375
1.9639198625179726
1.9685968344412883
1.973228548359012
1.9778145544785513
1.9823594003629559
1.9868678107123876
1.9913391692227218
1.995775097994421
2.0001772900371924
2.004547382994852
2.0088869455096576
2.013197478012619
2.0174804152556836
2.0217371289541477
2.0259689303345483
2.0301770725670556
2.0343627530847828
2.038527115795141
2.0426712531884377
2.046796208348674
2.0509029768712184
2.0549925086917784
2.059065709830844
2.0631234440575477
2.067166534476683
2.071195765042401
2.075211882001941
2.079215595272557
2.0832075797546414
2.0871884765838997
2.0911588943252633
2.0951194101111157
2.099070570726254
2.1030128936419024
2.1069468680009646
2.1108729555566095
2.1147915915661653
2.118703185642212
2.1226081225626685
2.126506763041579
2.130399444462223
2.1342864815741063
2.138168167155299
2.142044772641536
2.1459165487234166
2.1497837259129775
2.1536465150808723
2.1575051079653087
2.1613596776538633
2.1652103790392356
2.169057349249953
2.172900708056992
2.176740558257259
2.1805769860347954
2.184410061300575
2.188239838011691
2.192066354470725
2.1958896336060287
2.199709683233647
2.2035264963015595
2.2073400511168995
2.2111503115567888
2.2149572272633935
2.2187607338237765
2.222560752935132
2.2263571925559216
2.230149947043446
2.2339388972783607
2.2377239107766234
2.241504841789336
2.2452815313909555
2.2490538075563076
2.252821485226838
2.256584366366526
2.2603422400078683
2.264094882288328
2.2678420564776527
2.271583512996435
2.2753189894263017
2.27904821051209
2.2827708881563966
2.286486721406842
2.2901953964364177
2.2938965865172776
2.2975899519883103
2.301275140216865
2.3049517855549686
2.308619509290394
2.3122779195929377
2.3159266114562467
2.3195651666355803
2.323193153581842
2.32681012737227
2.3304156296381504
2.3340091884899263
2.3375903184401015
2.341158520324316
2.3447132812210065
2.348254074370053
2.351780359090838
2.3552915807001353
2.358787170430284
2.36226654534809
2.36572910827492
2.3691742477084707
2.372601337746697
2.376009738014412
2.3793987935930776
2.382767834954316
2.3861161778977067
2.389443123493423
2.392747958030313
2.396029952970013
2.399288364907729
2.4025224355403183
2.405731391642343
2.4089144450507662
2.412070792659003
2.4151996164210323
2.4183000833663297
2.421371345626367
2.4244125404734698
2.4382577443995688
2.451620637967635
2.4644966070177485
2.476882885757569
2.4887791955838954
2.5001872854227036
2.5111104700379183
2.5215532612108627
2.5315210790721507
2.541020025033099
2.550056701744143
2.558638069229955
2.566771329095874
2.574463830683088
2.5817229944936777
2.588556249269594
2.5949709799008764
2.600974483933059
2.6065739348943224
2.6117763510068097
2.6165885681101178
2.621017215827692
2.625068696162599
2.6287491638282328
2.632064507709479
2.635020332916216
2.6376219429378436
2.639874321437524
2.641782113240055
2.6433496040688267
2.644580698575558
2.6454788961815083
2.646047264209589
2.6462884077320488
2.6462044354858705
2.645796921114716
2.645066858878053
2.6440146128194812
2.6426398582000092
2.64094151376856
2.6389176631485918
2.6365654632495787
2.6338810371426638
2.6308593482405724
2.6274940518514707
2.6237773191776843
2.6196996275237585
2.6152495087521763
2.610413245719516
2.605174503309228
2.5995138764087273
2.5934083312474527
2.586830508138869
2.579747841636613
2.572121436479797
2.563904611279094
2.555040981302988
2.5454618875663435
2.535082874651385
2.523798741967124
2.5114763778844535
2.4979439961586505
2.4829742152383827
2.4662558651139466
