-1.964458361554528
-1.967128339611402
-1.968873509882782
-1.9700002271372632
-1.970714352998076
-1.9711553850804706
-1.9714185950419503
-1.9715694507547055
-1.9716531000426751
-1.9717006779924984
-1.971733562337564
-1.9717662767957724
-1.9718085043042919
-1.97186648681985
-1.971944029194429
-1.9720432033241377
-1.9721648592981964
-1.972308994068095
-1.9724750189839058
-1.9726619544487034
-1.9728685716683731
-1.9730934954723303
-1.9733352789447136
-1.9735924567296672
-1.9738635829045161
-1.9741472572467869
-1.974442142873662
-1.9747469776328663
-1.975060580622242
-1.9753818554705982
-1.9757097908065457
-1.976043459309858
-1.9763820150105542
-1.9767246901515136
-1.9770707912694838
-1.9774196949232854
-1.9777708431491925
-1.9781237392978896
-1.9784779432525703
-1.9788330673727912
-1.9791887721226258
-1.979544762136692
-1.9799007824254176
-1.980256614749968
-1.9806120742715971
-1.98096700627675
-1.9813212832960263
-1.9816748024348805
-1.9820274825688218
-1.9823792621888512
-1.9827300970752244
-1.983079958362141
-1.983428830523738
-1.98377670983327
-1.984123602597429
-1.9844695238630192
-1.984814495969293
-1.9851585473145839
-1.9855017113675695
-1.985844025489214
-1.9861855300933329
-1.9865262678218178
-1.9868662826413763
-1.9872056192964027
-1.9875443225860008
-1.987882436785701
-1.9882200051593086
-1.9885570695106092
-1.988893669642261
-1.989229843231043
-1.9895656251785512
-1.9899010475136096
-1.9902361391016143
-1.9905709253951998
-1.9909054281899385
-1.991239665497675
-1.991573651394078
-1.9919073958435825
-1.9922409046314364
-1.9925741792953153
-1.9929072169329234
-1.9932400103422754
-1.9935725477369093
-1.99390481296072
-1.9942367852792562
-1.994568439494715
-1.994899745835687
-1.9952306701491107
-1.9955611736838137
-1.9958912133502187
-1.9962207415317719
-1.9965497063462958
-1.996878051548622
-1.997205716605857
-1.9975326367692614
-1.9978587431559651
-1.9981839627583549
-1.9985082185671235
-1.9988314295575593
-1.9991535108311758
-1.9994743737142961
-1.999793925709164
-2.0001120706656215
-2.000428708863823
-2.000743736987602
-2.0010570483614774
-2.0013685328675654
-2.0016780771144087
-2.0019855644697286
-2.0022908752106456
-2.0025938865206583
-2.002894472518796
-2.003192504542318
-2.0034878510154766
-2.0037803775786487
-2.004069947186737
-2.0043564202629702
-2.0046396545359286
-2.0049195053782847
-2.0051958256959144
-2.0054684660456474
-2.005737274792503
-2.006002098012882
-2.0062627795106205
-2.006519161612134
-2.006771083991343
-2.0070183845946246
-2.0072608995019348
-2.0074984629600676
-2.0077309074986642
-2.007958063949171
-2.0081797614336456
-2.0051467804745666
-2.0066105573786857
-2.008075098279186
-2.0095369764770443
-2.010993032437005
-2.012440353828663
-2.01387625802921
-2.0152982761939096
-2.0167041389719884
-2.018091763100717
-2.0194592391449184
-2.02080481975519
-2.0221269088628073
-2.0234240514401898
-2.02469492374232
-2.025938324385969
-2.027153165637693
-2.028338465505738
-2.0294933401215256
-2.0306169966686767
-2.0317087267827323
-2.032767900111367
-2.033793958798411
-2.0347864117150505
-2.035744829537585
-2.0366688398611714
-2.037558122780109
-2.0384124067908886
-2.039231464760305
-2.0400151104195734
-2.0407631949550686
-2.041475603897955
-2.04215225420541
-2.0427930914996786
-2.0433980876254716
-2.043967238263332
-2.0445005608494284
-2.04499809244625
-2.045459888002847
-2.0458860185805903
-2.0462765697771323
-2.0466316403191223
-2.0469513405577318
-2.047235791430678
-2.0474851232132405
-2.0476994744085486
-2.0478789909117143
-2.0480238250346656
-2.0481336358917073
-2.048209581630106
-2.048251332567091
-2.048259565254552
-2.048233443245924
-2.0481736462283773
-2.048080351943117
-2.0479537396078125
-2.0477939893004
-2.047601281711779
-2.0473757975298335
-2.047117716993646
-2.046827219392602
-2.0465044824006973
-2.046149680977241
-2.045762986937332
-2.045344566383237
-2.0448945775499503
-2.044413166498268
