0.03922491012773369
0.03748208113706503
0.03721680951362037
0.0370000539491869
0.03678904820926937
0.03658232243674722
0.03637967130138034
0.03618094438217955
0.03598600683834131
0.03579473578284038
0.035607018168399854
0.0354227490848708
0.03524183037145562
0.03506416948794454
0.03488967859930583
0.034718273835745765
0.03454987469681717
0.03438440357353708
0.034221785366958586
0.03406194718536983
0.03390481810539448
0.03375032898484422
0.03359841231731213
0.03344900212027033
0.03330203384990524
0.033157444337142385
0.033015171740320495
0.032875155510808024
0.03273733636854453
0.03260165628505761
0.032468058471974946
0.03233648737343779
0.032206888661140395
0.0320792092309805
0.031953397200521906
0.031829401906645106
0.031707173902905623
0.03158666495624032
0.031467828042751625
0.031350617342383626
0.03123498823236273
0.031120897279328427
0.03100830223011805
0.030897162001203397
0.03078743666680225
0.030679087445705393
0.030572076686877416
0.030466367853899484
0.03036192550833018
0.030258715292066387
0.030156703908790126
0.030055859104588252
0.02995614964783257
0.029857545308407944
0.029760016830142337
0.029663535935525055
0.029568075260751295
0.029473608364190534
0.029380109694780384
0.02928755456923245
0.029195919148939358
0.02910518041682513
0.02901531615420052
0.028926304917678586
0.028838126016201844
0.0287507594882268
0.028664186079110403
0.028578387218735745
0.028493344999416553
0.028409042154108288
0.02832546203495943
0.028242588592226833
0.028160406353578332
0.028078900403804206
0.027998056364953547
0.027917860376912074
0.02783829907843315
0.02775935958863305
0.027681029488958262
0.027603296805632168
0.027526149992584546
0.027449577914867903
0.02737356983256091
0.027298115385159874
0.027223204576455762
0.02714882775989485
0.027074975624418844
0.027001639180779805
0.026928809748324064
0.026856478942238735
0.026784638661253312
0.026713281075788867
0.02665717363082786
0.02661332215168789
0.026579042321586022
0.026552233559937154
0.026531260085103852
0.026514839843330345
0.026501977905359117
0.026491895748302786
0.02648398539276851
0.026477771984768278
0.026472884590550676
0.02646903341945656
0.02646599205237435
0.026463583570613736
0.02646166972599642
0.026460142483448364
0.026458917415165043
0.026457928540257494
0.026457124293133474
0.026456464373447914
0.026455917284685115
0.026455458410726204
0.026455068512751773
0.02645473255458026
0.026454438784652756
0.026454178018574658
0.026453943078388525
0.026453728354333746
0.026453529462332075
0.026453342976287198
0.026453166218854837
0.026452997097911417
0.02645283397873933
0.026452675584127398
0.02645252091628931
0.026452369195835036
0.026452219814070255
0.026452072295713305
0.026451926269754265
0.026451781446677966
0.026451637600661326
0.02645149455565826
0.026451352174523386
0.026451210350511067
0.026451069000631083
0.026450928060454373
0.026450787480054243
0.026450647220833276
0.026450507253043303
0.02645036755384712
0.02645022810580332
0.02645008889568227
0.02644994991354047
0.026449811151997155
0.0264496726056691
0.026449534270728613
0.02644939614455829
0.026449258225481217
0.02644912051255006
0.026448983005382273
0.0264488457040315
0.0264487086088869
0.02644857172059475
0.026448435039996904
0.026448298568083194
0.026448162305953808
0.02644802625479036
0.02644789041583305
0.026447754790362946
0.026447619379688286
0.026447484185133797
0.02644734920803215
0.02644721444971783
0.0264470799115219
0.02644694559476829
0.02644681150077087
0.0264466776308311
0.026446543986236352
0.026446410568258753
0.026446277378154026
0.02644614441716094
0.026446011686500837
0.026445879187377164
0.026445746920975427
0.026445614888462945
0.026445483090988868
0.026445351529684226
0.0264452202056618
0.02644508912001652
0.026444958273825286
0.026444827668147344
0.026444697304024222
0.02644456718248002
0.026444437304521597
0.02644430767113867
0.02644417828330402
0.026444049141973725
0.026443920248087244
0.02644379160256772
0.026443663206322052
0.026443535060241143
0.026443407165200074
0.026443279522058317
0.026443152131659844
0.026443024994833336
0.02644289811239237
0.02644277148513566
