7.2657
6.308996546262317
6.263502761801586
6.219572621132686
6.17707278005169
6.135980916846194
6.096294796368189
6.058012503874769
6.021128211507773
5.985631362783554
5.951506650734378
5.918734218058721
5.887289949659369
5.857145822213128
5.828270295033098
5.8006287303926936
5.774183832363611
5.748896093762754
5.724724241536563
5.701625671887357
5.6795568676146395
5.658473791432826
5.638332250360878
5.619088227600856
5.600698179573513
5.583119296921474
5.566309729298008
5.550228774616175
5.53483703413013
5.520096687476401
5.5059711101248325
5.492425441728309
5.479426439710067
5.466942506229423
5.454943688161905
5.443401660779985
5.432289697627851
5.421582628951456
5.411256790867277
5.401289967251527
5.3916613261269095
5.382351352118583
5.373341776356156
5.364615505010941
5.356156547485267
5.347949945111699
5.339981701074564
5.33223871213999
5.324708702661851
5.317380161233869
5.310242280267797
5.303284898702042
5.296498447980621
5.2898739013853175
5.283402726758229
5.277076842611854
5.270888577591138
5.264830633225166
5.258896049884549
5.253078175841651
5.247370639317684
5.241767323390081
5.236262343623461
5.230850028282337
5.225524900979715
5.220281665611705
5.215115193427257
5.210020512081644
5.204992796522821
5.200027361561118
5.195119655973962
5.190265258003486
5.18545987209461
5.180699326759013
5.175979573402096
5.171296686003946
5.166646861522879
5.162026420904982
5.15743181058424
5.152859604369856
5.148306505617393
5.143769349591456
5.139245105932834
5.134730881149696
5.130223921059426
5.125721613116848
5.121221488567931
5.116721224379247
5.112218644897509
5.107711723201476
5.103198582116232
5.098677494863838
5.094146885332556
5.089605327952665
5.085051547171223
5.080484416523911
5.075903066024768
5.071306446437519
5.066693976741464
5.062065109795879
5.057419437015827
5.052756685306403
5.048076713621587
5.043379509230141
5.038665183723291
5.033933968790609
5.029186211793211
5.024422345175438
5.019642937495698
5.014848676510137
5.010040324955399
5.005218736991864
5.000384853118436
4.995539695064543
4.990684360681373
4.985820018854268
4.980947904455201
4.9760693133529585
4.971185597497926
4.966298160095919
4.9614084508842575
4.956517961522056
4.95162822110451
4.9467407918102415
4.941857264689092
4.936979255596038
4.932108401276209
4.927246355604658
4.9223947859833075
4.9175553698960615
4.912729791623725
4.907919739116613
4.903126905185517
4.898352964161685
4.893599609514619
4.88886851226289
4.884161337079974
4.879479736910648
4.874825350774932
4.870199801803087
4.865604695415945
4.8610416176324565
4.856512133497653
4.852017785625357
4.84756009285083
4.843140548987918
4.83876062168637
4.834421751382753
4.830125350342241
4.8258728017842225
4.821665459088636
4.817504645077863
4.8133916513694075
4.8093277377957735
4.805314131887088
4.801352028412339
4.797442588975937
4.793586941665738
4.789786180749138
4.78604136641419
4.782353524552538
4.778723646581655
4.775154090228561
4.771642995882973
4.76819261787516
4.7648038200307266
4.761477421738991
4.758214206010892
4.755014791051777
4.751880148875236
4.748810828901916
4.745807474807572
4.742870695880311
4.739999649919299
4.737197692020864
4.7344639453164765
4.731798871209803
4.729202906958276
4.726676457869653
4.7242198962364546
4.721833561361369
4.719517759769014
4.717272765458304
4.7150988201715975
4.712996133677076
4.7109648840630465
4.709005218044227
4.7071172512803034
4.705301068706265
4.70355672487451
4.701884244309328
4.700283621872992
4.69875482314433
4.697297784808622
4.695912415060474
4.694598594018276
4.693356174150912
4.692184980716727
4.691084812214626
