2.009915231784635
2.0341923537877524
2.04712485966692
2.057709332559545
2.0677334525231563
2.077619574408208
2.0874704916602496
2.097312763752306
2.1071546464734623
2.1169999245055213
2.126851223464461
2.1367108089272406
2.1465807841757125
2.1564631435110484
2.1663597904510006
2.1762725470277138
2.186203160515436
2.1961533091494996
2.206124607250233
2.216118609885987
2.226136817138466
2.236180678013233
2.2462515940303134
2.256350922525382
2.2664799796885786
2.2766400433650986
2.2868323556392562
2.2970581252214246
2.307318529655332
2.31761471736141
2.3279478095303423
2.3383189018795636
2.348729066284209
2.3591793522929265
2.369670788537927
2.380204384047818
2.3907811294709322
2.401401998216111
2.4120679475173885
2.4227799194282764
2.433538841750934
2.444345628905082
2.4552011827409133
2.4661063933001026
2.4770621395284977
2.4880692899438244
2.499128703261485
2.510241228981208
2.5214077079371173
2.5326289728135793
2.5439058486289516
2.5552391531892074
2.5666296975132923
2.578078286231814
2.589585717960652
2.601152785650859
2.6127802769161454
2.6244689743392087
2.636219655757876
2.6480330945322006
2.659910059793356
2.6718513166752054
2.683857626529346
2.6959297471243273
2.708068432829726
2.720274434785682
2.7325485010584307
2.7448913767824004
2.7573038042892843
2.7697865232245484
2.782340270651765
2.7949657811451254
2.807663786870459
2.8204350176550332
2.833280201046445
2.846200062360792
2.8591953247203805
2.8722667090811127
2.885414934249794
2.8986407168914186
2.9119447715266533
2.925327810519545
2.938790544055625
2.9523336801104128
2.9659579244084506
2.9796639803728424
2.9934525490654087
3.0073243291174125
3.021280016650901
3.0353203051906408
3.0494458855666458
3.0636574458072627
3.0779556710227842
3.092341243279548
3.106814841464436
3.1213771411397846
3.136028814388549
3.150770529649716
3.1656029515438266
3.1805267406885465
3.195542553504203
3.210651042009138
3.2258528536047963
3.2411486308504593
3.2565390112274475
3.272024626892728
3.2876061044217533
3.3032840645404407
3.3190591218461356
3.3349318845174323
3.350902954012704
3.366972924757222
3.3831423838187074
3.3994119105711826
3.415782076346975
3.4322534440767303
3.4488265679173025
3.4655019928673703
3.4822802543706532
3.499161877906573
3.5161473785682413
3.5332372606276348
3.550432017087847
3.5677321292222492
3.5851380661005066
3.6026502841012853
3.6202692264115552
3.6379953225124257
3.6558289876513563
3.673770622300724
3.691820611602629
3.7099793247998956
3.7282471146532066
3.7466243168443274
3.7651112493654058
3.7837082118942917
3.802415485155926
3.8212333302697616
3.84016198808328
3.8592016784916128
3.878352599743378
3.8976149277327554
3.9169888152779295
3.936474391386041
3.95607176050474
3.9757810017605446
3.9956021681841745
4.015535285923076
4.035580353441376
4.055737340707535
4.076006188369986
4.096386806921076
4.1168790758496785
4.137482842782835
4.158197922616873
4.179024096638392
4.199961111635676
4.221008679000974
4.242166473824242
4.263434133978927
4.28481125920041
4.306297410157791
4.327892107519685
4.349594831014822
4.37140501848819
4.393322064953569
4.415345321643334
4.437474095056406
4.4597076460053415
4.482045188663529
4.504485889613545
4.527028866897777
4.5496731890723865
4.572417874265846
4.595261889243238
4.618204148477581
4.641243513229492
4.664378790636533
4.687608732813646
4.7109320359660805
4.734347339516336
4.757853225246597
4.781448216458252
4.805130777150043
4.82889931121656
4.852752161668664
4.876687609877616
4.900703874844596
4.924799112497427
4.948971415016276
4.973218810190164
4.997539260806157
5.021930664073078
5.046390851081684
5.070917586303181
5.095508567128033
5.120161423447001
5.144873717276367
5.169642942429306
