7.481975293719462
7.483881738340219
7.485889176505218
7.487994975901286
7.490195691450563
7.492487910497632
7.494868356892489
7.497333898508185
7.499881542461555
7.502508429030331
7.505211825684022
7.507989121396468
7.510837821246124
7.513755541290104
7.516740003696501
7.519789032120217
7.522903141370366
7.526077840057932
7.5293084600057485
7.532595683703202
7.535937950987442
7.539333631037861
7.5427811487108825
7.546278998177672
7.549825742128599
7.553420009235015
7.557060491500874
7.560745941708979
7.564475170982903
7.568247046462092
7.572060489085079
7.575914471475528
7.579808015926226
7.5837401924762435
7.5877101170769174
7.591716949842431
7.595759893381035
7.599838191203181
7.60395112620303
7.608098019209959
7.612278227606938
7.616491144012707
7.620736195024975
7.625012840021841
7.629320570018985
7.633658906580062
7.638027400778107
7.642425632205658
7.646853208031551
7.651309762102408
7.655794954086879
7.660308468660893
7.6648500147321625
7.669419324702351
7.674016153765296
7.678640279239869
7.6832914999360105
7.6879696355526255
7.692674526106046
7.697406031387824
7.702164030450712
7.706948421121692
7.711759119541
7.716596059726126
7.7214591931598
7.726348488401069
7.7312639307185265
7.736205521744891
7.741173279152087
7.746167236346039
7.751187442180468
7.756233960688929
7.761306870834441
7.766406266275998
7.771532255151373
7.77668495987558
7.781864516954408
7.787071076812459
7.792304803635152
7.79756587522415
7.8028544828657305
7.808170831211568
7.813515138171491
7.818887634817724
7.824288565300179
7.829718186772357
7.835176769327443
7.840664595944175
7.846181962442078
7.851729177445682
7.8573065623573255
7.862914451338175
7.86855319129707
7.874223141886855
7.879924675507788
7.88565817731772
7.891424045248636
7.897222690029245
7.903054535213228
7.908920017212825
7.91481958533736
7.9207537018364045
7.926722841947175
7.932727493945829
7.938768159202281
7.944845352238188
7.950959600787707
7.957111445860666
7.963301441807757
7.969530156387351
7.975798170833548
7.982106079925043
7.988454492054379
7.9948440292971865
8.001275327480956
8.007749036252875
8.014265819146296
8.020826353645347
8.027431331247186
8.034081457521408
8.04077745216609
8.04752004905993
8.054309996309932
8.061148056294076
8.068035005698402
8.074971635547866
8.081958751230406
8.08899717251354
8.09608773355287
8.103231282891775
8.11042868345165
8.117680812511948
8.124988561679292
8.13235283684491
8.139774558129627
8.136452867190506
8.133619501268136
8.131280574843172
8.129440142901226
8.128099601201107
8.127258176452106
8.126913411875565
8.127061554894974
8.127697860885272
8.128816832418652
8.13041240923071
8.13247812024316
8.13500720611534
8.137992718727068
8.141427602487772
8.145304761255963
8.149617113825938
8.154357640316363
8.159519421323632
8.165095671342707
8.171079767681531
8.177465275882335
8.184245972499284
8.19141586595629
8.198969216113618
8.206900553101192
8.215204695926252
8.223876771329877
8.232912233349337
8.242306884039397
8.252056895815649
8.262158835906247
8.272609693436218
8.283406909721721
8.294548412422893
8.306032654295722
8.317858657400244
8.33002606376933
8.342535193726915
8.355387113276112
8.368583712268626
8.382127795434487
8.396023188817217
8.410274864754689
8.424889089311453
8.439873597060647
8.455237799411945
8.470993034397637
8.487152868120633
8.503733461166453
8.520754017524837
8.538237339463798
8.556210520125221
8.574705817576987
8.593761771594878
8.613424650727806
8.63375035757527
8.654806984024969
8.676678312425608
8.699468735481707
8.723310381328385
8.748373817317002
8.774884879026608
8.803152714467746
