0.014962373576928733
0.014343569283653369
0.01416665222021127
0.01400086387108449
0.013845202607370103
0.013698740268775456
0.01356062400190217
0.013430077086400722
0.013306396587807306
0.013188948826088601
0.013077163766851679
0.01297052912244474
0.012868584536112277
0.012770916221329283
0.012677151859477417
0.012586956246809188
0.012500027251408419
0.012416092260768896
0.012334905038162973
0.012256242945240544
0.012179904489570102
0.012105707158722948
0.012033485505328732
0.011963089452611906
0.011894382791955335
0.011827241848675462
0.011761554294720202
0.011697218089800216
0.01163414053527513
0.01157223742652001
0.011511432292328708
0.011451655710210609
0.011392844689546098
0.011334942113587258
0.011277896234597242
0.011221660215682851
0.011166191714161871
0.011111452501743673
0.011057408118618415
0.01100402755646851
0.010951282968844227
0.010899149405163797
0.010847604566609107
0.010796628581707915
0.010746203799691222
0.010696314600137272
0.010646947217170048
0.010598089577327685
0.010549731149955114
0.01050186280840985
0.010454476702130804
0.010407566138000512
0.010361125470724661
0.010315150001071367
0.010269635881994485
0.010224580031383284
0.010179980051583264
0.010135834154700468
0.010092141093465153
0.010048900097518982
0.010006110814239286
0.009963773254235041
0.009921887741069979
0.009880454864668518
0.009839475438641634
0.009798950460864223
0.009758881077233121
0.009719268548446153
0.009680114219590814
0.009641419492130569
0.00960318579871272
0.009565414579745959
0.009528107262411375
0.009491265241597263
0.009454889862657793
0.009418982405825664
0.009383544072306148
0.009348575971862684
0.009314079111731051
0.009280054386889844
0.009246502571562386
0.009213424311677643
0.00918082011863919
0.009148690363732132
0.009117035273748462
0.009085854927186249
0.009055149251370232
0.009024918020133998
0.008995160852366528
0.008965877210872443
0.008937066402049977
0.008908727575813284
0.008880859726219034
0.008853461692348328
0.008826532159592872
0.00880006966130216
0.008774072580759585
0.008748539153379814
0.008723467469212563
0.008698855475583559
0.008674700980000286
0.008651001653250842
0.00862775503253326
0.00860495852480412
0.008582609410237182
0.008560704845680986
0.008539241868327871
0.008518217399300497
0.008497628247358936
0.008477471112601198
0.008457742590239428
0.00843843917431664
0.008419557261384054
0.008401093154327072
0.008383043066007258
0.00836540312291937
0.00834816936882998
0.008331337768432619
0.008314904210783635
0.008298864512879436
0.00828321442304593
0.008267949624302742
0.008253065737723431
0.008238558325617805
0.00822442289328352
0.008210654896445823
0.008197249739960277
0.008184202782181247
0.008171509337855995
0.008159164680922726
0.00814716404725975
0.008135502637338312
0.008124175618763363
0.008122760304163559
0.008121899022480337
0.008121544018462693
0.008121650934053566
0.008122178613808593
0.008123088903628397
0.008124346450922944
0.008125918510940097
0.008127774762044203
0.00812988713115946
0.008132229629974187
0.008134778201782525
0.008137510578770194
0.008140406149250124
0.008143445834261548
0.008146611973068048
0.008149888216848202
0.008153259430131092
0.00815671159936569
0.008160231748144196
0.008163807858616931
0.00816742879856677
0.008171084253903654
0.008174764665993744
0.00817846117362238
0.008182165559171534
0.008185870198752925
0.008189568016018771
0.008193252439332934
0.008196917362130492
0.008200557106203753
0.008204166387722195
0.008207740285786939
0.008211274213333246
0.008214763890241835
0.008218205318478694
0.008221594759149015
0.008224928711289537
0.00822820389232613
0.008231417220045282
0.008234565795987627
0.008237646890171407
0.008240657927017312
0.008243596472449627
0.008246460222040201
0.008249246990131277
0.008251954699893703
0.008254581374224152
0.008257125080089498
0.008259584065011635
0.008261956604070607
0.00826424108416173
0.008266435872912753
0.008268539440965977
0.008270550314205044
0.008272467069596704
0.008274288331452223
0.008276012768106659
0.008277639088956804
0.008279166041847948
0.008280592410783747
0.00828191701393327
0.008283138701990855
0.008284256356483556
0.008285268888827963
0.008286175239290629
