625779.8936999999
844832.8977627205
838696.6601169123
832647.7341178502
826691.1331068674
820831.8273725108
815074.3335752323
809422.5864965289
803879.8820579019
798448.8451222893
793131.4119149176
787928.824793451
782841.6385869096
777869.7377941062
773012.3637214672
768268.1504114239
763635.1680310185
759110.9722719389
754692.6582599821
750376.9174799153
746160.0962833475
742038.2546530814
738007.2240366681
734062.663223887
730200.111417193
726415.0378215997
722702.8872533513
719059.1214288985
715479.2557426654
711958.9262144517
708493.81255668
705079.7659093471
701712.7940081002
698389.0757164203
695104.972579634
691857.0370734846
688642.0178764145
685456.8624964416
682298.7175768693
679164.9271923247
676053.0294295675
672960.7515274623
669886.0038287499
666826.8727735723
663781.6131420349
660748.6397308368
657726.5186277042
654713.9582272768
651709.8001133584
648713.0099152835
645722.6682304386
642737.96169084
639758.1742389761
636782.6786668199
633810.928461902
630842.449995505
627876.8350803015
624913.7339179856
621952.8484515257
618993.9261315519
616036.7541019078
613081.1538055574
610126.9760086896
607174.0962379619
604222.410623364
601271.832137031
598322.2872164904
595373.7127592805
592426.05347454
589479.2595760397
586533.2848002345
583588.0847321302
580643.6154211115
577699.832268699
574756.6891694186
571814.1378862533
568872.1276418376
565930.6049066684
562989.5133657852
560048.7940456338
557108.3855831847
554168.2246198597
551228.2463033218
548288.384880849
545348.5743686433
542408.7492822291
539468.8454138451
536528.8006436166
533588.5557721554
530648.0553631389
527707.2485853662
524766.0900446941
521824.5405972231
518882.5681360075
515940.148344496
512997.26541078865
510053.9139331558
507110.0946164425
504165.8222001845
501221.12109299575
498276.02704221976
495330.58753621887
492384.86214721005
489438.92281536007
486492.8540746529
483546.75322135503
480600.7304263078
477654.8846970966
474709.3706465626
471764.3427421003
468819.9627325331
465876.405022877
462933.8564916058
459992.51626740926
457052.59546824003
454114.31690547784
451177.914756028
448243.63420515193
445311.7310627956
442382.47135612456
439456.1309008961
436532.9948542257
433613.357251202
430697.5205277119
427785.7950317206
424878.49852514523
421975.9556783447
419078.49755913013
416186.4611180869
413300.1886718789
410420.0273860999
407546.3287591142
404679.4481225005
401819.74406283686
398967.57804231957
396123.3137881513
393287.31684081943
390459.9540673164
387641.59318234044
384832.602279833
382033.3493743802
379244.2019528561
376465.52653677436
373697.68825577927
370941.0504326446
368195.97418011585
365462.8180098619
362741.93745377194
360033.6846977921
357338.40822844533
354656.4524921588
351988.15756747953
349333.85885023384
346693.8867516583
344068.5664095055
341458.2174120996
338863.1535353078
336283.68249235855
333720.10569643456
331172.71803594375
328641.80766236037
326127.65579051326
323630.5339984607
321150.71442435804
318688.4533933662
316244.00274412165
313817.6064607608
311409.50062926486
309019.91232953075
306649.0635430382
304297.1650560973
301964.4203642128
299651.0246071819
297357.16691021237
295083.0204201879
292828.7577150168
290594.539866081
288380.5194611956
286186.8405145741
284013.6384489717
281861.04009679833
279729.1637114372
277618.1189871749
275528.0070873024
273458.92068012274
271410.94398263114
269384.1528116374
267378.6146420989
265394.3886724352
263431.5258965902
261490.06918261244
259570.0533575179
257671.50529820536
255794.44402818638
253938.88081990235
252104.8193023884
250292.2555740517
248501.1783203326
246731.56893600774
