37394.235647999994
40560.76164095443
40836.5595614109
41081.82963832623
41317.69578963431
41549.51119823735
41778.74454255503
42005.91746577213
42231.31069912105
42455.13464741382
42677.57158998008
42898.786974145485
43118.933162466594
43338.151249025985
43556.572306559116
43774.3184044985
43991.50349118395
44208.23417271664
44424.61040501146
44640.7261106225
44856.66972971961
45072.524713200175
45288.36996483693
45504.28023845606
45720.32649536619
45936.576226588244
46153.093743863064
46369.94044291332
46587.17504200609
46804.85379848971
47023.030705654666
47241.7576719873
47461.0846846401
47681.059958730584
47901.73007389449
48123.14009935685
48345.333708641454
48568.353284917495
48792.240017869204
49017.03399288133
49242.77427324657
49469.49897602725
49697.24534213799
49926.04980115517
50155.94803131113
50386.97501508116
50619.16509073329
50852.552000171694
51087.16893337524
51323.04856970043
51560.223116294415
51798.72434383891
52038.583619825375
52279.83193954373
52522.499954948806
52766.618001554394
53012.216123489765
53259.32409684316
53507.971451403355
53758.187490900826
54010.00131184208
54263.441821019966
54518.53775177688
54775.31767909015
55033.810033542584
55294.04311423444
55556.045100690186
55819.84406380455
56085.46797587165
56352.94471973534
56622.302097093205
56893.567835986985
57166.76959750558
57441.93498172445
57719.09153290446
57998.26674396741
58279.48806026554
58562.78288265863
58848.178569911
59135.70244041836
59425.38177327201
59717.24380866774
60011.31574766304
60307.62475128698
60606.19793900327
60907.06238652778
61210.24512299857
61515.77312749795
61823.673324921045
62133.97258118892
62446.69769779842
62761.875405704464
63079.532358527125
63399.695125073966
63722.39018117104
64047.6439007924
64375.48254647636
64705.93225902062
65039.01904644248
65374.76877219398
65713.20714261917
66054.35969364167
66398.25177666823
66744.90854369728
67094.354931619
67446.61564569124
67801.71514218257
68159.6776101651
68520.52695244638
68884.28676562863
69250.98031927958
69620.63053420653
69993.2599598219
70368.89075058646
70747.54464152541
71129.2429228037
71514.00641335626
71901.85543356468
72292.80977697416
72686.88868104956
73084.11079696559
73484.4941584307
73888.05614954844
74294.8134717171
74704.78210957375
75117.97729599262
75534.41347614666
75954.10427064716
76377.06243777771
76803.29983484294
77232.82737865522
77665.65500518632
78101.79162841663
78541.24509841566
78984.02215869406
79430.12840287242
79879.56823071538
80332.34480358436
80788.45999937136
81247.91436697655
81710.70708040138
82176.83589253481
82646.29708871522
83119.08544015799
83595.19415734551
84074.61484348001
84557.33744811347
85043.35022106815
85532.63966677213
86025.19049914516
86520.98559716676
87020.00596128016
87522.23067078114
88027.63684235378
88536.1995899224
89047.89198599431
89562.68502467657
90080.5475865554
90601.44640563702
91125.34603854736
91652.20883620564
92181.99491817979
92714.66214994664
93250.16612328016
93788.46013999321
94329.49519926688
94873.21998879845
95419.58088000526
95968.52192751963
96519.98487321167
97073.90915497554
97630.2319205119
98188.88804633626
98749.81016224211
99312.9286814336
99878.17183654675
100445.46572176057
101014.73434119474
101585.89966377914
102158.88168476691
102733.59849404763
103309.96635140665
103887.89976885355
104467.31160012883
105048.11313747732
105630.21421575319
106213.52332390178
106797.94772383932
107383.39357672278
107969.76607658177
108556.96959125074
109144.90781051552
109733.48390135632
110322.60067014032
110912.16073158459
111502.06668428023
112092.22129253302
112682.52767425062
113272.88949456268
