28.03496992180049
28.04273471901807
28.062891313698334
28.094560824252298
28.136943408949946
28.1893066380146
28.250976626228827
28.321330957215448
28.399792852963966
28.485826275094293
28.578931757861678
28.67864283458965
28.78452295548037
28.896162817839635
29.01317804554203
29.13520716600014
29.261909841560467
29.392965319019908
29.528071066382996
29.666941570412394
29.80930727220218
29.954913621094825
30.103520229890275
30.254900116552722
30.408839019574753
30.565134775863726
30.723596751512293
30.884045317135016
31.046311360621985
31.21023583119751
31.375669309593533
31.542471599965772
31.710511339907473
31.879665625558253
32.04981964937277
32.220866348611914
32.39270606305297
32.56524620079126
32.738400911327766
32.91209076541025
33.08624244132328
33.26078841750994
33.435666671557904
33.61082038569915
33.786197659060065
33.96175122695858
34.137438187583314
34.3132197364065
34.48906090868409
34.66493033038178
34.84079997784145
35.01664494646727
35.192443228670015
35.368175501260204
35.543824922433174
35.71937693843416
35.89481909994253
36.07014088816117
36.24533355054802
36.420389946079716
36.59530439989347
36.77007256711308
36.944691305628815
37.11915855756903
37.293473239173764
37.46763513875731
37.64164482242786
37.815503547217595
37.98921318126579
38.16277613069039
38.33619527278007
38.50947389513842
38.68261564041433
38.85562445625773
39.02850455014732
39.20126034874606
39.37389646145124
39.546417647818075
39.718828788549374
39.891134859758026
40.06334091022349
40.23545204137929
40.407473389783455
40.579410111839486
40.751267370550664
40.92305032410566
41.094764116108095
41.266413867276796
41.43800466845752
41.609541574799835
41.78102960096528
41.952473717245184
42.123878846477176
42.29524986166035
42.46659158417851
42.63790878255023
42.80920617163281
42.98048841221501
43.151760110940636
43.3230258205114
43.49429004012387
43.66555721610028
43.83683174267816
44.00811796292817
44.179420169773415
44.35074260708718
44.522089470849124
44.69346491034295
44.86487302938107
45.03631788754364
45.2078035014221
45.379333845858156
45.55091285517132
45.722544424369055
45.89423241033497
46.065980632991185
46.23779287643209
46.40967289002733
46.58162438949244
46.75365105792603
46.92575654681303
47.09794447699363
47.27021843959801
47.44258199694708
47.61503868341976
47.78759200628751
47.96024544651658
48.13300245953914
48.30586647599398
48.478840902437845
48.65192912202834
48.825134495179356
48.998460360190194
49.17191003384917
49.345486812012844
49.519193970161695
49.69303476393339
49.86701242963436
50.04113018473072
50.215391228319305
50.389798741579675
50.56435588820794
50.73906581483306
50.91393157883335
51.08895638256038
51.26414332030936
51.439495471538635
51.615015901060644
51.790707659249186
51.96657378225776
52.142617292244395
52.318841197600214
52.4952484931788
52.67184216052443
52.848625168097904
53.02560047149839
53.202771013680824
53.38013972516788
53.557709524256346
53.73548331721742
53.913463998490776
54.09165445087237
54.27005754569591
54.44867614300809
54.62751309173755
54.80657122985778
54.98585338454412
55.16536237232493
55.34510099922705
55.52507206091592
55.70527834283028
55.88572262031191
56.06640765873035
56.2473362136028
56.42851103070965
56.60993484620539
56.79161038672543
56.97354036948877
57.15572750239683
57.338174484128494
57.52088400423153
57.70385874321063
57.887101372612086
58.07061455510532
58.25440094456142
58.43846318612864
58.62280391630535
58.80742576301012
58.9923313456494
59.177523275182644
59.36300415418536
59.54877657690968
59.73484312934307
59.92120638926488
60.107868926301094
60.29483330197719
60.4821020697694
60.669677775154234
60.85756295565652
