13.099568856167947
13.149124388836446
13.195514494461182
13.238939944082999
13.279589764821987
13.317643902592438
13.353273473599677
13.386640787196942
13.417899348133314
13.447193972090252
13.47466096690206
13.500428372156787
13.524616243415029
13.547336969039895
13.568695609413988
13.588790249979775
13.607712361070394
13.625547158541933
13.642373961402123
13.65826654167915
13.673293464864452
13.687518417926274
13.701000524719186
13.713794646616746
13.725951668431916
13.737518769253445
13.748539678200329
13.759054915289127
13.769102017755305
13.778715752278602
13.787928313640544
13.796769510394595
13.805266938164456
13.813446141201558
13.821330762839592
13.828942685478879
13.836302160722099
13.843427930265943
13.850337338132322
13.85704643479934
13.86357007376672
13.86992200106418
13.876114938184301
13.882160658894724
13.88807006035803
13.893853228961836
13.89951950123659
13.905077520214558
13.9105352875603
13.915900211781109
13.921179152804964
13.926378463193833
13.931504026241596
13.936561291188266
13.941555305765894
13.946490746275947
13.951371945383643
13.956202917801281
13.960987384019859
13.96572879223677
13.970430338616229
13.975094986009092
13.979725481249192
13.98432437113456
13.988894017193754
13.99343660932998
13.997954178428634
14.002448608007464
14.006921644982471
14.011374909617114
14.015809904717253
14.020228024129464
14.024630560595922
14.029018713015054
14.033393593153258
14.037756231849583
14.042107584752062
14.046448537621325
14.050779911234407
14.055102465919147
14.05941690574721
14.063723882411578
14.068023998812361
14.072317812372974
14.076605838106943
14.080888551454104
14.085166390903474
14.0894397604187
14.093709031680822
14.097974546161904
14.10223661704202
14.106495530981153
14.110751549756609
14.115004911775781
14.119255833473312
14.123504510600968
14.127751119417905
14.13199581778845
14.136238746193884
14.140480028664259
14.144719773635801
14.148958074738967
14.15319501152191
14.157430650113604
14.161665043830673
14.165898233731545
14.170130249121302
14.174361108010313
14.178590817529452
14.182819374304563
14.18704676479248
14.191272965580795
14.19549794365337
14.19972165662338
14.203944052935555
14.208165072039051
14.212384644532355
14.216602692281393
14.220819128511948
14.225033857877307
14.22924677650205
14.233457772002645
14.237666723485564
14.241873501523418
14.24607796810959
14.250279976591688
14.254479371584175
14.25867598886026
14.262869655223302
14.267060188357641
14.271247396658906
14.275431079043614
14.279611024737957
14.283787013045412
14.287958813092935
14.292126183555245
14.296288872356747
14.300446616350541
14.304599140973815
14.308746159878943
14.312887374539475
14.31702247383007
14.321151133579443
14.325273016095228
14.329387769659554
14.333495027994068
14.337594409693029
14.341685517622947
14.345767938287162
14.349841241153634
14.353904977943982
14.357958681881868
14.362001866898462
14.366034026792667
14.370054634343662
14.374063140372973
14.378058972753283
14.38204153536083
14.386010206968121
14.389964340073378
14.393903259662915
14.397826261902425
14.40173261275269
14.40562154650512
14.409492264232103
14.413343932146667
14.417175679865828
14.420986598571305
14.424775739061017
14.42854210968421
14.432284674152596
14.43600234921924
14.439694002216404
14.443358448442954
14.446994448391036
14.450600704801259
14.454175854839345
14.457718485068098
14.46122710113267
14.464700141525448
14.468135969177567
14.471532867211225
14.474889034688418
14.478202581360936
14.4814715292047
14.48469378218328
14.487867156262237
14.490989350089658
14.49405794394253
14.497070392655282
14.500024018074548
14.502916001006687
14.50574337262227
14.508503005279337
14.511191602724745
14.513805689630331
14.516341600418007
14.518795467325178
14.52116320765917
