10.995688146706252
10.5831209447736
10.202044819794823
9.85112905264283
9.529077964647016
9.234519443924441
8.966001879484521
8.722010025630142
8.500986028590969
8.301351469068152
8.121529250888162
7.959963963844458
7.815140519403876
7.685599742924805
7.569951036816105
7.466881876937672
7.375164257531382
7.293658336178724
7.221313629955486
7.157168165958937
7.100346001717758
7.050053513599151
7.005574814066108
6.9662666102070085
6.9315527631773675
6.9009187561573455
6.87390623030725
6.850107705894126
6.8291615699717765
6.810747382814462
6.794581532189114
6.780413246865077
6.768021140970057
6.757209226019726
6.747805036367145
6.739656250645971
6.732628518979415
6.726603363444783
6.721476315249447
6.717155265459707
6.713559007343051
6.710615949884666
6.708262983625144
6.706444481778086
6.705111420634672
6.704220606124078
6.703733993324608
6.703618087293132
6.703843418153615
6.704384076303703
6.7052173059232905
6.706323146277014
6.707684115976451
6.7092849348377745
6.711112278698492
6.713154563145658
6.715401752603438
6.717845191672837
6.720477455996304
6.723292220325483
6.726284141412291
6.729448754495979
6.732782381175022
6.736282047547835
6.739945411531064
6.74377069786467
6.747756640306668
6.751902428118183
6.756207665702147
6.760672325096365
6.765296711214817
6.770081428564345
6.7750273514355115
6.780135597136238
6.785407501947649
6.79084459952721
6.79644860152053
6.802221380172441
6.808164952761324
6.814281467701152
6.820573193127618
6.827042502978547
6.8336918706387175
6.840523859323827
6.847541115040716
6.854746360618743
6.8621423908674855
6.869732068843532
6.877518323221911
6.885504146776405
6.89369259599139
6.902086791833763
6.91068992173393
6.919043627926608
6.927030198407221
6.934670044229273
6.941982013469365
6.948983578872805
6.95569097664884
6.962119326968407
6.968282741077689
6.974194414314213
6.979866710815195
6.985311238253812
6.990538914498181
6.9955600270485085
7.00038428608311
7.005020860424048
7.009478454355499
7.013765321865326
7.017889279063378
7.0218577678203395
7.025677872177807
7.029356342864599
7.03289961943697
7.03631385025777
7.039604910551958
7.042778418754295
7.045839751340014
7.048794056306833
7.051646265462485
7.054401105648254
7.05706310901803
7.059636622476808
7.06212581637245
7.064534692521344
7.066867091641036
7.069126700255193
7.071317057124731
7.073441559258749
7.07550346754616
7.077505912049366
7.079451896993498
7.081344305481593
7.083185903962733
7.084979346475965
7.086727178692098
7.088431841770859
7.09009567604815
7.091720924570727
7.0933097364881785
7.0948641703130795
7.096386197060637
7.097877703275688
7.099340493953015
7.100776295359968
7.102186757765417
7.103573458080252
7.1049379024160215
7.10628152856234
7.1076057083898005
7.1089117501794306
7.110200900883512
7.111474348317651
7.112733223289476
7.1139786016642965
7.1152115063691825
7.116432909339104
7.1176437334056555
7.1188448541293585
7.120037101577985
7.12122126205239
7.122398079759876
7.123568258437692
7.124732462927037
7.125891320698965
7.127045423333386
7.128195327952512
7.129341558608217
7.130484607627048
7.131624936911771
7.132762979200731
7.133899139287043
7.135033795197247
7.136167299331921
7.137299979567157
7.138432140320156
7.139564063578057
7.140696009891621
7.141828219334499
7.142960912429497
7.14409429104238
7.145228539242972
7.1463638241369285
7.147500296666562
7.148638092382638
7.1497773321884255
7.150918123055503
7.152060558713777
7.153204720314761
7.154350677069955
7.155498486865431
7.156648196851794
7.157799844012178
7.158953455707245
7.160109050199554
7.161266637156206
7.162426218131824
7.16358778703273
