122.93654674698443
123.10731851688205
123.27964201527823
123.45351964346813
123.62895378119595
123.80594686636256
123.98450138156284
124.16461983814818
124.34630476061992
124.52955867147148
124.71438407651175
124.90078345069722
125.08875922449758
125.27831377081667
125.46944939248704
125.66216831035413
125.85647265196253
126.05236444085422
126.24984558648529
126.44891787476531
126.6495829592208
126.85184235278119
127.05569742018382
127.26114937099186
127.46819925321712
127.6768479475378
127.88709616209906
128.09894442788286
128.31239309463265
128.52744232731592
128.7440921031078
128.96234220887686
129.18219223915466
129.40364159456826
129.62668948071607
129.8513349074659
130.07757668865435
130.305413442166
130.53484359037193
130.76586536090542
130.9984767877545
131.2326757126507
131.46845978673264
131.70582647246533
131.94477304579544
132.18529659852254
132.42739404086927
132.67106210423063
132.9162973440865
133.16309614306005
133.41145471410582
133.6613691038124
133.91283519580475
134.1658487142326
134.42040522683772
134.67650015005933
134.93412875121268
135.19328615269274
135.4539673357058
135.7161671440174
135.97988028770732
136.24510134692343
136.51182477562574
136.78004490531387
137.0497559487311
137.32095200353842
137.59362705595316
137.86777498434708
138.14338956279894
138.42046446459756
138.69899326569157
138.97896944808238
139.2603864031577
139.54323743496252
139.82751576340596
140.11321452740177
140.40032678794083
140.68884553109484
140.9787636709498
141.27007405246854
141.5627694542823
141.85684259141053
142.15228611790928
142.44909262944833
142.74725466581668
143.0467647133579
143.3476152073354
143.64979853422818
143.95330703395857
144.25813300205223
144.56426869173202
144.87170631594662
145.1816353903966
145.49404770595297
145.80893537978613
146.12629056475865
146.4461054477624
146.76837224361543
147.09308320015623
147.42023059253648
147.74980672338532
148.081803922039
148.41621454392208
148.75303097004658
149.09224560660425
149.43385088463089
149.77783925972747
150.12420321182606
150.47293524499054
150.82402788724434
151.17747369042016
151.5332652300261
151.89139510512558
152.25185593822687
152.61464037518186
152.97974108509052
153.34715076021078
153.71686211587246
154.08886789039437
154.4631608450042
154.83973376376017
155.21857945347443
155.59969074363792
155.9830604863463
156.36868155622673
156.7565468503654
157.1466492882358
157.53898181162737
157.93353738457486
158.3303089932878
158.7292896460806
159.1304723733029
159.5338502272704
159.93941628219542
160.3471636341184
160.75708540083932
161.1691747218493
161.58342475826265
161.99982869274896
162.41837972946567
162.83907109399055
163.2618960332545
163.68684781547466
164.11391973008776
164.5431050876834
164.9743972199379
165.40778947954806
165.8432752401653
166.2808478963299
166.72050086340556
167.16222757751405
167.60602149547012
168.05187609471648
168.49978487325936
168.9497413496036
169.40173906268888
169.85577157182496
170.3118324566283
170.769915316958
171.2300137728525
171.69212146446608
172.15623205200586
172.62233921566866
173.09043665557851
173.56051809172385
174.03257726389535
174.50660793162353
174.98260387411705
175.4605588902007
175.94046679825385
176.422321436149
176.9061166611907
177.39184635005446
177.87950439872571
178.36908472243945
178.86058125561956
179.3539879518185
179.84929878365742
180.34650774276605
180.84560883972298
181.3465961039962
181.84946358388373
182.3542053464544
182.86081547748884
183.3692880814207
183.87961728127806
184.39179721862482
184.90582205350267
185.42168596437267
185.9393831480578
186.45890781968478
186.9802542126267
187.50341657844584
188.0283891868359
188.5551663255658
189.08374230042216
189.61411143515295
190.14626807141084
190.680206568697
