0.00020751
0.0001639304486767671
0.00016457377753735088
0.00016512822981205427
0.00016564710889788178
0.00016614419019197639
0.0001666235714846314
0.00016708697226354676
0.0001675354864769392
0.00016797000628734383
0.0001683913276621933
0.00016880017957648062
0.00016919723466222644
0.0001695831151432594
0.00016995839737168656
0.0001703236157699126
0.00017067926638422636
0.0001710258101154861
0.0001713636756595768
0.0001716932621828001
0.00017201494175500532
0.000172329061561891
0.0001726359459166706
0.00017293589808965745
0.00017322920197312925
0.00017351612359703026
0.00017379691250995552
0.00017407180303835406
0.0001743410154356153
0.00017460475693168817
0.00017486322269275777
0.0001751165966994957
0.00017536505255165202
0.00017560875420589625
0.0001758478566531469
0.0001760825065410399
0.00017631284274646566
0.0001765389969028706
0.00017676109388630086
0.000176979252263891
0.00017719358470817985
0.00017740419838015463
0.00017761119528386413
0.0001778146725948864
0.00017801472296503663
0.00017821143480516806
0.00017840489254803308
0.00017859517689270383
0.00017878236503218514
0.00017896653086548042
0.00017914774519544495
0.00017932607591344008
0.00017950158817193877
0.00017967434454592342
0.00017984440518399903
0.00018001182794998518
0.0001801766685556517
0.00018033898068537215
0.00018049881611318386
0.0001806562248128372
0.00018081125506140772
0.00018096395353682496
0.00018111436540984657
0.00018126253443079908
0.00018140850301150922
0.00018155231230269773
0.00018169400226722068
0.00018183361174935848
0.00018197117854047639
0.0001821067394413013
0.00018224033032098274
0.0001823719861732268
0.0001825017411696373
0.00018262962871045
0.00018275568147287376
0.0001828799314571265
0.00018300241003037178
0.00018312314796863345
0.0001832421754968654
0.00018335952232724847
0.00018347521769585893
0.0001835892903977755
0.00018370176882074273
0.00018381268097748018
0.00018392205453669153
0.00018402991685289384
0.00018413629499506334
0.00018424121577428852
0.00018434470577033933
0.0001844467913573577
0.000184547498728605
0.00018464685392038013
0.00018474488283518528
0.0001848416112640683
0.00018493706490831598
0.00018503126940047176
0.0001851242503246819
0.0001852160332364993
0.00018530664368207982
0.00018539610721685546
0.00018548444942371366
0.00018557169593068403
0.0001856578724281524
0.00018574300468566086
0.00018582711856831107
0.00018591024005271681
0.0001859923952426468
0.00018607361038427077
0.00018615391188105953
0.00018623332630840082
0.00018631188042784726
0.00018638960120108687
0.00018646651580365094
0.00018654265163828287
0.00018661803634809475
0.00018669269782942786
0.00018676666424446642
0.00018683996403362523
0.00018691262592765974
0.0001869846789595755
0.00018705615247630353
0.0001871270761501146
0.00018719747998985955
0.00018726739435196904
0.00018733684995122032
0.00018740587787131015
0.00018747450957521064
0.00018754277691530118
0.0001876107121432848
0.00018767834791990753
0.00018774571732444264
0.00018781285386396322
0.00018787979148240325
0.00018794656456938853
0.00018801320796884592
0.00018807975698738623
0.0001881462474024674
0.0001882127154702972
0.00018827919793352842
0.0001883457320286962
0.0001884123554934115
0.00018847910657331075
0.00018854602402873394
0.00018861314714116928
0.00018868051571941467
0.00018874817010546582
0.00018881615118014744
0.00018888450036845707
0.0001889532596446107
0.00018902247153683636
0.00018909217913182615
0.0001891624260789305
0.0001892332565940324
0.00018930471546311774
0.00018937684804553708
0.00018944970027695834
0.0001895233186719968
0.00018959775032652905
0.00018967304291970388
0.00018974924471559573
0.00018982640456458277
0.00018990457190436763
0.0001899837967606883
0.0001900641297477276
0.00019014562206817734
0.0001902283255130154
0.00019031229246096077
0.00019039757587763217
0.00019048422931440794
0.00019057230690700327
0.00019066186337376385
0.00019075295401370002
0.00019084563470424352
0.00019093996189880038
0.00019103599262402788
0.00019113378447694208
0.0001912333956218072
0.00019133488478685498
0.00019143831126085812
0.0001915437348895661
0.00019165121607203888
0.00019176081575690603
0.0001918725954385641
0.00019198661715336932
0.00019210294347582978
0.00019222163751485922
0.00019234276291010003
0.00019246638382837937
0.00019259256496032118
0.00019272137151717222
0.0001928528692278705
0.0001929871243364145
0.0001931242035995828
0.00019326417428505084
0.00019340710416995406
0.0001935530615399703
0.00019370211518895017
0.0001938543344192009
0.0001940097890424306
