455.21625704999997
467.8284587612653
467.26315262824096
466.6798864970445
466.07875151922417
465.4606393540212
464.82654194595324
464.17740908845525
463.51412083649905
462.8374868624153
462.1482517011037
461.44710080808943
460.73466626314195
460.01153190356354
459.27823789582305
458.5352848010535
457.7831371941372
457.02222689089945
456.2529558312446
455.47569865982643
454.6908050403561
453.898601734899
453.0993944754343
452.2934696514395
451.4810958342387
450.6625251562456
449.83799456098956
449.00772693785626
448.17193215380524
447.33080799284676
446.4845410128071
445.6333073277925
444.77727332380573
443.916596314119
443.0514251402791
442.1819007239634
441.308156574344
440.4303192551157
439.5485088149068
438.66283918439376
437.7734185431122
436.880349658635
435.98373020053697
435.0836530313113
434.180206476194
433.2734745736745
432.363537308279
431.45047082708277
430.5343476412603
429.615236813867
428.69320413493256
427.76831228485315
426.84062098697973
425.91018715021886
424.97706500239536
424.04130621506005
423.10296002036256
422.1620733205697
421.2186907907441
420.272854975074
419.32460637728735
418.3739835455646
417.4210231523196
416.4657600691922
415.5082274375761
414.5484567349689
413.5864778374177
412.6223190783107
411.65600730374604
410.6875679246925
409.7170249661394
408.74440111342125
407.769717755889
406.7929950280849
405.8142518485675
404.8335059565298
403.85077394633197
402.8660713000715
401.87941244033124
400.8908106490122
399.90027831490215
398.9078267391985
397.91346626990565
396.91720630269026
395.9190553024458
394.9190208236006
393.91710952924
392.91332720910253
391.90767879650787
390.90016838426993
389.89079923965204
388.87957381840255
387.8664937779271
386.85155998963364
385.83477255049337
384.8161307938574
383.7956332995642
382.7732779033722
381.7490617057546
380.7229810800822
379.6950316802298
378.66520844763176
377.6335056178146
376.59991672643577
375.56443461485077
374.5270514352335
373.48775865527796
372.4465470624967
371.40340676814475
370.35832721078697
369.31129715953097
368.2623047169465
367.21133732168926
366.1583817508513
365.10342412205506
364.04644989531266
362.9874438746643
361.92639020962173
360.8632723964265
359.79807327914904
358.73077505064094
357.66135925336215
356.5898067800993
355.5160978745951
354.44021213210476
353.36212849989914
352.281825277734
351.1992801183014
350.1144700276863
349.02737136584074
347.93795984710334
346.84621054077513
345.7520978717793
344.65559562141846
343.5566769282532
342.45531428912415
341.3514795603344
340.2451439590154
339.13627806470123
338.0248518211285
336.9108345382881
335.7941948947481
334.6749009402762
333.5529200987799
332.42821917159085
331.30076434111953
330.1705211749003
329.03745463005674
327.9015290582077
326.76270821084495
325.6209552452032
324.4762327306509
323.3285026556277
322.1777264351563
321.02386491895214
319.8668784001586
318.7067266247358
317.54336880152806
316.3767636130343
315.20686922691567
314.0336433082484
312.857043032574
311.67702509974623
310.49354574861445
309.30656077256396
308.11602553593394
306.9218949913394
305.72412369791624
304.5226658405102
303.31747524983234
302.10850542359253
300.8957095486365
299.6790405240931
298.4584509855524
297.23389333028217
296.0053197434937
294.7726822256659
293.535932620931
292.2950226465268
291.0499039233144
289.80052800736064
288.546846422579
287.2888106944199
286.02637238460187
284.75948312686427
283.4880946637281
282.21215888423785
280.93162786266174
279.6464538981183
278.3565895550972
277.06198770483127
275.7626015674831
274.4583847550917
273.1492913152319
271.83527577532675
270.51629318755073
269.19229917425776
267.86324997385947
266.52910248707815
