2.3185827329795257
5.071127710917272
5.0753365078379895
5.07921055199411
5.083078491911506
5.08694930463753
5.090822424919451
5.094697153716528
5.098572917839647
5.102449256243831
5.106325801613755
5.110202264785278
5.114078421740058
5.117954102754463
5.121829183347197
5.125703576724781
5.129577227477043
5.133450106312376
5.137322205659004
5.141193535987925
5.145064122733539
5.1489340037143485
5.1528032269690165
5.156671848935599
5.160539932920565
5.164407547805092
5.16827476695253
5.172141667280997
5.17600832847689
5.179874832322924
5.183741262126119
5.1876077022272105
5.191474237578503
5.195340953383368
5.199207934783456
5.203075266586565
5.2069430330479465
5.2108113176426665
5.214680202917414
5.218549770329902
5.222420100120413
5.226291271202273
5.230163361065483
5.234036445705022
5.237910599536434
5.241785895359002
5.245662404298864
5.249540195776075
5.253419337476882
5.257299895332682
5.261181933507478
5.265065514389669
5.268950698590797
5.272837544949141
5.276726111309173
5.280616451396047
5.284508619616014
5.288402667831337
5.292298646210804
5.2961966032516
5.300096585807818
5.30399863911872
5.307902806840425
5.311809131079256
5.315717652424873
5.319628409986162
5.323541441427586
5.327456783005677
5.331374469607133
5.335294534786462
5.339217010804646
5.343141928666946
5.347069318162377
5.350999207901043
5.3549316253532355
5.358866596886923
5.362804147805171
5.366744302384135
5.370687083908556
5.374632514708734
5.378580616195588
5.3825314088956056
5.386484912484982
5.390441145822534
5.3944001269828705
5.398361873288124
5.4023264013381045
5.406293727041517
5.410263865644498
5.414236831759499
5.418212639392376
5.422191301969391
5.424753888251713
5.427543261030442
5.4304697806154225
5.433504696739166
5.436628023396612
5.439816613705409
5.443062455474675
5.44635310681265
5.44968028128345
5.453037499377234
5.4564196924750785
5.459822893956162
5.463243998141076
5.466680572096545
5.470130708664216
5.473592911653167
5.477066006142097
5.480549068386511
5.484041371039571
5.487542340338196
5.491051522633696
5.494568558241877
5.498093160969824
5.501625102149459
5.50516419812604
5.508710300487598
5.512263288423716
5.515823062750138
5.519389541237774
5.522962654958969
5.526542345431334
5.530128562383182
5.533721262006796
5.537320405591403
5.540925958454703
5.544537889106599
5.548156168594511
5.55178076999154
5.55541166799608
5.559048838618144
5.562692258932377
5.566341906885745
5.569997761151084
5.573659800999731
5.57732800621284
5.581002357016795
5.584682834009924
5.588369418128683
5.592062090607122
5.595760832949961
5.599465626908814
5.603176454465947
5.606893297817398
5.61061613936455
5.614344961701568
5.6180797476095075
5.621820480048999
5.625567142155893
5.6293197172360045
5.633078188761513
5.636842540367635
5.640612755849422
5.64438881916003
5.648170714407045
5.651958425851763
5.655751937906182
5.659551235131565
5.663356302236841
5.66716712407641
5.670983685649461
5.674805972097389
5.678633968703399
5.682467660889949
5.686307034218345
5.690152074386909
5.694002767229563
5.697859098714858
5.701721054944267
5.705588622151515
5.709461786700569
5.713340535084948
5.717224853926661
5.721114729974303
5.725010150102
5.72891110130967
5.732817570719478
5.73672954557641
5.740647013246963
5.744569961217462
5.748498377093323
5.75243224859754
5.756371563570669
5.7603163099683465
5.764266475861416
5.768222049434098
5.772183018983634
5.776149372918641
5.780121099758376
5.784098188132044
5.788080626777178
5.792068404539315
5.796061510370501
5.800059933328666
5.8040636625766595
5.80807268738103
5.812086997111681
5.81610658124036
