3.00019
2.9967871990805963
2.9943520341353427
2.9916131309563645
2.9887433124197074
2.985846505141002
2.982981425752414
2.980180767215706
2.9774622844587966
2.9748351774489743
2.9723037652598214
2.9698695999865845
2.967532682167249
2.9652921587178733
2.963146722783852
2.9610948418593446
2.9591348869483034
2.9572652046847256
2.9554841565560097
2.953790139132333
2.952181593302117
2.9506570071094886
2.9492149148248026
2.947853893743724
2.946572559552016
2.9453695607096297
2.9442435720817075
2.943193287908021
2.942217414117021
2.9413146599331976
2.940483728683114
2.939723307668331
2.9390320569369077
2.93840859674594
2.9378514934625137
2.9373592435970424
2.9369302555986745
2.9365628289642896
2.9362551301177358
2.9360051644006515
2.9358107441224166
2.9356694473401275
2.935578576840385
2.9355351042127924
2.9355356073015053
2.9355761954376884
2.9356524210103645
2.935759174326194
2.9358905656751895
2.936039781055543
2.9361989287924857
2.9363588724175993
2.9365090679018917
2.9366374330606857
2.936730300092301
2.9367725349483376
2.936747947087604
2.9366401445998123
2.9364339737423832
2.93611755407581
2.935684627834774
2.9351365474565885
2.934483003924603
2.933740906030425
2.9329316541741326
2.9320778330170225
2.9312004626986203
2.9303173732587005
2.929442749568686
2.9285873555477258
2.927759120859362
2.926963788763624
2.9262054923784016
2.925487213533778
2.924811125902988
2.9241788421047015
2.9235915872313423
2.9230503187312578
2.9225558084182106
2.922108698237723
2.9217095380680767
2.921358811278908
2.9210569520265524
2.920804356971704
2.920601393218557
2.920448403728096
2.9203457110247757
2.9202936197559684
2.920292176192762
2.920341988252563
2.9204432791165975
2.920596518667408
2.920801588933322
2.921058740901662
2.9213682023696284
2.921730182081345
2.9221448730474866
2.9226124110352765
2.9231330226943806
2.923706856927466
2.924334054131516
2.9250147457512337
2.925749053936342
2.926537091414307
2.9273789614889605
2.9282747581114705
2.9292245659920475
2.930228460733668
2.931286508976706
2.932398768547797
2.933565288608961
2.934786109804539
2.936061264404418
2.9373907764426126
2.9387746618505717
2.9402129285848106
2.9417055767485696
2.943252598707342
2.9448539791980934
2.9465096954321024
2.9482197171913582
2.9499840069184726
2.951802519800121
2.9536752038439893
2.9556019999492538
2.957582841970684
2.959617656776384
2.9617063642993053
2.9638488775823175
2.9660451028177452
2.9682949393803644
2.970598279854853
2.9729550100574698
2.9753650090521657
2.977828149161284
2.9803442959710096
2.9829133083317374
2.985535038353523
2.9882093313968134
2.990936026058625
2.9937149541543717
2.9965459406955284
2.9994288038633266
3.002363354978676
3.005349398468538
3.0083867318289053
3.0114751455846376
3.0146144232463317
3.0178043412644264
3.0210446689807693
3.024335168577819
3.0276755950257046
3.0310656960273263
3.034505211961717
3.0379938758258342
3.0415314131750057
3.045117542062193
3.048751972976284
3.0524344087795905
3.056164544644739
3.0599420679911344
3.0637666584211676
3.0676379876563633
3.071555719473611
3.075519509641673
3.0795290058581193
3.0835838476868522
3.087683666496395
3.0918280853990696
3.0960167191912573
3.100249174294838
3.1045250487000153
3.1088439319096093
3.1132054048850017
3.1176090399938396
3.1220544009596507
3.1044087590956075
3.11170139677114
3.127984748987361
3.1498941052408505
3.176326255140971
3.20677283052604
3.240926380811122
3.2785732213512992
3.319555273861732
3.3637508837271035
3.411063566366499
3.4614138892724378
3.5147336200621586
3.5709612954032544
3.630038753046834
3.6919083323755215
3.756510548639442
3.8237821119019215
3.893654206864312
3.966050981413791
4.040888214322295
4.118072148795708
4.1974984903103865
4.279051575513914
4.357618664011297
4.389775653977753
4.420315810051567
4.450605732258849
4.480687883998767
4.51056424318401
4.540235432002821
4.56970197458216
4.598964392601862
4.628023254199628
4.656879211671312
4.685533030562393
4.713985611530741
4.7422380061329354
4.770291427516467
4.798147256855898
4.825807046248127
4.853272518677127
4.88054556556914
4.907628242383155
4.934522762616447
4.961231490549423
4.987756933006603
5.014101730369887
5.040268647045523
5.066260561556281
5.092080456404683
5.11773140783104
5.143216575570978
5.168539192700618
5.193702555643364
5.218710014399819
5.24356496305161
5.26827083058056
5.29283107203644
5.3172491600795295
5.34152857691781
5.365672806653496
5.389685328048615
5.4135696077153845
5.4373290937335765
5.4609672096938455
5.484487349163505
5.507892870568698
5.53118709248524
5.554373289328447
5.577454687431089
5.600434461497342
5.623315731419669
5.646101559444873
5.668794947674907
5.691398835887629
5.713916099662435
5.736349548373041
5.758701925500116
5.780975905266359
5.803174093263793
5.825299025561311
5.847353168330973
5.86933891768214
5.891258599681373
5.913114470544108
5.934908716984852
5.9566434567131035
5.978320739062576
5.999942545741971
6.021510791695783
6.043027326064506
6.064493933233626
6.085912333961785
6.107284186578711
6.128611088244055
6.149894576258909
6.171136129422073
6.1923371694238
6.213499062270088
6.234623119731121
6.255710600807816
6.2767627132110055
6.2977806148479925
6.3187654153118356
6.339718177368889
6.360639918440666
6.3815316120763015
6.402394189412337
6.423228540616743
6.444035516314536
6.464815928992492
6.485570554380818
6.506300132809873
6.527005370540242
6.529841076129696
6.532018323016375
6.533680355716566
6.534939626428277
6.535883921404274
6.536582180361509
6.5370879842009195
6.537443310923198
6.537680974393907
6.537826623033467
6.537900304399361
6.537917688211193
6.537891022327023
6.537829879972895
6.53774174380338
6.537632462421401
6.537506607207211
6.537367751225654
6.5372186872275115
6.537061598045199
6.536898189778666
6.536729795897275
6.536557458608812
6.536381992460074
6.536204034049092
6.536024080881921
6.535842521744474
6.5356596604423105
6.53547573435658
6.53529092894814
6.535105389094592
6.534919227951832
6.534732533880667
6.534545375860997
6.534357807723823
6.534169871459213
6.5339815998019946
6.533793018252877
6.533604146658283
6.533415000445238
6.533225591586642
6.53303592935577
6.532846020916085
6.5326558717822
6.532465486180253
6.5322748673295985
6.532084017662951
6.531892938998507
6.531701632674463
6.5315100996541675
6.531318340608304
6.531126355979148
6.530934146030767
6.530741710888269
6.530549050568487
6.53035616500394
6.530163054061574
6.529969717557406
6.529776155267958
6.529582366939201
6.529388352293537
6.52919411103525
6.528999642854776
6.528804947432016
6.528610024438942
6.528414873541614
6.528219494401767
6.528023886678041
6.5278280500269315
6.527631984103542
6.527435688562169
6.5272391630567315
6.527042407241141
6.526845420769558
6.526648203296594
6.5264507544774855
6.526253073968204
6.526055161425541
6.525857016507192
6.52565863887179
6.525460028178951
6.525261184089303
6.525062106264491
6.5248627943671975
6.5246632480611435
6.524463467011088
6.524263450882836
6.52406319934322
6.523862712060107
6.523661988702387
6.523461028939964
6.5232598324437525
6.5230583988856585
6.522856727938579
6.522654819276391
6.52245267257394
6.522250287507029
6.522047663752414
6.521844800987783
6.521641698891763
6.5214383571438965
6.5212347754246345
6.521030953415334
6.52082689079824
6.520622587256484
6.5204180424740645
6.520213256135858
6.520008227927584
6.498302626327907
6.487927889400373
6.479887539803464
6.472393948013012
6.465024800849656
6.457677347546475
6.4503250740868685
6.442959772874972
6.435577709770423
6.428176311642481
6.420753366989364
6.4133068278969265
6.405834756476643
6.398335306462544
6.390806713742242
6.383247289486727
6.37565541431265
6.368029533059411
6.360368150043556
6.35266982472457
6.34493316773696
6.337156837251782
6.329339535635669
6.321480006378919
6.313577031267493
6.305629427776283
6.2976360466635155
6.289595769748129
6.2815075078539495
6.2733701989060044
6.2651828061659005
6.256944316594383
6.248653739330436
6.240310104277284
6.231912460786571
6.22345987643282
6.214951435871088
6.206386239771222
6.197763403822943
6.1890820578063614
6.180341344722988
6.171540419982947
6.1626784506442025
6.153754614700193
6.144768100412485
6.135718105685334
6.126603837479389
6.117424511261901
6.1081793504911035
6.098867586132589
6.089488456205718
6.080041205358161
6.070525084467005
6.0609393502647695
6.051283264989016
6.041556096054197
6.031757115744526
6.021885600926848
6.011940832782417
6.001922096556675
5.991828681326213
5.981659879782073
5.971414988028686
5.961093305397803
5.9506941342767625
5.940216779950597
5.929660550457389
5.9190247564564755
5.9083087111090276
5.897511729970633
5.886633130895505
5.875672233952023
5.864628361349287
5.8535008373744075
5.842288988340335
5.8309921425439715
5.819609630234398
5.808140783591037
5.796584936711605
5.7849414256097225
5.773209588222089
5.76138876442509
5.7494782960608015
5.737477526972298
5.725385803048254
5.713202472276743
5.70092688480828
5.6885583930280506
5.676096351637375
5.663540117744365
5.650889050963841
5.638142513526538
5.625299870397613
5.612360489404577
5.59932374137461
5.58618900028142
5.572955643401675
5.559623051481106
5.546190608910384
5.532657703910811
5.519023728730011
5.505288079847674
5.4914501581914585
5.477509369363221
5.46346512387564
5.449316837399388
5.435063931020988
5.420705831511459
5.406241971605901
5.391671790294172
5.376994733122767
5.362210252508059
5.347317808061026
5.332316866923636
5.317206904116996
5.3019874029014336
5.286657855148645
5.271217761726027
5.25566663289337
5.240003988712025
5.224229359466659
5.208342286099766
5.192342320659033
5.176229026757676
5.160001980047882
5.143660768707452
5.127204993939733
5.110634270486973
5.093948227157129
5.077146507364262
5.0602287696825465
5.043194688413966
5.02604395416975
5.008776274465554
4.991391374330457
4.97388899692973
4.956268904201391
4.938530877506546
4.9206747182934345
4.9027002487751545
4.884607312620976
4.866395775661166
4.848065526605198
4.829616477773192
4.811048565840485
4.792361752595091
4.773556025707874
4.754631399515194
4.735587915813782
4.716425644667547
4.697144685225997
4.677745166553952
4.658227248472155
4.638591122408376
4.6188370122585996
4.598965175257777
4.578975902859679
4.558869521625284
4.53864639411913
4.518306919813015
4.497851535996379
4.477280718692695
4.456594983581108
4.4357948869225705
4.414881026489653
4.393854042499139
4.372714618546564
4.351463482541687
4.330101407643953
4.308629213196886
4.287047765660347
4.265357979539543
4.243560818309582
4.22165729533442
4.199648474778883
4.177535472512504
4.155319457003826
4.1330016502037425
4.110583328416498
4.088065823156835
4.065450521991773
4.042738869365483
4.019932367405636
3.997032576709591
3.9740411171087535
3.9509596684093964
3.9277899711081843
3.904533827080632
3.881193100240673
3.857769717169524
3.8342656677119438
3.81068300553803
3.787023848668607
3.763290379962286
3.7394848475622555
3.7156095653008023
3.691666913059615
3.6676593370838577
3.6435893502480416
3.6214092302005607
3.5982421376242195
3.5746108422301743
3.550634107488599
3.5263462705202575
3.5017641127117893
3.4769012804595985
3.451771355702724
3.426388464175713
3.4007673479224465
3.3749233197096324
3.34887219052334
3.3226301908325766
3.296213891061956
3.2696401233549506
3.242925905881694
3.2160883706460486
3.1891446955516143
3.162112041310986
3.1350074936140766
3.1078480108115443
3.0806503772223253
3.0534311620431254
3.0262066837248627
2.998992979587533
2.9718057803707914
2.944660489362188
2.9175721657070004
2.890555790580647
2.8636254164191093
2.8367950065802288
2.8100781453585646
2.7834880373630755
2.7570375072753164
2.730739000933789
2.704604587500566
2.6786459624456573
2.6528744511094655
2.627301012634428
2.6019362440876197
2.5767903846254807
2.5518733195792382
2.5271945843648895
2.5027633681446666
2.4785885171876623
2.4546785378957647
2.4310415994774015
2.4076855362657477
2.384617849690334
2.3618457099213295
2.3393759572144512
2.31721510299154
2.2953693306974516
2.2738444964782385
2.252646129728698
2.2317794335593972
2.211249285234316
2.191060236630427
2.1712165147699443
2.151722022474608
2.1325803391895164
2.1137947220215056
2.09536810703418
2.0773031108383444
2.0596020325129643
2.0422668558878065
2.0252992522147952
2.0087005832507954
1.9924719047701032
1.9766139705205015
1.9611272366321777
1.9460118664845232
1.9312677360311878
1.9168944395798915
1.90289129601916
1.8892573554803822
1.875991406419934
1.8630919831027086
1.8505573734653151
1.838385627334356
1.8265745649727423
1.81512178592481
1.804024678129194
1.793280427266909
1.7828860263109516
1.7728382852429057
1.7631338409015622
1.753769166928393
1.7447405837748302
1.736044268736756
1.7276762659822624
1.7196324965396994
1.7119087682141625
1.704500785401954
1.6974041587740707
1.690614413900303
1.684127003612482
1.6779373135437423
1.6720406727185144
1.6664323620373989
1.6611076226372774
1.6560616639964987
1.6512896717499894
1.6467868151994143
1.6425482545085428
1.6385691475764024
1.6348446192925226
1.6313698849431277
1.6281401333860592
1.6251505754376534
1.6223964490551925
1.619873024220898
1.6175756075004755
1.61549954628047
1.6136402326903923
1.6119931072165314
1.6105536620152452
1.6093174439342066
1.6082800572507512
1.6074371661369429
1.6067844968614506
1.606317839738631
1.606033050835501
1.6059260534474427
1.6059928393535943
1.606229469862937
1.6066320766620554
1.6071968624754822
1.607920101549414
1.608798139969427
1.609827395822617
1.6110043585396066
1.6123255920331983
1.613787728268149
1.6153874725793436
1.6171216008138374
1.6189869590196817
1.6209804628357183
1.6230990967587906
1.6253399133295128
1.6277000322492916
1.6301766394363657
1.63276698602754
1.6354683873318185
1.6382782217417997
1.6411939296083173
1.6442130120835303
1.6473330299373075
1.6505516023514577
1.6538664056960668
1.6572751722918935
1.660775689162524
1.6643657967796974
1.6680433878049858
1.671806405830739
1.6756528441230105
1.6795807443689386
1.6835881954308474
1.687673332109165
1.6918343339160287
1.696069423861316
1.7003768176978644
1.7047549073300663
1.709202009540548
1.71371650428109
1.7182968135278358
1.7229413965159694
1.727648749172968
1.732417399191126
1.73724590945877
1.742132874909536
1.747076921739794
1.7520767581601473
1.7571309807146325
1.7622383347013353
1.7673975674478826
1.7726074483330323
1.7778667717598595
1.7831743569409786
1.7885290471825814
1.793929709106843
1.7993752318838196
1.8048645264842094
1.8103965249546818
1.815970179715837
1.8215844628826543
1.827238365607134
1.832930897442907
1.8386610857314885
1.8444279750098904
1.8502306264392672
1.856068117254267
1.861939540232741
1.8678440031854777
1.8737806284655754
1.8797485524971163
1.8857469253227488
1.8917749101698071
1.8978316830345892
1.9033409932813445
1.9087678679063562
1.9141149947450156
1.9193858744001877
1.924583975467258
1.929712630494203
1.9347750284589913
1.9397742195380976
1.9447131211783262
1.9495945240552541
1.9544210977504455
1.959195396141375
1.9639198625179726
1.9685968344412883
1.973228548359012
1.9778145544785513
1.9823594003629559
1.9868678107123876
1.9913391692227218
1.995775097994421
2.0001772900371924
2.004547382994852
2.0088869455096576
2.013197478012619
2.0174804152556836
2.0217371289541477
2.0259689303345483
2.0301770725670556
2.0343627530847828
2.038527115795141
2.0426712531884377
2.046796208348674
2.0509029768712184
2.0549925086917784
2.059065709830844
2.0631234440575477
2.067166534476683
2.071195765042401
2.075211882001941
2.079215595272557
2.0832075797546414
2.0871884765838997
2.0911588943252633
2.0951194101111157
2.099070570726254
2.1030128936419024
2.1069468680009646
2.1108729555566095
2.1147915915661653
2.118703185642212
2.1226081225626685
2.126506763041579
2.130399444462223
2.1342864815741063
2.138168167155299
2.142044772641536
2.1459165487234166
2.1497837259129775
2.1536465150808723
2.1575051079653087
2.1613596776538633
2.1652103790392356
2.169057349249953
2.172900708056992
2.176740558257259
2.1805769860347954
2.184410061300575
2.188239838011691
2.192066354470725
2.1958896336060287
2.199709683233647
2.2035264963015595
2.2073400511168995
2.2111503115567888
2.2149572272633935
2.2187607338237765
2.222560752935132
2.2263571925559216
2.230149947043446
2.2339388972783607
2.2377239107766234
2.241504841789336
2.2452815313909555
2.2490538075563076
2.252821485226838
2.256584366366526
2.2603422400078683
2.264094882288328
2.2678420564776527
2.271583512996435
2.2753189894263017
2.27904821051209
2.2827708881563966
2.286486721406842
2.2901953964364177
2.2938965865172776
2.2975899519883103
2.301275140216865
2.3049517855549686
2.308619509290394
2.3122779195929377
2.3159266114562467
2.3195651666355803
2.323193153581842
2.32681012737227
2.3304156296381504
2.3340091884899263
2.3375903184401015
2.341158520324316
2.3447132812210065
2.348254074370053
2.351780359090838
2.3552915807001353
2.358787170430284
2.36226654534809
2.36572910827492
2.3691742477084707
2.372601337746697
2.376009738014412
2.3793987935930776
2.382767834954316
2.3861161778977067
2.389443123493423
2.392747958030313
2.396029952970013
2.399288364907729
2.4025224355403183
2.405731391642343
2.4089144450507662
2.412070792659003
2.4151996164210323
2.4183000833663297
2.421371345626367
2.4244125404734698
2.4382577443995688
2.451620637967635
2.4644966070177485
2.476882885757569
2.4887791955838954
2.5001872854227036
2.5111104700379183
2.5215532612108627
2.5315210790721507
2.541020025033099
2.550056701744143
2.558638069229955
2.566771329095874
2.574463830683088
2.5817229944936777
2.588556249269594
2.5949709799008764
2.600974483933059
2.6065739348943224
2.6117763510068097
2.6165885681101178
2.621017215827692
2.625068696162599
2.6287491638282328
2.632064507709479
2.635020332916216
2.6376219429378436
2.639874321437524
2.641782113240055
2.6433496040688267
2.644580698575558
2.6454788961815083
2.646047264209589
2.6462884077320488
2.6462044354858705
2.645796921114716
2.645066858878053
2.6440146128194812
2.6426398582000092
2.64094151376856
2.6389176631485918
2.6365654632495787
2.6338810371426638
2.6308593482405724
2.6274940518514707
2.6237773191776843
2.6196996275237585
2.6152495087521763
2.610413245719516
2.605174503309228
2.5995138764087273
2.5934083312474527
2.586830508138869
2.579747841636613
2.572121436479797
2.563904611279094
2.555040981302988
2.5454618875663435
2.535082874651385
2.523798741967124
2.5114763778844535
2.4979439961586505
2.4829742152383827
2.4662558651139466
2.4473432450973776
2.3869847211147897
2.3317692015830933
2.2816304161430634
2.2365009058420284
2.1962855468603864
2.1608591437707685
2.1300685390691103
2.1037362528655437
2.0816647443616936
2.0636410396026696
2.049441387969905
2.0388358778430113
2.0315926400096553
2.02748161190096
2.026277739981068
2.0277635845032953
2.0317313284464005
2.037984224361065
2.04633753481632
2.056619034866313
2.068669149979881
2.0823408020133476
2.09749903088314
2.1140204521856893
2.131792602431834
2.150713214734979
2.1706894593785444
2.1916371760617044
2.2134801180007804
2.2361492224753112
2.259581917839476
2.2837215318363198
2.3085164504845372
2.333919923855627
2.359889312433579
2.3863856874884166
2.413373413217142
2.440819770545758
2.4686946197607895
2.496970099017315
2.525620355771292
2.5546213082474503
2.5839504342408874
2.613586584488661
2.6435098185203176
2.6737012604965273
2.704142972788679
2.734817846568138
2.7657095055608516
2.796802223796299
2.828080854494206
2.8595307693012715
2.891137806714376
2.922888228671187
2.9547686843977123
2.986766180690064
3.018868057890159
3.051061970883886
3.083335874544604
3.1156780129399984
3.148076912077369
3.1805213754585275
3.213000482160742
3.245503587135424
3.2780203231864626
3.3105406045266066
3.343054630608868
3.3755528946965727
3.408026187279246
3.4404656041318415
3.4728625535617463
3.5052087638504394
3.537496290706375
3.5697175245943256
3.6018651978252687
3.6339323913066632
3.665912540866778
3.697799443083767
3.729587260561768
3.761270527131777
3.7928441502701418
3.824303416280557
3.855643992362579
3.8868619287880732
3.917953660409223
3.9489160075752885
3.979746176499592
4.0104417591290344
4.041000732576894
4.071421458193492
4.101702680355882
4.131843525072377
4.161567429547603
4.190797261971751
4.219538440658254
4.247796166365343
4.2755754950019735
4.302881383949595
4.329718729877565
4.356092400677889
4.382007260750192
4.407468192966485
4.4324801160721226
4.457047998513768
4.481176869074757
4.504871824707352
4.528138033699054
4.550980745514631
4.573405287717509
4.595417061592767
4.617021546727336
4.638224296310707
4.659030933333034
4.679447146014367
4.699478682575297
4.719131345478275
4.738410985258229
4.75732349404753
4.775874798887776
4.794070854913204
4.8119176384761255
4.829421140278371
4.846587358563012
4.863422292414297
4.879931935205131
4.8961222682264545
4.911999254527759
4.927568832990042
4.9428369126524005
4.957809367304578
4.972492030358091
4.986890690003008
5.001011084655296
5.0148588986972245
5.028439758510434
5.0417592288007675
5.054822809210811
5.067635931214252
5.080203955288124
5.092532168353936
5.10462578147954
5.11648992783422
5.128129660887217
5.139549952838929
5.150755693276402
5.161751688041639
5.172542658302356
5.183133239816274
5.193527982376073
5.203731349426984
5.213747717845268
5.223581377869022
5.233236533169542
5.242717301055984
5.252027712802716
5.261171714090098
5.270153165551372
5.278975843416557
5.287643440244928
5.2961595657392015
5.304527747634207
5.312751432652151
5.320833987518869
5.3287787000341895
5.336588780190648
5.344267361334991
5.3518175013673925
5.359242183972191
5.366544319877487
5.3737267481376385
5.380792237434718
5.387743487395904
5.394583129922201
5.4013137305263434
5.407937789675225
5.4144577441357935
5.4208759683203525
5.42719477562943
5.433416419789794
5.439543096185997
5.445576943183321
5.451520043439528
5.457374425205858
5.463142063613936
5.4688248819481755
5.474424752902915
5.479943499822262
5.485382897923041
5.490744675498729
5.496030515104513
5.50124205472316
5.506380888909984
5.51144856991798
5.516446608801434
5.521376476499034
5.526239604894873
5.5310373878583
5.535771182262668
5.5404423089811266
5.608564972464618
5.671690319592295
5.730162744828228
5.78426210309748
5.834243773042237
5.880346282306532
5.922793555966115
5.961796014321221
5.9975514965302255
6.030246059119087
6.060054704297841
6.087142051982684
6.111662964201565
6.133763128048259
6.15357960176672
6.171241333603413
6.186869625548874
6.200578605209941
6.212475647226325
6.222661775325263
6.231232041583185
6.238275882775696
6.243877456353512
6.2481159565030815
6.25106591152418
6.252797463547291
6.253376631567209
6.252865558724097
6.2513227447169095
6.2488032642088935
6.245358971997887
6.241038695752188
6.235888417021356
6.229951441211549
6.223268557183132
6.215878187089089
6.207816527040501
6.199117679153419
6.189813775501035
6.179935094465423
6.169510169955633
6.158565893931728
6.147127612649117
6.135219217013256
6.122863227411718
6.110080873368693
6.09689216834619
6.083315979996561
6.069370096152201
6.055071286820661
6.040435362436828
6.025477228607888
6.0102109375720785
5.994649736578176
5.978806113379556
5.962691839024125
5.946318008109984
5.929695076665582
5.9128328978029225
5.895740755282764
5.878427395121766
5.8609010553630245
5.843169494123605
5.825240016025251
5.807119497107605
5.788814408316676
5.770330837655473
5.751674511077868
5.732850812201683
5.71386480091195
5.694721230920796
5.675424566346118
5.655978997367198
5.63638845501175
5.6166566251253744
5.596786961571176
5.576782698704332
5.556646863163521
5.536382285018563
5.515991608311132
5.495477301023154
5.474841664505386
5.454086842396619
5.4332148290622
5.4122274775787504
5.391126507290425
5.369913510960433
5.348589961540285
5.3271572185777885
5.305616534283637
5.283969059275322
5.262215848015894
5.240357863964322
5.218395984452952
5.1963310053070035
5.174163645219925
5.151894549897914
5.129524295985971
5.107053394787269
5.08448229578705
5.0618113899914805
5.039041013091523
5.016171448461221
4.993202929999351
4.9701356448229435
4.946969735820695
4.923705304073889
4.900342411152095
4.876881081290501
4.85332130345541
4.829663033304122
4.805906195045087
4.782050683203959
4.758096364300884
4.734043078444163
4.709890640845057
4.685638843258474
4.661287455353884
4.636836226020717
4.612284884612248
4.587633142131909
4.5628806923656775
4.5380272129640655
4.513072366477202
4.4880158013461795
4.462857152853939
4.437596044038604
4.41223208657231
4.386764881608281
4.361194020598945
4.335519086087755
4.309739652477271
4.283855286776066
4.257865549326903
4.231769994518632
4.205568171484108
4.179259624786555
4.1528438950966
4.1263205198623405
4.099689033974635
4.072948970429948
4.046099860992944
4.0191412368611665
3.9920726293340385
3.9648935704884956
3.937603593863628
3.910202235156652
3.882689032932683
3.8550635293507916
3.8273252709088452
3.7994738092098412
3.7715087017523805
3.743429512748129
3.7152358139692088
3.6869271856285133
3.6585032172961895
3.62996350885559
3.6013076715021906
3.5725353287891712
3.5436461177235037
3.5146396899166854
3.4855157127943937
3.4562738708696137
3.4269138670842176
3.3974354242239557
3.367838286412517
3.3381222206903427
3.308287018684493
3.2783324983761224
3.2482585059726365
3.218064917892057
3.187751642867683
3.1573186241815865
3.1267658420361903
3.096093316073686
3.0653011008742257
3.0343893060320544
3.0033580908054485
2.972207661046266
2.9409382773339137
2.9095502589626374
2.8780439865392817
2.8464199076018977
2.81467854726647
2.782820497786766
2.7508464279597127
2.7187570980853857
2.6865533601389338
2.6542361639024716
2.621806563513149
2.5892657244573214
2.556614931042617
2.523855594381451
2.490989260922018
2.4580176215647476
2.424942521404654
2.3917659701424694
2.3584901532095213
2.3251174436539968
2.329230823151526
2.334717372512256
2.3414875794622843
2.3494655999913214
2.3585847048069675
2.3687849140498787
2.380011650569798
2.3922148813059394
2.405348508362892
2.419369899904881
2.434239508385604
2.449920549541518
2.4663787274971734
2.4835819969974096
2.5015003566214795
2.52010566837431
2.5393714999713266
2.559272986749315
2.5797867105863888
2.6008905935660493
2.622563804411538
2.644786675963085
2.6675406321810162
2.6908081233434635
2.7145725682689616
2.738818302539617
2.7635305318251175
2.788695289524836
2.81429939804663
2.8403304331294894
2.8667766907038668
2.8936271558522346
2.9208714735017844
2.9484999205397653
2.97650337908942
3.0048733107412895
3.033601731564784
3.0626811877695927
3.092104731913183
3.1218658995807154
3.1519586864857487
3.1823775259607525
3.2131172668209773
3.2441731516021406
3.275540795179115
3.307216163783728
3.3391955544452783
3.3714755748789775
3.4040531238544114
3.4369253720728437
3.4700897435839635
3.5035438977712565
3.5372857119313013
3.5713132644739347
3.6056248187592543
3.640218807592428
3.675093818386996
3.7102485790066444
3.7456819442902973
3.7813928832618244
3.81738046702143
3.8536438573136556
3.8901822957611616
3.926995093753077
3.964081622972328
4.001441306545095
4.039073610791615
4.076978037557692
4.115154117105491
4.1536014015364575
4.192319458725445
4.231307866737853
4.270566208705914
4.3100940681376265
4.349891024632686
4.3899566499811336
4.430290504618637
4.470892134415351
4.511761067774367
4.5528968130170115
4.594298856034467
4.635966658183194
4.677899654406558
4.720097251562255
4.762558826939767
4.805283726949542
4.84827126597034
4.89152072533883
4.93503135246998
4.9788023600940985
5.022832925600812
5.06712219047824
5.111669259839128
5.156473202024458
5.2015330482772635
5.24684779247874
5.292416390941387
5.338237762252161
5.384310787161711
5.430634308513993
5.477207131212652
5.524028022220863
5.571095710590473
5.618408887518637
5.665966206428818
5.713766283074227
5.761807695661513
5.810088984993317
5.8586086546285765
5.907365171058707
5.95635696389875
6.0055824260935005
6.055039914136273
6.10472774830088
6.154644212886359
6.204787556472685
6.255155992188988
6.305747697992273
6.356560816957493
6.407593457577985
6.458843694077043
6.510309566729574
6.561989082193886
6.613880213854463
6.665980902173908
6.718289055055747
6.770802548216983
6.823519225570731
6.87643689961851
6.929553351852443
6.9828663331678555
7.036373564284602
7.090072736178605
7.143961510523476
7.198037520140918
7.252298369460548
7.306741634989966
7.361364865792827
7.416165583977371
7.471141285192927
7.526289439136203
7.5816074900655215
7.637092834235213
7.692742892177131
7.748555034498177
7.804526608617363
7.860654939300052
7.9169373292059
7.973371059446134
8.029953390153187
8.086681561058016
8.143552792077603
8.200564283910083
8.257713218637885
8.314996760338314
8.372412055700927
8.429956234652147
8.487626410984815
8.545419682995368
8.603333134125215
8.661363833607885
8.719508837121976
8.777765187446999
8.836129915125642
8.894600039128605
8.953172567524158
9.011844498150957
9.07061281929392
9.12947451036337
9.188426542577115
9.247465879644423
9.306589478452024
9.365794289752978
9.425077258855595
9.48443532631511
9.543865428625168
9.603364498910784
9.662929467620803
9.722557263221795
9.782244812890454
9.841989043206267
9.901786880843517
9.961635253261337
10.021531089393486
10.081471320336044
10.14145288003292
10.20147270596009
10.261527739806056
10.321614928150492
10.381731223139314
10.441873583157303
10.502038973496006
10.562224367018276
10.622426744818792
10.68264309688045
10.74287042272508
10.803105732060073
10.863346045419824
10.923588394801548
10.514424316741977
10.391039851545774
10.275247055962918
10.166373769586686
10.063791174487626
9.966917994126897
9.87522275308725
9.78822320178293
9.705483854404337
9.626612545792627
9.551256635463265
9.47909916815831
9.409855284582546
9.343268763120644
9.279109055334725
9.217168513361019
9.157259944841115
9.099214442378289
9.042879461169356
8.988117118309743
8.934802688590322
8.882823273110795
8.832076620205813
8.782470079401287
8.73391967215325
8.686349264777723
8.63968983084585
8.593878792211123
8.548859428786768
8.504580349117115
8.460995014000167
8.418061307541654
8.375741149367693
8.334000143984436
8.292807262783075
8.252134555075292
8.211956884851281
8.172251691204028
8.132998768948012
8.09418006831134
8.05577951109529
8.017782822076418
7.980177374103354
7.94295204554859
7.906097089069618
7.8696040104691125
7.833465457030004
7.797675114524468
7.762227611707605
7.727118432321816
7.692343833523608
7.657900770537529
7.623786826734329
7.59000014914819
7.556539388562418
7.523403644262898
7.490592412776514
7.458105540439311
7.425943179701836
7.3941057485585135
7.362593893195971
7.331408453553751
7.300550431421432
7.270020961238762
7.239821283136679
7.20995271817154
7.180416645643939
7.151214482356866
7.122347663528175
7.093817625654731
7.0656257905968864
7.037773551347425
7.01026225913155
6.983093211769407
6.9562676431838595
6.929786714074022
6.903651503623036
6.877863002127188
6.852422104566877
6.827329605032686
6.802586191817014
6.77819244341593
6.754148824973055
6.730455685572171
6.707113255927672
6.6841216467167435
6.661480847301347
6.639190725052529
6.617251024891272
6.595661369399292
6.57442125909798
6.553530073217968
6.532987070644627
6.5127913911437965
6.4929420568373715
6.473437973906537
6.454277934446487
6.43546061853283
6.416984596380361
6.3988483306840385
6.381050179091589
6.363588396693363
6.346461138661999
6.329666462965172
6.3132023330729465
6.2970666208094155
6.281257109141439
6.265771495047509
6.250607392377039
6.235762334758052
6.2212337784579255
6.207019105211257
6.193115625147438
6.179520579583291
6.166231143821151
6.153244429928824
6.140557489525859
6.12816731641004
6.116070849278376
6.104264974310319
6.0927465277281305
6.0815122983491605
6.070559030007576
6.059883422888929
6.049482139163654
6.039351802014886
6.029488998949195
6.019890283990345
6.01055217980009
6.001471179759817
5.99264374997946
5.984066331222796
5.982751029456146
5.981848167164025
5.981322560221729
5.9811415321363
5.981274768209734
5.981694165754168
5.982373685918772
5.983289210413799
5.984418405052135
5.985740590925217
5.987236623597855
5.988888780201918
5.99068065426247
5.992597057880009
5.9946239308294915
5.9967482562251275
5.998957982230708
6.001241949479653
6.00358982375537
6.005992033576123
6.008439712342603
6.010924644658318
6.01343921664061
6.01597636979671
6.018529558312008
6.021092709444037
6.023660186829906
6.026226756502119
6.028787555380586
6.031338062111845
6.033874070063699
6.036391662332713
6.038887188617965
6.041357243823659
6.043798648287461
6.046208429502127
6.048583805245685
6.05092216799158
6.053221070543668
6.055478212785526
6.057691429475951
6.059858679022636
6.06197803314042
6.064047667373683
6.066065852386396
6.068030945972235
6.069941385752023
6.07179568248852
6.073592383590548
6.075330160024385
6.077007707473083
6.07862379984566
6.0801772045997815
6.081666760771814
6.083091347884621
6.084449882897244
6.085741317463267
6.086964635495866
6.088118850996835
6.089203006141886
6.090216169603319
6.091157435091223
6.092025920152181
6.092820764937145
6.093541131508166
6.0941862030826135
