26.16518329875022
26.235204229893792
26.304791447455084
26.37396159615616
26.442729806337166
26.51111047585501
26.57911739614757
26.646763772879794
26.714062233962654
26.7810248374302
26.847663081330886
26.91398791546738
26.98000975457646
27.045738492600265
27.111183517777256
27.176353728346317
27.24125754924364
27.305902946953413
27.370297447929577
27.43444815491525
27.49836176396095
27.56204458131839
27.625502540510475
27.688741219148067
27.751765855616924
27.81458136553863
27.877192357949223
27.93960315114236
28.001817788128914
28.063840051669665
28.12567347884409
28.18732137512312
28.248786827921684
28.31007271961141
28.371181739980404
28.432116398132358
28.49287903382242
28.55347182823162
28.61389681418573
28.67415588582796
28.734250807757697
28.79418322365002
28.85395466437261
28.91356655561821
28.97302022507192
29.032316909133314
29.091457759213927
29.150443847630722
29.20927617311637
29.267955665966525
29.32648319284447
29.384859561262516
29.443085523759255
29.501161781790987
29.55908898935494
29.616867756361138
29.67449865176897
29.73198220650385
29.789318916168355
29.846509243561542
29.90355362101957
29.960452452589553
30.017206116048328
30.073814964776744
30.130279329499622
30.18659951990086
30.24277582612242
30.298808520155518
30.354697857131633
30.410444076520605
30.466047403242406
30.52150804869886
30.576826211731067
30.632002079507934
30.687035828350734
30.74192762449852
30.796677624818432
30.85128597746516
30.905752822493064
30.960078292424562
31.014262512777808
31.068305602556784
31.122207674706445
31.175968836535425
31.22958919010878
31.28306883261286
31.336407856694358
31.38960635077534
31.442664399346135
31.495582083237522
31.548359479873845
31.600996663508322
31.65349370544187
31.705850674226678
31.758067635855458
31.81014465393765
31.86208178986323
31.913879102955196
31.965536650611526
32.01705448843714
32.068432670366875
32.119671248779895
32.17077027460623
32.22172979742587
32.27254986556118
32.32323052616277
32.37377182528957
32.42417380798339
32.4744365183382
32.524559999564886
32.574544294051236
32.6243894434181
32.67409548857146
32.723662469750984
32.77309042657522
32.82237939808369
32.87152942277597
32.920540538648254
32.96941278322715
33.0181461936013
33.06674080645071
33.11519665807407
33.16351378441419
33.211692221081584
33.259732003376484
33.307633166309294
33.355395744619585
33.4030197727938
33.45050528508173
33.497852315511814
33.54506089790542
33.592131065890115
33.63906285291204
33.685856292247514
33.732511417013725
33.77902826017894
33.82540685457185
33.87164723289052
33.917749427710625
33.96371347149347
34.009539396593325
34.055227235264546
34.10077701966835
34.14618878187927
34.19146255389143
34.23659836762457
34.281596254930065
34.32645624759661
34.3711783773561
34.41576267588934
34.460209174831796
34.5045179057795
34.54868890029495
34.59272218991329
34.63661780614856
34.680375780500306
34.72399614446039
34.767478929520244
34.81082416717834
34.85403188894829
34.89710212636731
34.940034911005235
34.98283027447423
35.02548824843903
35.068008864627984
35.11039215484487
35.15263815098158
35.19474688503171
35.236718389105214
35.27855269544407
35.32024983643923
35.36180984464876
35.40323275281744
35.444518593897776
35.485667401072654
35.52667920777969
35.567554047622224
35.60829195474228
35.64889296350749
35.68935710865776
35.72968442534105
35.76987494915069
35.80992871616723
35.84984576300073
35.889626126971734
35.92926984576725
35.968776957888814
36.008147502580854
36.0473815198945
36.08647905075613
36.125440137041416
36.16426482165495
36.202953148616196
36.24150516315202
36.27992091179661
36.31820044249911
36.35634380473987
36.3943510496558
36.43222223017569
