0.026442645113847058
0.02669395723179209
0.026736992230592622
0.026737283495642816
0.02672771738422789
0.026715992097699735
0.026703925663069953
0.02669194069493475
0.026680128684138008
0.02666850306138763
0.02665705936672958
0.026645789514667607
0.0266346851315079
0.026623738294300526
0.026612941656073554
0.026602288430142992
0.026591772345743548
0.026581387601225828
0.02657112882058251
0.026560991014227084
0.02655096954384342
0.02654106009090848
0.02653125862848099
0.026521561395884574
0.026511964875955984
0.02650246577456835
0.02649306100217418
0.02648374765714425
0.02647452301070511
0.02646538449330173
0.026456329682232358
0.026447356290420814
0.026438462156207095
0.026429645234051016
0.026420903586055613
0.02641223537422767
0.02640363885340192
0.026395112364763933
0.02638665432991311
0.026378263245414542
0.026369937677793245
0.02636167625892931
0.02635347768181741
0.026345340696657026
0.026337264107243942
0.026329246767636257
0.02632128757907062
0.026313385487107308
0.026305539478984334
0.026297748581163054
0.026290011857049236
0.026282328404875214
0.02627469735572975
0.026267117871724185
0.02625958914428338
0.026252110392552364
0.02624468086190916
0.026237299822575732
0.026229966568320034
0.026222680415241558
0.02621544070063504
0.026208246781925907
0.02620109803567265
0.026193993856631285
0.026186933656877347
0.02617991686498151
0.026172942925235237
0.026166011296922677
0.026159121453636146
0.0261522728826319
0.026145465084223708
0.026138697571211737
0.026131969868344474
0.026125281511811514
0.026118632048765345
0.026112021036870253
0.026105448043876746
0.026098912647219856
0.02609241443363993
0.026085952998824605
0.026079527947070608
0.02607313889096441
0.026066785451080415
0.02606046725569594
0.026054183940521836
0.026047935148448047
0.026041720529303182
0.026035539739627366
0.02602939244245774
0.026023278307125888
0.026017197009066573
0.02601114822963715
0.026005131655947304
0.0259991469806984
0.02599319390203218
0.025987272123388028
0.02598138135336884
0.025975521305614764
0.02596969169868461
0.02596389225594453
0.025958122705463566
0.025952382779916055
0.025946672216490267
0.02594099075680314
0.025935338146821023
0.025929714136785874
0.025924118481147
0.02591855093849793
0.025913011271518287
0.0259074992469205
0.02590201463540118
0.025896557211596945
0.025891126754044504
0.025885723045145064
0.02588034587113265
0.025874995022046373
0.025869670291706462
0.025864371477693982
0.025859098381334027
0.02585385080768249
0.025848628565515973
0.02584343146732511
0.025838259329310893
0.025833111971384215
0.02582798921716816
0.025822890894003345
0.025817816832956048
0.02581276686882891
0.02580774084017452
0.025802738589311303
0.025797759962342192
0.02579280480917549
0.02578787298354819
0.02578296434305167
0.025778078749159404
0.025773216067257073
0.02576837616667459
0.02576355892072021
0.025758764206716637
0.025753991906038956
0.02574924190415442
0.025744514090664028
0.025739808359345733
0.02573512460819933
0.025730462739492813
0.02572582265981033
0.025721204280101443
0.02571660751573176
0.025712032286534826
0.025707478516865213
0.025702946135652653
0.025698435076457235
0.025693945277525568
0.02568947668184772
0.025685029237214975
0.025680602896278274
0.02567619761660719
0.02567181336074944
0.02566745009629081
0.025663107795915286
0.02565878643746546
0.02565448600400304
0.025650206483869276
0.025645947870745315
0.02564171016371236
0.02563749336731139
0.02563329749160249
0.025629122552223688
0.025624968570448887
0.02562083557324525
0.025616723593329487
0.025612632669223125
0.02560856284530667
0.025604514171872397
0.02560048670517578
0.02559648050748537
0.025592495647130953
0.02558853219854999
0.025584590242332096
0.02558066986526153
0.025576771160357396
0.02557289422691171
0.025569039170525033
0.025565206103139504
0.02556139514306927
0.025557606415028248
0.02555384005015497
0.02555009618603447
0.02554637496671709
0.025542676542734184
0.025539001071110606
0.025535348715373777
0.02553171964555942
0.025528114038213773
0.025524532076392346
0.025520973949654937
0.02551743985405721
0.025513929992138334
0.025510444572905147
