39176.31204864
22658.49992941727
22658.22615714792
22657.85110746953
22657.37035475081
22656.786016287002
22656.101113628738
22655.318670199806
22654.441597962283
22653.47268703731
22652.414608616396
22651.269919458955
22650.04106645138
22648.73039103315
22647.340133467846
22645.872436960235
22644.353696828155
22642.737002916267
22641.022937341844
22639.26348905359
22637.437553037547
22635.545405835248
22633.58843891472
22631.568127812243
22629.485901563075
22627.343128323093
22625.14111586592
22622.881113905652
22620.56431656915
22618.191864805085
22615.7648487062
22613.284309744584
22610.75124292263
22608.166598843953
22605.531285706562
22602.846171222376
22600.112084465378
22597.32981765223
22594.500127857536
22591.623738667327
22588.701341772918
22585.73359850784
22582.72114133114
22579.664575258455
22576.564479244113
22573.421407516213
22570.235890867083
22567.008437901288
22563.73953624296
22560.429653705392
22557.079239423532
22553.68872495276
22550.25852533454
22546.789040131665
22543.280654434166
22539.73373983808
22536.148655398218
22532.525748557226
22528.86535605149
22525.167804796223
22521.433412750852
22517.6624897659
22513.8553384132
22510.012254800236
22506.13352937008
22502.219447688705
22498.270291219695
22494.286338088743
22490.267863838322
22486.215142173907
22482.128445702998
22478.00804666724
22473.854217669887
22469.667232397547
22465.447366342505
22461.19489751733
22456.910107170694
22452.593280502857
22448.244707380705
22443.86468305432
22439.45350887523
22435.011493017806
22430.538951203736
22426.03620743138
22421.50359470979
22416.941455798973
22412.350143956333
22407.73002369025
22403.08147152206
22398.404876756525
22393.700642259457
22388.96918525047
22384.21093809766
22379.426349131707
22374.615883465798
22369.78002382957
22364.919271415074
22360.034146735547
22355.125190497587
22350.192964486516
22345.2380524661
22340.261061092566
22335.26262084301
22330.243386958402
22325.20404040238
22320.145288834254
22315.067867598107
22309.97254072653
22304.86010196045
22299.73137578364
22294.58721847305
22289.428519163648
22284.25620092851
22279.071221873375
22273.874576245376
22268.667295555733
22263.450449715445
22258.225148183956
22252.992541129755
22247.753820601985
22242.510221713022
22237.263023829786
22232.01355177403
22226.763177029345
22221.513318954312
22216.26544600009
22211.02107693089
22205.781782045975
22200.549184400435
22195.324961024737
22190.11084413836
22184.908622357347
22179.72014189287
22174.54730773784
22169.392084838433
22340.59512972172
22259.605814578146
22180.764767504934
22104.133023695107
22029.742817342874
21957.607213562405
21887.724404596975
21820.080992433614
21754.654684732777
21691.416492568784
21630.332500972134
21571.36528299076
21514.47502218781
21459.620399697258
21406.759292703384
21355.849322710783
21306.848284651584
21259.714481793846
21214.406986463782
21170.885842615353
21129.11222311268
21089.048552080665
21050.65860070489
21013.90756331513
20978.762119384668
20945.190486156924
20913.162465913825
20882.649491396372
20853.624672539572
20826.06284747849
20799.940640700577
20775.236531261147
20751.93093414163
20730.006298122327
20709.447223974803
20690.24060738741
20672.375811838327
20655.844877690466
20640.64277515471
20626.767710556145
20614.221497622086
20603.01000859901
20593.14372386328
20584.638404021534
20577.51591539885
20571.80524922105
20567.543787528306
20564.77888637432
20563.56987123702
20563.99057395323
20566.132589717527
20570.10950432781
20576.06244797658
20584.16749226114
20594.645654774504
20607.77666777971
20623.918305722058
20643.534138402818
20667.234443599446
20695.83840304986
20730.47217168399
20772.730486418764
20824.95787822461
20890.772945444292
