1.4856684159404943
1.4808853513072033
1.479997225945912
1.4801375305404234
1.4805462589505047
1.481018747992052
1.48149853665055
1.4819694070561538
1.4824263942978897
1.4828678576278973
1.4832932432426462
1.4837024156290992
1.4840954360474186
1.4844724760787924
1.484833777698301
1.4851796302589688
1.485510356784499
1.4858263046831788
1.4861278393085278
1.4864153393119164
1.4866891931745305
1.486949796540586
1.4871975500524555
1.4874328576042655
1.4876561248130462
1.487867757697162
1.4880681614928033
1.4882577395747556
1.4884368924896334
1.4886060170443527
1.4887655055026976
1.4889157448057266
1.48905711592021
1.4891899931800463
1.489314743753008
1.48943172714852
1.4895412947787792
1.4896437895578034
1.489739545633059
1.4898288880719197
1.4899121326853861
1.4899895858408787
1.4900615443509821
1.490128295403654
1.4901901165249003
1.4902472755869818
1.4903000308284076
1.4903486309312135
1.4903933151360507
1.4904343133257285
1.4904718461961144
1.4905061254046286
1.4905373537628968
1.490565725410436
1.4905914260465043
1.490614633125322
1.4906355161023788
1.4906542366549878
1.4906709489140277
1.4906857997260012
1.4906989288771448
1.4907104693475879
1.4907205475634338
1.4907292836210622
1.4907367915480962
1.4907431795348427
1.4907485501667908
1.4907530006600165
1.490756623093483
1.4907595046129405
1.4907617276820098
1.4907633702558762
1.490764506004486
1.4907652045141635
1.49076553147988
1.4907655488844824
1.4907653151843718
1.4907648854855673
1.49076431170509
1.4907636427362543
1.4907629246084737
1.4907622006195775
1.490761511502054
1.4907608955322342
1.4907603886865932
1.490760024748588
1.490759835438352
1.4907598505140334
1.4907600979007236
1.4907606037688457
1.490761392653885
1.490762487528222
1.4907639099103642
1.490765679939086
1.4907678164515406
1.4907703370604892
1.4907732582295636
1.4907765953355931
1.4907803627378424
1.49078457383012
1.4907892411030434
1.4907943762039904
1.4907999899750266
1.4908060925065507
1.4908126931859282
1.4908198007289377
1.4908274232332803
1.4908355682034398
1.4908442425897261
1.4908534528178505
1.4908632048261898
1.4908735040882644
1.490884355630051
1.4908957640736051
1.4909077336461904
1.4909202681997378
1.490933371231737
1.4909470459130914
1.4909612950831477
1.4909761212821198
1.4909915267541531
1.4910075134583847
1.4910240830886587
1.4910412370701578
1.4910589765770617
1.4910773025231672
1.4910962155881247
1.4911157162087105
1.491135804583789
1.491156480675053
1.4911777442115832
1.4911995946884538
1.4912220313580236
1.4916904888913056
1.492069035210553
1.49238502623247
1.492656646314404
1.4928960888503675
1.4931116090034324
1.4933088564713632
1.493491745861337
1.493663028425654
1.493824669789947
1.4939781009672015
1.4941243861146127
1.4942643353167322
1.4943985808533327
1.4945276290762854
1.4946518959323458
1.4947717314242879
1.494887436587245
1.4949992753458532
1.4951074828652378
1.495212271487035
1.495313834973434
1.4954123516041784
1.4955079864300227
1.4956008929591291
1.4956912144225991
1.495779084746424
1.495864629311644
1.4959479655479033
1.4960292034168046
1.496108445804672
1.4961857888485142
1.4962613222080698
1.4963351292926406
1.4964072874560443
1.4964778681586302
1.4965469371066558
1.4966145543616478
1.4966807744332766
1.4967456463480628
1.4968092136982034
1.4968715146722928
1.4969325820596557
1.4969924432421422
1.4970511201601653
1.4971086292550697
1.4971649813929082
1.4972201817612645
1.4972742426188546
1.4973271428622617
1.4973788700000723
1.4974293937956682
1.4974787014126354
1.4975267601918527
1.4975735302573416
1.4976189641492785
1.4976630064084535
1.4977055931154395
1.4977466513728337
1.4977860987299563
1.4978238425443358
1.4978597792732653
1.4978937936899694
1.4979257580109584
1.4979555309459103
1.4979829566401843
