1.5046976308071633
1.5040256490581583
1.5038883569574082
1.5038685181135296
1.5038720121055626
1.503878265103789
1.5038827823404939
1.5038845777862604
1.5038834395609604
1.5038793362778287
1.5038722881272306
1.5038623384742735
1.5038495470143143
1.503833987428487
1.5038157458850963
1.503794919630004
1.5037716155341152
1.5037459485998013
1.5037180404549735
1.5036880178666057
1.5036560113027928
1.5036221535681014
1.503586578532073
1.5035494199657802
1.503510810496515
1.5034708806862696
1.5034297582356904
1.503387567311827
1.5033444279952037
1.5033004566754025
1.5032557626960938
1.5032104522989087
1.5031646257069684
1.5031183778837962
1.5030717984581399
1.5030249717485822
1.5029779768466223
1.5029308877399972
1.502883773466506
1.5028366982910057
1.502789721899367
1.5027428996040402
1.5026962825566403
1.5026499179636708
1.5026038493021578
1.502558116532552
1.502512756306781
1.5024678021698057
1.5024232847534285
1.5023792319614602
1.5023356691456444
1.5022926192719852
1.5022501030773379
1.5022081392162874
1.5021667443984756
1.502125933516646
1.5020857197657584
1.502046114753588
1.5020071286032566
1.501968770048193
1.501931046520004
1.501893964229776
1.5018575282432958
1.5018217425506855
1.5017866101309254
1.5017521330117196
1.5017183123251343
1.5016851483594211
1.501652640607402
1.50162078781177
1.5015895880076395
1.5015590385626438
1.501529136214804
1.501499877108547
1.5014712568289303
1.5014432704343719
1.5014159124880286
1.5013891770879815
1.5013630578963455
1.5013375481674303
1.5013126407750321
1.5012883282389449
1.5012646027507421
1.501241456198891
1.5012188801932242
1.5011968660888042
1.5011754050091919
1.5011544878691339
1.5011341053966671
1.5011142481546416
1.5010949065616492
1.5010760709123556
1.5010577313972129
1.5010398781215466
1.5010225011239964
1.5010055903942965
1.5009891366199497
1.5009731284039514
1.500957556201976
1.5009424100534343
1.500927679959459
1.5009133559531738
1.5008994281218153
1.5008858866203398
1.500872721683011
1.5008599236340459
1.5008474828975
1.500835389838177
1.5008236353096436
1.5008122100589019
1.500801104994564
1.5007903111632384
1.500779819755861
1.500769622112998
1.5007597097294232
1.5007500742580993
1.5007407075136006
1.5007316014750076
1.5007227482882939
1.5007141402682398
1.500705769899887
1.5006976298395698
1.5006897129155439
1.5006820121282376
1.5006745206501526
1.5006672318254373
1.5006601391691576
1.5006532363662888
1.5006465172704482
1.5006399759023952
1.5006336064483152
1.5006274032579108
1.5006213622626874
1.5006154740914939
1.5006097372087794
1.5006041457348744
1.5005986946726066
1.5005933792833415
1.5005881949921256
1.5005831373701752
1.5005782021296281
1.5005733851202265
1.5005686823262816
1.5005640898636674
1.5005596039768077
1.5005552210356583
1.5005509375326918
1.5005467500798895
1.500542655405749
1.5005386503523113
1.5005347318722104
1.5005308970257558
1.5005271429780456
1.5005234669961176
1.500519866446139
1.5005163387906395
1.5005128815857876
1.5005094924787161
1.5005061692048929
1.5005029095855436
1.5004997115251224
1.500496573008837
1.5004935792062928
1.50049056772983
1.50048759889864
1.5004846804968528
1.5004818123999026
1.500478993273076
1.5004762207150617
1.5004734949868141
1.500470814039653
1.5004681764400225
1.5004655808965746
1.5004629372184846
1.5004604081859114
1.5004579292865776
1.500455489739287
1.5004530869637243
1.500450719736683
1.5004483870914564
1.5004460881388626
1.5004438220370666
1.5004415879854773
1.500439385222566
1.5004372130243504
1.5004350707030152
1.500432957605587
1.500430873112642
1.50042881663705
1.50042678762275
1.5004247855435566
1.5004228099019963
1.500420860228173
1.500418936078663
1.5004170370354377
1.5004151627048095
1.500413312716409
1.5004114867221834
1.5004096843954207
