142850.58624
127976.52147840182
128788.03496700569
129588.87870740394
130377.50665094565
131154.2753180742
131919.94871222923
132675.33323003678
133421.195768843
134158.24880213715
134887.1509619271
135608.51093534415
136322.89180047702
137030.81514179194
137732.76481383486
138429.19034808918
139120.5100272073
139807.11365653257
140489.36506246755
141167.60434531877
141842.14991190974
142513.30031087645
143181.33589127864
143846.52030301196
144509.10185557808
145169.31474994312
145827.38019665764
146483.50743193433
147137.89464210745
147790.7298057566
148442.19146175828
149092.4494106217
149741.66535566776
150389.99348990517
151037.58103382454
151684.5687287854
152331.09129014958
152977.2778239244
153623.25221024253
154269.1334566916
154915.03602418964
155561.07012783136
156207.34201489046
156853.9542219338
157501.00581283783
158148.59259928967
158796.80734523907
159445.7399565891
160095.47765732935
160746.10515317533
161397.70478369435
162050.3566637981
162704.13881540962
163359.1272900361
164015.3962829146
164673.0182393369
165332.06395369978
165992.60266180217
166654.70212683312
167318.42871947645
167983.84749252492
168651.02225034137
169320.01561350035
169990.8890788946
170663.70307558667
171338.51701663458
172015.38934714167
172694.37758870792
173375.53838049155
174058.92751705283
174744.59998311914
175432.6099854392
176123.0109818447
176815.85570763279
177511.19619939823
178209.08381639593
178909.56925953386
179612.70258807327
180318.53323411485
181027.11001493395
181738.4811432243
182452.69423530722
183169.79631735108
183889.8338296479
184612.8526289781
185338.89798910436
186068.01459941125
186800.24656173616
187535.63738538465
188274.22998037664
189016.0666489131
189761.18907509017
190509.63831287107
191261.45477230288
192016.67820400628
192775.34768193305
193537.50158437478
194303.17757325238
195072.41257165457
195845.24273964198
196621.70344830223
197401.82925205733
198185.65385920252
198973.21010069267
199764.52989715803
200559.64422413055
201358.5830755049
202161.37542519835
202968.0491870197
203778.6311727533
204593.14704842528
205411.62128878004
206234.07712996498
207060.5365203994
207891.02006987086
208725.5469968356
209564.13507395264
210406.80057186025
211253.55820120225
212104.4210529465
212959.40053700499
213818.50631918284
214681.74625651198
215549.12633099285
216420.65058178842
217296.32103594037
218176.13763764998
219060.09817620082
219948.19821258765
220840.43100494397
221736.78743284775
222637.25592060704
223541.8223596403
224450.47003005852
225363.17952157778
226279.92865390977
227200.6923967687
228125.44278965076
229054.14886157666
229986.77655096076
230923.28862581137
231863.64460447096
232807.80067711638
233755.709628257
234707.3207604786
235662.57981968278
236621.42892212557
237583.80648352014
238549.64715050987
239518.88173485987
240491.43715064548
241467.23635483757
242446.1982916119
243428.2378407614
244413.26577060088
245401.1886957587
246391.9090402639
247385.32500634503
248381.33054938493
249379.81535944142
250380.66484981746
251383.76015309873
252388.97812513824
253396.19135745332
254405.26819847606
255416.07278415194
256428.46507833045
257442.3009234176
258457.43210174365
259473.70640809642
260490.96773385536
261509.05616315585
262527.8080814861
263547.0562971345
264566.630175821
265586.35578890675
266606.0560754752
267625.5510185911
268644.6578360101
269663.1911855561
270680.9633853635
271697.78464914305
272713.46333657135
273727.8062188738
274740.6187596191
275751.7054106835
276760.86992330046
277767.9156740582
278772.64600563387
279774.8645820189
280774.37575790676
281770.9849618683
282764.4990928728
283754.72692964686
284741.4795523051
285724.57077562244
286703.8175932415
287679.040632087
288650.06461613
