5.3736e-05
5.283775315397807e-05
5.466163209460133e-05
5.658096458003283e-05
5.856985512028769e-05
6.0612642554012536e-05
6.269970294746252e-05
6.482498884494469e-05
6.698456421226855e-05
6.91757305124115e-05
7.13965050885166e-05
7.364530989849335e-05
7.592078594294486e-05
7.822168281618719e-05
8.054679315066594e-05
8.289491387921324e-05
8.526482350507598e-05
8.765526891187515e-05
9.006495783959255e-05
9.249255470036482e-05
9.493667833008337e-05
9.739590081956706e-05
9.986874689302064e-05
0.0001023536934910328
0.00010484916932415264
0.00010735355422280188
0.00010986517813859484
0.00011238231966212808
0.00011490320391888672
0.00011742599969161408
0.00011994881559547946
0.00012246969510216178
0.00012498661016951818
0.00012749745318391877
0.00013000002686035383
0.00013249203166877324
0.0001349710502608833
0.00013743452825663193
0.0001398797506106377
0.00014230381261368712
0.00014470357937459625
0.00014707566327015542
0.00014941633888785526
0.00015172150130489788
0.00015398658337715276
0.00015620646399140816
0.00015837536044606412
0.000160486708587246
0.00016253301423054063
0.00016450573787179569
0.0001663951620719116
0.00016819033855170707
0.00016987916686648087
0.00017144873601747802
0.00017288613122963482
0.00017417999602197808
0.00017532319726244825
0.0001763168542012783
0.0001771755513124029
0.00017793253426027323
0.0001786422066892763
0.00017937635564832126
0.00018021215958909244
0.000181214881376524
0.000182422965590535
0.00018384278710147005
0.0001854541142150547
0.00018722129142908592
0.0001891041686262104
0.00019106533855020152
0.0001930735477975107
0.0001951043898645015
0.0001971396067227177
0.00019916590325797849
0.00020117375223521983
0.00020315638312140262
0.0002051089976509507
0.00020702819070375926
0.00020891153549215102
0.00021075729201189963
0.00021256420454418863
0.00021433136202382108
0.00021605810213167883
0.00021774394551373922
0.00021938855063006714
0.00022099168266597073
0.00022255319200517
0.00022407299919097816
0.0002255519993840258
0.00022698853521764675
0.00022838342913388609
0.0002297358865475426
0.0002310477820818194
0.0002323185616537197
0.00023354844361110475
0.00023473768155673707
0.00023588656093922878
0.00023699543484515816
0.0002380645814037202
0.0002390943874697208
0.0002400852455423905
0.00024103756920812187
0.00024195179201318685
0.00024282836625463594
0.00024366776173338176
0.0002444704644965884
0.0002452369755857679
0.0002459678098007924
0.0002466634944862432
0.0002473245683443404
0.00024795158027730597
0.00024854508826118783
0.00024910565825263313
0.00024963386312971156
0.0002501302816676251
0.00025059549754993305
0.0002510300984159186
0.00025143467494395715
0.0002518098199718395
0.00025215612765341655
0.00025247419265196093
0.00025276460937000573
0.000253027971215488
0.00025326486990385013
0.00025347589479578263
0.0002536616322702039
0.000253822665131856
0.00025395957205304317
0.00025407292704901626
0.00025416329898579875
0.0002542312511206167
0.0002542773406733507
0.0002543021184286868
0.0002543061283679999
0.0002542899073301401
0.00025425398470025506
0.0002541988821257809
0.0002541251132586766
0.00025403318352299983
0.00025392358990692434
0.00025379682077825535
0.0002536533557225323
0.00025349366540279627
0.00025331821144011015
0.0002531274463139176
0.0002529218132813292
0.00025270174631448605
0.0002524676700550524
0.00025221999978505984
0.00025195914141317707
0.0002516854914756234
0.00025139943715089054
0.0002511013562874962
0.00025079161744397804
0.0002504705799403675
0.0002501385939204458
0.00024979600042405504
0.0002494431314687356
0.00024908031014010516
0.0002487078506902652
0.0002483260586436551
0.00024793523090974116
0.0002475356559019668
0.0002471276136624238
0.00024671137599170743
0.00024628720658344613
0.0002458553611630288
0.0002454160876300751
0.00024496962620418637
0.00024451620957357596
0.0002440560630461852
0.00024358940470288205
0.00024311644555240628
0.00024263738968772377
0.00024215243444343393
