501005.603097792
309584.3473405992
309390.4638397543
309191.9058652553
308988.20813247113
308779.4357619657
308565.7172655422
308347.18335171964
308123.9592135869
307896.1637821252
307663.9098747633
307427.30444827396
307186.44885364646
306941.4390802583
306692.36598829704
306439.3155298727
306184.3473303212
305923.6014830421
305657.0305980291
305388.72720916464
305116.9142677639
304841.5608841848
304562.71223327087
304280.42028391396
303994.7349893617
303705.7032700994
303413.3689951665
303117.7730868274
302818.953636193
302516.94601557794
302211.78298599576
301903.49479980464
301592.1092987114
301277.652007356
300960.14622269216
300639.6130993654
300316.07173128484
299989.5392295719
299660.03079705755
299327.5597995023
298992.137833688
298653.77479254105
298312.4789274233
297968.256907736
297621.1138779583
297271.0535122554
296918.0780667669
296562.1884296965
296203.3841693057
295841.6635799237
295477.02372606605
295109.46048476244
294738.96858618455
294365.5416526622
293989.17223617126
293609.85185437754
293227.5710253103
292842.31930074753
292454.08529837604
292062.856732807
291668.6204455056
291271.3624337013
290871.06787834875
290467.7211711887
290061.30594097497
289651.80507892586
289239.2007634463
288823.4744841834
288404.6070654637
287982.5786891609
287557.36891704425
287128.95671265916
286697.3204627816
286262.4379984755
285824.28661587235
285382.8430965886
284938.0837279318
284489.9843228966
284038.5202399905
283583.6664029341
283125.39732027566
282663.6871049549
282198.50949385867
281729.83786740253
281257.6452691772
280781.9044256948
280302.58776627225
279819.667443086
279333.11535143387
278842.90315024
278349.00228283106
277851.3839980283
277350.0193715805
276844.87932796974
276335.9346626317
275823.156064614
275306.5141397115
274785.97943410237
274261.5224585272
273733.1137130289
273200.72371229774
272664.32301163976
272123.8822336072
271579.3720953134
271030.76343646675
270478.02724814566
269921.1347023506
269360.0571823488
268794.766313849
268225.23399702564
267651.43243941735
267073.33418972587
266490.912172536
265904.13972398185
265312.99062837404
264717.4391558163
264117.4601008189
263513.02882193745
262904.12128244207
262290.71409203904
261672.78454965012
261050.3106872672
260423.27131488328
259791.6460665127
259155.41544729893
258514.56088171763
257869.0647628694
257218.91050286285
256564.08258427758
255904.56661270466
255240.34937034623
254571.4188706621
253897.76441404634
253219.37664450903
252536.24760733792
282789.6975862405
284427.70169269573
285905.432570431
287242.4852853588
288454.3868331832
289553.9032989969
290551.68998127175
291456.7383649516
292276.70883769164
293018.184451463
293686.86719552067
294287.7315512273
294825.14585515636
295302.9691037158
295724.6288094412
296093.18408178946
296411.37707025383
296681.6751530189
296906.3056978008
297087.2848064136
297226.4411417526
297325.435697618
297385.77818849124
297408.84059383493
297395.8682794298
297347.98902907263
297266.22024797526
297151.4745401694
297004.5638127824
296826.20201769157
296617.00660362816
296377.49871759216
296108.1021618804
295809.14108076005
295480.8363173279
295123.3003450289
294736.530637894
294320.401296875
293874.6526943362
293398.8788317111
292892.51202249585
292354.8044093959
291784.80569256056
291181.33627724997
290542.9548294872
289867.918939803
289154.13721155765
288399.11057422584
287599.85991890606
286752.8361824506
285853.807646239
284897.7172792426
283878.50014992146
282788.84678968263
281619.8921420198
280360.80007702095
278998.19812588673
277515.39200701506
275891.2469921393
274098.5480748955
272101.5118230654
269851.8500584277
267282.2122765935
264294.52022553165
