0.0002416617705539837
0.0002542641403485797
0.000252380112641797
0.0002502863361060937
0.0002497593560488356
0.00024992954171863205
0.0002503438939455322
0.000250799253757114
0.00025121558790622414
0.0002515670180181732
0.00025184983974491754
0.0002520671184622483
0.00025222347195824537
0.00025232285387349635
0.00025236802501612
0.00025236060978143073
0.0002523013312127539
0.00025219026612778226
0.00025202706706906546
0.00025181114001651596
0.0002515417818668845
0.00025121828564917656
0.00025084002123994367
0.00025040649785842956
