3.9
3.921666778575876
3.943053862399557
3.964163898731516
3.9849986455436435
4.00555934156877
4.0258469149349
4.04586210357843
4.065605524846477
4.08507771579847
4.104279156564957
4.123210283853401
4.141871498663038
4.160263170531869
4.178385639639773
4.1962392175167365
4.213824186773399
4.2311408000781805
4.248189278491785
4.2649698092012756
4.281482542652571
4.297727589050667
4.313705014174254
4.32941483443194
4.344857011068048
4.36003144340564
4.374937960991381
4.389576314479977
4.403946165064134
4.418047072217736
4.431878479473837
4.445439697903094
4.4587298868901835
4.471748031722613
4.484492917404751
4.4969630979854776
4.5091568605354695
4.521072182723619
4.532706682714325
4.544057559830455
4.555121526004783
4.565894716138208
4.576372593808771
4.586549829899556
4.596420159860587
4.605976213356178
4.615209311600829
4.624109227714783
4.632663907627772
4.640859147183374
4.648678235957578
4.656101582520021
4.663106361908617
4.669666263513824
4.675751478483431
4.6813291537834205
4.686364646568064
4.690823994225464
4.694677964088493
4.697907682922936
4.7005110239019094
4.702507826599785
4.703941424299205
4.704874858823292
4.705382563170811
4.705540525181876
4.705418233665923
4.705074123484769
4.704554374827309
4.703893897170773
4.703118301750106
4.702246037378818
4.701290277438959
4.7002604228289755
4.6991632285644584
4.698003617027961
4.696785251020406
4.695510931282787
4.694182869456405
4.692802874277013
4.691372478047549
4.689893022321859
4.688365715868703
4.6867916738573765
4.685171944348924
4.683507526215322
4.681799381274495
4.680048442523512
4.678255623246882
4.676421811069442
4.674547879332061
4.672634683023633
4.670683069776691
4.66869387201191
4.666667909962709
4.664605992186367
4.66250891594958
4.660377466623998
4.658212420851426
4.656014543585135
4.653784589439194
4.651523302845797
4.649231418202258
4.646909660010318
4.644558743009834
4.642179372308259
4.639772243506919
4.637338042824714
4.634877447219705
4.632391124508899
4.629879733486417
4.627343924040186
4.624784337267251
4.622201605587758
4.619596352857647
4.616969194480067
4.614320737515532
4.611651580790834
4.60896231500668
4.606253522844092
4.603525779069528
4.600779650638734
4.598015696799339
4.59523446919214
4.592436511951139
4.589622361802232
4.586792548160628
4.583947593226377
4.58108801208149
4.578214312779878
4.575326996441879
4.572426557344448
4.569513483010657
4.566588254297836
4.563651345484374
4.560703224355178
4.557744352285807
4.554775184325235
4.551796169277291
4.54880774978074
4.545810362388036
4.54280443764273
4.539790400155531
4.536768668679039
4.533739656181143
4.5307037699171
4.527661411500274
4.524612976971575
4.521558856867573
4.518499436287322
4.5154350949578665
4.512366207298479
4.509293142483605
4.50621626450454
4.503135932229845
4.500052499464504
4.496966315007851
4.493877722710261
4.490787061528622
4.4876946655806025
4.484600864197732
4.481505981977299
4.478410338833078
4.475314250044918
4.472218026307182
4.469121973776079
4.466026394115882
4.462931584544061
4.459837837875345
4.456745442564728
4.453654682749435
4.450565838289878
4.447479184809596
4.444394993734224
4.441313532329497
4.438235063738298
4.43398525528168
4.43595475953853
4.440587567311857
4.448033998353959
4.45830282847813
4.471333070228445
4.487036306404568
4.505317548850831
4.5260844035724395
4.549250547022455
4.574736625604741
4.602470029936426
4.63238423076524
4.66441797430602
4.698514465007348
4.734620586597078
4.7726861786149
4.812663371699224
4.8545059797398675
4.898168945676334
4.943607837975621
4.990778395661092
5.039636120738457
5.090135917777171
5.117985132134023
5.145651213855835
5.173132105389875
5.200426068763524
5.227531687991296
5.254447861804808
5.281173795417864
5.307708991642052
5.334053241413092
5.360206613783398
5.38616944543837
5.411942329795448
5.437526105745781
5.462921846098512
5.4881308457872215
5.513154609897133
5.537994841570161
5.562653429843098
5.587132437471914
5.611434088792671
5.635560757666733
5.6595149555549815
5.683299319762574
5.706916601892557
5.730369656543312
5.753661430281453
5.77679495091844
5.799773317115861
5.822599688341097
5.845277275191849
5.867809330105027
5.890199138462479
5.912450010103257
5.93456527124951
5.956548256850464
5.978402303346767
6.0001307418551795
6.021736891771663
6.043224054789062
6.064595509323914
6.0858545053454405
6.107004259598404
6.128047951210397
6.148988717673033
6.1698296511856725
6.190573795349578
6.211224142199721
6.231783629561036
6.252255138715474
6.272641492365974
6.292945452883277
6.313169720821386
6.3333169336875175
6.353389664950898
6.37339042328387
6.393321652006735
6.413185728737354
6.432984965225022
6.452721607357061
6.472397835325524
6.492015763941779
6.51157744308715
6.531084858288239
6.550539931405954
6.569944521427757
6.589300425353089
6.6086093791624005
6.627873058860663
6.647093081586724
6.666271006780321
6.685408337399006
6.704506521177708
6.7235669519240915
6.742590970843275
6.761579867885934
6.78053488311417
6.79945720807996
6.818347987211366
6.8372083192020385
6.856039258399898
6.874841816191266
6.893616962376951
6.912365626537175
6.93108869938249
6.949787034088099
6.9684614476093145
6.987112721976037
7.005741605564486
7.024348814344553
7.042935033101395
7.06150091663007
7.06161970748684
7.061750089943374
7.061892054980862
7.062045593752896
7.062210697553646
7.062387357765383
7.062575565874374
7.062775313427593
7.062986592025722
7.06320939331258
7.063443708966881
7.063689530695807
7.063946850229999
7.064215659319651
7.0644959497314765
7.064787713246345
7.065090941657449
7.065405626768894
7.065731760394584
7.066069334357387
7.0664183404884815
7.066778770626867
7.067150616618978
7.067533870318406
7.0679285235856915
7.068334568288169
7.068751996299854
7.069180799501372
7.069620969779911
7.070072499029191
7.070535379149449
7.071009602047447
7.071495159636471
7.071992043836356
7.072500246573502
7.073019759780904
7.073550575398177
7.074092685371585
7.074646081654082
7.075210756205331
7.07578670099175
7.0763739079865395
7.076972369169712
7.077582076528136
7.0782030220555585
7.078835197752644
7.0794785956270045
7.080133207693229
7.080799025972917
7.081476042494708
7.0821642492943075
7.082863638414524
7.083574201905284
7.084295931823672
7.085028820233946
7.085772859207576
7.086528040823252
7.087294357166927
7.088071800331824
7.088860362418468
7.089660035534705
7.090470811795726
7.0912926833240855
7.09212564224972
7.092969680709969
7.093824790849593
7.094690964820795
7.095568194783229
7.096456472904027
7.097355791357808
7.098266142326695
7.099187518000335
7.1001199105759
7.101063312258114
7.102017715259258
7.102983111799183
7.1039594941053315
7.104946854412732
7.105945184964024
7.10695447800946
7.107974725806914
7.1090059206218985
7.110048054727566
7.1111011204047205
7.112165109941823
7.113240015634996
7.114325829788034
7.115422544712411
7.116530152727282
7.117648646159488
7.118778017343559
7.119918258621728
7.121069362343917
7.1222313208677575
7.123404126558585
7.124587771789441
7.1257822489410785
7.126987550401956
7.128203668568251
7.129430595843848
7.1306683246403475
7.131916847377059
7.1331761564810074
7.13444624438693
7.135727103537272
7.13701872638219
7.13832110537954
7.139634232994891
7.251262107203997
7.357487585887635
7.458568027733908
7.554758925158079
7.6463009876860975
7.733418521255377
7.81632025773167
7.895200622526202
7.970240987249592
8.041610815690104
8.10946869411604
8.173963254692366
8.235234003581487
8.293412064732383
8.348620849167432
8.400976658372722
8.450589229314382
8.497562227655461
8.541993694924573
8.58397645467392
8.623598482045878
8.66094324063105
8.69608999003529
8.729114067168695
8.760087143917705
8.789077463554714
8.81615005797198
8.841366947592672
8.864787325607008
8.886467728001781
8.906462190693754
8.924822394938428
8.94159780206332
8.956835778466672
8.97058171172697
8.982879118583856
8.99376974547584
9.00329366225343
9.01148934962678
9.018393780853877
9.024042498128004
9.028469684080743
9.031708228778962
9.033789792560077
9.03474486501938
9.034602820435726
9.033391969897071
9.031139610365015
9.027872070897383
9.023614756229554
9.018392187898803
9.012228043080887
9.005145191294575
8.99716572911742
8.988311013044852
8.978601690614482
8.968057729908107
8.956698447535427
8.944542535195735
8.93160808490665
8.917912612982514
8.903473082839078
8.888305926695587
8.872427066240437
8.855851932321825
8.83859548372066
8.820672225059065
8.802096223894122
8.78288112704328
8.763040176184704
8.742586222773005
8.721531742308207
8.699888847993323
8.677669303813698
8.65488453706915
8.631545650388055
8.607663433250666
8.583248373047335
8.55831066569572
8.532860225839627
8.506906696650807
8.480459459253725
8.453527641792215
8.426120128155805
8.398245566382469
8.36991237675367
8.341128759596566
8.311902702807567
8.282241989110481
8.25215420306194
8.221646737815929
8.190726801658796
8.159401424325322
8.127677463106052
8.095561608755409
8.063060391209737
8.030180185123836
7.996927215234229
7.963307561556898
7.929327164426882
7.894991829386744
7.860307231930587
7.825278922109948
7.789912329007624
7.754212765085146
7.718185430409403
7.681835416763606
7.645167711647567
7.608187202172014
7.570898678851474
7.533306839300036
7.495416291834056
7.4572315589857965
7.418757080931698
7.379997218838867
7.34095625813323
7.301638411692579
7.262047822967664
7.222188569034308
7.182064663579414
7.141680059823572
7.101038653382919
7.060144285072737
7.019000743655187
6.9776117685334915
6.935981052394751
6.894112243803523
6.852008949748172
6.809674738141929
6.767113140280535
6.724327653258236
6.68132174234385
6.63809884331855
6.594662364776935
6.551015690392903
6.507162181151784
6.463105177550133
6.418848001764526
6.374393959790636
6.329746343553864
6.284908432992687
6.2398834981158915
6.1946748010348145
6.149285597971622
6.103719141244709
6.0579786812321705
6.01206746831433
5.965988754796249
5.919745796811109
5.873341856205354
5.8267802024064
5.7800641142737765
5.7331968819344485
5.686181808603116
5.6390222123882365
5.591721428084469
5.544282808952309
5.496709728485544
5.449005582167243
5.4011737892149245
5.353217794315553
5.305141069350993
5.256947115114534
5.208639463019086
5.160221676797657
5.111697354196651
5.0630701286625905
5.014343671022787
4.96552169116051
4.9166079396851625
4.8676062095979935
4.818520337953807
4.769354207519163
4.720111748427517
4.670796939831716
4.621413811554267
4.571966445735751
4.522458978481724
4.472895601508426
4.423280563787552
4.373618173190341
4.323912798131127
4.274168869210506
4.2243908808581585
4.174583392975346
4.124751032576975
4.074898495433085
4.025030547709486
3.975152027607194
3.9252678470001823
3.875382993070861
3.8255025299425256
3.775631600307918
3.7257754270528185
3.675939314873467
3.626128651886369
3.5763489112288624
3.526605652648585
3.4769045240797096
3.3916694282732323
3.3098873071551225
3.231477323331653
3.1563541248391185
3.084427975582179
3.015605179073556
2.949788553357119
2.8868779451523388
2.826770773250117
2.7693625913878814
2.7145476607552377
2.6622195223718657
2.6122715599436064
2.5645975444425937
2.5190921525375085
2.4756514520694513
2.434173348969727
2.39455799128852
2.356708127291197
2.3205294158306526
2.2859306883766664
2.2528241631429426
2.221125612675619
2.1907544870393925
2.161633995353775
2.1336911488945614
2.106856769292732
2.0810654655476166
2.056255829719153
2.032369606618598
2.009352375585012
1.9871531741433837
1.9657243741236243
1.945021547463744
1.9250033244059443
1.9056312465104785
1.8868696166282788
1.8686853476968133
1.8510478119598237
1.833928691964248
1.8173018344593759
1.8011431081154354
1.785430265792015
1.7701428119207632
1.755261875421104
1.740770088441126
1.7266514711071628
1.712891322373351
1.6994761169851418
1.6863934085068368
1.6736317383111798
1.6611805503874402
1.6490301117919277
1.6371714385402232
1.6255962267224449
1.6142967886106079
1.6032659935195963
1.592497213179695
1.5819842713782764
1.5717213976305058
1.56170318464326
1.5519245493424154
1.542380697240842
1.5330670899325352
1.5239794155070177
1.515113561687265
1.5064655915037304
1.4980317213264416
1.4898083010864744
1.4817917965272964
1.473978773335439
1.4663658830086528
1.4589498503280642
1.4517274623089067
1.4446955585120653
1.4378510226060017
1.4311907750755777
1.424711766980885
1.4184109746754405
1.4122853953989865
1.4063320436657316
1.400547948374101
1.3949301505690304
1.3894757017925075
1.3841816629624675
1.3790451037242892
1.3740631022230563
1.3692327452484192
1.3645511287073668
1.3600153583834842
1.3556225509443514
1.3513698351616457
1.347254353311236
1.3432732627231456
1.339423737453685
1.3357029700251921
1.3321081733402744
1.328636582522986
1.3252854568565444
1.3220520817268357
1.3189337705651962
1.3159278667764989
1.3130317456398357
1.310242816170441
1.3075585229327924
1.30497634779605
1.3024937879538225
1.300108430341528
1.297817878618157
1.2956197800435663
1.2935118268516037
1.2914917575336864
1.2895573580304662
1.2877064628298824
1.2859369559704905
1.284246771949521
1.2826338965356174
1.2810963674866587
1.2796322751734828
1.2782397631106854
1.2769170283960027
1.2756623220600667
1.2744739493285684
1.273350269799095
1.272289697535069
1.2712907010793952
1.2703518033905299
1.2694715817037987
1.268648667320863
1.2678817453302915
1.2671695542622297
1.2665108856753826
1.265904583707991
1.2653495445251672
1.2648447157564755
1.2643890958635813
1.2639817334616918
1.2636217265961731
1.2633082219767011
1.2630404141715712
1.2628175447647467
1.2626389014781632
1.2625038172617136
1.262411669353247
1.2623618783108277
1.2623539070193956
1.2623872596738912
1.2624614807407968
1.2625761538999642
1.2627309009685057
1.2629253808084255
1.2631592882195954
1.2634323528195839
1.2637443379117652
1.2640950393430628
1.2644842843525956
1.2649119304124397
1.2653778640616287
1.2658819997344741
1.2664242785842104
1.2670046673029218
1.2676231574447712
1.268279762432156
1.2689745185447905
1.2697074828203971
1.2704787319005109
1.2712883608509606
1.2721364819863357
1.2730232236856946
1.273948729201033
1.2749131554958018
1.2759166720751276
1.2769594592556945
1.2780417089842722
1.2791636213561608
1.280325404422418
1.2815272730221143
1.2827694476463494
1.2840521533146514
1.2853756184611387
1.2867400738305397
1.2881457513846326
1.289592883219731
1.2910817004958777
1.292612432378416
1.2941853049926293
1.2958005403921453
1.2974583555418262
1.299158961315869
1.3009025615118632
1.3026893518815565
1.3045195191790973
1.3063932402275291
1.3083106810043263
1.3102719957467586
1.312277326077886
1.314326800153987
1.3164205318342224
1.318558619873337
1.326534344792981
1.334504141009749
1.3424680132663818
1.3504259596055166
1.3583779783995604
1.3663240692114216
1.3742642328461527
1.3821984712999102
1.3901267876984118
1.3980491862367719
1.4059656721221268
1.4138762515190892
1.4217809314979108
1.429679719985215
1.4375726257171704
1.4454596853833444
1.4533408825302503
1.4612161993992576
1.4690856741502907
1.476949320369017
1.4848071509680303
1.4926591792395372
1.5005054189643234
1.5083458844001436
1.5161805902558163
1.5240095516646885
1.531832784159176
1.5396503036465405
1.5474621263858825
1.5552682689662876
1.5630687482860834
1.5708635815331526
1.5786527861662565
1.5864363798973233
1.5942143806746596
1.6019868066670462
1.6097536762486804
1.6175150079849236
1.6252708206188309
1.633021133058418
1.640765964364649
1.6485053337401026
1.6562392605182978
1.663967764153657
1.6716908642120676
1.6794085803620376
1.6871209323664105
1.694827940074625
1.7025296234154994
1.7102260023905222
1.7179170970676327
1.7256029275754756
1.7332835140981158
1.7409588768701958
1.748629036172531
1.7562940123281199
1.7639538256985676
1.771608496680909
1.7792580457048184
1.786902493230204
1.7945418597451748
1.802176165764373
1.8098054318276664
1.8174296784991937
1.825048926366763
1.832663196041588
1.8402725081583702
1.8478768833757162
1.8554763423768903
1.863070905870903
1.8706605945939219
1.8782454293110258
1.8858254308182791
1.8934006199451405
1.9009710175572043
1.9085366445592724
1.9160975218987617
1.9236536705694518
1.9312051116155664
1.9387518661362038
1.9462939552901097
1.9538314003008084
1.9613642224620818
1.968892443143818
1.9764160837982228
1.9839351659664068
1.9914497112853542
1.9989597414952762
2.0064652784473624
2.0139663441119384
2.0214629605870162
2.028955150107306
2.036442935053614
2.043926337962707
2.051405381537615
2.058880088658401
2.0663504823933985
2.073816586010933
2.0812784229915358
2.0887360170406644
2.0961893921019454
2.1036385723709405
2.111083582309465
2.1185244466604543
2.1259611904634075
2.1333938390704112
2.1408224181627626
2.1482469537682034
2.1556674722787763
2.163084000469328
2.1704965655166593
2.1779051950193455
2.1853099170182424
2.192710760017684
2.2001077530073943
2.2075009254851232
2.2148903074800184
2.2222759295767522
2.2296578229404105
2.2370360193421606
2.2444105511857093
2.2517814515345616
2.2591487541400905
2.2665124934704317
2.2738727047402074
2.281229423941092
2.288582687873229
2.295932534177493
2.303279001368622
2.3106221288692046
2.317961957044536
2.325298527238338
2.3326318818093434
2.3399620641687413
2.348233961671445
2.3574807645226135
2.3676784898019614
2.378804325708959
2.3908364784275533
2.403754070940264
2.4175370689190547
2.4321662228678353
2.447623020585732
2.463889646473046
2.480948945588478
2.498784391178595
2.5173800548836005
2.5367205791133927
2.5567911512633477
2.577577479546152
2.599065770281738
2.6212427065282644
2.644095427962933
2.667611511938295
2.691778955651072
2.716586159368786
2.742021910665783
2.7680753696256075
2.7947360549714495
2.8219938310910004
2.849838895926623
2.8782617697064947
2.9072532844973256
2.9368045745646363
2.9669070675323335
2.9975524763396915
3.028732792000952
3.06044027718071
3.0926674606073643
3.1254071323574113
3.1586523400556006
3.1923963860504614
3.2266328256419436
3.2613554664587814
3.296558369108542
3.3322358492545687
3.36838248131283
3.404993104010397
3.442062828108965
3.47958704667584
3.5175614483869055
3.5559820344796345
3.5948451401507744
3.6341474614297664
3.673886088879776
3.714058549919856
3.754662862179583
3.795697601176961
3.837161986886974
3.879055995662183
3.921380506846757
3.9641374979292374
4.0073303093532635
4.0509640123014625
4.095045934137715
4.13958643566702
4.184600112136598
4.230107755958574
4.276139812727969
4.632662065233234
4.989901619897362
5.347759963670403
5.706142134785547
6.0649524961827765
6.424094274311694
6.783469691373773
7.142980156862018
7.502526442330026
7.862008817161777
8.22132718721324
8.580381151289718
8.939070059591792
9.297293035363648
9.654948969971311
10.011936494334476
10.368153930003231
10.723499223341657
11.077869866297519
11.431162807117557
11.78327435416094
12.134100075705895
12.483534698373832
12.831472006514183
13.177804744643094
13.522424524794182
13.865221740439374
14.206085488455907
14.54490350047097
14.881562084777004
15.21594607989389
15.547938805498996
15.877422103119558
16.204276238581205
16.528379971840003
16.849610566242475
17.16784382896737
17.482954167904754
17.79481466523261
18.103297167860266
18.408272394798118
18.70961006138783
19.007179020099798
19.300847418241705
19.59048287082578
19.87595264935926
20.15712388537992
20.43386378776029
20.706039873144462
20.973520208558796
21.236173664834887
21.49387017978455
21.74648102980299
21.99387910851382
22.235939211006936
22.4725383221592
22.70355590748294
22.92887420490951
23.14837851586482
23.361957494180658
23.569503430886783
23.77091253363078
23.966085199001878
24.154926276174123
24.337345320606616
24.513256836196955
24.682580504364623
24.845241400298896
25.00117019250501
25.150303327166554
25.292583195282255
25.427958282015805
25.55638329762569
25.67781928947271
25.792233734743025
25.89960061366436
25.999900463131585
26.09312041080092
26.17925418984809
26.258302136138234
26.330271161270836
26.395174715977223
26.453032730845397
26.503871542030296
26.547723801571554
26.584628373403532
26.614630216260664
26.637780254796738
26.65413524035214
26.66375760292834
26.66671529605478
26.663081636379825
26.65583566164849
26.645891345063966
26.63330171719773
26.61812126308628
26.60040578733971
26.580212278248187
26.557598770694394
26.532624213542196
26.50534833905084
26.475831535371867
26.444134722603007
26.410319232638933
26.374446693075754
26.336578915412694
26.29677778866895
26.255105173316448
26.211622806548004
26.166392210619236
26.119474601166644
26.0709308054202
26.020821183955178
25.969205557401224
25.91614313805821
25.861692466360005
25.805911352109778
25.748856820393154
25.690585062060713
25.631151388661625
25.570610191695387
25.50901490604177
25.446417977420104
25.38287083372391
25.318423860070396
25.25312637740184
25.18702662447406
25.120171743062958
25.052607766224135
24.984379609436562
24.91553106446628
24.8461047957863
24.776142339391978
24.705684103854757
24.634769373460276
24.56343631328231
24.491721976047405
24.41966231064918
24.347292172179692
24.274645333346513
24.201754497151136
24.12865131071113
24.055366380112332
23.981929286182222
23.908368601083907
23.834711905632616
23.760985807243205
23.68721595842401
23.61342707573349
23.539642959125885
23.465886511613146
23.39217975917814
23.318543870875263
23.244999179063146
23.171565199715005
23.098260652756924
23.025103482390115
22.952110877354656
22.879299291096142
22.806684461801115
22.734281432269675
22.662104569595684
22.590167584629622
22.51848355120028
22.447064925074738
22.375923562638313
22.305070739278428
22.23451716745708
22.164273014461692
22.094347919822262
22.02475101238627
21.955490927044774
21.886575821102863
21.818013390291117
21.749810884413172
21.681975122628902
21.61451250837076
21.54742904389339
21.480730344457132
21.41442165214703
21.348507849329334
21.28299347174711
21.217882721260395
21.153179478232662
21.088887313568694
21.025009500408853
20.96154902548383
20.898508600136367
20.835890671014287
20.773697430441437
20.711930826472845
20.650592572639148
20.589684157387975
20.529206853227475
20.469161725579777
20.409549641349592
20.350371277215615
20.29162712765157
20.233317512681708
20.363323012444894
20.488581702710405
20.60936721971834
20.72593963016075
20.838548853463497
20.94743462640994
21.052826180806797
21.154941927459785
21.253989342623697
21.35016498199604
21.443654608586144
21.534633411455737
21.623266295183207
21.709708222769997
21.794104597360707
21.876591670815998
21.957296967548157
22.03633971848295
22.113831295147698
22.189875640582947
22.264569691444567
22.338003790396954
22.41026208412511
22.481422906448184
22.55155914514595
22.620738591789085
22.6890242742179
22.75647477159575
22.823144512183074
22.88908405414888
22.954340349863894
23.01895699421739
23.0829744575646
23.146430303959452
23.209359395354312
23.271794082462677
23.333764382983148
23.395298147877124
23.456421216379827
23.517157560406424
23.577529418993407
23.637557423391105
23.697260713397178
23.75665704549366
23.81576289332248
23.874593541006373
23.933163169794703
23.991484938486334
24.049571058055395
24.107432860880177
24.1650808649507
24.22252483340701
24.279773829737582
24.336836268945834
24.393719964972536
24.450432174642405
24.50697963838537
24.563368617965562
24.6196049314352
24.675693985515423
24.73164080559191
24.78745006349991
24.843126103260957
24.898672964921747
24.954094406635317
25.00939392511397
25.064574774574517
25.11963998428735
25.17459237483287
25.229434573161164
25.284169026543772
25.338798015499858
25.393323665773135
25.447747959429986
25.50207274514433
25.556299747729632
25.6104305769742
25.664466735831436
25.71840962801331
25.772260565031125
25.826020772724966
25.87969139731965
25.933273511042355
25.986768117334602
26.040176155688492
26.09349850613519
26.14673599341128
26.199889390826893
26.25295942385761
26.305946773480496
26.358852079273138
26.411675942293066
26.464418927753794
26.51708156751225
26.569664362381516
26.622167784281583
26.674592278239924
26.72693826425286
26.77920613901776
26.83139627754549
26.883509034661753
26.935544746405323
26.987503731330563
27.039386291721158
27.09119271472136
27.14292327339069
27.19457822768746
27.246157825386238
27.297662302933926
27.349091886248726
27.400446791466088
27.45172722563529
27.502933387370142
27.55406546745697
27.605123649422914
27.656108110067173
27.707019019957933
27.7578565438971
27.808620841355253
27.859312066878726
27.909930370470725
27.960475897948363
28.010948791276995
28.06134918888365
28.111677225950743
28.161933034691515
28.21211674460838
28.262228482735257
28.31226837386502
28.36223654076302
28.412133104367527
28.461958183978076
28.511711897432352
28.561394361272445
28.611005690901163
28.66054600072899
28.710015404312305
28.759414014483408
28.80874194347293
28.857999303025004
28.907186204505713
28.956302759005215
29.00534907743396
29.054325270613283
29.103231449360816
29.15206772457097
29.20083420729076
29.2495310087913
29.29815824063523
29.346716014740185
29.395204443438704
29.443623639534668
29.49197371635647
29.540254787807083
29.58846696841126
29.636610373359883
29.68468511855174
29.732691320632714
29.780629097032637
29.828498565999762
29.87629984663309
29.924033058912528
29.97169832372696
30.01929576290041
30.066825499216115
30.114287656438876
30.16168235933538
30.20900973369279
30.256269906335454
30.303463005139847
30.350589159047665
30.3976484980771
30.444641153332302
30.491567257010946
30.538426942409853
30.585220344372647
30.631947598042984
30.678608840013435
30.725204207991833
30.7717338407836
30.818197878268123
30.864596461436083
30.910929732331955
30.957197833556076
31.003400909663853
31.04953910580951
31.095612568136712
31.141621443752765
31.187565880697772
31.2334460279098
31.279262035185777
31.325014053138116
31.37070223314648
31.4163267273047
31.461887688362218
31.507385269659895
31.55281962505974
31.59819090886805
31.643499275751765
31.706296110308223
31.782917330802725
31.87242225086819
31.97395686816705
32.08673965594096
32.21005119201424
32.34322618940102
32.48564707588649
32.63673867591697
32.79596372955853
32.96281907630222
33.136832382596204
33.317559322384376
33.50458113953217
33.69750253459761
33.895949828366305
34.09956936219829
34.30802610126973
34.52100241167993
34.738196986424605
34.959323898614485
35.18411176318349
35.412302990786934
35.64365311971956
35.877930213539905
36.11491431372376
36.35439693811061
36.596180617193156
36.84007846144244
37.085913753878145
37.33351956300898
37.582738372075546
37.83342172125487
38.0854298601266
38.33863140826327
38.59290302231378
38.848129068372316
39.104201298807276
39.361018533039356
39.618486342030025
39.876516736462584
40.13502785877945
40.39394367937921
40.65319369738729
40.9127126464866
41.172440206345684
41.43232072020575
41.69230291918993
41.95233965388847
42.21238763374138
42.47240717470163
42.73236195561315
42.99221878367912
43.2519473693393
43.51152011080434
43.770911888437
44.03009986909935
44.28906332052465
44.54778343570967
44.80624316726644
45.06442707161729
45.32232116286968
45.5799127761599
45.837190440218194
46.09414375887175
46.350763301173934
46.607040499822496
46.86296755751184
47.11853736085071
47.37374340146194
47.62857970388175
47.883040759867214
48.137121468725816
48.3908170832828
48.64412316110928
48.89703552064387
49.14955020184967
49.401663431062715
49.65337158970075
49.90467118651608
50.155558833093124
50.40603122230461
50.6560851094604
50.90571729589568
51.15492461476514
51.403703918822494
51.652052069983704
51.89996593048496
52.14744235546398
52.3944781868042
52.641070248098124
52.887215340596335
53.1329102400229
53.37815169414764
53.62293642101755
53.86726110775829
54.11112240986745
54.354516950927966
54.59744132267957
54.8398920853916
55.081865768488136
55.323358871382446
55.56436786448157
55.80488919032882
56.044919264854514
56.2844544787102
56.52349119866447
56.76202576904194
57.00005451318995
57.237573734959156
57.47457972018648
57.71106873817242
57.94703704314286
58.182480875690736
58.417396464192045
58.651780026191226
58.88562776975434
59.118935894786134
59.35170059431029
59.58391805571093
59.81558446193577
60.046695992659295
60.27724882540662
60.50723913663888
60.73666310279907
60.96551690132068
61.19379671159893
61.42149871592565
61.64861910038883
61.87515405573758
62.10109977821459
62.32645247035528
62.55120834175622
62.77536360981402
62.99891450043439
63.221857248713064
63.44418809959064
63.6659033084802
63.88699914187103
64.10747187790717
64.32731780694368
64.54653323207944
64.76511437877522
64.983057688802
65.20035950208276
65.41701617413106
65.6330240762955
65.84837959602532
66.06307913714761
66.27711912015407
66.4904959824896
66.70320617884259
66.91524618143187
67.12661248028992
67.33730158354017
67.54731001766717
67.75663432777982
67.96527107786483
68.17321685103319
68.3804682497563
68.58702189609356
68.79287443191149
68.9980225190922
69.2024628397348
69.40619209634647
69.6092070120258
69.81150433063748
70.01308081697842
70.21393325693641
70.41405845764116
70.61345324760728
70.81211447687014
71.01003901711555
71.20722376180139
71.4036656262741
71.59936154787783
71.79430848605831
71.98850342246016
72.18194336101982
72.37462532805198
72.56654637233153
72.75770356517081
72.94809400049122
73.13771479489142
73.32656308771078
73.51463604108856
73.70193084002003
73.88844469240755
74.07417482910921
74.25911850398349
74.4432729939316
74.6266355989358
74.80920364209524
74.99097446965929
75.17194545105866
75.35211397893313
75.53147746915788
75.71003336086768
75.88777911647908
75.37907231278903
74.91962611339449
74.5054441690434
74.13252233015692
73.7970216861968
73.49535853245824
73.22424171698277
72.98067934827047
72.76196876326938
72.56567803536187
72.38962391500563
72.23184880452251
72.09059849811268
71.96430098357995
71.85154735375093
71.75107426399767
71.66174823398298
71.58255162149489
71.51257013232213
71.45098171972919
71.39704672877926
71.35009914830734
71.30953884530541
71.27482466756828
71.24546831339656
71.2210288782782
71.20110799907833
71.18534552606627
71.17341566113076
71.16502350870915
71.15990199168228
71.1578090914313
71.15852537483237
71.161851776912
71.16760761062791
71.1756287789431
71.18576616713288
71.19788419667569
71.21185952255023
71.22757985977438
71.24494292498878
71.26385548155594
71.28423247744975
71.30599626641627
71.3290759040626
71.35340651114392
71.37892869760078
71.40558804133478
71.4333346158596
71.46212256268181
71.49190970356754
71.52265718914214
71.55432917999605
71.5868925576095
71.62031666178177
71.65457305248447
71.68963529348149
71.72547875579326
71.76208043932559
71.79941881060826
71.83747365545736
71.87622594509175
71.91565771427705
71.9557519507334
71.99649249448846
72.03786394636776
72.07985158482764
72.12244129036657
72.16561947666519
72.20937302826714
72.25368924359162
72.29855578335706
72.34396062368542
72.38989201348924
72.43633843572442
72.48328857226618
72.53073127203339
72.57865552202887
72.62705042112489
72.67590515633152
72.72520898119156
72.77495119642259
72.82512113218577
72.8757081323002
72.92670153982479
72.97809068417614
73.02986486943422
73.08201336399009
73.13452539105978
73.18739012038344
73.24059666062918
73.29413405280006
73.3479912642666
73.4021571834992
73.45662061543547
73.51137027742911
73.56639479567271
73.6216827021362
73.67722243187107
73.73300232075981
73.7890106036396
73.84523541266168
73.9016647760176
73.95828661693794
74.01508875286808
74.07205889497534
74.12918464775395
74.18645350887684
74.24385286919062
74.301370012912
74.3589921179164
74.4167062561299
74.47449939416744
74.5323583939558
74.590270013493
74.64822090771602
74.70619762950274
74.76418663062132
74.82217426290826
74.88014677941605
74.93809033565681
74.99599099095802
75.05383470979304
75.11160736925477
75.16929474227906
75.2268825177024
75.28435629560431
75.34170158897378
75.3989038254189
75.45594834895192
75.51282042181212
75.5695052263142
75.7074049505211
75.84772109915141
75.99003483112791
76.1339580249857
76.27913119350082
76.42522149497707
76.57192087944523
76.71894436247074
76.86602841898393
77.01292948928322
77.15942258968452
77.3053000204093
77.45037016386377
77.59445636676901
77.73739590002675
77.87903899076093
78.01924792119482
78.15789618961718
78.29486772890796
78.43005617852177
78.56336420613577
78.6947028753811
78.82399105656108
78.95115487720265
79.07612720980643
79.19884719417091
79.31925979196862
79.43731537139386
79.55296931981341
79.66618168260158
79.77691682638883
79.88514312511991
79.9908326674141
80.09396098382378
80.19450679271273
80.29245176352067
80.38778029630845
80.48047931649452
80.57053808384119
80.657948014742
80.74270251696456
80.82479683605216
80.90422791260495
80.98099424978821
81.05509579036746
81.126533802664
81.19531077487613
81.26143031720213
81.32489708628417
81.38571665569263
81.4438954850873
81.49944081997735
81.55236066593883
81.6026636873251
81.65035916538092
81.69545694711111
81.73796739840304
81.77790136115233
81.81527011411166
81.85008533724184
81.88235907935078
81.9121037288257
81.93933198907789
81.96405684947459
81.98629157020159
82.00604966214996
