1175241.6484992
731360.3438798822
723733.9268852843
716712.490830068
710287.7805214692
704409.5910686053
699024.6817777519
694084.6334210887
689546.7753753045
685373.6841191216
681532.4801972515
677994.1802475885
674733.1435162682
671726.6064991745
668954.2920017315
666398.0796990936
664041.7274003763
661870.6342316316
659871.6386160494
658032.8452647054
656343.4764566426
654793.7437392931
653374.7368646999
652078.3273290315
650897.0843303528
649824.2013236091
648853.4316495202
647979.0319582219
647195.7123498201
646498.5923204672
645883.1617407936
645345.246208652
644880.9762144465
644486.7596380448
644159.2571642594
643895.3602612512
643692.1714147931
643546.9863525999
643457.2780280508
643420.6821626495
643434.9841722536
643498.1073241467
643608.1019910397
643763.1358844062
643961.4851637683
644201.526330766
644481.7288275468
644800.6482682375
645156.9202403894
645549.2546203296
645976.4303525629
646437.2906487782
646930.7385668014
647455.7329340434
648011.2845836814
648596.4528751217
649210.3424731412
649852.1003627379
650520.9130789553
651216.0041329861
651936.631617703
652682.0859773202
653451.6879273835
654244.7865125366
655060.7572907017
655899.0006332973
656758.9401321218
657640.0211042737
658541.7091873285
659463.4890175896
660404.8629849006
661365.3500580299
662344.4846751507
663341.8156943871
664356.9053998247
665389.3285587286
666438.6715260872
667504.5313928742
668586.5151747396
669684.2390380554
670797.327560523
671925.4130237198
673068.1347351925
674225.1383778697
675396.0753847285
676580.602336811
677778.3803828184
678989.074678658
680212.3538453962
681447.8894442376
682695.3554671941
683954.4278422516
685224.7839518974
686506.1021639635
687798.0613738245
689100.3405570544
690412.6183316967
691734.5725294111
693065.8797747631
694406.2150720196
695755.2513988573
697112.65930643
698478.1065252911
699851.2575767445
701231.7733892008
702619.3109191669
704013.5227765739
705414.0568541492
706820.5559605807
708232.6574573023
709649.9928987067
711072.1876756782
712498.8606623632
713929.6238660982
715364.0820805249
716801.8325418789
718242.4645885285
719685.559323869
721130.6892826876
722577.4181011838
724025.3001908681
725473.8804165453
726922.6937787229
728371.2651007402
729819.1087209727
731265.7281905534
732710.6159770238
734153.2531744189
735593.109220302
737029.6416203344
738462.2956809633
739890.5042509167
741313.6874721642
742731.2525411055
744142.5934807512
745547.0909247233
746944.111913944
748333.0097068896
749713.1236043937
751083.7787899538
752444.2861865738
753793.9423312037
755132.0292678738
756457.8144606532
757770.5507276015
759069.4761968886
760353.8142863375
761622.7737076054
762875.5484962831
764111.3180692123
765329.2473102887
766528.4866860922
767708.1723926427
768867.426534598
770005.3573382038
771121.0593992965
772213.6139676285
773282.0892687787
774325.5408648776
775343.0120553001
776333.5343185122
777296.127796093
778229.8018199941
779133.5554839638
780006.3782599771
780847.2506604696
781655.144947014
782429.0258860091
783167.8515517978
783870.5741775235
784536.1410538651
785163.4954756761
785751.577736328
786299.3261694701
786805.6782376431
787269.5716670754
787689.9456277284
788065.7419574792
788395.90642911
788679.390058548
788915.1504525548
789102.153193866
789239.3732615001
789325.7964837527
789360.4210211241
789342.2588761967
789270.3374272268
789143.7009819984
788961.4123482102
788722.5544164834
788426.2317518105
788071.5721890884
787657.7284281492
787183.8796235163
786649.2329639298
786053.0252365543
785394.524370556
784673.0309547232
783887.8797235643
