138.3642
131.519890366572
131.1964308445904
130.88971256616935
130.59587475326595
130.31424106589617
130.04478814566468
129.78759191477252
129.5427068144901
129.31013973915879
129.08984513131327
128.88172526137234
128.6856321870446
128.5013705734615
128.3287011239216
128.1673444858125
128.01698551664697
127.87727779875596
127.74784829442159
127.62830203918081
127.51822677975964
127.41719747404206
127.32478058287776
127.24053809669321
127.16403125311378
127.09482391458687
127.03248558689124
126.97659407010386
126.92673774287448
126.88251826634554
126.84354936964165
126.80946175624584
126.77990205703463
126.75453389749666
126.73303833203437
126.7151140594089
126.70047744471948
126.68886237339376
126.68001996169487
126.67371814671729
126.66974117707463
126.66788902359419
126.66797672742473
126.66983370106763
126.6733029960249
126.67824054902917
126.68451441721133
126.69200401108564
126.70059933288098
126.71020022653886
126.7207156446159
126.73206293637026
126.74416716047388
126.75696042505791
126.7703812571633
126.78437400312086
126.7988882609169
126.81387834519958
126.82930278524013
126.84512385587777
126.86130714123142
126.87782113075978
126.8946368470803
126.9117275048104
126.9290681995799
126.94663562625962
126.96440782536865
126.98236395655492
127.00048409798505
127.01874907043232
127.03714028481716
127.05563961192196
127.07422927296642
127.0928917497671
127.1116097131037
127.13036596799988
127.14914341458184
127.16792502319674
127.1866938224878
127.20543289914413
127.22412540806383
127.24275459170427
127.26130380742408
127.27975656166791
127.29809654988142
127.31630770110324
127.33437422622436
127.35228066896835
127.37001195870359
127.38755346425746
127.40489104797189
127.42201111929856
127.43890068730279
127.45554741150765
127.47193965057649
127.48806650839646
127.50391814102802
127.51948474937589
127.5347581694427
127.54973088660108
127.56439630886261
127.57874879403374
127.59278367074961
127.60649725511894
127.61988686329569
127.63295082008457
127.64568846368363
127.65810037877907
127.67018760009263
127.68195258482622
127.6933987007295
127.7045302995341
127.71535270175872
127.72587217883247
127.7360959327584
127.74603207353536
127.75568959454975
127.76507834614594
127.77420900758126
127.7830930575632
127.79174274356295
127.80017105008874
127.80839166609475
127.81641895169435
127.8242679043323
127.83195412456496
127.8394937815849
127.84690357861678
127.85420071830184
127.86140286817705
127.8685281263474
127.87559498743754
127.88262244133679
127.8896292873539
127.89663537937273
127.90366035783944
127.91072419840076
127.91784708346076
127.92504936781232
127.93235154835736
127.93977423508632
127.94733812287865
127.95506396406643
127.96297254175872
127.97108464393061
127.97942103827904
127.98800244784591
127.99684952740421
128.0059828406049
128.01542283787484
128.0251898350596
128.0353039928007
128.04578529663638
128.05665353781458
128.06792829480554
128.07962891550096
128.09177450008758
128.10438388457985
128.11747562500017
128.13106798219206
128.14517890725307
128.1598260275746
128.17503379896593
128.19080545734008
128.2071636233469
128.22412491692455
128.24170522457425
128.25991998159165
128.27878387501468
128.2983121683607
128.31851872194918
128.3394172788694
128.36102114536692
128.3833358602481
128.40638783035203
128.43018282159773
128.45473188419564
128.48004595026322
128.50613553033094
128.5330106606838
128.56068089133143
128.5891552809121
128.61844239308954
128.64855029356272
128.67948654754437
128.71125821768342
128.7438718624258
128.77733353481153
128.81164878170725
128.84682264347157
128.88285965405302
128.9197638415189
128.95753872901355
128.99618733614386
129.03571218079222
129.0761152813528
129.11739815939026
129.1595618427185
129.2026068688961
