8.83362026489738
9.042401744205298
9.24797687159683
9.450421697215145
9.64981296368635
9.846254261275211
10.039878320207936
10.230844818506519
10.419336663281323
10.605555649705435
10.78971775330915
10.972048393564286
11.152777739445135
11.332136428513797
11.510351727103785
11.687644254553595
11.864225307501265
12.040294782575065
12.216039663849289
12.39163301944769
12.56723343893963
12.742984838160176
12.919016558966787
13.09544369639488
13.272367593113218
13.449876449690123
13.628046008038067
13.80694027384354
13.986612251437547
14.16710467120126
14.348450695202713
14.5306745913371
14.713792311433043
14.897812324253152
15.082735807801143
15.268557406686913
15.45526564219747
15.642843347174198
15.831268066109237
16.020512423496378
16.210544463564972
16.401327964493174
16.59282273009881
16.78498486178317
16.97776701351685
17.171118631963722
17.364986184166085
17.5593133749435
17.754041354594985
17.94910892055157
18.144452711908475
18.340007399408123
18.53570587132403
18.731479416027394
18.927257901829332
19.122969954540164
19.318543133059666
19.513904103192637
19.708978809781726
19.903692647126196
20.097970627728944
20.291737548950184
20.484918157614384
20.677437312174668
20.869220142056143
21.060192204017596
21.250279634955714
21.439409301747176
21.627508943149717
21.814507312711324
22.00033431259232
22.18492112300492
22.368200325746933
22.550106021499943
22.73057394055532
22.90954154665755
23.08694813368488
23.26273491492424
23.436845104729727
23.609223992395
23.779819007597762
23.948579779936125
24.11545818708309
24.28040839725652
24.443386902897917
24.604352546392594
24.763266537873744
24.920092465230557
25.074796296468357
25.227346374596006
25.37771340523354
25.52587043715452
25.671792835986984
25.815721990667416
25.95771527035036
26.097755018319354
26.23582639417133
26.371917231522744
26.506017917459545
26.638121276931013
26.76822245992834
26.89631883272146
27.0224098702696
27.14649705147863
27.26858375672767
27.388675167687545
27.506778169416005
27.622901294121156
27.737054509000384
27.84924920648225
27.959498191314285
28.067815478035318
28.174216246158785
28.278716758993692
28.381334284945893
28.482087021366564
28.580994020975954
28.67807512088076
28.773350874197394
28.866842484287442
28.958571741601183
29.04856096312305
29.13683293440305
29.223410854153673
29.308318281384153
29.39157908503987
29.4732173961084
29.553257562147884
29.631724104191942
29.70864167597679
29.78403502543745
29.857928958412693
29.93034830449807
30.00131788498339
30.07086248280872
30.139006814472772
30.205775503824206
30.27119305766778
30.3352838431169
30.39807206662088
30.45958175459946
30.51983673561576
30.578860624018304
30.636676804985186
30.69330842090518
30.748778359028965
30.80310924032804
30.85632340949909
30.9084429260516
30.959489556422348
31.009484767057195
31.058449718406433
31.106405259778708
31.15337192500392
31.199369928853095
31.24441916416879
31.28853919966044
31.331749278319396
31.37406831641233
31.41551490301326
31.456107300035068
31.4958634427238
31.53480094058202
31.572937078687044
31.61028881937325
31.646872804248655
31.682705356517346
31.71780248358106
31.7521798798959
31.78585293005839
31.818836712100182
31.851146000970008
31.882795272182495
31.91379870561617
31.944170189442115
31.973923324168485
32.00307142678389
32.031627534986846
32.0596044114873
32.08701454836818
32.113870171494916
32.14018324496256
32.165965475571426
32.19122831732021
32.21598297590983
32.240240413249545
32.26401135195759
32.287306279850846
32.310135454416155
32.33250890725896
32.35443644852362
32.375927671280195
32.396991955875
32.41763847423958
32.43787619415586
32.457713883473474
32.47716011427756
32.49622326700384
32.51491153449843
