9.8529e-05
0.00013093341305864427
0.00013088674798351354
0.00013084813479854158
0.0001308170611238743
0.00013079319290246327
0.00013077623324289945
0.00013076590311482042
0.0001307619380683815
0.00013076408709860197
0.00013077211183783264
0.00013078578583538877
0.0001308048938894155
0.00013082923142324388
0.00013085860390232043
0.00013089282628855355
0.00013093256543432517
0.0001309762016078791
0.0001310232999295772
0.0001310751915111606
0.000131131166114494
0.0001311910581104145
0.00013125473263868223
0.0001313220641575823
0.00013139293340536003
0.00013146722675503672
0.00013154483589244162
0.00013162565754931322
0.00013170959325601642
0.00013179654910848147
0.00013188643554793746
0.00013197916715254853
0.00013207466244020676
0.0001321728436817765
0.00013227363672416094
0.0001323769708225793
0.00013248277848150743
0.00013259099530376405
0.00013270155984725906
0.0001328144134889548
0.00013292950029562364
0.0001330467669010112
0.0001331661623890373
0.00013328763818269747
0.00013341114793834105
0.00013353664744503348
0.00013366409452871594
0.00013379344896090388
0.0001339246723716791
0.00013405772816674127
0.00013419258144830388
0.00013432919893963094
0.0001344675489130219
0.0001346076011210627
0.0001347493267309785
0.00013489269826192163
0.00013503768952504756
0.00013518427556623698
0.00013533243261132708
0.0001354821380137279
0.00013563337020430481
0.00013578610864341018
0.00013594033377496028
0.00013609602698245847
0.00013625317054686317
0.00013641174760621594
0.00013657174211694048
0.00013673313881673387
0.00013689592318897047
0.0001370600814285482
0.00013722560040910735
0.00013739246765155638
0.00013756067129384362
0.00013773020006191086
0.00013790104324177857
0.00013807319065271462
0.0001382466326214246
0.00013842135995722192
0.00013859736392813385
0.00013877463623789682
0.00013895316900380442
0.00013913295473536705
0.00013931398631374705
0.00013949625697193578
0.00013967976027563737
0.00013986449010483114
0.00014005044063598244
0.00014023760632487202
0.00014042598189002004
0.00014061556229667956
0.00014080634274138073
0.00014099831863697654
0.00014119148559824161
0.00014138583942789235
0.00014158137610312057
0.0001417780917625554
0.00014197598269366312
0.000142175045320567
0.00014237527619227012
0.00014257667197127392
0.0001427792294225746
0.00014298294540303507
0.0001431878168511148
0.00014339384077695542
0.00014360101425281183
0.00014380933440382137
0.00014401879839910927
0.0001442294034432201
0.00014444114676787724
0.00014465402562406271
0.00014486803727441794
0.00014508317898596278
0.00014529944802313497
0.00014551684164114468
0.0001457353570796526
0.0001459549915567675
0.00014617574226337114
0.00014639760635776658
0.00014662058096066537
0.00014684466315050562
0.00014706984995911814
0.0001472961383677394
0.000147523525303381
0.00014775200763556527
0.0001479815821734311
0.00014821224566322327
0.00014844399478617352
0.00014867682615677866
0.0001489107363214977
0.00014914572175786728
0.00014938177887405198
0.000149618904008845
0.00014985709343212617
0.000150096343345791
0.0001503366498851691
0.00016350121588029168
0.00016507318066299366
0.00016659890142832403
0.0001680883720001306
0.00016954942440731266
0.0001709884000908046
0.00017241050188995585
0.0001738200382141282
0.00017522060473696593
0.00017661522285529707
0.00017800644676752635
0.00017939644729784686
0.00018078707822628433
0.00018217992928352077
0.00018357636885833514
0.00018497757868102464
0.00018638458218402408
0.0001877982678325872
0.00018921940841793653
0.0001906486770816175
0.0001920866606713378
0.00019353387090035264
0.0001949907536838202
0.00019645769694884088
0.00019793503715462895
0.00019942306471130273
0.0002009220284471459
0.00020243213924257987
0.0002039535729227151
0.00020548647247786296
0.00020703094966165194
0.0002085870859984545
0.00021015493321486486
0.00021173451309320748
0.000213325816727679
0.00021492880314490366
0.00021654339722948344
0.00021816948687028868
0.00021980691921342826
0.00022145549587109878
0.00022311496688932068
0.0002247850232187856
0.0002264652873567512
0.00022815530172823472
0.00022985451424242996
0.0002315622602829981
0.00023327774015040475
0.00023499999064443297
0.0002367278490161844
0.00023845990687252155
0.0002401944506917342
0.00024192938426681243
0.000243662126408325
0.00024538947424870703
0.0002471074178860398
0.0002488108848463074
0.0002504933810839486
0.0002521464755995876
0.00025375904177653996
0.0002553161073209683
0.00025679704900499447
0.0002581726369958426
0.00025939993748710043
0.0002604129232994392
