40.61824473486992
40.59600744161714
40.57427196341405
40.55302272198909
40.5322397853228
40.511903453911984
40.49199482237449
40.472495817213414
40.45338916806854
40.434658372059545
40.416287658891775
40.39826195762486
40.380566865128465
40.36318861614219
40.346114054848435
40.32933060787162
40.31284014098708
40.29661774183786
40.28063762971289
40.264902668765025
40.24940375019319
40.234131414586166
40.21907652697426
40.20423034831702
40.189584529819015
40.17513109799649
40.160862439221894
40.146771284837165
40.132850696944544
40.119094054858444
40.10549504218817
40.092047634520426
40.07874608767282
40.06558492649015
40.052558934158064
40.03966314200882
40.0268928197962
40.01424346641746
40.0017108010613
39.98929075476222
39.97697946234258
39.96477325472437
39.95266865159425
39.940662354405426
39.928751239701654
39.91693235274861
39.90520290145924
39.893560250599954
39.88200191626529
39.870525560609465
39.85912898682347
39.84781013434721
39.83656707430643
39.825398005164985
39.81430124858309
39.80327524547285
39.79231855224285
39.78142983722367
39.770607877266904
39.75985155451026
39.749159853302025
39.738531857278176
39.72796674658584
39.717463795247205
39.707022368657825
39.69664192121426
39.68632199406529
39.676062212982124
39.66586228634243
39.655722003223694
39.645641231601545
39.63561991664868
39.62565807913044
39.615755813892875
39.60591328843995
39.596130741595836
39.58640848224919
39.57674688817583
39.56714640493671
39.557607544848004
39.54813088602047
39.53871707146502
39.5293668082618
39.52008086679006
39.51086008001621
39.501705342837504
39.4926176114789
39.483597902940645
39.474647294494375
39.465766923225345
39.45695798561856
39.44822173718673
39.43955949213783
39.430972623080244
39.42246256076328
39.414030793851325
39.40567886872929
39.39740838933767
39.389221017035055
39.38111847048627
39.37310252557409
39.365175015332795
39.35733782990143
39.34959291649497
39.34194227939144
39.33438797993304
39.32693213653933
39.31957692473049
39.31232457715876
39.305177383645955
39.29813769122504
39.29120790418388
39.28439048410872
39.2776879499257
39.27110287793794
39.264637901856176
39.25829571282053
39.25207905941137
39.24599074764672
39.24003364096391
39.23421066018306
39.22852478344989
39.222979046155295
39.21757654082903
39.21232041700503
39.207213881055296
39.202260195989886
39.19746268121998
39.192824712281165
39.18834972051375
39.18404119269736
39.17990267063637
39.1759377506933
39.17215008326644
39.168543372208916
39.113019222504256
39.05984654088975
39.009048101193414
38.96063668101893
38.9146122438178
38.87096434877245
38.82967452378779
38.790718157001876
38.75406597669237
38.71968521507673
38.68754053067118
38.657594744785165
38.629809433679014
38.60414540776015
38.580563101797274
38.55902289468197
38.53948537320794
38.5219115512834
38.506263053676136
38.492502271619834
38.48059249625078
38.470498034795185
38.462184313619
38.455617971629756
38.45076694704626
38.4476005601967
38.44608959474969
38.446206379609414
38.44792487360562
38.45122075507558
38.45607151846446
38.462456580162595
38.47035739595668
38.4797575927005
38.49064311712113
38.50300240508017
38.51682657512429
38.5321096508106
38.548848817110645
38.567044717225535
38.58670179743852
38.60782870926716
38.630438780252014
38.65455056737008
38.68018851047193
38.70738370756424
38.736174839548205
38.76660927967499
38.7987444332014
38.83264936655271
38.86840680423686
38.90611559807835
38.945893810516246
38.98788260715034
39.03225123206729
39.07920345690901
39.12898607510993
39.18190029805914
39.23831737607181
39.29870055803521
39.36363690726237
39.43388511905409
39.51045073793075
39.59471156559253
