0.01266
0.043984038812541
0.04507148342841391
0.04569676927053812
0.04592805237617507
0.04584716591480308
0.045533002316339014
0.045053749083208874
0.044464812120124826
0.043809630671162794
0.04312157007651277
0.042425929067824775
0.04174165733665471
0.04108268687924372
0.04045892211547703
0.03987698031508428
0.039340772216095984
0.03885199055387888
0.03841054723534231
0.03801497656747072
0.03766280605449071
0.03735088834681345
0.037075686449683724
0.03683350688265296
0.03662067964208506
0.036433688196720916
0.036269255398394255
0.03612439321944115
0.035996424389775794
0.03588298359533508
0.035782004662620805
0.03569169936040645
0.03561053055284277
0.03553718555382149
0.035470547723920526
0.03540967051110596
0.03535375344952896
0.035302120649887615
0.03525420185894494
0.035209516005550605
0.03516765705652898
0.035128281958164385
0.03509110042254706
0.03505586632063308
0.03502237045818554
0.03499043453110704
0.034959906078978205
0.03493065427966921
0.03490256644813325
0.034875545123881274
0.03484950564872887
0.03482437415197774
0.03480032646901062
0.034776594952261417
0.034753826608381506
0.034731749391868696
0.03471032308750472
0.034689511585705456
0.03466928231044662
0.03464960573746868
0.034630454989137215
0.03461180549269882
0.03459363469107073
0.03457592179778083
0.03455864758818901
0.03454179422148023
0.03452534508811778
0.03450928467877599
0.034493598471560985
0.03447827283399926
0.03446329493842731
0.03444865268783555
0.03443433465119671
0.03442033000657895
0.034406628491054435
0.03439322035630692
0.03438009632923083
0.0343672475767859
0.03435466567453335
0.0343423425783825
0.03433027059914195
0.034318442379453924
0.03430685087289657
0.034295489324980256
0.034284351255757226
0.034273430443873584
0.0342627209119945
0.03425221691339381
0.03424191291944147
0.0342318036081853
0.0342218838536797
0.034212148716109406
0.03420259343254722
0.03419321340835659
0.034184004209195824
0.03417496155352126
0.03416608130543826
0.03415735946821657
0.034148792178010805
0.03414037569801417
0.03413210641296499
0.03412398082392022
0.03411599554338305
0.03410814729061284
0.034100432887276634
0.03409284925326687
0.034085393402757055
0.03407806244045013
0.0340708535580584
0.0340637640308974
0.03405679121466725
0.034049932542426345
0.034043185521681764
0.03403654773158193
0.03403001682031713
0.034023590502582066
0.034017266557154084
0.034011042824640986
0.03400491720523921
0.033998887656655444
0.033992952192108634
0.033987108878430296
0.03398135583417304
0.03397569162091952
0.03397011370432218
0.033964620699223236
0.03395921091613161
0.033953882708343784
0.033948634471183244
0.033943464640714516
0.033938371692435194
0.03393335414006931
0.03392841053435906
0.03392353946191227
0.03391873954412631
0.033914009436060794
0.033909347825473106
0.033904753431774105
0.03390022500508682
0.03389576132534338
0.033891361201371435
0.033887023470049474
0.03388274699548299
0.033878530668210796
0.03387437340443758
0.033870274145281896
0.033866231856076165
0.033862245525662436
0.033858314165736904
0.033854436810210733
0.033850612514587625
0.0338468403553548
0.033843119429404545
0.03383944885348063
0.0338358277636343
0.03383225531471041
0.033828730679830325
0.03382525304988236
0.03382182163308389
0.03381843565451922
0.033815094355669144
0.03381179699398981
0.03380854284252614
0.03380533118946287
0.033802161337775374
0.03379903260482296
0.033795944321981526
0.03379289583432251
0.03378988650022178
0.033786915691069376
0.03378398279089889
0.03378108719613364
0.03377822831521022
0.033775405568352505
0.033772618387227345
0.03376986621470534
0.033767148504574865
0.03376446472128034
0.033761814339659225
0.033759196844703486
0.03375661173133397
0.03375405850413109
0.033751536677151896
0.033749045773658906
0.03374658532594215
0.033744154875111294
0.03374175397086387
0.033739382171318846
0.03373703904281707
0.03373472415971498
0.033732437104226486
0.033730177466240636
0.03372794484314615
0.03372573883965713
0.033723559067672014
0.03372140514609906
0.03371927670070158
0.03371717336395003
0.03371509477488117
