0.00454
0.003827495391491708
0.004038652021664214
0.004245462547794481
0.004448553882764613
0.004648331239264008
0.004845062668800244
0.005038934426314001
0.005230082840682491
0.00541861402008407
0.0056046152328280835
0.005788161481842109
0.005969319270381237
0.006148148742014509
0.006324704882727266
0.006499038178941566
0.006671194953499877
0.0068412175023802825
0.0070091440977736496
0.007175008890089965
0.007338841721890626
0.007500667854502862
0.0076605075995798706
0.007818375840987001
0.007974281425790198
0.00812822639587528
0.008280205023103103
0.008430202600225443
0.008578193926366481
0.008724141409009161
0.008867992683481783
0.009009677625594703
0.0091491043896157
0.009286155560478586
0.009420681061235142
0.00955249175995332
0.0096813505410442
0.009806962080758833
0.009928961604930888
0.010046904078944742
0.010160257224601657
0.010268405355667197
0.010370677038508799
0.010466418003896994
0.010555138144644904
0.01063675572853553
0.010711918295289417
0.010782276595781454
0.010850470313682666
0.010919621374749599
0.010992459632834864
0.011070580942444258
0.01115427459762476
0.011242881585755026
0.011335322934466756
0.01143049864024106
0.011527485291284863
0.01162558577360065
0.011724306371313638
0.011823311252802277
0.011922378027911273
0.012021362259937548
0.012120171659138092
0.01221874824522951
0.012317056376012062
0.01241507485436095
0.012512791779930284
0.012610201213408452
0.012707301024316945
0.012804091505553618
0.012900570510632856
0.012996747214482442
0.0130926273424925
0.013188207746342495
0.01328349399755022
0.013378490398189842
0.01347320118532492
0.013567630546843332
0.013661782625689107
0.013755661519851947
0.01384927024521582
0.013942614571969991
0.014035697859168765
0.014128523957126583
0.014221096700594476
0.014313419896515588
0.014405497318876049
0.014497332707371453
0.014588929768134197
0.014680292175587688
0.014771423574918997
0.01486232758488953
0.014953007800826689
0.01504346779770146
0.015133711133238626
0.015223741351019246
0.015313561983544059
0.015403176555252848
0.015492588585466848
0.015581801591249316
0.015670819090173954
0.01575964460298911
0.01584828165617268
0.01593673378436727
0.016025004532695137
0.016113097458942995
0.016201016135618175
0.01628876415187194
0.016376345115285757
0.016463762653525338
0.01655102041585754
0.0166381220745329
0.016725071326035852
0.016811871892202703
0.016898527521212844
0.016985041988450942
0.017071419097251052
0.017157662679518463
0.017243776596239494
0.017329764737879505
0.017415631024675738
0.017501379406829987
0.01758701386460261
0.01767253840831728
0.01775795707827798
0.01784327394460433
0.017928493106989282
0.018013618694385676
0.018098654864624912
0.018183605803970954
0.018268475726617005
0.018353268874127714
0.01843798951482991
0.018522641943155404
0.018607230478944293
0.018691759466703525
0.018776233274832837
0.01886065629481323
0.01894503294036753
0.01902936764658917
0.019113018578584846
0.01919818889647387
0.01928240732254359
0.019366602991486955
0.019450780290730593
0.019534943662034805
0.019619097583906772
0.019703246561709697
0.019787395121804142
0.019871547807831076
0.019955709178129437
0.02003988380375188
0.020124076266802314
0.020208291158933203
0.02029253307992852
0.0203768066363261
0.02046111644005067
0.02054546710704766
0.020629863255908994
0.020714309506483602
0.020798810478470396
0.020883370789991057
0.020967995056139773
0.02105268788750973
0.021137453888693442
0.02122229765675268
0.021307223779664073
0.021392236834730106
0.021477341386961217
0.02156254198742314
0.021647843171550548
0.021733249457426163
0.02181876534402328
0.021904395309411854
0.02199014380892524
0.022076015273291852
0.022162014106725546
0.022248144684978204
0.022334411353353165
0.02242081842467942
0.022507370177247753
0.0225940708527084
0.022680924653930554
0.02276793574282538
0.022855108238133044
0.022942446213175004
0.02302995369357347
0.023117634654939927
0.02320549302053201
0.02329353265888473
0.023381757381416537
0.023470170940013337
0.02355877702458924
0.02364757926063851
0.023736581206765996
0.02382578635221469
0.023915198114383224
0.02400481983634605
0.024094654784374517
0.024184706145465102
