0.0003574327893681489
0.00040398163318501417
0.0004354798585844272
0.0004578226286080617
0.000472687299249137
0.0004805441857714117
0.0004819444077493365
0.0004777517812961522
0.0004690313675728878
0.00045688977457799136
0.0004423564332949984
0.00042631842500792866
0.0004094974507047755
0.0003924535062779087
0.00037560258986201806
0.00035923990685733225
0.000343563562988229
0.0003286961878836436
0.00031470344185674607
0.00030160920190970986
0.00028940764656589505
0.0002780726390370215
0.0002675648561203413
0.00025783709062092864
0.00024883811582923724
0.00024051541708877984
0.00023281708170866752
0.00022569304268027024
0.00021909585315352115
0.00021298111764938486
0.00020730768980920184
0.00020203767011710817
0.0001971364416352791
0.0001925723441267679
0.00018831660366366515
0.0001843430934358399
0.00018062811821341647
0.00017715020201551843
0.00017388988469790325
0.00017082953083353812
0.0001679531526310027
0.00016524624752637266
0.00016269565034877356
0.00016028939950034243
0.00015801661631824497
0.00015586739664255836
0.00015383271356319287
0.0001519043303105529
0.00015007472230667434
0.00014833700744040396
0.00014668488370568795
0.00014511257341666867
0.00014361489075837637
0.0001421867117953222
0.00014082369253621394
0.00013952169782814968
0.00013827691782292823
0.00013708583580820672
0.0001359452018124535
0.00013485200899465867
0.00013380347243507199
0.00013279701003013835
0.00013183022525037506
0.0001309008915544171
0.0001300069382830599
0.00012914643787581223
0.00012831759427440329
0.00012751873239011635
0.00012674828852561146
0.00012600480165997027
0.00012528690550416178
0.00012459332125775105
0.00012392285099429022
0.00012327437161599748
0.00012264682932299043
0.00012203923454874404
0.00012145065731786465
0.00012088022298664047
0.0001203271083317431
0.00011979053795478688
0.00011926978097466458
0.00011876414798205934
0.00011827298823248294
0.00011779568705691263
0.00011733166347195547
0.00011688036797172791
0.0001164412804856902
0.00011601390848878732
0.00011559778525206512
0.00011519246822014593
0.00011479753750693668
0.00011441259449885999
0.00011403726055788024
0.00011367117581541388
0.00011331399805035703
0.0001129654016445194
0.00011262507661041368
0.00011229272768357826
0.00011196807347689191
0.00011165084569088966
0.00011134078837604004
0.00011103765724354861
0.00011074121902031766
0.00011045125084588172
0.00011016753970716048
0.00010988988190927214
0.00010961808257919335
0.00010935195520039415
0.00010909132117558021
0.00010883600941659298
0.0001085858559589606
0.00010834070359910206
0.00010810040155344105
0.0001078648051376477
0.00010763377546422677
0.00010740717915780929
0.00010718488808700794
0.00010696677911086926
0.00010675273384046428
0.0001065426384132335
0.0001063363832799911
0.00010613386300359818
0.00010593497606904492
0.00010573962610443102
0.00010554771595893974
0.00010535915625590309
0.0001051738595179549
0.00010499174136143242
0.00010481272036631583
0.00010463671795046359
0.00010446365824923974
0.00010429346800020718
0.0001041260764332474
0.00010396141516588052
0.0001037994181032123
0.00010364002134333921
0.00010348316308647122
0.00010332878354915598
0.00010317682488216651
0.00010302723109233135
0.0001028799479683006
0.00010273492300955794
0.00010259210535889992
0.00010245144573795315
0.00010231289638575105
0.00010217641100020297
0.00010204194468204163
0.00010190945388150226
0.00010177889634728364
0.00010165023107775542
0.00010152341827444782
0.00010139841929756225
0.00010127519662345482
0.0001011537138038479
0.00010103393542694651
0.0001009158270800502
0.00010079935531399216
0.0001006844876090609
0.00010057119234206676
0.00010045943875498572
0.00010034919692508721
0.00010024043773604483
0.00010013313285014636
0.0001000272546820493
9.992277637312923e-05
9.9819671767191e-05
9.9717915387115e-05
9.961748241211364e-05
9.951834865638903e-05
9.942049054815205e-05
9.932388510993039e-05
9.92285099390431e-05
9.913434318955955e-05
9.904136355424398e-05
9.894955024773302e-05
9.885888298997886e-05
9.876934199052237e-05
9.868090793329071e-05
9.859356196203017e-05
9.850728566613769e-05
9.842206106702604e-05
9.833787060524765e-05
9.825469712763204e-05
9.817252387542089e-05
9.809133447241421e-05
9.801111291358639e-05
9.793184355442459e-05
9.78535111002333e-05
9.777610059604792e-05
9.769959741695358e-05
9.76239872585221e-05
9.754925612774119e-05
9.747539033421041e-05
9.740237648168678e-05
9.73302014597789e-05
9.725885243605386e-05
9.71883168484067e-05
9.711858239763245e-05
9.704963704021198e-05
