-30.584896743552967
-30.405099307669083
-30.228838775743935
-30.054085245390084
-29.879789435832947
-29.705407099306754
-29.530653001579918
-29.355374106204092
-29.179482977700243
-29.00292307118677
-28.82565044488568
-28.647623942113075
-28.468799703881327
-28.289127852357208
-28.10855021007037
-27.926998448131794
-27.74439232665415
-27.560637825317407
-27.375625025275447
-27.189225627959054
-27.001289998255025
-26.8116436068441
-26.620082722424137
-26.426369169693707
-26.23022392225799
-26.031319238848702
-25.829268973238758
-25.623616589286158
-25.413820288765045
-25.19923450822553
-24.979086863091116
-24.75244822124525
-24.5182016297491
-24.274991585910477
-24.021174710878196
-23.754754981033383
-23.473311399061718
-23.173923019430273
-22.8531065856554
-22.506800082339048
-22.13045813044808
-21.719378369537644
-21.26944945517629
-20.778565455161274
-20.248870977893056
-19.689556055894446
-19.118935771239006
-18.56352177775909
-18.052380721760205
-17.608448551826164
-17.241938259183055
-16.949832231882823
-16.720465102939283
-16.53925020540306
-16.39262746794035
-16.269764131776874
-16.16274437186932
-16.066093348157423
-15.976152663965669
-15.890530057543616
-15.807682310958157
-15.72662230564997
-15.646721902602701
-15.567582620854717
-15.488952087936633
-15.410670569325665
-15.332636944826728
-15.254787135502738
-15.177080455788417
-15.099495078922097
-15.022007132056787
-14.944604673535176
-14.867288070584978
-14.790050000686794
-14.712887185461433
-14.635797334877525
-14.558778777742484
-14.481830230958181
-14.40495065484315
-14.328139728213616
-14.25139566346532
-14.174718098390354
-14.098106364998968
-14.021559806478148
-13.945077774264355
-13.86865962581245
-13.792304723290634
-13.716012432967851
-13.639782125170658
-13.563613174652177
-13.487504961287764
-13.411456871006527
-13.335468296907134
-13.259538640516762
-13.18366731316311
-13.107853737439644
-13.0320973487479
-12.956397596888706
-12.88075394772271
-12.805165884864243
-12.729632911410981
-12.654154551704536
-12.578730353111345
-12.503359887822029
-12.428042754661275
-12.3527785809053
-12.277567024101339
-12.202407773884369
-12.127300553788572
-12.052245123047868
-11.97724127838234
-11.902288855767956
-11.827387732184684
-11.752537827341454
-11.677739105372586
-11.60299157650618
-11.528295298698307
-11.453650379232897
-11.379056976283309
-11.304515300434385
-11.230025616162392
-11.155588243270055
-11.081203558276359
-11.0068719957576
-10.932594049639302
-10.858370274436043
-10.78420128643946
-10.71008776485124
-10.636030452860682
-10.562030158665529
-10.488087756434796
-10.414204187212714
-10.34038045976199
-10.266617651347286
-10.192916908455222
-10.119279447453685
-10.045706555186094
-9.972199589502841
-9.898759979727574
-9.825522787521988
-9.752097890782998
-9.678869528012772
-9.60571498928659
-9.532636054367597
-9.45963458016635
-9.386712499060975
-9.313871818130618
-9.241114618440589
-9.168443054402069
-9.095859353190091
-9.023365814190848
-8.950964808454362
-8.878658778129248
-8.80645023586493
-8.734341764170134
-8.662336014718583
-8.590435707598042
-8.518643630498444
-8.446962637837606
-8.375395649822185
-8.303945651444788
-8.232615691415218
-8.161408881027317
-8.090328392961156
-8.019377460019834
-7.9485593738034215
-7.87787748331869
-7.807335193526612
-7.736935963827005
-7.6666833064823106
-7.596580784980448
-7.52663201233774
-7.45684064934325
-7.387210402744372
-7.317745023375997
-7.2484483042333325
-7.179324078489829
-7.110376217461003
-7.041608628516063
-6.9730252529377506
-6.904630063732096
-6.836427063390302
-6.76842028160162
-6.700613772922032
-6.633011614398509
-6.5656179031497945
-6.498436753907509
-6.431472296517138
-6.364728673402728
-6.298210036995649
-6.231920547130617
-6.165864368409835
-6.10004566753903
-6.034468610635755
-5.969137360514237
-5.904056073946754
-5.8392288989070655
-5.774659971795251
-5.710353414649213
-5.646313332343691
