0.0043562
0.004334439212871824
0.004327581579542756
0.004324018284179135
0.004322161135942224
0.004321192834940421
0.004320687754874151
0.0043204242363071195
0.0043202868137120695
0.004320215353822211
0.004320178552206065
0.004320160125867145
0.004320151619260605
0.004320148655692051
0.004320148983809706
0.004320151459423824
0.0043201555146939845
0.004320160881268389
0.004320167445740655
0.004320175174032627
0.004320184071660496
0.004320194162654781
0.004320205478143797
0.004320218049901619
0.00432023190639476
0.004320247070021687
0.004320263554838627
0.004320281364370975
0.004320300489261237
0.004320320904574217
0.004320342566606242
0.004320365409048866
0.004320389329627729
0.004320414223762812
0.004320439910489038
0.004320466177493476
0.004320492755905275
0.0043205193112168215
0.004320545435213352
0.0043205706420224735
0.004320594374446269
0.004320616031714221
0.004320635037019855
0.004320650970858029
0.004320663796403285
0.004320674176381154
0.004320683798156976
0.0043206954853811635
0.004320712797711785
0.00432073904100361
0.004320776145810446
0.004320824166875171
0.004320881703387444
0.004320946754703246
0.004321017510209848
0.00432109264003351
0.004321171318331109
0.004321253095698087
0.004321337756897208
0.004321425212937027
0.004321515433256913
0.004321608408338335
0.004321704131436334
0.0043218025909315255
0.00432190376809144
0.00432200763708666
0.004322114165917423
0.004322223317593828
0.004322335051117881
0.004322449322318322
0.00432256745636909
0.004322687341961992
0.004322807915187195
0.004322931359486159
0.004323057327206606
0.004323185651999217
0.004323316220911573
0.004323448948698413
0.004323583764500562
0.004323720604963486
0.004323859653373696
0.004324000487400651
0.00432414311686586
0.00432428751405006
0.004324433638949831
0.004324581445484987
0.0043247308847728745
0.004324881906872541
0.004325034461728306
0.0043251884996930445
0.004325343971829362
0.004325500830092
0.004325659027445383
0.004325818517944463
0.004325979256793645
0.004326141200391383
0.004326304306365774
0.004326468533600883
0.004326633842257951
0.004326800193790742
0.004326967550955885
0.004327135877818648
0.0043273051397545005
0.004327475303446789
0.004327646336880764
0.0043278182093342814
0.0043279908913654245
0.004328164354797315
0.004328338572700329
0.004328513519372025
0.004328689170314944
0.00432886550221255
0.004329042492903511
0.004329220121354522
0.004329398367631869
0.004329577212871887
0.004329756639250522
0.004329936629952119
0.004330117169137609
0.004330298241912208
0.00433047983429276
0.00433066193317486
0.004330844526299814
0.004331027602221573
0.004331211150273709
0.004331395160536497
0.004331579623804196
0.004331764531552548
0.004331949875906598
0.004332135649608829
0.004332321845987683
0.004332508458926482
0.004332695482832783
0.004332882912608193
0.004333070743618634
0.0043332589716651255
0.00433344759295503
0.0043336366040738206
0.004333826001957337
0.004334015783864575
0.004334210095814041
0.004334396176164746
0.004334587189425004
0.004334778535261309
0.0043349702320626135
0.004335162289576412
0.0043353547124079395
0.004335547502519363
0.004335740660527078
0.0043359341863695895
0.004336128079646691
0.004336322339787112
0.004336516966126712
0.0043367119579401665
0.004336907314448584
0.004337103034814813
0.004337299118132582
0.004337495563412722
0.004337692369568143
0.004337889535398482
0.004338087059574932
0.0043382849406254625
0.004338483176920642
0.004338681766660125
0.004338880707859872
0.004339079998340175
0.004339279635714501
0.004339479617379218
0.0043396799405042204
0.004339880602024533
0.00434008159863286
0.004340282926773217
0.004340484582635588
0.0043406865621517035
0.004340888860991978
0.004341091474563622
0.0043412943980099825
0.0043414976262111365
0.004341701153785809
0.004341904975094601
0.004342109084244599
0.004342313475095402
0.004342518141266547
0.0043427230761464404
0.004342928272902725
0.0043431337244942084
0.004343339423684297
0.004343545363055957
0.004343751535028281
0.004343957931874576
0.004344164545742054
0.004344371368673077
0.004344578392627975
0.0043447856095094285
0.004344993011188388
0.004345200589531504
0.004345408336430078
0.0043456162438304646
0.004345824303765914
0.004346032508389782
