894.0222003948576
896.8591257781418
899.5885387782495
902.2115814901163
904.7371869954204
907.1749032026527
909.5335676354592
911.8211412263644
914.0447584865042
916.2108108599215
918.3250283016008
920.392553041896
922.4180051291762
924.4055404008071
926.3589016846394
928.2814640024205
930.1762744791773
932.0460875900967
933.8933963065617
935.7204596381862
937.5293270085868
939.3218598496208
941.099750751427
942.864540463783
944.6176330073272
946.3603091208538
948.0937382424817
949.8189891977436
951.5370397460296
953.2487851179408
954.9550456597291
956.656573686643
958.3540596345862
960.0481375885827
961.7393902571164
963.4283534531073
965.1155201351069
966.8013440559666
968.4862430607245
970.170602070647
971.8547757861072
973.5390911372725
975.2238495083458
976.909328758196
978.5957850577308
980.2834545621045
981.9725549339327
983.6632867319238
985.3558346778156
987.0503688131528
988.74704555624
990.4460086685319
992.1473624576706
993.8512830795454
995.5578538712222
997.2671760946906
998.9793420918719
1000.6944358559621
1002.412533555495
1004.1337040153068
1005.8580091580259
1007.5855044093896
1009.316239070346
1011.0502566586978
1012.7875952227167
1014.5282876289831
1016.2723618264919
1018.0198410888611
1019.7707442363599
1021.5250858392698
1023.2828764039988
1025.0441225432296
1026.8088271312672
1028.5769894456698
1030.348605296127
1032.1236671414908
1033.9021641957831
1035.6840825239233
1037.4694051278686
1039.2581120238056
1041.0501803109614
1042.8455842325748
1044.6442952295113
1046.4462819869734
1048.2515104747165
1050.0599439811515
1051.871543141666
1053.686265961519
1055.5040678335574
1057.3249015510587
1059.1487173159312
1060.9754627425018
1062.8050828571065
1064.6375200936584
1066.472714285393
1068.3106026529297
1070.151119788817
1071.994197638675
1073.839765479076
1075.6877498922706
1077.5380747378624
1079.3906611215193
1081.245427360823
1083.1022889483056
1084.9611585117802
1086.821945771994
1088.684557497685
1090.5489588843222
1092.4148663793035
1094.2824251421443
1096.151342852005
1098.021572870119
1099.8930031698108
1101.7655183883799
1103.6389997627593
1105.5133250628028
1107.388368522265
1109.2640007674904
1111.1400887437944
1113.016495639564
1114.8930808080709
1116.7696996869936
1118.646203715638
1120.5224402498743
1122.3982524747528
1124.273479314818
1126.147955342078
1128.0215106816524
1129.8939709150497
1131.7651569810891
1133.6348850744193
1135.5029665416416
1137.3692077750006
1139.2334101036236
1141.0953696823024
1142.9548773777587
1144.81171865241
1146.6656734455703
1148.516516052095
1150.3640149984064
1152.2079329159035
1154.0480264116907
1155.8840459366304
1157.7157356506534
1159.5428332853141
1161.3650700035416
1163.1821702565655
1164.993851637951
1166.799824734739
1168.5997929756165
1170.3934524760934
1172.180491880629
1173.9605922016688
1175.7334266555463
1177.4986604951732
1179.25595083949
1181.004946499602
1182.7452878015517
1184.4766064056514
1186.1985251223057
1187.91065772426
1189.6126087551954
1191.3039733345688
1192.9843369586335
1194.6532752975268
1196.3103539883184
1197.9551284239235
1199.5871435377428
1201.2059335839126
1202.8110219130112
1204.401920743073
1205.9781309257628
1207.5391417074873
1209.0844304852894
1210.6134625573043
1212.125690867517
1213.6205557446071
1215.0974846345835
1216.5558918269046
1217.9951781737882
1219.4147308023055
1220.813922818918
1222.1921130059893
1223.5486455098528
1224.8828495198784
1226.1940389380302
1227.481512038274
1228.744551115198
1229.9824221211152
1231.1943742908636
1232.3796397534304
1233.5374331294893
1234.6669511137895
1235.7673720412934
1236.8378554358446
1237.8775415400173
1238.885550824674
1239.8609834766796
1240.8029188629725
