2.3185827329795257
5.251946722266554
5.256995437933526
5.261805580638793
5.266522050633279
5.271164241726093
5.275745602601368
5.280276790783287
5.284766291582986
5.289220872059174
5.293645940962693
5.298045834254916
5.302424041244095
5.306783383430295
5.311126155756605
5.315454238023366
5.319769182661688
5.324072283798051
5.328364631535704
5.332647154568661
5.33692065359984
5.3411858275192134
5.345443293889986
5.349693604965073
5.3539372601982835
5.358174716009787
5.362406393404581
5.366632683913835
5.370853954229373
5.3750705498192595
5.379282797753448
5.3834910089160255
5.387695479742399
5.391896493590638
5.396094321830929
5.400289224717406
5.404481452095877
5.408671243983632
5.412858831054401
5.4170444350496645
5.421228269135955
5.425410538221265
5.429591439239346
5.433771161413726
5.4379498865018245
5.442127789028998
5.446305036512148
5.450481789676169
5.454658202665555
5.458834423250884
5.463010593033369
5.467186847644102
5.471363316943225
5.475540125213663
5.479717391354231
5.483895229068655
5.4880737470528445
5.492253049177832
5.496433234670536
5.500614398290433
5.504796630503313
5.508980017650604
5.5131646421153055
5.517350582484271
5.521537913704827
5.52572670724017
5.529917031216419
5.534108950569268
5.538302527183368
5.542497820032334
5.546694885302666
5.550893776528337
5.555094544713921
5.5592972384478445
5.563501904022747
5.567708585540835
5.571917325024112
5.576128162513414
5.580341136167851
5.58455628235817
5.58877363575764
5.5929932294274085
5.597215094898662
5.601439262254309
5.605665760201424
5.609894616145127
5.61412585625742
5.618359505542339
5.622595587898767
5.626834126180923
5.631075142253787
5.635318657048409
5.6377206339657295
5.6403515274580425
5.643131308599762
5.646016511380918
5.648994395818699
5.652042912640712
5.655148514649852
5.658301047984095
5.6614928887216305
5.664718299989461
5.667972952973423
5.671253569891109
5.674557657784263
5.677883309979387
5.681229057983802
5.68459376098864
5.687976523416874
5.691376633391778
5.694793516810779
5.698226703063922
5.7016757994390055
5.705140472011985
5.70862043137282
5.712115421963201
5.715625214108305
5.719149598059894
5.722688379540152
5.726241376405731
5.729808416149429
5.733389334023726
5.736983971633227
5.740592175873214
5.7442137981294215
5.74784869367088
5.751496721189254
5.7551577424446165
5.7588316219947675
5.76251822698308
5.766217426973268
5.769929093817588
5.773653101550044
5.777389326300388
5.781137646221175
5.784897941426104
5.7886700939373235
5.792453987638331
5.79624950823179
5.800056543201706
5.803874981777831
5.8077047149025285
5.811545635200051
5.815397636946197
5.819260616040353
5.823134469977684
5.827019097823174
5.830914400184632
5.83482027918879
5.838736638455976
5.842663383076034
5.846600419585894
5.850547655944765
5.854505001513595
5.858472367030941
5.862449664592985
5.866436807630978
5.870433710890774
5.874440290412468
5.878456463509604
5.882482148749732
5.886517265934732
5.890561736081985
5.89461548140449
5.898678425293717
5.902750492300457
5.906831608117191
5.910921699560463
5.915020694553323
5.919128522108968
5.923245112313129
5.927370396308586
5.931504306277898
5.935646775428355
5.939797737976182
5.9439571291306175
5.948124885079674
5.952300942974016
5.956485240913899
5.960677717933055
5.964878313986294
5.969086969934055
5.973303627529664
5.977528229405327
5.9817607190591655
5.986001040841984
5.990249139944898
5.9945049623858635
5.998768454998074
6.003039565417602
6.007318242070353
6.011604434162376
6.015898091665954
6.020199165309161
6.024507606565782
6.028823367641267
6.033146401464624
6.037476661676947
6.041814102619682
