144.0
143.23869548699835
142.5355175022219
141.88532954797685
141.28363186870442
140.7264250653621
140.21012588686068
139.73150794919346
139.28765597758874
138.8759284771953
138.4939263332411
138.1394659526925
137.81055605841493
137.5053775238604
137.22226575588607
136.9596952503024
136.7162660050488
136.49069153005962
136.2817882348196
136.0884660086936
135.90971983718154
135.74462232054455
135.5923169806983
135.4520122585825
135.32297611795025
135.20453118312838
135.096050348138
134.9969528029314
134.9067004296365
134.8247945278008
134.7507728328565
134.68420679652442
134.62469910174528
134.5718813880689
134.52541216632324
134.48497490388982
134.45027626408773
134.42104448505953
134.39702788520128
134.3779934836157
134.36372572532488
134.35402530207796
134.34870806055233
134.34760399059456
134.35055616566385
134.35742034477622
134.36806348297512
134.38236340192967
134.40020800076252
134.42149460540043
134.44612936234623
134.47402667495732
134.50510867863903
134.53930475191967
134.57655106070686
134.616789997425
134.6599701978659
134.706045753352
134.7549760031558
134.80672521197891
134.8612622674301
134.91856039618912
134.9785968973511
135.0413528913923
135.10681308318183
135.17496553745545
135.24580146513426
135.3193150188226
135.39550309573423
135.47436514617473
135.55590298553912
135.64012060755786
135.72702399622383
135.8166209334413
135.9089207989275
136.00393435823318
136.10167353388363
136.2021511535126
136.30538066737785
136.41137582568678
136.52015030355238
136.63171725789562
136.7460887958606
136.8632753277995
136.98328476885868
137.1061215405237
137.23178530543308
137.3602693426833
137.49155843251415
137.6256260619401
137.76243067551192
137.90191055946772
138.04397673146138
138.18850285674822
138.33531058688249
138.48414796897984
138.63465623987415
138.78631814983868
138.93837528115952
139.0896944435124
139.2385569309553
139.38236731213286
139.51744667709417
139.63961196041137
139.74650745254758
139.8398815748861
139.92396215479343
140.0023177225836
140.0769866330183
140.14899136845605
140.21886528617583
140.2869298540631
140.35341491188
140.41850759133936
140.48237193093667
140.54515690808657
140.60699994187246
140.6680286174723
140.72836169775957
140.78810983442196
140.8473761389587
140.90625667684583
140.96484091075516
141.0232121042515
141.08144769175425
141.1396196183005
141.1977946517005
141.25603466923403
141.31439692078933
141.37293427017923
141.43169541623348
141.49072509515355
141.55006426550653
141.60975027714167
141.669817025222
141.7302950904831
141.79121186675744
141.85259167673448
141.91445587686994
141.97682295230166
142.03970860258624
142.10312581902951
142.16708495435125
142.23159378539643
142.2966575695827
142.3622790957578
142.4284587301262
142.49519445789713
142.56248192129948
142.63031445460842
142.69868311682836
142.767576722678
142.8369818725281
142.9068829819452
142.97726231149764
143.04809999748358
143.11937408423998
143.19106055869028
143.26313338778195
143.33556455945566
143.40832412777374
143.4813802628129
143.55469930590138
143.6282458307443
143.7019827109413
143.77587119434818
143.849870984678
143.92394033066873
143.99803612306937
144.07211399961315
144.1461284580528
144.22003297723577
144.2937801460896
144.36732180027738
144.4406091661668
144.5135930116399
144.55405908694465
145.5424427215849
146.8110063624472
148.30722679826155
149.98807099434427
151.81765088801487
153.7657180240796
155.8066499149642
157.91873636047873
160.08365141863928
162.28603783226868
164.51316092432916
166.75460138702317
169.00197329690096
171.248658598804
173.48955701096372
175.72085194925776
177.93979465584343
180.14450890309664
182.33381815062168
184.50709537205054
186.66413659297547
188.8050557865333
190.93019977737924
191.77245665180592
192.572705903149
193.33832808947446
194.0754927464034
194.78931886513172
195.4840310896659
196.1631018964326
196.82937638538496
197.48517947645584
198.13240673420944
198.77260060479165
199.40701397931713
200.03666292169115
200.6623702323758
201.28480132154792
201.90449366611801
202.52188093825998
203.13731272541642
203.75107061444783
204.3633812854175
204.97442715191238
205.584354992865
206.19328294349668
206.80130614827834
207.40850132486415
208.0149304431635
208.62064368663957
209.2256818323146
209.83007816075465
210.4338599865976
211.03704988320527
211.63966666112523
212.2417261486981
212.84324181389192
213.44422525891375
214.04468661302892
214.6446348440544
215.2440780049735
215.84302342886647
216.44147788273042
217.03944768864528
217.63693881904055
218.2339569714513
218.83050762705395
219.4265960963942
220.02222755501538
220.61740707113682
221.21213962708202
221.8064301358008
222.40028345354767
222.9937043895522
223.58669771333996
224.1792681602221
224.7714204305597
225.36315921777125
225.9544891579378
226.5454148864891
227.1359410098732
227.72607211234288
228.3158127561821
228.90516748170518
229.4941408070843
230.0827372280472
230.6709612174788
231.25881722495242
231.8463096762106
232.4334429726108
233.0202214905483
233.60664957821868
234.1927315619458
234.7784717407057
235.36387438543466
235.94894373885666
236.53368401508055
237.11809939910393
237.70219404628457
238.28597208180636
238.8694376001525
239.45259466459115
240.0354473066762
240.61799952576433
241.20025528854907
241.78221852861208
242.3638931459915
242.9452830067681
243.5263919426688
244.10722375068772
244.68778219272505
245.2680709952428
245.84809384893896
246.42785440843812
246.45940131744842
246.51994528329493
246.60788126470666
246.72169364209807
246.85995068212597
247.021299855982
247.2044632715131
247.40823372162322
247.6314706400673
247.8730964490173
248.1320930792208
248.40749868348252
248.6984045321062
249.00395207995533
249.32333019553116
249.65577254306947
250.00055510918608
250.35699386608132
250.72444256376127
251.10229064415225
251.48996127037807
251.88690946484337
252.2926203501157
252.70660748693123
253.12841130396322
253.55759761428584
253.99375621374864
254.4364995567386
254.88546150505755
255.34029614587888
255.80067667496854
256.2662943415685
256.73685745153693
257.21209042552994
257.69173290918485
258.1755389324344
258.6632761152398
259.1547249171783
259.6496779284659
260.1479392001252
260.6493236111391
261.1536562705472
261.6607719525552
262.1705145628361
262.68273663429846
263.1972988506974
263.7140695965494
264.2329245318988
264.7537461905638
265.27642360056615
265.8008519255186
266.32693212581404
266.85457063852203
267.38367907496036
267.9141739349654
268.44597633693957
268.9790117628042
269.5132098170353
270.0485039990047
270.58483148789077
271.1221329394667
271.66035229410875
272.19943659540525
272.73933581878214
273.2800027095903
273.8213926301338
274.3634634151445
274.9061752352362
275.4494904678995
275.9933735756184
276.53779099071846
277.08271100657197
277.62810367481086
278.17394070821524
278.72019538896393
279.2668424819511
279.81385815288917
280.36121989093425
280.9089064355831
281.45689770760754
282.0051747438017
282.55371963533287
283.1025154694957
283.65154627468354
284.2007969683975
284.75025330812673
285.29990184494056
285.84972987964375
286.39972542135195
286.94987714835537
287.5001743711428
288.05060699746787
288.6011654993436
289.15184088186044
289.70262465372514
290.253508799427
290.80448575294093
291.35554837288254
291.9066899190352
292.45790403017344
293.0091847031103
293.56052627290256
294.1119233941484
294.6633710233179
295.2148644020597
295.76639904142894
296.3179707069866
296.8695754047213
294.5059663025768
292.1747528352191
289.8726939980073
287.5969981386583
285.3452623337642
283.1154038082695
280.90560513898413
278.7142708905872
276.53999293961374
274.3815224440756
272.23774696053067
270.10767159599544
267.9904033573497
265.88513806017596
263.79114930526305
261.7077791397418
259.6344301016049
257.5705584085371
255.5156680997316
253.4693059540808
251.43105719062746
249.40054152733865
247.37740993271845
245.36134169381455
243.35204186170355
241.3492390064198
239.3526832402973
237.36214447504267
235.37741088308434
233.39828753808013
231.42459521307376
229.45616931781353
227.4928589592818
225.53452611162643
223.58104488349642
221.6323008723219
219.68819059638997
217.7486209966866
215.81350900143119
213.8827811470516
211.956373250049
210.03423012480633
208.11630534290825
206.20256102998292
204.2929676964498
202.3875040988748
200.48615712889952
198.5889217269289
196.69580081793902
194.80680526690426
192.92195385144555
191.04127324936948
189.16479803880625
187.29257070866169
185.42464167707772
183.56106931554746
181.70191997625784
179.84726802013446
177.99719584294175
176.15179389665266
174.31116070314187
172.47540285708737
170.64463501478517
168.81897986540116
166.99856808101322
165.18353824164024
163.37403673133372
161.57021760133108
159.77224239626327
157.98027993948878
156.19450607382063
154.415103354248
152.64226068975688
150.8761729320549
149.11704040992646
147.36506840911025
145.620466599011
143.88344840923233
142.1542303608314
140.43303135930947
138.7200719586064
137.01557360766859
135.31975789339396
133.63284579578362
131.9550569727801
130.28660909338225
128.62771723802013
126.97859338470877
125.339445998061
123.71047973577912
122.09189528377941
120.48388932673684
118.88665465575494
117.30038040933148
115.7252524290487
114.16145376153274
112.6091651916316
111.06856588077765
109.5398340338255
108.02314757666986
106.51868481655572
105.02662505826702
103.54714915186392
102.08043995111507
100.62668266597164
99.18606509705651
97.75877774490608
96.34501379133694
94.94496895459335
93.55884122369923
92.18683048057791
90.82913802096402
89.48596598690645
88.15751672478733
86.84399208331992
85.54559266602114
84.26251705227308
82.99496100038085
81.74311664509125
80.50717170093232
79.28730868656535
78.08370416794115
76.89652799471655
75.7259426928065
74.57210277199398
73.4351541475561
72.31523360134295
71.21246829723655
70.12697535254763
69.058861466164
68.00822260359926
66.97514373849853
65.95969864963388
64.96194977196143
63.98194809990873
63.0197331407134
62.075332915334236
61.148764004204686
60.24003163488858
59.349129808529554
58.476041461853846
57.620738661389815
56.78318282650437
55.96332497782435
55.16110600760735
54.376456968651816
53.60929931536261
52.85954541853864
52.127098679894715
51.41185393713326
50.7136977968263
50.03250896738545
49.368158589403414
48.72051056096836
48.08942191703537
47.47474294552318
46.87631768867797
46.29398415662165
45.72757459951218
45.17691576498827
44.64182914029298
44.122131178628024
43.6176335095476
43.12814313345948
42.65346260055501
42.19339017473675
41.747719983350045
41.31624215375111
40.89874293795652
40.4950048268152
40.104806655321646
39.727923700846226
39.364127776190834
39.01318731948595
38.67486748302332
38.3489302231661
38.03513439349278
37.73323584331086
37.442987523618925
37.16413960250224
36.896439591814826
36.63963248683316
36.39346092036272
36.15766533254236
35.93198415732518
35.71615402632408
35.50990999039814
35.312985759031555
35.125113957223405
34.946026399273585
34.77545437852308
34.61312897179375
34.4587813569804
34.312143141982105
34.172946702927625
34.04092552945415
33.91581457464525
33.7973506071243
33.68527256273535
33.65888386358166
33.644549354805484
33.641251114210974
33.64806169448832
33.664133248610476
33.68868859646732
33.72101373598834
33.76045150130129
33.80639613925678
33.85828862731899
33.91561259495362
33.97789074049179
34.04468165835545
34.11557700920531
34.19019897927401
34.268197194809034
34.349248948789125
34.43305506442439
34.51933887184621
34.60784460947282
34.69833595072416
34.79059464287562
34.884419246887454
34.979623968690284
35.076037573734304
35.17350237768747
35.2718733025926
35.37101701558738
35.47081109935014
35.57114329657392
35.671910800724135
35.773019594316835
35.874383831422314
35.97592526137109
36.07757269087928
36.17926148202192
36.28093308367269
36.38253459419877
36.484018353354216
36.58534156145606
36.68646592405655
36.787357320443576
36.88798549441187
36.98832376584866
37.088348761772856
37.18804016555493
37.28738048312686
37.386354825068715
37.48495070353032
37.583157843013986
37.68096800410705
37.77837481931244
37.875373640180605
37.97196139499804
38.06813645633618
38.16389851780992
38.25924847943775
38.35418834103492
38.44872110310881
38.54285067476031
38.63658178812762
38.72991991893948
38.82287121277324
38.91544241663984
39.00763605556226
39.09946470520971
39.190936557470536
39.2820601776926
39.3728444581703
39.46329857514328
39.553431949074024
39.643254207986566
39.73277515366286
39.82200473050618
39.910952996893435
39.999630098849536
40.088046245887945
40.17621168887114
40.264136699754616
40.35183155308625
40.439306509141566
40.52657179858262
40.61363760853573
40.70051406998975
40.78721124642291
40.87373912357226
40.96010760026484
41.046326480235294
41.13240546485919
41.21835414673568
41.30418200405783
41.389898395712265
41.47551255705409
41.56103359630603
41.6464704915343
41.731832088156665
41.81712709694095
41.90236409245511
41.98755151193233
42.072697654517164
42.15781068086075
42.24289861303542
42.327969334740864
42.41303059177595
42.498089992751936
42.5831550100245
42.66823298082353
42.753331108561085
42.8384564642992
42.92361598836064
43.0088164920667
43.094064659587424
43.17936704989057
43.26473009877673
43.350160120988875
43.43566331238547
43.521245752167104
43.606913405147395
43.69267212405969
43.77852765189157
43.86448562424004
43.950551571680634
44.03673317790468
44.12303681108489
44.209461192169286
44.29601795649298
44.38270829675447
44.469537694690914
44.55651112562065
44.64363041790773
44.730903194171894
44.818334069059986
44.90592756251361
44.99369041637733
45.08162004305431
45.169725294634915
45.25801042464738
45.34647961440112
45.43513697505696
45.52398655021311
45.61303231834859
45.7022781951279
45.79172803558627
45.881385636210965
45.971254736931314
46.061339023027315
46.15164212696469
46.242167630162726
46.33291906470021
46.42389991496361
46.51511361924114
46.6065635712655
46.69825312170802
46.7901855796263
46.88236421386728
46.97479225442729
47.06747289377092
47.16040928810964
47.25360455864189
47.34706179275544
47.44078404519339
47.534774339184644
47.62903566753998
47.72357099371468
47.81838325283839
47.91347535271337
48.008850174781884
48.104510575063394
48.20045938506254
48.29669941264866
48.39323344290746
48.49006423896573
48.587194542789724
48.684627075957955
48.78236454040906
48.880409619165405
48.97876497703308
49.077432564854504
49.1764061934325
49.27569646164285
49.37530648578858
49.47523933589092
49.575511596272584
49.67611454254757
49.77704497712248
49.87831023183808
49.97991250232692
50.08185403827945
50.18413713096231
50.28676410331187
50.389737302054165
50.493059080764176
50.59673182405422
50.700757918173494
50.80513975449458
50.909879727039204
51.014980241143355
51.12044368283427
51.22627244293973
49.973776613634776
48.768352465651766
47.606666034576904
46.48613817237988
45.404935635056184
44.36193803944421
43.35668097934958
42.38927926444271
41.460332616494426
40.57081403796126
39.72194010800907
38.91502327234134
38.151309287582194
37.43180820915373
36.75713353161916
36.127369056016526
35.54198396355309
34.999811391692
34.499094841666
34.03759320210452
33.612723895478446
33.221718585200314
32.86176802526095
32.53013994101847
32.2242628068161
31.94177602912159
31.68055187020464
31.438696428226635
31.214536905373983
31.006601194660046
30.813594248251444
30.63437420698653
30.467930072827837
30.31336183490288
30.169863377853087
30.036708143529587
29.913237318897945
29.798850230864144
29.692996602752917
29.59517033960261
29.5049045419463
29.42176748875942
29.345359372832924
29.275309612085312
29.21127459630167
29.15293575971624
29.099997901223457
29.05218766027703
29.009252164237793
28.970957748947903
28.93708876448084
28.907446443337317
28.881847821272416
28.860124704834643
28.842122682363808
28.827700176930538
28.816727540749483
28.809086191152563
28.804667788419593
28.8033734557449
28.80511304145845
28.809804423379934
28.817372854910275
28.827750352188172
28.840875121379085
28.856691024933568
28.875147085456987
28.896197025676383
28.919798842871227
28.945914416052243
28.974509144121246
29.005551613223137
29.03901329150304
29.07486824950425
29.113092904481935
29.153665786959873
29.196567327919986
29.241779665084838
29.289286466827832
29.33907277232472
29.391124846639503
29.44543004951807
29.50197671674212
29.560754052973472
29.621752035093895
29.684961325118046
29.75037319182628
29.817979440329708
29.887772348842148
29.9597446119921
30.03388929006295
30.110199763600825
30.188669692877504
30.269292981740378
30.35206374542248
30.436976281924174
30.52402504661293
30.61320462972042
30.70450973644582
30.797935169401732
30.89347581316408
30.99112662071062
31.09088260155325
31.192738811388946
31.296690343111123
31.402732319039384
31.510859884239956
31.621068200822023
31.733352443107282
31.84770779358042
31.96412943953826
32.08261257036363
32.203152375358336
32.32574404213223
32.45038275515899
32.57706369529433
32.705782039098835
32.83653295875269
32.96931162220977
33.10411319361189
33.24093283393721
33.37976570185997
33.52060695480078
33.66345175014938
33.80829524664374
33.95513260589081
34.103958994016345
34.254769583432044
34.40755955470997
34.56232409855488
34.719058417866435
34.877757729883285
35.03841726840309
35.20103228607152
35.33402327593186
35.461683994911745
35.579283299767006
35.68479851716108
35.77750656570289
35.85729856454306
35.92435209048238
35.97897537750368
36.02153316369942
36.052411414780934
36.07200058610562
36.080687781442386
36.078853205772276
36.066868697998004
36.04509726937005
36.01389312218683
35.973601890060586
35.92456097199175
35.86709989739022
35.80154069159591
35.72819822772536
35.6473805588475
35.55938922857604
35.46451956018146
35.36306092528191
35.255296993614735
35.1415059655864
35.02196078936478
34.89692936433801
34.76667473280382
34.63145526184087
34.49152481743265
34.347132933097534
34.19852497552975
34.045942310093956
33.88962246946223
33.729799329265
33.566703295384315
33.40056150850157
33.23159807280074
33.06003432479244
32.886089012388894
32.70997913717217
32.5319196233619
32.35212441387194
32.170806978576955
31.988181141446955
31.80446213048073
31.61986792033798
31.434620966800527
31.248950470827218
31.06309536622225
30.87730830804248
30.69186106357325
30.507051897980386
30.323215842347743
30.140739200020146
29.960080404438187
29.781800594382673
29.606609396107007
29.43543509797048
29.269535023542197
29.110674143211835
28.96142335563045
28.825675383631534
34.088122989596435
39.280834638203224
44.311040769281455
49.11992363366596
53.675830437480606
57.96602040057817
61.98952717020773
65.75204163171188
69.26270003828235
72.53228653041023
75.57234014915765
78.39476977976314
81.01171180144688
83.43547282286896
85.67847610016972
87.7531793869084
89.67196076630421
91.4469834828066
93.09005571550745
94.61250034750294
96.02504592009784
97.33774515316657
98.5599229625667
99.7001524712772
100.76625532377196
101.76532149506897
102.70374357595615
103.58726084944739
104.42100914349608
105.20957322096555
105.95703928993622
106.66704575160982
107.34283129145612
107.98727935663739
108.60295880483334
109.19216061424112
109.7569307412083
110.29909932485052
110.82030650424433
111.32202514640359
111.80558079252428
112.272169123733
112.72287123162363
113.15866695738117
113.58044653919524
113.98902078292949
114.38512994689577
114.7694515088809
115.14260696268269
115.50516777253141
115.85766059693051
116.20055641805453
116.53433775570238
116.85940540728701
117.17614752686794
117.48492560063823
117.78607690684183
118.07991670401455
118.36674018031991
118.64682419301793
118.92042882351642
119.18779877020596
119.44916459841131
119.70474386429501
119.95474212737672
120.19935386445806
120.43876329611987
120.67314513555208
120.90266526827058
121.12748137021666
121.34774347082825
121.56359446688121
121.77517059220784
121.98260184780457
122.18601239631705
122.38552092443639
122.58124097634011
122.77328126096344
122.96174593558023
123.14673486790299
123.32834387867581
123.50666496652427
123.68178651664265
123.85379349473634
124.02276762749307
124.18878757072844
124.35192906623755
124.51226508828506
124.66986598057512
124.82479958446224
124.97713135909346
125.12692449410861
125.27424001546657
125.41913688491617
125.56167209358192
125.70190075009661
125.83987616367217
125.97564992246863
126.10927196759027
126.24079066301044
126.37025286170223
126.49770396822863
126.62318799802743
126.74674763360494
126.86842427783887
126.9882581045728
127.10628810667235
127.22255214169961
127.33708697535138
127.44992832279613
127.56111088803361
127.67066840139462
127.77863365528741
127.88503853829285
127.9899140676997
128.09329042056947
128.19519696341058
128.2956622805386
128.39471420119347
128.49237982548013
128.58868554919425
128.6836570875925
128.77731950409049
128.869697212176
128.96081401956417
129.05069313852337
129.13935720528096
129.22682829860352
129.31312795760306
129.3982771988173
129.48229653260634
129.56520597890253
129.64702508234737
129.72777292684538
129.80746814956373
129.88612895440372
129.9637731249681
130.0404180370482
130.11608067065154
130.19077762159105
130.26452511265458
130.3373390043739
130.40923480540934
130.48022768256752
130.5503324704672
130.6195636808681
130.68793551167704
130.75546185564457
130.82215630876473
130.8880321783901
130.95310249107388
131.0173800001498
131.08087719306025
131.14360629844285
131.20557929298468
131.2668079080534
131.3273036361141
131.38707773693977
131.44614124362369
131.50450496840054
131.5621795082847
131.6191752505315
131.6755023779283
131.73117087392214
131.7861905275894
131.8405709384536
131.89432152115688
131.94745150999012
131.99996996328716
132.05188576768774
132.10320764227401
132.15394414258472
132.20410366451173
132.2536944480829
132.30272458113527
132.3512020028817
132.3991345073761
132.44652974687904
132.4933952351282
132.53973835051627
132.5855663391801
132.63088631800306
132.67570527753435
132.72003008482767
132.76386748620183
132.8072241099258
132.85010646883111
132.89252096285315
132.93447388150432
132.97597140628113
133.01701961300685
133.05762447411232
133.09779186085657
133.13752754548915
133.17683720335606
133.21572641495098
133.25420066791344
133.29226535897564
133.3299257958595
178588.1128282852
178588.1128282852
178588.1128282852
178588.1128282852
178588.1128282852
178588.1128282852
178588.1128282852
178588.1128282852
178588.1128282852
178588.1128282852
178588.1128282852
178588.1128282852
178588.1128282852
178588.1128282852
178588.1128282852
178588.1128282852
178588.1128282852
178588.1128282852
178588.1128282852
178588.1128282852
178588.1128282852
178588.1128282852
178588.1128282852
178588.1128282852
178588.1128282852
178588.1128282852
178588.1128282852
178588.1128282852
178588.1128282852
178588.1128282852
178588.1128282852
178588.1128282852
178588.1128282852
178588.1128282852
178588.1128282852
178588.1128282852
178588.1128282852
178588.1128282852
178588.1128282852
178588.1128282852
178588.1128282852
178588.1128282852
178588.1128282852
178588.1128282852
178588.1128282852
178588.1128282852
178588.1128282852
178588.1128282852
178588.1128282852
178588.1128282852
178588.1128282852
178588.1128282852
178588.1128282852
178588.1128282852
178588.1128282852
178588.1128282852
178588.1128282852
178588.1128282852
178588.1128282852
178588.1128282852
178588.1128282852
178588.1128282852
178588.1128282852
178588.1128282852
178588.1128282852
178588.1128282852
178588.1128282852
178588.1128282852
178588.1128282852
178588.1128282852
178588.1128282852
178588.1128282852
178588.1128282852
178588.1128282852
178588.1128282852
178588.1128282852
178588.1128282852
178588.1128282852
178588.1128282852
178588.1128282852
178588.1128282852
178588.1128282852
178588.1128282852
178588.1128282852
178588.1128282852
178588.1128282852
178588.1128282852
178588.1128282852
178588.1128282852
178588.1128282852
178588.1128282852
178588.1128282852
178588.1128282852
178588.1128282852
178588.1128282852
178588.1128282852
178588.1128282852
178588.1128282852
178588.1128282852
178588.1128282852
178588.1128282852
178588.1128282852
178588.1128282852
178588.1128282852
178588.1128282852
178588.1128282852
178588.1128282852
178588.1128282852
178588.1128282852
178588.1128282852
178588.1128282852
178588.1128282852
178588.1128282852
178588.1128282852
178588.1128282852
178588.1128282852
178588.1128282852
178588.1128282852
178588.1128282852
178588.1128282852
178588.1128282852
178588.1128282852
178588.1128282852
178588.1128282852
178588.1128282852
178588.1128282852
178588.1128282852
178588.1128282852
178588.1128282852
178588.1128282852
178588.1128282852
178588.1128282852
178588.1128282852
178588.1128282852
178588.1128282852
178588.1128282852
178588.1128282852
178588.1128282852
178588.1128282852
178588.1128282852
178588.1128282852
178588.1128282852
178588.1128282852
178588.1128282852
178588.1128282852
178588.1128282852
178588.1128282852
178588.1128282852
178588.1128282852
178588.1128282852
178588.1128282852
178588.1128282852
178588.1128282852
178588.1128282852
178588.1128282852
178588.1128282852
178588.1128282852
178588.1128282852
178588.1128282852
178588.1128282852
178588.1128282852
178588.1128282852
178588.1128282852
178588.1128282852
178588.1128282852
178588.1128282852
178588.1128282852
178588.1128282852
178588.1128282852
178588.1128282852
178588.1128282852
178588.1128282852
178588.1128282852
178588.1128282852
178588.1128282852
178588.1128282852
178588.1128282852
178588.1128282852
178588.1128282852
178588.1128282852
178588.1128282852
178588.1128282852
178588.1128282852
178588.1128282852
178588.1128282852
178588.1128282852
178588.1128282852
178588.1128282852
178588.1128282852
178588.1128282852
178588.1128282852
178588.1128282852
178588.1128282852
178588.1128282852
178588.1128282852
178588.1128282852
178588.1128282852
178588.1128282852
178588.1128282852
276004.59655830264
276004.59655830264
276004.59655830264
276004.59655830264
276004.59655830264
276004.59655830264
276004.59655830264
276004.59655830264
276004.59655830264
276004.59655830264
276004.59655830264
276004.59655830264
276004.59655830264
276004.59655830264
276004.59655830264
276004.59655830264
276004.59655830264
276004.59655830264
276004.59655830264
276004.59655830264
276004.59655830264
276004.59655830264
276004.59655830264
276004.59655830264
276004.59655830264
276004.59655830264
276004.59655830264
276004.59655830264
276004.59655830264
276004.59655830264
276004.59655830264
276004.59655830264
276004.59655830264
276004.59655830264
276004.59655830264
276004.59655830264
276004.59655830264
276004.59655830264
276004.59655830264
276004.59655830264
276004.59655830264
276004.59655830264
276004.59655830264
276004.59655830264
276004.59655830264
276004.59655830264
276004.59655830264
276004.59655830264
276004.59655830264
276004.59655830264
276004.59655830264
276004.59655830264
276004.59655830264
276004.59655830264
276004.59655830264
276004.59655830264
276004.59655830264
276004.59655830264
276004.59655830264
276004.59655830264
276004.59655830264
276004.59655830264
276004.59655830264
276004.59655830264
276004.59655830264
276004.59655830264
276004.59655830264
276004.59655830264
276004.59655830264
276004.59655830264
276004.59655830264
276004.59655830264
276004.59655830264
276004.59655830264
276004.59655830264
276004.59655830264
276004.59655830264
276004.59655830264
276004.59655830264
276004.59655830264
276004.59655830264
276004.59655830264
276004.59655830264
276004.59655830264
276004.59655830264
276004.59655830264
276004.59655830264
276004.59655830264
276004.59655830264
276004.59655830264
276004.59655830264
276004.59655830264
276004.59655830264
276004.59655830264
276004.59655830264
276004.59655830264
276004.59655830264
276004.59655830264
276004.59655830264
276004.59655830264
276004.59655830264
276004.59655830264
276004.59655830264
276004.59655830264
276004.59655830264
276004.59655830264
276004.59655830264
276004.59655830264
276004.59655830264
276004.59655830264
276004.59655830264
276004.59655830264
276004.59655830264
276004.59655830264
276004.59655830264
276004.59655830264
276004.59655830264
276004.59655830264
276004.59655830264
276004.59655830264
276004.59655830264
276004.59655830264
276004.59655830264
276004.59655830264
276004.59655830264
276004.59655830264
276004.59655830264
276004.59655830264
276004.59655830264
276004.59655830264
276004.59655830264
276004.59655830264
276004.59655830264
276004.59655830264
276004.59655830264
276004.59655830264
276004.59655830264
276004.59655830264
276004.59655830264
276004.59655830264
276004.59655830264
276004.59655830264
276004.59655830264
276004.59655830264
276004.59655830264
276004.59655830264
276004.59655830264
276004.59655830264
276004.59655830264
276004.59655830264
276004.59655830264
276004.59655830264
276004.59655830264
276004.59655830264
276004.59655830264
276004.59655830264
276004.59655830264
276004.59655830264
276004.59655830264
276004.59655830264
276004.59655830264
276004.59655830264
276004.59655830264
276004.59655830264
276004.59655830264
276004.59655830264
276004.59655830264
276004.59655830264
276004.59655830264
276004.59655830264
276004.59655830264
276004.59655830264
276004.59655830264
276004.59655830264
276004.59655830264
276004.59655830264
276004.59655830264
276004.59655830264
276004.59655830264
276004.59655830264
276004.59655830264
276004.59655830264
276004.59655830264
276004.59655830264
276004.59655830264
276004.59655830264
276004.59655830264
276004.59655830264
276004.59655830264
276004.59655830264
276004.59655830264
276004.59655830264
276004.59655830264
276004.59655830264
276004.59655830264
276004.59655830264
276004.59655830264
276004.59655830264
276004.59655830264
-799193.6951230781
137836124.46137744
137836124.46137744
137836124.46137744
137836124.46137744
137836124.46137744
137836124.46137744
137836124.46137744
137836124.46137744
137836124.46137744
137836124.46137744
137836124.46137744
137836124.46137744
137836124.46137744
137836124.46137744
137836124.46137744
137836124.46137744
137836124.46137744
137836124.46137744
137836124.46137744
137836124.46137744
137836124.46137744
137836124.46137744
137836124.46137744
137836124.46137744
137836124.46137744
137836124.46137744
137836124.46137744
137836124.46137744
137836124.46137744
137836124.46137744
137836124.46137744
137836124.46137744
137836124.46137744
137836124.46137744
137836124.46137744
137836124.46137744
137836124.46137744
137836124.46137744
137836124.46137744
137836124.46137744
137836124.46137744
137836124.46137744
137836124.46137744
137836124.46137744
137836124.46137744
137836124.46137744
137836124.46137744
137836124.46137744
137836124.46137744
137836124.46137744
137836124.46137744
137836124.46137744
137836124.46137744
137836124.46137744
137836124.46137744
137836124.46137744
137836124.46137744
137836124.46137744
137836124.46137744
137836124.46137744
137836124.46137744
137836124.46137744
137836124.46137744
137836124.46137744
137836124.46137744
137836124.46137744
137836124.46137744
137836124.46137744
137836124.46137744
137836124.46137744
137836124.46137744
137836124.46137744
137836124.46137744
137836124.46137744
137836124.46137744
137836124.46137744
137836124.46137744
137836124.46137744
137836124.46137744
137836124.46137744
137836124.46137744
137836124.46137744
137836124.46137744
137836124.46137744
137836124.46137744
137836124.46137744
137836124.46137744
137836124.46137744
137836124.46137744
137836124.46137744
137836124.46137744
137836124.46137744
137836124.46137744
137836124.46137744
137836124.46137744
137836124.46137744
137836124.46137744
137836124.46137744
137836124.46137744
137836124.46137744
137836124.46137744
137836124.46137744
137836124.46137744
137836124.46137744
137836124.46137744
137836124.46137744
137836124.46137744
137836124.46137744
137836124.46137744
137836124.46137744
137836124.46137744
137836124.46137744
137836124.46137744
137836124.46137744
137836124.46137744
137836124.46137744
137836124.46137744
137836124.46137744
137836124.46137744
137836124.46137744
137836124.46137744
137836124.46137744
137836124.46137744
137836124.46137744
137836124.46137744
137836124.46137744
137836124.46137744
137836124.46137744
137836124.46137744
137836124.46137744
137836124.46137744
137836124.46137744
137836124.46137744
137836124.46137744
137836124.46137744
137836124.46137744
137836124.46137744
137836124.46137744
137836124.46137744
137836124.46137744
137836124.46137744
137836124.46137744
137836124.46137744
137836124.46137744
137836124.46137744
137836124.46137744
137836124.46137744
137836124.46137744
137836124.46137744
137836124.46137744
137836124.46137744
137836124.46137744
137836124.46137744
137836124.46137744
137836124.46137744
137836124.46137744
137836124.46137744
137836124.46137744
137836124.46137744
137836124.46137744
137836124.46137744
137836124.46137744
137836124.46137744
137836124.46137744
137836124.46137744
137836124.46137744
137836124.46137744
137836124.46137744
137836124.46137744
137836124.46137744
137836124.46137744
137836124.46137744
137836124.46137744
137836124.46137744
137836124.46137744
137836124.46137744
137836124.46137744
137836124.46137744
137836124.46137744
137836124.46137744
137836124.46137744
137836124.46137744
137836124.46137744
137836124.46137744
137836124.46137744
137836124.46137744
137836124.46137744
137836124.46137744
137836124.46137744
137836124.46137744
137836124.46137744
137836124.46137744
137836124.46137744
137836124.46137744
137836124.46137744
137836124.46137744
137836124.46137744
