23808.7562496
2548.87392664502
2509.795406123999
2499.006934185153
2493.2417113452543
2488.175061230113
2483.081952497836
2477.903893023128
2472.6879765300005
2467.485214419785
2462.3358895643655
2457.270110962061
2452.3102140963483
2447.4728109411267
2442.7703073850685
2438.2120036746473
2433.804896485492
2429.554268787424
2425.4641270205343
2421.537526914067
2417.7768171578114
2414.1838219608458
2410.75997788184
2407.506436312471
2404.42414011557
2401.5138807958056
2398.7763410127204
2396.2121260638355
2393.8217870785284
2391.605837990533
2389.564767847279
2387.699049627554
2386.0091464478396
2384.495515814277
2383.158612411054
2381.998889790607
2381.0168012352715
2380.2127999899944
2379.587339012828
2379.1408703503603
2378.8738442158697
2378.786707827181
2378.879904044598
2379.153869837763
2379.6090346024253
2380.245818341323
2381.064629718807
2382.0658639965313
2383.249900854823
2384.617102101797
2386.1678092735715
2387.902341126021
2389.8209910191063
2391.9240241950547
2394.2116749506654
2396.684143704747
2399.341593962161
2402.184149175426
2405.2118895060507
2408.4248484877958
2411.8230095944036
2415.406302715604
2419.1746005445957
2423.1277148829518
2427.265392866246
2431.5873131185035
2436.0930818410693
2440.782228844191
2445.6542035296375
2450.7083708340233
2455.9440071434396
2461.3602961905585
2466.9563249469584
2472.7310795242297
2478.6834410981837
2484.8121818721306
2491.1159610956306
2497.593321156609
2504.2426837656467
2511.062346252105
2518.050477992876
2525.205116995346
2532.524166657142
2540.005392725716
2547.6464204819727
2555.444732172019
2563.397664712155
2571.5024076924947
2579.7560017038236
2588.1553370142237
2596.697152619162
2605.3780356908856
2614.1944214507816
2623.142593487685
2632.218684545029
2641.418677797149
2650.73840863434
2660.1735669742407
2669.719700115137
2679.372216144182
2689.12638791158
2698.9773575781687
2708.9201417420145
2718.9496371448076
2729.0606269573773
2739.2477876381054
2749.5056963558654
2759.828838964344
2770.21161851116
2780.6483642607427
2791.1333412064128
2801.6607600430166
2812.224787567225
2822.819557469507
2833.439181476959
2844.077760804636
2854.729397867586
2865.3882082045307
2876.0483325609243
2886.7039490767256
2897.349285522872
2907.9786315280944
2918.5863507378463
2929.166892845885
2939.7148054386585
2950.2247455943216
2960.6914911774966
2971.10995177363
2981.4751792081997
2991.782377597509
3002.0269128826667
3012.2043217988466
3022.3103202377924
3032.3408109641823
3042.291890650634
3052.1598562010545
3061.9412103376208
3071.632666427434
3081.2311525370337
3090.7338146988136
3100.138019387811
3109.4413552040123
3118.6416337657233
3127.7368898216846
3136.7253805947435
3145.6055843742515
3154.376198377825
3163.036135908312
3171.5845228328803
3180.020693416773
3188.34418554505
3196.5547353690604
3204.652271416149
3212.6369082025785
3220.5089393911044
3228.2682030543465
3235.9168687828233
3243.454801734673
3250.88274467115
3258.2019197811437
3265.4135672373345
3272.519023831588
3279.5197331571508
3286.417240743686
3293.213186251418
3299.9092948717566
3306.50736846793
3313.009276652884
3319.4169478996773
3325.7323607409544
3331.957535094049
3338.094523741052
3344.1454039868404
3350.1122695140184
3355.9972224533126
3361.8023656825367
3367.5297953683325
3373.181593760716
3378.7598222495208
3384.266514690869
3389.703671008491
3395.0732510754096
3400.377168878189
3405.617286965892
3410.7954111848603
3415.913285698416
3420.972588291072
3425.974925954203
3430.921830752288
3435.814755964744
3440.655072500988
3445.4440655840667
3450.182931698789
3454.8727757996876
3459.514608774371
3464.109345156991
3468.65780108791
3473.1606925141223
3477.6186336262163
