6.9809759782851835
6.880930323662629
6.783928286856638
6.689790874587529
6.598357145092524
6.509481593162052
6.42303216421551
6.338888569877342
6.25694085245678
6.177088156252409
6.09923767155692
6.023303723546872
5.94920698328109
5.876873782073563
5.806235513762834
5.737228112033412
5.669792297725337
5.603871016159012
5.539411287093754
5.476363139951655
5.414679336272317
5.354315123667899
5.295228017323725
5.237377605665929
5.180725377283157
5.125234566580918
5.070870015978553
5.0175980498691635
4.965386373400736
4.914203964374809
4.864020988034256
4.8148087176492735
4.766539463173527
4.719186507084098
4.672724046616487
4.627127141693468
4.582371667923806
4.538434274114721
4.495292343802191
4.452923960356371
4.411307875266877
4.370423479254824
4.33025077589619
4.290770357474752
4.251963382813019
4.21381155685662
4.17629711181188
4.13940278965814
4.103111825876003
4.067407934250244
4.032275292622088
3.9976985294797482
3.9636627112889027
3.930153330476442
3.897156293991005
3.864657912373213
3.832644889276774
3.801104311389071
3.770023638706539
3.7393906951259956
3.7091936593184576
3.6794210558565443
3.6500617465708682
3.6211049221143443
3.5925400937166883
3.564358550186841
3.536548868265233
3.509101479254187
3.4820071032054645
3.4552567414813105
3.42884166945418
3.40275342932949
3.376983823088732
3.351524905551057
3.3263689775520096
3.3015085792386336
3.2769364834805543
3.252645689396915
3.2286294159993547
3.2048810959512926
3.181394369443937
3.158163078189501
3.1351812595320743
3.112443140676617
3.0899431330364795
3.067675826699764
3.0456359850147714
3.023818539294647
3.002218583641226
2.980831369887964
2.959652302661688
2.9386769345627624
2.917900961463167
2.897320217921799
2.8769306727162163
2.856728424489904
2.8367096975140047
2.816870837562372
2.7972083078986625
2.7777186853740923
2.758398656634405
2.7392450144344824
2.7202546540589463
2.7014245698470725
2.682751851820213
2.6642336824099075
2.645867333284778
2.6276501622743065
2.609579610387499
2.5916531989244485
2.573868526678785
2.5562232672289458
2.5387151663162353
2.5213420393075885
2.5041017687409903
2.4869923019514695
2.4700116487756225
2.4531578793325957
2.436429121879515
2.419823560739312
2.4033394342989673
2.3869750330761867
2.3707286978525444
2.354597580688697
2.3385816500523693
2.322678986828014
2.3068884974097017
2.2912085158898416
2.275637640396424
2.2601744974742726
2.244817634454583
2.229565951535799
2.214418216610102
2.1993732075915133
2.1844301308380674
2.169588152389448
2.154845304150648
2.140200506860701
2.1256527084721717
2.1112008824690256
2.0968440271094835
2.0825811646902768
2.068411340811023
2.0543336236435414
2.040347103210404
2.0264508906759042
2.0126441176518077
1.9989259355195603
1.9852955147701297
1.9717520443622445
1.958294731099508
1.9449227990265978
1.931635488844605
1.9184320573453966
1.9053117768648047
1.8922739347543498
1.8793178328711426
1.8664427870855573
1.8536481268062592
1.840933194522122
1.8282973453605593
1.815739946661799
1.8032603775686125
1.7908580286310056
1.7785323014254046
1.7662826081878373
1.754108371460663
1.7420090237523649
1.7299840072099704
1.7180327733036411
1.7061547825230141
1.6943495040848624
1.6826164156516727
1.670955003060741
1.6593647600633996
1.6478451880740022
1.6363957959283109
1.6250160996509255
1.6137175832096617
1.6024890421486522
1.5913267075625872
1.5802305455129415
1.5692002597202845
1.5582202583249503
1.5473080968162958
1.5364636594887404
1.5256857428888513
1.5149737766267934
1.5043272209780985
1.4937455620745637
1.4832283080052688
1.4727749856413916
1.4623851568122603
1.452058356709248
1.4417941552270308
1.431592132978232
1.4214518800854539
1.411372976932477
1.4013550511246058
