89718441.44254081
1472627.5766896675
1487193.1447872166
1498871.7170850262
1510149.3297480317
1521445.8182971624
1532824.700292496
1544287.5913101672
1555828.254169604
1567441.6265262302
1579124.6565109764
1590875.8799589123
1602694.9573411667
1614582.33052723
1626538.9847997923
1638566.285253736
1650665.8638509412
1662839.541003843
1675089.2709006043
1687417.10329016
1699825.1567496902
1712315.599987446
1724890.6387742434
1737552.5068100514
1750303.459330267
1763145.768606253
1776081.7207410028
1789113.6133376015
1802243.753741326
1815474.4576463795
1828808.0479193677
1842246.8535370927
1855793.2085669038
1869449.4511395681
1883217.922379668
1897100.9652693877
1911100.9234279203
1925220.139794127
1939460.9552028598
1953825.706847927
1968316.7266253175
1982936.339352137
1997686.8608564534
2012570.5959339924
2027589.8361678997
2042746.8576079523
2058043.9183054531
2073483.255700762
2089067.0838601603
2104797.5905589256
2120676.934208128
2136707.2406226024
2152890.599627692
2169229.0615034895
2185724.6332646995
2202379.274775531
2219194.8946991665
2236173.3462820626
2253316.4229739197
2270625.853884916
2288103.2990825945
2305750.344731542
2323568.4980801526
2341559.1822992982
2359723.7311792965
2378063.383692396
2396579.278429171
2415272.447918624
2434143.812843048
2453194.17616004
2472424.2171456697
2491834.4853740814
2511425.3946505487
2531197.216916556
2551150.0761471004
2571283.9422619333
2591598.6250744886
2612093.768303458
2632768.8436740213
2653623.1451371633
2674655.783237175
2695865.6796589387
2717251.561988125
2738811.958718665
2760545.1945432243
2782449.3859634046
2804522.4372573737
2826762.0368434223
2849165.6540782247
2871730.536529412
2894453.707761315
2917331.9656733433
2940361.881429275
2963539.799015183
2986861.835462455
3010323.8817707556
3033921.6045639743
3057650.448509688
3081505.639530211
3105482.188830081
3129574.8977613957
3153778.3635445875
3178086.9858580763
3202494.974305545
3226996.356764855
3251584.9886173964
3276254.5628511496
3300998.621025181
3325810.565077421
3350683.6699515693
3375611.0970128835
3400585.9082166357
3425601.080986891
3450649.5237574014
3475724.0921204397
3500817.6055242964
3525922.8644542205
3551032.668027555
3576139.831928558
3601237.20660496
3626317.695644674
3651374.2742481213
3676400.0077096517
3701388.069819721
3726331.76109877
3751224.5267735803
3776059.974407449
3800831.8910966394
3825534.2601480302
3850161.2771550836
3874707.3653930738
3899167.190458364
3923535.6740812208
3947808.007047053
3971979.661166305
3996046.400239843
4020004.289973001
4043849.706798054
4067579.345572639
4091190.2261279826
4114679.6986488616
4138045.447874019
4161285.4961133194
4184398.2050847244
4207382.276581229
4230236.751984671
4252961.010648964
4275554.767182145
4298018.067661278
4320351.284819681
4342555.112250502
4364630.557674402
4386578.935322879
4408401.857491556
4430101.225320208
4451683.258193105
4473138.272118415
4494481.179166365
4515710.786735269
4536830.2887562495
4557843.102049608
4578752.843827901
4599563.323022672
4620278.528391914
4640902.6154890675
4661439.8931405945
4681894.809690011
4702271.939140196
4722575.967275683
4742811.67782287
4762983.938693799
4783097.688352179
4803157.922335339
4823169.679961857
4843138.031251342
4863068.064079814
4882964.871590958
4902833.539880868
4922679.13597137
4942506.696084229
4962321.214226366
4982127.631094029
5001930.823301611
5021735.592939064
5041546.657460162
5061368.639902292
5081206.059436946
5101063.322248982
5120944.712741938
5140854.385065121
5160796.354958343
5180774.49190879
5200792.511614726
5220853.968750153
5240962.250024492
5261120.567531028
5281331.952378835
5301599.248601969
5321925.107340975
