210.99613680000002
177.74708718270153
187.72324009867535
197.53069144911436
207.18929279097554
216.7122638570536
226.10848045738217
235.38421022805127
244.54406437308637
253.59164201368142
262.52990313563447
271.36138696750544
280.0883380957355
288.71277826032076
297.236546343126
305.66131962909583
313.9886237885288
322.21983571418457
330.3561814083727
338.39872997451744
346.34838407841323
354.2058668008574
361.97170448349806
369.64620489931656
377.2294298106021
384.7211606762244
392.1208559087759
399.42759763329525
406.64002533646
413.7562530903687
420.7737661644415
427.68929179501265
434.49862189764156
441.196475158259
447.77615177954607
454.22929044972284
460.545483163673
466.711845577113
472.71254910794204
478.528378691823
484.1364627622553
489.5104732850919
494.6218435718158
499.4428953192047
503.95305431264467
508.14905697728017
512.0581891947025
515.749330842954
519.331880531102
522.9344842250738
526.6691702357394
530.6014811110637
534.7439934916935
539.0711223628898
543.5404732239215
548.1088026137817
552.7398561958896
557.4063175380738
562.0888871241851
566.7744772773145
571.4544566715773
576.1232521475064
580.7773339901383
585.4145157294627
590.0334849329105
594.633494142251
599.2141596627647
603.7753312387332
608.3170079149522
612.8392840104198
617.3421594303876
621.8260754267136
626.2913418317613
630.7379200115679
635.1661119836865
639.5761711182271
643.9683483106915
648.3428924214126
652.7000503597523
657.040067000445
661.3631344313543
665.6695823488911
669.9596154450612
674.2334670285403
678.4913692131463
682.733552397218
686.9602450207282
691.1716734828943
695.3680621477755
699.5496334005372
703.7166077330686
707.8692038474555
712.0076387701571
716.1321279725529
720.2428854952522
724.3401240739408
728.4240552647007
732.4948895698815
736.552836558783
740.5981049876948
744.6309029148036
748.6514378106064
752.6599166632213
756.6565460778043
760.6415323699927
764.6150816526932
768.57739991623
772.5286931015511
776.4691671661934
780.399028143261
784.3184821930934
788.2277356477412
792.126995048432
796.0164671759434
799.8963590742662
803.7668780674038
807.6282317699853
811.4806280914621
815.3242752344997
819.159381687628
822.9861562125526
826.8048078264583
830.61554577945
834.4185795276759
838.2141187023066
842.0023730747372
845.7835525182996
849.557866966906
853.3255263708467
857.0867406499978
860.8417196448708
864.5906730657247
868.333810439991
872.0713410582061
875.8034739189851
879.5304176728314
883.2523805654416
886.969570380308
890.6821943812042
894.3904592543475
898.0652615886384
901.8064485735603
905.5021022591457
909.1942704399877
912.8831503217094
916.5689396796671
920.2518362036625
923.9320370888971
927.6097387903907
931.2851368647899
934.9584258590367
938.6297992243706
942.2994492447091
945.9675669727948
949.6343421712727
953.2999632568642
956.9646172464061
960.6284897044638
964.2917646921137
967.9546247166231
971.6172506818957
975.2798218395927
978.9425157407941
982.6055081881741
986.2689731885478
989.9330829055792
993.5980076129312
997.2639156473408
1000.9309733618815
1004.599345079123
1008.2691930441962
1011.9406773777209
1015.6139560284696
1019.2891847257272
1022.9665169312103
1026.6461037907097
1030.3280940850987
1034.0126341808902
1037.6998679801925
1041.3899368700513
1045.0829796711912
1048.7791325860821
1052.4785291462977
1056.1813001592268
1059.8875736540842
1063.5974748272274
1067.3111259868542
1071.0286464970707
1074.7501527212605
1078.4757579649838
1082.2055724183617
1085.9397030980322
1089.6782537885356
1093.4213249838035
1097.1690138279914
1100.921414056556
1104.6786159371063
1108.4407062105709
1112.2077680325435
1115.9798809149697
