-212.59475538503258
-209.87733229259015
-207.335740954214
-204.9628723789987
-202.7460154461341
-200.6726036386553
-198.73108392599238
-196.91096538580047
-195.20273955369743
-193.59778623733075
-192.08828385902743
-190.6671275116919
-189.32785501036548
-188.06458056857147
-186.87193553356644
-185.74501555257044
-184.67933353712772
-183.67077781767918
-182.71557492105222
-181.81025645152434
-180.95162960617913
-180.1367509044287
-179.36290275801207
-178.62757255059984
-177.92843393502227
-177.26333009097627
-176.63025871708945
-176.0273585586259
-175.45289729628607
-174.90526064273428
-174.38294251207915
-173.8845361437832
-173.4087260766915
-172.95428088129873
-172.5200465692261
-172.10494060840026
-171.70794648069753
-171.32810872613774
-170.9645284240433
-170.6163590672062
-170.28280278998787
-169.96310691560333
-169.6565607916416
-169.36249288620613
-169.08026812002257
-168.80928541245729
-168.54897542170448
-168.29879846142876
-168.05824411848386
-167.82682331719457
-167.60407591033115
-167.38956300547403
-167.1828670918263
-166.98359073226152
-166.7913553486694
-166.60580009288768
-166.42658079623675
-166.2533689912819
-166.08585100004714
-165.9237270834137
-165.76671064691465
-165.61452749855388
-165.46691515467126
-165.32362219020877
-165.18445805353957
-165.04904194660045
-164.91729870820987
-164.78896940832064
-164.66384843215124
-164.54173898055674
-164.4224519117148
-164.30580522292198
-164.19162365817056
-164.07973835466655
-163.96998651215364
-163.86221108117056
-163.75626046859313
-163.65198825925216
-163.54925295257345
-163.44791771327942
-163.34785013524743
-163.24892201771004
-163.15100731279963
-163.05398925549454
-162.95774921860814
-162.86217380594698
-162.76715286740153
-162.67257933494813
-162.57834906651388
-162.4843606973078
-162.39051549822395
-162.2967172409155
-162.20287206916836
-162.10888837622247
-162.0146766877138
-161.92014954993368
-161.8252214231149
-161.72980857948505
-161.63382900582923
-161.53720231033472
-161.43984963349834
-161.34169356288916
-161.24265805157836
-161.1426683400576
-161.04165088147596
-160.93953327004124
-160.83624417243973
-160.7317132621322
-160.62587115640684
-160.51864935606153
-160.409980187606
-160.2997967478825
-160.1880328510007
-160.0746229775044
-159.9595022256747
-159.84260626490268
-159.723871291047
-159.6032339837135
-159.48063146539457
-159.3560012624056
-159.2292812675668
-159.1004097045789
-158.96932509404687
-158.83596622110937
-158.70027210463294
-158.56218196793915
-158.42163521102654
-158.27857138426194
-158.13293016351346
-157.98465132669764
-157.83367473172504
-157.67994029581732
-157.52338797618438
-157.36395775204306
-157.201589607964
-157.03622351853616
-156.86779943433575
-156.6962572691943
-156.52153688875376
-156.3435781003065
-156.1623206439083
-155.97770418476532
-155.78966830688722
-155.5981525080004
-155.40309619572136
-155.20443868498535
-155.00211919672026
-154.79607685777128
-154.5862507020627
-154.372579672995
-154.15500262706914
-153.93345833873136
-153.7078855064269
-153.47822275985402
-153.24440866840223
-153.00638175076367
-152.76408048569698
-152.51744332392315
-152.2664087011332
-152.01091505207944
-151.75090082571887
-151.48630450138003
-151.21706460590906
-150.94311973176022
-150.66440855597585
-150.38086986001338
-150.09244255035443
-149.79906567983795
-149.50067846964663
-149.19722033187398
-148.88863089258908
-148.57485001531072
-148.25581782479637
-147.9314747310443
-147.60176145339256
-147.26661904460545
-146.92598891480995
-146.57981285515285
-146.22803306103054
-145.87059215473732
-145.50743320736788
-145.13849975980037
-144.7637358425733
-144.38308599446339
-143.9964952795568
-143.6039093025965
-143.2052742223757
-142.80053676293815
-142.38964422233087
-141.9725444786416
-141.54918599304395
-141.11951780955533
-140.68348955120257
-140.24105141227048
-139.7921541462966
-139.33674904946113
-138.8747879389973
-138.40622312623572
-137.93100738387477
-222.88203676834388
-220.52785247037824
-218.27622393866417
-216.13030334824396
-214.08593642943336
-212.13770875742756
-210.28020995750708
-208.5082826047241
-206.81706487543337
-205.2019897420637
-203.65877398954208
-202.18340433119045
-200.77212255355488
-199.42141042201123
-198.12797473926403
-196.88873280451125
-195.70079843469975
-194.56146864913723
-193.46821107513233
-192.418652100624
-191.4105657770134
-190.44186345937504
-189.5105841602581
-188.6148855860992
-187.7530358208829
-186.92340561934478
-186.1244612711527
-185.35475799772396
-184.61293384425687
-183.89770403099317
-183.20785572947554
-182.54224323148674
-181.899783480377
-181.27945193650615
-180.68027875054216
-180.10134522027818
-179.54178050849302
-179.00075860112273
-178.4774954866559
-177.97124653921136
-177.4813040891627
-177.0069951665228
-176.54767940349745
-176.10274708375363
-175.67161732698025
-175.25373639825526
-174.84857613262295
-174.45563246605224
-174.07442406470417
-173.70449104507793
-173.34539377823057
-172.99671177181057
-172.6580441914952
-172.32900260650396
-172.00921949388865
-171.69834109304264
-171.39602817149978
-171.101955268237
-170.81580998299327
-170.53729230839687
-170.2661140019672
-170.00199799525328
-169.74467783758666
-169.49389717209965
-169.2494092418513
-169.01097642405935
-168.77836979058108
-168.55136869292826
-168.32976037022596
-168.11333957863394
-167.90190824086733
-167.69527511453705
-167.49325547813484
-167.29567083355786
-167.10234862415479
-166.9131219673383
-166.72782940088197
-166.54631464207066
-166.36842635893854
-166.19401795287442
-166.0229473519226
-165.85507681415865
-165.69027274054636
-165.52840549673763
-165.3693492432964
-165.21298177387106
-165.05918436086938
-164.90784160820783
-164.7588413107521
-164.61207432006768
-164.46743441614515
-164.32481818476546
-164.1841249002071
-164.04525641300103
-163.90811704246798
-163.77261347378456
-163.63865465933338
-163.5061517241215
-163.3750178750433
-163.24516831380066
-163.11652015328139
-162.98899233722557
-162.86250556300865
-162.7369822073817
-162.6123462550254
-162.48852322976884
-162.36544012834537
-162.243023678176
-162.12120866999015
-161.99991937362367
-161.87909318479197
-161.75866184000176
-161.63855990909187
-161.51872303232065
-161.39908787032996
-161.27959205577267
-161.16017414647058
-161.04077358003605
-160.92133062988222
-160.8017863625582
-160.68208259634483
-160.56216186105013
-160.4419673589489
-160.32144292681036
-160.20053299896256
-160.0791825713449
-159.95733716650062
-159.83494279946385
-159.71194594450415
-159.5882935026755
-159.4639327701481
-159.3388114072684
-159.2128774083266
-159.08607907198783
-158.95836497235982
-158.8296839306666
-158.69998498749538
-158.5692173755915
-158.4373304931755
-158.30427387775066
-158.1699971803867
-158.03445014044496
-157.89758256073165
-157.75934428305095
-157.61968516414223
-157.47855505197953
-157.33590376241307
-157.19168105613628
-157.04583661596197
-156.89832002438638
-156.74908074142945
-156.5980680827332
-156.44523119790318
-156.29051904908005
-156.13388038972312
-155.9752637435978
-155.81461738394768
-155.65188931284166
-155.48702724068204
-155.31997856586182
-155.15069035455704
-154.97910932064153
-154.8051818057169
-154.6288537592363
-154.45007071871808
-154.2687777900324
-154.08491962774877
-153.89844041553312
-153.70928384657807
-153.51739310405586
-153.3227108415785
-153.1251791636498
-152.92473960609314
-152.7213331164434
-152.5149000342769
-152.30538007147103
-152.09271229236592
-151.87683509381336
-151.65768618508636
-151.43520256762736
-151.20932051460846
-150.97997555027686
-150.74710242905462
-150.51063511435822
-150.2705067571059
-150.02664967387037
-149.77899532463866
-149.5274742901303
-149.27201624862593
-149.0125499522505
-148.7490032026538
-148.48130282602375
-148.20937464736105
-147.93314346393782
-147.65253301786058
-147.36746596764254
-147.07786385868695
-146.7836470925737
-146.48473489503024
