0.0022513
0.00526353289772519
0.005230230641058052
0.005225804919780256
0.005246776019892369
0.005289121424296076
0.005348608541185251
0.005421027533133626
0.005502349539810932
0.005588830246303028
0.005677077384333749
0.005764098894961021
0.005847344435024292
0.005924747112925281
0.005994765350913728
0.006056417753456147
0.00610929869596158
0.006153561244522091
0.006189858406835816
0.006219242935527985
0.006243036782236827
0.006262689408017005
0.006279646207966379
0.0062952439646296035
0.0063106419880421
0.006326788985634912
0.006344419449549806
0.006364070448157163
0.006386109697112243
0.006410767521269693
0.006438167676358386
0.006468354211687748
0.006501313256047151
0.006536989724562817
0.006575299558354521
0.006616138359981937
0.006659387310364823
0.006704917152720167
0.006752590878400957
0.00680226559225088
0.006853793894350229
0.00690702500036449
0.00696180573564518
0.0070179814761106634
0.0070753970673653015
0.007133897727775665
0.0071933299269997565
0.007253542257182946
0.007314386103068594
0.007375716499228922
0.007437392692697066
0.00749927869843259
0.007561243755145804
0.007623162690554061
0.007684916199013807
0.007746391036581894
0.00780748014004953
0.00786808267743465
0.007928104037897168
0.007987455769150099
0.00804605547026533
0.008103826647392487
0.00816069853938891
0.00821660591975205
0.008271488880597453
0.00832529260376289
0.008377967123474394
0.008429467084389703
0.008479751498260434
0.008528783501922639
0.008576530118849542
0.008622962026069252
0.008668053327876499
0.008711781337434952
0.008754126367083167
0.00879507152791143
0.008834602538971977
0.008872707546307635
0.008909376951843493
0.008944603252064446
0.008978380886308951
0.009010706094430538
0.009041576783522935
0.009070992403357653
0.009098953830153264
0.009125463258272603
0.009150524099432459
0.009174140889004237
0.009196319198984984
0.009217065557222827
0.00923638737249113
0.009254292865016271
0.00927079100207985
0.009285891438331256
0.009299604460464182
0.009311940935929516
0.009322912265373576
0.00933253033851227
0.009340807493167121
0.009347756477209916
0.009353390413178902
0.009357722765347515
0.009360767309042383
0.009362538102024406
0.009363049457759577
0.009362315920423199
0.009360352241491617
0.009357173357790396
0.009352794370878244
0.009347230527657293
0.009340497202110637
0.009332609878076579
0.00932358413297932
0.009313435622441163
0.009302180064758499
0.009289833232054614
0.009276410926772675
0.009261928980144982
0.009246403234565333
0.009229849533556182
0.009212283711032908
0.009193721581076501
0.009174178928185974
0.009153671497986121
0.009132214988367792
0.00910982504104052
0.00908651723348035
0.009062307071254874
0.009037209980713164
0.009011241302025217
0.008984416282559839
0.008956750070589608
0.008928257709313412
0.008898954131185433
0.008868854152542995
0.008861354321631876
0.008840609207925421
0.008817764215974282
0.008796476776222808
0.008777985208327892
0.00876256156194398
0.008750119566840941
0.00874045739980006
0.00873334982387032
0.008728579137044884
0.008725943350068793
0.008725256524566115
0.008726346946957574
0.008729055079731658
0.008733231826965705
0.008738737172055146
0.00874543911426482
0.008753212817505025
0.008761939903625561
0.00877150784435772
0.00878180942294577
0.008792742247845672
0.008804208307882673
0.008816113562379149
0.00882836756209143
0.008840883098026
0.008853575875890274
0.008866364214213402
0.008879168764329776
0.008891912250461879
0.0089045192281294
0.008916915859080402
0.008929029700879675
0.008940789509200875
0.008952125050747724
0.008962966924558537
0.008973246389208107
0.008982895193168227
0.008991845404827324
0.009000029238886877
0.009007378892463402
0.009013825799371905
0.009019302537539315
0.009023739291106888
0.009027065844751703
0.009029210686476814
0.009030100513648076
0.009029659716707527
0.009027809698329082
0.009024467993166429
0.009019547113503426
0.009012953014399205
0.009004583024683398
0.008994323018620763
0.008982043492854664
0.008967594040346465
0.008950795436480963
0.008931428100828753
0.008909214943571074
0.00888379531434861
0.008854684502811037
0.008821209140343761
0.008782401211696614
0.008736818642423483
