1030.89363
2720.6661382437396
2611.4982212358723
2543.7046062924096
2499.1142300670995
2467.82090665758
2444.273428570143
2425.3192503784585
2409.1565699202824
2394.7522039149694
2381.5118497596636
2369.0917118846323
2357.290709202005
2345.9889371088625
2335.1126881006658
2324.6146652801035
2314.462834735367
2304.634154877914
2295.111038541686
2285.8793361402054
2276.927161661108
2268.2441857596596
2259.8211899731896
2251.6497702287134
2243.722129379182
2236.030926302422
2228.5691638383873
2221.3301054927456
2214.3072147075322
2207.494112444863
2200.8845497705365
2194.472392620848
2188.251616230039
2182.2163069263165
2176.3606692242874
2170.6790363812993
2165.1658828232207
2159.8158371218187
2154.6236944442135
2149.584427661197
2144.6931965205677
2139.94535450959
2135.3364532070564
2130.8622440759978
2126.5186777793992
2122.3019011873403
2118.208252318278
2114.2342534991008
2110.376603058349
2106.6321658693646
2102.997963055428
2099.4711611595685
2096.0490610459706
2092.729086776219
2089.5087746776017
2086.3857627665507
2083.3577806851704
2080.4226402434156
2077.5782266626597
2074.822490558524
2072.153440698974
2069.5691375423467
2067.0676875407617
2064.647238188468
2062.3059737764943
2060.0421118063964
2057.8539000162586
2055.7396139619136
2053.6975550970324
2051.7260492961245
2049.82344576375
2047.9881162798636
2046.2184547221418
2044.512876829928
2042.8698201545064
2041.2877441625026
2039.7651304562817
2038.3004830765465
2036.8923288598585
2035.5392178327807
2034.2397236126947
2032.9924438052603
2031.7960003808428
2030.6490400204896
2029.5502344203242
2028.4982805487077
2027.4919008521724
2026.5298434053093
2025.6108820036143
2024.7338161993266
2023.897471279467
2023.1006981900987
2022.3423734038618
2021.6213987418746
2020.936701141691
2020.2872323857955
2019.671968787286
2019.089910836892
2018.5400828192965
2018.0215323976208
2017.5333301716723
2017.0745692136738
2016.644364585861
2016.2418528386524
2015.8661914999793
2015.5165585502612
2015.192151892848
2014.892188818217
2014.6159054652812
2014.3625562825403
2014.131413491483
2013.921766550267
2013.732921626981
2013.5642010741833
2013.4149429149222
2013.2845003352468
2013.1722411876333
2013.0775475049836
2012.9998150254198
2012.938452731524
2012.8928824001287
2012.8625381660959
2012.8468661016923
2012.8453238060833
2012.8573800179115
2012.8825142296512
2012.9202163287691
2012.969986248178
2013.031333632915
2013.103777521371
2013.1868460430444
2013.2800761307462
2013.3830132461885
2013.4952111226187
2013.6162315220615
2013.7456440044004
2013.8830257142993
2014.027961179248
2014.1800421229616
2014.3388672914743
2014.5040422929258
2014.6751794492538
2014.8518976620835
2015.0338222878088
2015.2205850279615
2015.411823827063
2015.607182786
2015.8063120798276
2016.0088678914324
2016.2145123516082
2016.422913488446
2016.6337451855961
2016.8466871500323
2017.0614248847735
2017.2776496713432
2017.4950585575548
2017.7133543515556
2017.9322456212315
2018.1514467002191
2018.3706776973077
2018.5896645077528
2018.8081388342407
2019.0258382038326
2019.2425059932002
2019.4578914516521
2019.6717497274724
2019.8838418965286
2020.0939349885657
2020.301802015927
2020.5072219999154
2020.7099799977932
2020.9098671267393
2021.1066805884707
2021.3002236874754
2021.4903058504797
2021.6767426408749
2021.8593557687966
2022.0379730993175
2022.2124286547278
2022.3825626120183
2022.5482212966735
2022.7092571692378
2022.8655288084894
2023.016900886852
2023.1632441392867
2023.3044353290047
2023.4403572023393
2023.5708984398632
2023.6959535992962
2023.8154230514103
2023.9292129093485
2024.0372349499642
2024.1394065287006
2024.2356504857823
2024.325895046524
2024.4100737145152
2024.4881251544439
2024.5599930724368
2024.6256260856546
