-0.0010080301348428166
-0.0009882676560749575
-0.0009702678080911254
-0.0009532812150879654
-0.0009368305622099912
-0.0009204403873461293
-0.0009034803732371044
-0.0008852694707204292
-0.0008653209726279857
-0.0008435474997408568
-0.0008203179766823054
-0.000796355952560964
-0.000772541028559394
-0.0007497037483189798
-0.0007284840266666857
-0.0007092763458653677
-0.000692244921915114
-0.000677376098548278
-0.0006645393562271402
-0.0006535402344155486
-0.0006441591557605359
-0.0006361765096101547
-0.0006293869566179811
-0.0006236062908651938
-0.0006186736344564236
-0.0006144509592400391
-0.0006108212404657544
-0.0006076860422331858
-0.0006049629897129746
-0.0006025833687483052
-0.000600489965348789
-0.0005986351799236044
-0.0005969794161456676
-0.0005954897221510083
-0.0005941386539940906
-0.0005929033316072851
-0.0005917646564610186
-0.0005907066651338567
-0.0005897159962982259
-0.0005887814502109321
-0.0005878936261464983
-0.0005870446217936053
-0.0005862277861734318
-0.0005854375141908744
-0.000584669076954045
-0.000583918480630493
-0.0005831823493211078
-0.0005824578275952049
-0.000581742499000538
-0.0005810343181831851
-0.0005803315538505455
-0.0005796327410659267
-0.0005789366410189943
-0.0005782422076244491
-0.0005775485585879306
-0.0005768549514290145
-0.0005761607633536823
-0.0005754654734572503
-0.0005747686487498056
-0.0005740699305839499
-0.0005733690252215032
-0.0005726656935217448
-0.0005719597440669641
-0.0005712510258638187
-0.0005705394227969794
-0.0005698248488071479
-0.000569107243311849
-0.0005683865680109253
-0.0005676628030289732
-0.0005669359450365604
-0.0005662060040958645
-0.000565473001984587
-0.000564736970561101
-0.000563997949876291
-0.0005632559868128382
-0.0005625111344333233
-0.000561763450390178
-0.0005610129963734423
-0.0005602598373100224
-0.0005595040405508299
-0.0005587456754782994
-0.0005579848129196096
-0.0005572215246895041
-0.0005564558834302775
-0.0005556879619108295
-0.0005549178331042918
-0.0005541455698570482
-0.0005533712443761467
-0.0005525949285331293
-0.0005518166936308059
-0.0005510366098604739
-0.0005502547467130372
-0.000549471172429761
-0.0005486859545596492
-0.0005478991591526416
-0.0005471108510532705
-0.0005463210943162727
-0.0005455299514428594
-0.000544737483538146
-0.0005439437507663961
-0.0005431488118875247
-0.000542352724263174
-0.00054155554421037
-0.0005407573265308434
-0.0005399581249932975
-0.000539157992129683
-0.0005383569790477861
-0.0005375551359651288
-0.0005367525116135607
-0.0005359491538515236
-0.000535145109341816
-0.0005343404236375237
-0.0005335351410976963
-0.0005327293053356741
-0.0005319229587028347
-0.0005311161427816206
-0.0005303088981292942
-0.0005295012644191567
-0.0005286932804713275
-0.0005278849842795688
-0.0005270764129245145
-0.0005262676029746342
-0.0005254585899189842
-0.0005246494090386874
-0.000523840094611831
-0.0005230306804508446
-0.0005222211996114175
-0.0005214116850216618
-0.0005206021686934111
-0.0005197926824941972
-0.0005189832577823809
-0.0005181739255488168
-0.0005173647166968051
-0.0005165556615398393
-0.0005157467905431368
-0.0005149381336470905
-0.0005141297211596277
-0.0005133215829716971
-0.0005125137491078993
-0.0005117062498380634
-0.0005108991154532369
-0.0005100923765291351
-0.0005092860638703265
-0.0005084802087778097
-0.0005076748429219484
-0.0005068699985874962
-0.0005060657087030288
-0.0005052620070431488
-0.0005044589280102042
-0.0005011529144435305
-0.0005006603297682095
-0.0005001076893465296
-0.0004995043275747847
-0.00049885995468974
-0.0004981830693330209
-0.0004974806446083616
-0.0004967581998591063
-0.0004961190087528949
-0.0004954828068309446
-0.0004948136212880301
-0.0004941194001484418
-0.0004934059798748489
-0.0004926777167194034
-0.0004919379025792662
-0.0004911890516184854
-0.0004904331033790403
-0.0004896715694182607
-0.0004889056401439439
-0.00048813626342321913
-0.00048736420362008114
-0.0004865900858393368
-0.0004858144294726323
-0.0004850376739516457
-0.000484260198609691
-0.00048348233826152266
-0.0004827043956740672
-0.000481926651591575
-0.0004811493725707115
-0.00048037281824626264
-0.0004795972472204526
-0.00047882292231024717
-0.00047805011564267143
-0.0004772791130774695
-0.0004765102191548143
-0.00047574376163455603
-0.0004749800964187007
-0.0004742196128559217
-0.00047346273969391133
-0.0004727099512315902
-0.0004719617747645386
-0.0004712187985560019
-0.0004704816810930759
-0.0004697511621783754
-0.0004690280749381961
-0.00046831336091552456
-0.0004676080862984934
-0.0004669134624280706
-0.0004662308689815051
-0.0004655618806585643
