99.14477
12.277199503877076
12.083068049287801
11.914274376491882
11.77100847859319
11.660045400275282
11.585774782716479
11.546529853192272
11.53497297090195
11.541188503399157
11.555909792181808
11.57230684145986
11.586320617800846
11.59617706347323
11.601639731433512
11.603314911105338
11.602136331754005
11.59904724887055
11.594843569172479
11.590124608174383
11.585303088766233
11.580640053547267
11.576284624383984
11.572309120899979
11.568736423732949
11.565559674639477
11.562755659322836
11.560293457415591
11.558139766467873
11.556261990230922
11.55462988246521
11.553216294518581
11.551997383868958
11.550952521710794
11.550064044579907
11.549316937417576
11.548698502632105
11.548198040759754
11.547806558259007
11.547516509209593
11.54732156876059
11.547216440503455
11.547196689711024
11.547258605123147
11.54739908014139
11.547615514076776
11.54790572836551
11.548267896576988
11.54870048576984
11.549202206687886
11.549771972404423
11.550408862995935
11.551112096125385
11.551881001933035
11.552715002965265
11.553613595550896
11.554576335202423
11.55560282476948
11.556692702826355
11.55784563664643
11.559061312425596
11.560339432148387
11.561679705802895
11.5630818494584
11.564545580519622
11.566070615472848
11.56765666805328
11.569303446789514
11.571010654842008
11.572777987419983
11.574605133153174
11.576491771785722
11.57843757480341
11.580442205718384
11.582505319268545
11.584626561483878
11.586805571179944
11.58904197881847
11.591335407632961
11.593685473920038
11.596091787025042
11.598553950226849
11.601071560901387
11.603644210860471
11.606271487305511
11.60895297223264
11.611688243695145
11.614476875941085
11.617318438922386
11.62021249981821
11.623158623107889
11.626156369722754
11.629205298606134
11.632304965685677
11.63545492567946
11.638654730278367
11.641903929104426
11.645202070979973
11.64854870204266
11.651943366189212
11.65538560628672
11.658874962948047
11.662410974413998
11.66599317742398
11.669621105752537
11.673294291331489
11.677012263465308
11.680774548041178
11.684580668656743
11.688430144690686
11.692322492550993
11.696257224415794
11.700233848001574
11.704251865853514
11.708310776052832
11.712410070253046
11.71654923443086
11.720727747563345
11.724945081338772
11.729200699540653
11.733494057352404
11.737824600333987
11.742191764674786
11.74659497472646
11.751033644496355
11.75550717439909
11.760014951707138
11.764556348580827
11.769130722686494
11.773737413653476
11.778375743928768
11.783045016304273
11.787744512773353
11.792473493743936
11.797231194813318
11.802016827086838
11.806829573221828
11.811668587928636
11.816532993412185
11.821421878538535
11.826334296606507
11.831269261871162
11.83622574732749
11.8412026813344
11.846198944911567
11.851213367634333
11.856244724316264
11.861291730726654
11.86635303945812
11.87142723414325
11.960254097152829
11.939773973411672
11.923835262793942
11.912171973437049
11.90415307006235
11.899092848191339
11.896371207503176
11.895469498790451
11.895851325771465
11.897299082710543
11.899602016333036
11.902551359818487
11.905989057908899
11.909794794354085
11.913876489493013
11.918163266895462
11.922600216788734
11.92714447809104
11.931762291778172
11.93642677406449
11.94111622724345
11.945812849571885
11.950501743704542
11.955170148818196
11.959806839585786
11.964401649952503
11.968945089890612
11.97342802992993
11.977841433315808
11.982176124678848
11.986422579454045
11.990570725550898
11.99460974988822
11.998527899825302
12.002312275982193
12.005948605840446
12.00942099314071
12.012711634794586
12.01580049688655
12.018664937579349
12.021279267984003
12.023614233178687
12.025636397636733
12.027307414433391
12.028583147096798
12.029412617298135
12.029736728227649
12.029486721069475
12.028582291164359
