1.5002
1.5000986498023028
1.5000924351150584
1.5000862566081063
1.5000800697667231
1.5000738954988173
1.5000677530823745
1.5000616583650574
1.5000556242530918
1.5000496611901195
1.5000437775560627
1.5000379799985932
1.5000322737096767
1.5000266626571352
1.5000211497791516
1.5000157371480787
1.500010426182187
1.5000052175235619
1.5000001114116126
1.4999951076408815
1.4999902056502035
1.4999854045828407
1.4999807033379997
1.4999761006146648
1.499971594948891
1.4999671847455298
1.4999628683052169
1.4999586447175506
1.4999545104154313
1.4999504643498207
1.4999465046170954
1.4999426292796998
1.4999388363902415
1.499935124000499
1.4999314901685632
1.4999279329648034
1.4999244504768443
1.499921040813702
1.4999177021091916
1.4999144325247218
1.499911230251556
1.4999080935126232
1.499905020563943
1.499902009695718
1.4998990592331478
1.4998961675370013
1.4998933330039845
1.4998905540669367
1.4998878291948776
1.4998851568929306
1.4998825357021408
1.4998799641992044
1.4998774409961242
1.4998749647398022
1.4998725341115813
1.4998701478267447
1.4998678046339802
1.4998655033148165
1.499863242683037
1.4998610215840766
1.4998588388944054
1.4998566935209003
1.4998545844002142
1.4998525104981373
1.4998504708089593
1.4998484644922412
1.4998464904381816
1.4998445477368745
1.4998426354924057
1.49984075283233
1.4998388989088467
1.499837072898262
1.4998352740003873
1.499833501437948
1.4998317544559951
1.4998300323213312
1.499828334321944
1.4998266597664498
1.499825007983549
1.499823378321487
1.4998217701475343
1.4998201828474664
1.4998186158250624
1.4998170685016115
1.4998155403154272
1.499814030721378
1.499812539190424
1.4998110652091636
1.499809608279396
1.4998081679176871
1.4998067436549511
1.4998053350360396
1.499803941619341
1.4998025629763911
1.4998011986914925
1.499799848361343
1.4997985115946766
1.4997971880119099
1.499795877244801
1.499794578936117
1.4997932927393072
1.4997920183181914
1.4997907553466507
1.4997895035083317
1.4997882624963543
1.4997870320130315
1.4997858117695975
1.499784601485939
1.499783400890339
1.499782209719227
1.4997810277169343
1.4997798546354613
1.4997786902342434
1.4997775342799318
1.4997763865461824
1.4997752468134393
1.4997741148687365
1.4997729905054997
1.4997718735233578
1.4997707637279603
1.4997696609307918
1.4997685649490042
1.4997674756052497
1.4997870072956387
1.4997664489083045
1.4997848182303088
1.4997643096549602
1.4997662683965403
1.4997652487360242
1.4997641956141288
1.499779562987098
1.4997787352582206
1.499777677334313
1.4997766168697668
1.4997551727192793
1.4997538569444284
1.4997528352033793
1.4997518271346624
1.4997508237830939
1.4997498247644256
1.4997488299680453
1.4997478392950514
1.499746852649914
1.499745869940111
1.499744891076033
1.499743915970893
1.4997429445406458
1.4997419767039122
1.4997410123819006
1.49974005149834
1.4997390939794084
1.4997381397536689
1.499737188752006
1.4997362409075643
1.4997352961556887
1.499734354433869
1.499733415681684
1.4997324798407476
1.4997315468546575
1.4997306166689464
1.4997296892310303
1.4997287644901653
1.4997278423974012
1.4997269229055352
1.499726005969072
1.4997250915441818
1.4997241795886584
1.499723270061884
1.499722362924788
1.4997214581398126
1.4997205556708773
1.4997196554833436
1.4997187575439832
1.4997178618209452
1.4997169682837237
1.4997160769031301
1.499715187651261
1.4997143005014717
1.4997132646377511
1.499712352252914
1.4997114725053384
1.499710593995207
1.499709718549895
1.4997090213565372
1.4997081503979008
1.4997072792122983
1.4997064096464836
1.4997055420159469
1.4997046763013826
1.4997038124870188
1.499702950557832
1.499702090499653
1.4997012320803724
1.4997003757248233
1.4996995212067274
1.4996986685131048
1.4996978176349098
1.499696968777987
1.499696121508569
