0.14930729433618492
0.14940105499243977
0.14948798505409505
0.1495688312608666
0.1496441990609241
0.14971462435157482
0.1497805595477376
0.14984236749298022
0.14990033371881079
0.14995468706381115
0.15000561879580956
0.15005329624142147
0.15009787111202375
0.15013948411155587
0.1501782673406704
0.15021434554779825
0.15024783684801687
0.15027885323180676
0.15030750100704982
0.1503338812239503
0.150358090090565
0.15038021937197524
0.1504003567639476
0.15041858623430737
0.1504349883285734
0.1504496404392728
0.15046261704039446
0.1504739898897111
0.15048382820235087
0.15049219879922662
0.15049916623387707
0.15050479290104654
0.15050913913002142
0.1505122632653908
0.1505142217375448
0.15051506912489004
0.15051485820944907
0.15051364002723763
0.15051146391456585
0.15050837755120022
0.15050442700114208
0.15049965675162275
0.15049410975078922
0.15048782744444286
0.15048084981210713
0.15047321540262587
0.15046496136943396
0.15045612350559523
0.15044673627866317
0.15043683286539136
0.15042644518629641
0.15041560394005943
0.15040433863774028
0.15039267763676803
0.15038064817466662
0.15036827640247197
0.15035558741779495
0.15034260529748344
0.1503293531298419
0.15031585304636413
0.1503021262529439
0.1502881930605246
0.15027407291515998
0.15025978442745558
0.1502453454013685
0.1502307728623451
0.15021608308478004
0.1502012916187845
0.15018641331625318
0.15017146235622522
0.15015645226953395
0.15014139596274634
0.15012630574139313
0.15011119333249326
0.15009606990638
0.1500809460978347
0.15006583202653884
0.15005073731685425
0.150035671116944
0.15002064211724572
0.15000565856831252
0.14999072829803445
0.1499758587282562
0.14996105689080644
0.1499463294429537
0.1499316826823057
0.14991712256116776
0.1499026547003758
0.14988828440262106
0.14987401666528177
0.14985985619277742
0.14984580740846234
0.14983187446607307
0.14981806126074496
0.14980437143961273
0.14979080841201037
0.14977737535928357
0.149764075244229
0.1497509108201741
0.1497378846397108
0.14972499906309467
0.1497122562663239
0.14969965824890827
0.14968720684134101
0.1496749037122841
0.149662750375478
0.14965074819638682
0.14963889839858835
0.14962720206991928
0.14961566016838457
0.14960427352784075
0.14959304286346095
0.14958196877699098
0.1495710517618039
0.14956029220776149
0.14954969040588914
0.14953924655287282
0.14952896075538327
0.14951883303423583
0.1495088633283911
0.14949905149880272
0.1494893973321187
0.14947990054424157
0.14947056078375273
0.1494613776352062
0.14945235062229728
0.14944347921091009
0.14943476281204934
0.14942620078466037
0.14941779243834163
0.1494095370359542
0.14940143379613155
0.149393481895694
0.14938568047197076
0.14937802862503385
0.14937052541984638
0.14936316988832918
0.14935596103134816
0.14934889782062583
0.14934197920057987
0.14933520409009057
0.14932857138420141
0.1493220799557536
0.14931572865695825
0.14930951632090772
0.1493034417630289
0.14929750378248047
0.1492917011634959
0.14928603267667467
0.14928049708022356
0.14927536784163056
0.14927036667295596
0.14926548905886947
0.14926073292729392
0.14925609718586885
0.14925158106145203
0.14924718382514032
0.14924290465609377
0.149238742448038
0.14923469627778344
0.14923076514537026
0.14922694791905705
0.1492232433806764
0.14921965025465428
0.14921616722715408
0.14921279295904935
0.1492095260949269
0.14920636526947126
0.14920330911208468
0.14920035625029582
0.14919750531232395
0.14919475492904685
0.14919210373554204
0.14918955037232173
0.14918709348634482
0.14918473173186628
0.14918246377116898
0.14918028827520902
0.14917820392420042
0.14917620940815618
0.14917430342740148
0.14917248469307023
0.1491707519275943
0.14916910386519489
0.14916753925238294
0.14916605684847614
0.1491646554261394
0.14916333377195612
0.14916209068703806
0.14916092498768083
0.14915983550607428
0.14915882109107612
0.14915788060905835
0.14915701294483663
0.1491562170026923
0.14915549170749812
0.1491548360059563
0.14915424886795797
0.14915372928806894
