0.04239810640669949
0.04078317314928601
0.039935165384345016
0.039497689600033165
0.0393227149347384
0.03932961561067991
0.03946759886810861
0.03970232859520024
0.04000971416223382
0.04037246972335033
0.04077800809655394
0.04121707286654109
0.04168281365769631
0.042170142086496755
0.04267527275572688
0.04319539027348767
0.04372840444524531
0.04427276852803548
0.04482734338190726
0.04539129547558012
0.04596402010964996
0.046545083552909636
0.047134179426318326
0.0477310958469716
0.04833569070648476
0.048947873098183374
0.04956758938765721
0.050194812784117845
0.05082953554555703
0.0514717631604774
0.05212151000883915
0.0527787961266708
0.053443644791490504
0.054116080716116705
0.054796128691821475
0.055483812562143645
0.05617915443909599
0.05688217409636476
0.05759288849122644
0.05831131137969205
0.05903745299890762
0.05977131979789436
0.06051291420292816
0.06126223440770555
0.06201927418125906
0.06278402268865506
0.06355646432101708
0.0643365785325092
0.06512433968272319
0.06591971688347993
0.06672267384948659
0.06753316875258814
0.06835115407957791
0.06917657649369127
0.07000937670002368
0.07084948931520471
0.07169684274172113
0.07255135904733093
0.07341295385004896
0.07428153620921005
0.0751570085231346
0.07603926643394217
0.07692819874006362
0.07782368731701071
0.07872560704696886
0.0796338257577718
0.08054820417182201
0.08146859586550567
0.08239484723964781
0.08332679750153749
0.08426427865903788
0.08520711552727289
0.08615512574836548
0.08710811982466803
0.0880659011659036
0.08902826615059577
0.08999500420213222
0.09096589787976468
0.09194072298480249
0.09291924868221567
0.09390123763780149
0.09488644617102716
0.09587462442359633
0.0968655165437292
0.09785886088608867
0.09885439022721564
0.0998518319962726
0.10085090852083073
0.10185133728736374
0.10285283121604394
0.10385509894936736
0.10485784515406635
0.1058607708356983
0.10686357366523375
0.10786594831690108
0.10886758681647964
0.10986817889917733
0.11086741237616399
0.11186497350878584
0.11286054738942718
0.11385381832795131
0.11484447024259871
0.11583218705419655
0.11681665308249656
0.11779755344343872
0.11877457444611829
0.11974740398822262
0.12071573194870057
0.12167925057643125
0.12263765487366145
0.12359064297300462
0.12453791650681331
0.125479180967762
0.1264141460595253
0.1273425260364602
0.12826404003126682
0.12917841236964595
0.13008537287102684
0.13098465713451993
0.13187600680928935
0.1327591698486435
0.1336339007471923
0.13449996076051088
0.13535711810682577
0.1362051481503235
0.13704383356576733
0.13787296448418307
0.13869233861946875
0.1395017613758606
0.14030104593627327
0.141090013331611
0.1418684924912206
0.1426363202747447
0.14339334148569371
0.1441394088671318
0.1448743830799337
0.145598132664135
0.1463105339839521
0.1470114711570978
0.14770083596907516
0.14837852777316468
0.14904445337686448
0.14969852691557128
0.15034066971432156
0.1509708101384298
0.1515888834338852
0.15219483155836896
0.1527886030037783
0.1533701526111317
0.15393944137873755
0.15449643626449697
0.15504110998321208
0.1555734407997419
0.1560934123188511
0.15660101327255793
0.15709637622203487
0.157579162575511
0.15804960328572495
0.15850769075227772
0.15895342768380105
0.15938682520980238
0.15980790022602875
0.16021667401217693
0.16061317149667176
0.16099742082039237
0.16136945303704994
0.1617293018772843
0.1620770035441553
0.16241259652586384
0.16273612141958613
0.16304762076387677
0.16334713887862756
0.1636347217122581
0.1639104166960707
0.16417427260581663
0.1644263394305547
0.1646666682488663
0.16489531111248198
0.16511232093735545
0.16531775140219018
0.16551165685440172
0.16569409222348552
0.16586511294172734
0.166024774872174
0.16617313424376773
0.16631024759353283
0.16643617171568245
0.166550963617488
0.16665468048176638
0.1667473796357963
0.1668291185264946
0.1668999547016419
0.16695994579696666
0.16700914952886592
0.16704762369255224
0.1670754261653924
0.1670926149152151
0.16709924801334283
0.16709538365212653
