-16.861190349366403
-15.746854494120786
-14.646332912333612
-13.558836975337307
-12.483908771679182
-11.421281504073072
-10.370786676088482
-9.332307106610383
-8.305751554220429
-7.291041412455975
-6.288103543933442
-5.296866277600838
-4.317257014027039
-3.349200621531871
-2.3926181879180817
-1.447425888788164
-0.5135338324095464
0.4091552113394812
1.3207472704698588
2.22135888729548
3.111119165890834
3.9901722379209232
4.858680253928398
5.716827034091793
6.564822547891481
7.4029084376184215
8.231364859145838
9.05051898694655
9.860755621816914
10.66253045063101
11.456386634195905
12.242976750065306
13.023083896179074
13.797660202591302
14.567860935055553
15.335090615665028
16.101052753951162
16.867798137263822
17.63775715957934
18.413725558862794
19.198744167667567
19.99576706559811
20.806952191279397
21.63236828427772
22.468000343908052
23.303359523351144
24.119904108343565
24.892366638943525
25.594415464733334
26.206858267034228
26.723463984537975
27.150806427028215
27.503358868281136
27.79775140073389
28.048961304445776
28.268781149801335
28.465772816181055
28.64584917337612
28.81297124202856
28.96974664994471
29.11787805875123
29.258476296451917
29.39227040897684
29.519745236510843
29.64123022212049
29.75695622631917
29.86709167481124
29.971765479841686
30.0710815413259
30.165117784810505
30.253972201231946
30.33771676255772
30.41639893678655
30.490093123035738
30.55886243487025
30.62276879107337
30.68187328662475
30.736236423428878
30.785918253701837
30.83097697760777
30.87147496723382
30.90746986306993
30.939020501613612
30.9661854770825
30.989023142724875
31.007591611139425
31.021948752287948
31.032152190918467
31.03825930332169
31.040327213941758
31.03841279175831
31.032572646705546
31.022863126141832
31.009340311389007
30.99206001438768
30.97107777447368
30.94644885529031
30.918228241836523
30.88647063762761
30.85123046198752
30.812561847479103
30.77051863741947
30.725154383538367
30.676522343716186
30.624675479842537
30.569666455753506
30.511547635258793
30.450371080267765
30.386188548969116
30.319051494101366
30.24901106129168
30.176118087448252
30.100423099226973
30.021976311539248
29.94082762613926
29.857026630233218
29.770622595160365
29.681664475108022
29.590200905880103
29.496280203702863
29.399950364072907
29.301259060653642
29.200253644204665
29.096981141555474
28.991488254614627
28.883821359432147
28.77402650528365
28.662149413807427
28.548235478183095
28.43232976234978
28.314477000266066
28.194721595215835
28.073107619167075
27.949678812158357
27.824478581760893
27.697550002560085
27.568935815716046
27.438678428552734
27.306819914218103
27.172753859441826
27.038352537193177
26.90194751787327
26.764105851485674
26.62486797434885
26.484273981175456
26.342363626402623
26.19917632597799
26.05475115866365
25.909126867012837
25.762341858150677
25.61443420446966
25.46544164425551
25.315401582331212
25.164351090706006
25.012326909253254
24.85936544645024
24.70550278015265
24.550774658431763
24.395216500458275
24.238863397454477
24.081750113684823
23.923911087515975
23.765380432514522
23.606191938592772
23.446379073220143
23.285974982649876
23.125012493207848
22.96352411259929
22.80154203126434
22.639098123751047
22.476223950113877
22.31295075733638
22.14930948075861
21.98533074553131
21.821044868057434
21.656481857441232
21.491671416932576
21.326642945360703
21.161425538545085
20.996047990689064
20.830538795744044
20.66492614872711
20.49923794702412
20.33350179161831
20.16774498827456
20.001994548670382
19.836277191445532
19.67061934319835
19.50504713938349
19.339586425136886
19.174262755995105
19.00910139854429
18.84412733092074
18.6793652432487
18.514839537920636
18.350574329796707
18.186593446234177
18.022920427020473
17.859578524150162
17.696590701469027
