501005.603097792
430083.5106653247
413515.74913156097
399192.53840143594
386587.6505378635
375280.72479188605
364937.02508681983
355293.12838206603
346145.79376168456
337343.362420848
328779.23139655165
320386.88338339666
312135.81785535277
304027.5827870885
296091.06145400624
288376.33372125204
280946.8682130813
273870.4567602193
267209.96859956865
261015.38188788758
255318.42197403582
250130.5143851076
245443.91525263776
241235.17677098393
237469.78415408707
234106.88284757404
231103.3486769669
228416.845724093
226007.83177768707
223840.6598149414
221883.99891872716
220110.797665117
218497.97523122316
217025.97684325147
215678.2851786592
214440.94367673493
213302.12214011516
212251.73804235877
211281.13648927148
210382.8258484668
209550.26310227744
208777.68186320196
208059.95594878175
207392.4919443046
206771.14497626424
206192.1527923575
205652.0840916586
205147.79583931662
204676.40913379667
204235.27029474877
203821.93846964283
203434.16544611144
203069.88041740618
202727.17668191885
202404.29978952813
202099.6367858946
201811.70630949968
201539.1493725165
201280.7207117127
201035.28063448923
200801.7873118815
200579.28948809268
200366.91958732044
200163.8872052358
199969.47297586733
199783.02280594528
199603.94246872768
199431.69254853233
199265.78372604222
199105.77239316632
198951.25658502846
198801.87221561355
198657.2896027473
198517.21026751274
198381.36399282183
198249.50612572685
198121.41510811425
197996.890220625
197875.74952502243
197757.8279906914
197642.9757915163
197531.05675999838
197421.94698615037
197315.53354939533
197211.7133723913
197110.39218642196
197011.48359868536
196914.90825248256
196820.59307197263
196728.4705837943
196638.47830844086
196550.55821484886
196464.65623221255
196380.72181350144
196298.7075456769
196218.5688019911
196140.2634322048
196063.75148689654
195988.99497241294
195915.95763331666
195844.60475947452
195774.9030152299
195706.8202883061
195640.32555635466
195575.38876924262
195511.98074537684
195450.07308052012
195389.63806772456
195330.64862713765
195273.07824457152
195216.900917834
195162.0911099347
195108.62370836956
195056.4739897628
195005.6175826175
194956.0304739875
194907.6889206454
194860.56949490303
194814.64903576783
194769.9046407774
194726.31365384324
194683.85365496748
194642.50245157364
194602.2380712561
194563.0387557488
194524.8829559211
194487.7493277206
194451.61672885288
194416.4642161383
194382.271043421
194349.01665996658
194316.68070922588
194285.24302797441
194254.68364566227
194224.98278406876
196695.1293214619
198080.33150924716
199732.05327349846
201489.22242095106
203274.38355093307
205050.5508613857
206800.1342679583
208514.7501600824
210190.47700687143
211825.5577577075
213419.3073218048
214971.5845624744
216482.5337124883
217952.45554561086
219381.74174586084
220770.84047123182
222120.23756099454
223430.44574030343
224701.9980131021
225935.4433182951
227131.34345962355
228290.27079031896
229412.8063730042
230499.53845788157
231551.061187852
232567.97347172772
233550.87798481635
234500.3802677595
235417.0878967209
236301.60970359997
237154.55502394214
237976.5329516439
238768.15157808355
239530.01719183577
240262.73341252824
240966.9002286656
241643.11290628678
242291.9606886742
242914.02540868337
243509.87957089703
244080.08309015006
244625.13828028302
245145.71510441473
245642.1771137314
246115.0590365652
246564.8064216273
246991.8263430251
247396.47349828464
247779.03593804952
248139.7161480661
248478.60566734482
248795.65060392936
249090.60415421636
249362.9602888092
249611.8597094561
249835.95427793654
250033.20809793324
250200.60003474055
250333.66956645928
250425.80778081424
250467.12330351138
250442.57983224842
250328.8484650398
250088.81943098857
