-23.318956428902467
-23.18661665129028
-23.05314248701558
-22.919453582477235
-22.786115827781895
-22.65340987976786
-22.52146641910481
-22.390336763424486
-22.260029336310346
-22.130528353117192
-22.001803242279525
-21.87381322205511
-21.746509319091803
-21.619835005985706
-21.493726057834103
-21.368109926349863
-21.242904771120337
-21.118018201821783
-20.993345736564017
-20.868768951124054
-20.74415327157958
-20.6193453432102
-20.49416988822277
-20.368425941667496
-20.241882327119512
-20.11427219975677
-19.98528644280899
-19.854565652775698
-19.72169038825564
-19.586169287218034
-19.447424581089155
-19.304774460001177
-19.15741169213877
-19.00437791325136
-18.844533162543776
-18.67652070560106
-18.498728246681306
-18.30924881854669
-18.10584885875024
-17.885958721175736
-17.64671428558176
-17.385099792170237
-17.098271888565723
-16.784174719058147
-16.4425539499168
-16.076370002811412
-15.693293502850356
-15.306438260694991
-14.933139436550105
-14.591228264703298
-14.29411168766806
-14.047420176178045
-13.849042533645592
-13.691828525537908
-13.566841146129246
-13.465667522473755
-13.381458247266337
-13.309104643868814
-13.244998301059008
-13.186676749506171
-13.132495617704928
-13.08137147443796
-13.032596067022657
-12.985708215577384
-12.94040787423347
-12.896499444762808
-12.853854774462095
-12.812389159693414
-12.772045846603444
-12.732789726602988
-12.694585998411258
-12.657415089708833
-12.621269414740624
-12.586133030557496
-12.55199592270617
-12.5188499179892
-12.486685860578167
-12.45549699316741
-12.425276268647572
-12.396016889758746
-12.36771223669035
-12.340355822766334
-12.313941268048438
-12.288462284309004
-12.263912667184224
-12.240286292818332
-12.21757711727682
-12.19577917761978
-12.174886593925807
-12.15489357180703
-12.135794405127672
-12.11758347873595
-12.100255271089216
-12.083804356715243
-12.06822540842543
-12.053513199302966
-12.039662604416424
-12.026668602265442
-12.014526275956067
-12.003230814108159
-11.99277751149922
-11.983161769451561
-11.97437909597006
-11.966425105638681
-11.95929551928342
-11.952986163412053
-11.94749296943778
-11.942811972696989
-11.938939311269525
-11.935871224610251
-11.933604052000463
-11.932134230828378
-11.931458294706053
-11.931572871432016
-11.932474680805926
-11.93416053230483
-11.936627322626624
-11.939872033109115
-11.943891727031167
-11.948683546801316
-11.954244711042673
-11.960572511577231
-11.967664310317486
-11.975517536069182
-11.984129681251634
-11.993498298539759
-12.003620997432037
-12.014495440750455
-12.026119341073832
-12.038490457111598
-12.0516065900188
-12.065465579658559
-12.08006530081179
-12.095403659341573
-12.11147858831211
-12.128288044064771
-12.14583000225701
-12.164102453863944
-12.183103401145713
-12.202830853583823
-12.223282823788399
-12.244457323378244
-12.26635235883718
-12.288965927347721
-12.312296012605156
-12.336340580615234
-12.361097575475132
-12.386564915144207
-12.4127404872035
-12.439622144609352
-12.467207701442103
-12.495494928653695
-12.52448154981819
-12.554165236886714
-12.584543605950447
-12.615614213018223
-12.647374549807049
-12.679822039556258
-12.712954032863673
-12.746767803552041
-12.781260544568147
-12.816429363922058
-12.852271280668118
-12.888783220937114
-12.925962014022312
-12.963804388526375
-13.002306968575473
-13.041466270107266
-13.081278697237362
-13.121740538715503
-13.162847964473118
-13.2045970222737
-13.246983634472354
-13.290003594891667
-13.33365256582329
-17.205859452684507
-17.091646773686687
-16.977458809876758
-16.86374581045975
-16.750822118791678
-16.63885007454651
-16.527913163430146
-16.418054246596547
-16.309295317758934
-16.201647693661396
-16.095117260306772
-15.989707166759525
-15.885419202278507
-15.78225449471017
-15.68021385928486
-15.57929796758811
-15.479507424240882
-15.380842796410944
-15.283304619403808
-15.18689339030802
-15.091609555856683
-14.99745349768035
-14.90442551657993
-14.812525816666513
-14.721754489803232
-14.632111500580804
-14.543596671953082
-14.45620967160499
-14.36994999909958
-14.284816973834209
-14.200809723832958
-14.117927175393497
-14.036168043606045
-13.955530823757817
-13.876013783633729
-13.79761495672228
-13.720332136329512
-13.644162870603077
-13.569104458463721
-13.495153946438158
-13.42230812638328
-13.35056353408837
-13.27991644873835
-13.210362893218543
-13.141898635234934
-13.074519189227438
-13.008219863288932
-12.942995582303228
-12.878841167098026
-12.815751153191018
-12.753719842903962
-12.692741311539104
-12.632809413890811
-12.573917791251462
-12.516059878870209
-12.459228913825154
-12.403417943265076
-12.348619832978533
-12.294827276248895
-12.242032802950364
-12.190228788823424
-12.139407465032258
-12.08956092759576
-12.040681147093373
-11.992759978456457
-11.945789170592736
-11.899760376095415
-11.854668388011037
-11.810498049526496
-11.767244246341596
-11.724895126185565
-11.683448578224347
-11.642892437052073
-11.603217957934948
-11.564416365797387
-11.526478866796761
-11.48939665799997
-11.453160935906615
-11.417762904232264
-11.383193781157019
-11.349444806140015
-11.316507731160627
-11.28437284590728
-11.25303202255758
-11.222476644100242
-11.192698144522653
-11.163688012997538
-11.135437797939959
-11.107939110874081
-11.081183630042945
-11.055163103729972
-11.02986935328089
-11.005294275822415
-10.981429846678441
-10.958268121497987
-10.935801238087757
-10.914021417975798
-10.892920967698819
-10.872492279836601
-10.852727833795601
-10.83362019635718
-10.815162021999077
-10.797346053001643
-10.780165119348897
-10.7636121384463
-10.747680114639564
-10.732362138581001
-10.717651386427901
-10.703541118895812
-10.690024680173304
-10.67709549671122
-10.664747075895225
-10.65297300461181
-10.641766947718846
-10.631122646428386
-10.62103391661169
-10.611494647036034
-10.602498797540337
-10.594040397159457
-10.58611354220284
-10.578712394297295
-10.571831178399206
-10.565464180783884
-10.559605747017896
-10.554250279920936
-10.549392237522497
-10.545026131018588
-10.541146522733726
-10.537748024093476
-10.534825293610343
-10.532373034888563
-10.530385994650834
-10.528858960790572
-10.527786760452674
-10.527164258146183
-10.526986353891145
-10.527247981401882
-10.527944106309308
-10.529069724424394
-10.530619860043316
-10.532589564297771
-10.534973913549942
-10.537768007834687
-10.540966969349148
-10.544565940991323
-10.54856008494763
-10.55294458133024
-10.557714626865922
-10.562865433634402
-10.568392227858768
-10.574290248746502
-10.580554747382694
-10.587180985673815
-10.594164235343218
-10.601499776978054
-10.609182899126761
-10.617208897447801
-10.625573073908548
-10.634270736034535
-10.643297196208877
-10.652647771020103
-10.662317780660427
-10.672302548371334
-10.682597399937988
-10.693197663231082
-10.704098667795426
-10.715295744485532
-10.72678422514724
-10.738559442344286
-10.75061672913036
-10.762951418864983
-10.775558845073668
-10.78843434135057
-10.801573241304192
-10.814970878544951
-23.318956428902467
-23.18661665129028
-23.05314248701558
-22.919453582477235
-22.786115827781895
-22.65340987976786
-22.52146641910481
-22.390336763424486
-22.260029336310346
-22.130528353117192
-22.001803242279525
-21.87381322205511
-21.746509319091803
-21.619835005985706
-21.493726057834103
-21.368109926349863
-21.242904771120337
-21.118018201821783
-20.993345736564017
-20.868768951124054
-20.74415327157958
-20.6193453432102
-20.49416988822277
-20.368425941667496
-20.241882327119512
-20.11427219975677
-19.98528644280899
-19.854565652775698
-19.72169038825564
-19.586169287218034
-19.447424581089155
-19.304774460001177
-19.15741169213877
-19.00437791325136
-18.844533162543776
-18.67652070560106
-18.498728246681306
-18.30924881854669
-18.10584885875024
-17.885958721175736
-17.64671428558176
-17.385099792170237
-17.098271888565723
-16.784174719058147
-16.4425539499168
-16.076370002811412
-15.693293502850356
-15.306438260694991
-14.933139436550105
-14.591228264703298
-14.29411168766806
-14.047420176178045
-13.849042533645592
-13.691828525537908
-13.566841146129246
-13.465667522473755
-13.381458247266337
-13.309104643868814
-13.244998301059008
-13.186676749506171
-13.132495617704928
-13.08137147443796
-13.032596067022657
-12.985708215577384
-12.94040787423347
-12.896499444762808
-12.853854774462095
-12.812389159693414
-12.772045846603444
-12.732789726602988
-12.694585998411258
-12.657415089708833
-12.621269414740624
-12.586133030557496
-12.55199592270617
-12.5188499179892
-12.486685860578167
-12.45549699316741
-12.425276268647572
-12.396016889758746
-12.36771223669035
-12.340355822766334
-12.313941268048438
-12.288462284309004
-12.263912667184224
-12.240286292818332
-12.21757711727682
-12.19577917761978
-12.174886593925807
-12.15489357180703
-12.135794405127672
-12.11758347873595
-12.100255271089216
-12.083804356715243
-12.06822540842543
-12.053513199302966
-12.039662604416424
-12.026668602265442
-12.014526275956067
-12.003230814108159
-11.99277751149922
-11.983161769451561
-11.97437909597006
-11.966425105638681
-11.95929551928342
-11.952986163412053
-11.94749296943778
-11.942811972696989
-11.938939311269525
-11.935871224610251
-11.933604052000463
-11.932134230828378
-11.931458294706053
-11.931572871432016
-11.932474680805926
-11.93416053230483
-11.936627322626624
-11.939872033109115
-11.943891727031167
-11.948683546801316
-11.954244711042673
-11.960572511577231
-11.967664310317486
-11.975517536069182
-11.984129681251634
-11.993498298539759
-12.003620997432037
-12.014495440750455
-12.026119341073832
-12.038490457111598
-12.0516065900188
-12.065465579658559
-12.08006530081179
-12.095403659341573
-12.11147858831211
-12.128288044064771
-12.14583000225701
-12.164102453863944
-12.183103401145713
-12.202830853583823
-12.223282823788399
-12.244457323378244
-12.26635235883718
-12.288965927347721
-12.312296012605156
-12.336340580615234
-12.361097575475132
-12.386564915144207
-12.4127404872035
-12.439622144609352
-12.467207701442103
-12.495494928653695
-12.52448154981819
-12.554165236886714
-12.584543605950447
-12.615614213018223
-12.647374549807049
-12.679822039556258
-12.712954032863673
-12.746767803552041
-12.781260544568147
-12.816429363922058
-12.852271280668118
-12.888783220937114
-12.925962014022312
-12.963804388526375
-13.002306968575473
-13.041466270107266
-13.081278697237362
-13.121740538715503
-13.162847964473118
-13.2045970222737
-13.246983634472354
-13.290003594891667
-13.33365256582329
-23.062665058431097
-22.929581418791972
-22.79514996182037
-22.66030027649541
-22.52562098571827
-22.391403418525048
-22.257783328217602
-22.124814545199346
-21.992506777298047
-21.86084484410644
-21.729798293345432
-21.599326013669177
-21.469378215513284
-21.339896992195545
-21.21081607348485
-21.082060071942713
-20.953543358248165
-20.82516861295124
-20.69682505107786
-20.568386283070037
-20.439707750207422
-20.310623649047262
-20.180943233963152
-20.05044635697786
-19.918878067640918
-19.7859420506164
-19.65129262290145
-19.514524944363444
-19.37516301352442
-19.232644926330355
-19.08630477477385
-18.93535047057241
-18.77883673259351
-18.615632550531153
-18.44438278115386
-18.263464436952308
-18.070940233959938
-17.864516056851496
-17.64151685761576
-17.398909762478944
-17.133427192792833
-16.841878658639466
-16.52178099293469
-16.17245002853078
-15.796594333636635
-15.402092052279533
-15.002973520507027
-14.618130357732566
-14.267004532650894
-13.963855890669745
-13.714035377377149
-13.514364599477945
-13.356494834618424
-13.230608906547147
-13.127834573891581
-13.041186526125855
-12.96560352947146
-12.897601399756994
-12.83485702854539
-12.77585189810495
-12.719605295588389
-12.665488152468717
-12.61309821027595
-12.56217826549952
-12.51256339056752
-12.46414715995447
-12.416860155295115
-12.370656331383215
-12.325504386495021
-12.281386089292294
-12.238277536422633
-12.196166475535877
-12.155050386451498
-12.114916512242694
-12.075757027942633
-12.037564655788959
-12.000332462787767
-11.964053734837929
-11.92872189974701
-11.894331076093318
-11.860873620908455
-11.828343834636433
-11.796735412081883
-11.766042100348693
-11.736257699026833
-11.707376062943913
-11.679391106359066
-11.652296807841472
-11.626087215428177
-11.60075645180196
-11.576298719344905
-11.552708304972786
-11.529979584703163
-11.50810702791909
-11.487085201318688
-11.466908772536136
-11.447572513448575
-11.429071303131023
-11.411400130515691
-11.394554096723294
-11.37852841708857
-11.363318422885518
-11.348919562761864
-11.3353274038917
-11.322537632856063
-11.310546056262007
-11.299348601110243
-11.288941314921326
-11.279320365632097
-11.27048204127098
-11.262422749424193
-11.255139016502095
-11.248627486816613
-11.242884921478575
-11.23790819712565
-11.233694304489804
-11.230240346813481
-11.227543538123202
-11.225601201369349
-11.224410766439773
-11.223969768055607
-11.224275843555601
-11.225326730577319
-11.227120264640487
-11.22965437663932
-11.232927090249609
-11.236936519255165
-11.241680864799754
-11.247158412567845
-11.25336752989974
-11.260306662842636
-11.267974333143986
-11.276369135187542
-11.285489732876318
-11.29533485646464
-11.305903299340411
-11.31719391476114
-11.329205612543197
-11.34193735570701
-11.35556773287839
-11.369603485354943
-11.384487671569788
-11.400088387961793
-11.416404770544153
-11.433436005809167
-11.451181315841232
-11.469639952039643
-11.488811189797858
-11.50869432373692
-11.529288663261628
-11.550593528299565
-11.572608245139428
-11.595332142313284
-11.618764546491573
-11.642904778370433
-11.667752148536657
-11.693305953303776
-11.719565470512554
-11.74652995529442
-11.774198635794543
-11.802570708854716
-11.831645335654843
-11.861421637315134
-11.891898690457763
-11.923075522731136
-11.954951108297019
-11.987524363283047
-12.020794141202167
-12.054759228343649
-12.089418339135646
-12.124770111484981
-12.160813102096354
-12.197545781777151
-12.234966530728311
-12.273073633831007
-12.311865275930652
-12.351339537124584
-12.391494388061586
-12.432327685256327
-12.473837166428805
-12.516020445872936
-12.558875009864552
-12.602398212117755
-12.646587269290869
-12.691439256563026
-12.736951103279765
-12.783119588682773
-12.82994133773333
-12.877412817038499
-12.925530330892302
-12.9742900174427
-13.023687844994566
-13.073719608463806
-13.124380925988696
-13.175667235718809
-13.227573792786355
-13.280095666478337
-13.333227737618685
-13.386964696175387
-23.062665561853514
-22.929581484301984
-22.795150001392834
-22.660300301662264
-22.525621274962262
-22.391403712812963
-22.257783626244496
-22.124814847176413
-21.99250708366549
-21.860845155436973
-21.729798610305917
-21.599326337010762
-21.469378546076644
-21.339897330924718
-21.21081642144881
-21.082060430361032
-20.953543728522128
-20.825168996699794
-20.696825450179126
-20.568386699708665
-20.439708186929256
-20.310624108824264
-20.180943720270154
-20.050446873887527
-19.9188786199379
-19.785942643940164
-19.651293263920884
-19.514525640988488
-19.375163775172446
-19.23264576425733
-19.08630570252258
-18.93535043946215
-18.77883669678369
-18.615632511509098
-18.44438273914869
-18.263464391425117
-18.070940183336788
-17.864515998226082
-17.641516786235947
-17.39890967076673
-17.133427068610843
-16.841878482682556
-16.52178073624747
-16.17244965456762
-15.796593815016486
-15.402091411406182
-15.002972872614036
-14.618129884211159
-14.267004354522442
-13.963855973138536
-13.71403558757887
-13.514365752994113
-13.356494625845453
-13.23060914619662
-13.127834790557083
-13.041186652760025
-12.965603599488386
-12.897601441089241
-12.834857054271522
-12.775851914662509
-12.719605306698437
-12.665488160438636
-12.613098216535642
-12.562178271021212
-12.512563395872805
-12.464147165302958
-12.416860160926948
-12.370656337406743
-12.325504392964778
-12.281386095790852
-12.238277543802974
-12.196166483667602
-12.155050394742267
-12.114916520960131
-12.07575703706816
-12.037564665302591
-12.000332472669902
-11.96405374507024
-11.928721910312184
-11.8943310870039
-11.860873632102166
-11.82834384611835
-11.79673542384129
-11.766042112373675
-11.736257711306756
-11.70737607547002
-11.67939111912347
-11.652296820836398
-11.626087228646655
-11.60075646523733
-11.576298732990564
-11.55270831882286
-11.529979598751389
-11.508107042159253
-11.487085215743612
-11.466908787142417
-11.447572528227157
-11.429071318074428
-11.411400145615806
-11.394554111971651
-11.378528432475962
-11.363318438402297
-11.348919578397773
-11.33532741963584
-11.3225376486972
-11.310546072188533
-11.299348617110114
-11.288941330982492
-11.279320381742465
-11.270482057418649
-11.262422765597531
-11.255139032690051
-11.248627503008775
-11.2428849376657
-11.237908213299459
-11.233694320643504
-11.230240362941597
-11.227543554222034
-11.225601217436875
-11.224410782475585
-11.223969784060984
-11.224275859533385
-11.2253267465317
-11.22712028057663
-11.22965439256301
-11.232927106166416
-11.236936535170274
-11.241680880716926
-11.247158428488866
-11.253367545823194
-11.260306678763358
-11.267974349052082
-11.276369151067405
-11.285489748706231
-11.295334872215461
-11.305903314975591
-11.317193930236131
-11.329205627805058
-11.341937370694648
-11.35556626002859
-11.369603562290683
-11.38448775943587
-11.400088481574482
-11.416404866537697
-11.4334361019967
-11.451181410800572
-11.469640044844011
-11.488811279841602
-11.508694410622088
-11.529288746724482
-11.550593608163934
-11.572608321285287
-11.595332214657716
-11.618764614976158
-11.642904842953302
-11.66775220918751
-11.693306010000784
-11.719565523240604
-11.746530004044258
-11.77419868056157
-11.80257074963903
-11.831645372461097
-11.861421670151865
-11.891898719338187
-11.923075547672438
-11.95495112932059
-11.987524380413971
-12.020794154469998
-12.05475923778136
-12.089418344780082
-12.124770113376238
-12.160813100278451
-12.197545776296893
-12.234966521636016
-12.273073621179696
-12.311865259775855
-12.351339517524885
-12.391494365077605
-12.432327658951317
-12.473837136867946
-12.51602041312297
-12.558874973995202
-12.602398173198829
-12.646587227394747
-12.69143921176309
-12.736951055650545
-12.78311953830024
-12.829941284674181
-12.877412761380391
-12.925530272713921
-12.9742899568233
-13.023687782014285
-13.07371954320264
-13.12438085852741
-13.175667166138844
-13.227573721168971
-13.280095592905576
-13.333227662172
-13.386964618936885
-23.062665058431097
-22.929581418791972
-22.79514996182037
-22.66030027649541
-22.52562098571827
-22.391403418525048
-22.257783328217602
-22.124814545199346
-21.992506777298047
-21.86084484410644
-21.729798293345432
-21.599326013669177
-21.469378215513284
-21.339896992195545
-21.21081607348485
-21.082060071942713
-20.953543358248165
-20.82516861295124
-20.69682505107786
-20.568386283070037
-20.439707750207422
-20.310623649047262
-20.180943233963152
-20.05044635697786
-19.918878067640918
-19.7859420506164
-19.65129262290145
-19.514524944363444
-19.37516301352442
-19.232644926330355
-19.08630477477385
-18.93535047057241
-18.77883673259351
-18.615632550531153
-18.44438278115386
-18.263464436952308
-18.070940233959938
-17.864516056851496
-17.64151685761576
-17.398909762478944
-17.133427192792833
-16.841878658639466
-16.52178099293469
-16.17245002853078
-15.796594333636635
-15.402092052279533
-15.002973520507027
-14.618130357732566
-14.267004532650894
-13.963855890669745
-13.714035377377149
-13.514364599477945
-13.356494834618424
-13.230608906547147
-13.127834573891581
-13.041186526125855
-12.96560352947146
-12.897601399756994
-12.83485702854539
-12.77585189810495
-12.719605295588389
-12.665488152468717
-12.61309821027595
-12.56217826549952
-12.51256339056752
-12.46414715995447
-12.416860155295115
-12.370656331383215
-12.325504386495021
-12.281386089292294
-12.238277536422633
-12.196166475535877
-12.155050386451498
-12.114916512242694
-12.075757027942633
-12.037564655788959
-12.000332462787767
-11.964053734837929
-11.92872189974701
-11.894331076093318
-11.860873620908455
-11.828343834636433
-11.796735412081883
-11.766042100348693
-11.736257699026833
-11.707376062943913
-11.679391106359066
-11.652296807841472
-11.626087215428177
-11.60075645180196
-11.576298719344905
-11.552708304972786
-11.529979584703163
-11.50810702791909
-11.487085201318688
-11.466908772536136
-11.447572513448575
-11.429071303131023
-11.411400130515691
-11.394554096723294
-11.37852841708857
-11.363318422885518
-11.348919562761864
-11.3353274038917
-11.322537632856063
-11.310546056262007
-11.299348601110243
-11.288941314921326
-11.279320365632097
-11.27048204127098
-11.262422749424193
-11.255139016502095
-11.248627486816613
-11.242884921478575
-11.23790819712565
-11.233694304489804
-11.230240346813481
-11.227543538123202
-11.225601201369349
-11.224410766439773
-11.223969768055607
-11.224275843555601
-11.225326730577319
-11.227120264640487
-11.22965437663932
-11.232927090249609
-11.236936519255165
-11.241680864799754
-11.247158412567845
-11.25336752989974
-11.260306662842636
-11.267974333143986
-11.276369135187542
-11.285489732876318
-11.29533485646464
-11.305903299340411
-11.31719391476114
-11.329205612543197
-11.34193735570701
-11.35556773287839
-11.369603485354943
-11.384487671569788
-11.400088387961793
-11.416404770544153
-11.433436005809167
-11.451181315841232
-11.469639952039643
-11.488811189797858
-11.50869432373692
-11.529288663261628
-11.550593528299565
-11.572608245139428
-11.595332142313284
-11.618764546491573
-11.642904778370433
-11.667752148536657
-11.693305953303776
-11.719565470512554
-11.74652995529442
-11.774198635794543
-11.802570708854716
-11.831645335654843
-11.861421637315134
-11.891898690457763
-11.923075522731136
-11.954951108297019
-11.987524363283047
-12.020794141202167
-12.054759228343649
-12.089418339135646
-12.124770111484981
-12.160813102096354
-12.197545781777151
-12.234966530728311
-12.273073633831007
-12.311865275930652
-12.351339537124584
-12.391494388061586
-12.432327685256327
-12.473837166428805
-12.516020445872936
-12.558875009864552
-12.602398212117755
-12.646587269290869
-12.691439256563026
-12.736951103279765
-12.783119588682773
-12.82994133773333
-12.877412817038499
-12.925530330892302
-12.9742900174427
-13.023687844994566
-13.073719608463806
-13.124380925988696
-13.175667235718809
-13.227573792786355
-13.280095666478337
-13.333227737618685
-13.386964696175387
-13.441301039105713
-23.062665561853514
-22.929581484301984
-22.795150001392834
-22.660300301662264
-22.525621274962262
-22.391403712812963
-22.257783626244496
-22.124814847176413
-21.99250708366549
-21.860845155436973
-21.729798610305917
-21.599326337010762
-21.469378546076644
-21.339897330924718
-21.21081642144881
-21.082060430361032
-20.953543728522128
-20.825168996699794
-20.696825450179126
-20.568386699708665
-20.439708186929256
-20.310624108824264
-20.180943720270154
-20.050446873887527
-19.9188786199379
-19.785942643940164
-19.651293263920884
-19.514525640988488
-19.375163775172446
-19.23264576425733
-19.08630570252258
-18.93535043946215
-18.77883669678369
-18.615632511509098
-18.44438273914869
-18.263464391425117
-18.070940183336788
-17.864515998226082
-17.641516786235947
-17.39890967076673
-17.133427068610843
-16.841878482682556
-16.52178073624747
-16.17244965456762
-15.796593815016486
-15.402091411406182
-15.002972872614036
-14.618129884211159
-14.267004354522442
-13.963855973138536
-13.71403558757887
-13.514365752994113
-13.356494625845453
-13.23060914619662
-13.127834790557083
-13.041186652760025
-12.965603599488386
-12.897601441089241
-12.834857054271522
-12.775851914662509
-12.719605306698437
-12.665488160438636
-12.613098216535642
-12.562178271021212
-12.512563395872805
-12.464147165302958
-12.416860160926948
-12.370656337406743
-12.325504392964778
-12.281386095790852
-12.238277543802974
-12.196166483667602
-12.155050394742267
-12.114916520960131
-12.07575703706816
-12.037564665302591
-12.000332472669902
-11.96405374507024
-11.928721910312184
-11.8943310870039
-11.860873632102166
-11.82834384611835
-11.79673542384129
-11.766042112373675
-11.736257711306756
-11.70737607547002
-11.67939111912347
-11.652296820836398
-11.626087228646655
-11.60075646523733
-11.576298732990564
-11.55270831882286
-11.529979598751389
-11.508107042159253
-11.487085215743612
-11.466908787142417
-11.447572528227157
-11.429071318074428
-11.411400145615806
-11.394554111971651
-11.378528432475962
-11.363318438402297
-11.348919578397773
-11.33532741963584
-11.3225376486972
-11.310546072188533
-11.299348617110114
-11.288941330982492
-11.279320381742465
-11.270482057418649
-11.262422765597531
-11.255139032690051
-11.248627503008775
-11.2428849376657
-11.237908213299459
-11.233694320643504
-11.230240362941597
-11.227543554222034
-11.225601217436875
-11.224410782475585
-11.223969784060984
-11.224275859533385
-11.2253267465317
-11.22712028057663
-11.22965439256301
-11.232927106166416
-11.236936535170274
-11.241680880716926
-11.247158428488866
-11.253367545823194
-11.260306678763358
-11.267974349052082
-11.276369151067405
-11.285489748706231
-11.295334872215461
-11.305903314975591
-11.317193930236131
-11.329205627805058
-11.341937370694648
-11.35556626002859
-11.369603562290683
-11.38448775943587
-11.400088481574482
-11.416404866537697
-11.4334361019967
-11.451181410800572
-11.469640044844011
-11.488811279841602
-11.508694410622088
-11.529288746724482
-11.550593608163934
-11.572608321285287
-11.595332214657716
-11.618764614976158
-11.642904842953302
-11.66775220918751
-11.693306010000784
-11.719565523240604
-11.746530004044258
-11.77419868056157
-11.80257074963903
-11.831645372461097
-11.861421670151865
-11.891898719338187
-11.923075547672438
-11.95495112932059
-11.987524380413971
-12.020794154469998
-12.05475923778136
-12.089418344780082
-12.124770113376238
-12.160813100278451
-12.197545776296893
-12.234966521636016
-12.273073621179696
-12.311865259775855
-12.351339517524885
-12.391494365077605
-12.432327658951317
-12.473837136867946
-12.51602041312297
-12.558874973995202
-12.602398173198829
-12.646587227394747
-12.69143921176309
-12.736951055650545
-12.78311953830024
-12.829941284674181
-12.877412761380391
-12.925530272713921
-12.9742899568233
-13.023687782014285
-13.07371954320264
-13.12438085852741
-13.175667166138844
-13.227573721168971
-13.280095592905576
-13.333227662172
-13.386964618936885
-13.441300960157427
