0.1292194702800182
0.12928097540799546
0.1293414890836883
0.12940185236876925
0.12946221376991335
0.1295225904896433
0.1295829774965338
0.1296433677989626
0.1297037556762826
0.12976413682274887
0.1298245080455069
0.12988486697661844
0.12994521185463628
0.13000554136518805
0.13006585452476013
0.13012615059545848
0.13018642902211336
0.1302466893856673
0.13030693136853447
0.13036715472882182
0.13042735928113763
0.13048754488230985
0.13054771142076838
0.13060785880866124
0.13066798697600884
0.13072809586637618
0.13078818543367338
0.13084825563979213
0.1309083064528618
0.13096833784596176
0.13102834979617023
0.13108834228385977
0.13114831529217366
0.13120826880663428
0.13126820281484738
0.13132811730627644
0.13138801227206784
0.1314478877049122
0.13150774359893272
0.1315675799495922
0.13162739675361398
0.13168719400891238
0.13174697171453054
0.13180672987058298
0.1318664684782016
0.13192618753948437
0.1319858870574452
0.1320455670359652
0.1321052274797445
0.13216486839425412
0.13222448978568813
0.13228409166091543
0.1323436740274313
0.1324032368933086
0.1324627802671482
0.13252230415802868
0.1325818085754559
0.13264129352931125
0.13270075902979916
0.13276020508739397
0.13281963171278602
0.1328790389168264
0.13293842671047143
0.13299779510472579
0.13305714411058486
0.13311647373897653
0.13317578400070185
0.13323507490637482
0.13329434646636204
0.13335359869072094
0.13341283158913783
0.13347204517086544
0.13353123944465956
0.13359041441871586
0.13364957010060619
0.13370870649721447
0.13376782361467313
0.13382692145829886
0.13388600003252937
0.13394505934085993
0.13400409938578056
0.13406312016871386
0.1341221216899538
0.13418110394860533
0.13424006694252513
0.1342990106682638
0.13435793512100933
0.13441684029453255
0.13447572618113438
0.134534592771595
0.13459344005512533
0.13465226801932098
0.1347110766501189
0.13476986593175666
0.134828635846735
0.1348873863757832
0.13494611749782814
0.13500482918996673
0.13506352142744196
0.13512219418362284
0.1351808474299884
0.13523948113611553
0.13529809526967146
0.1353566897964102
0.1354152646801736
0.13547381988289686
0.13553235536461875
0.1355908710834963
0.13564936699582422
0.1357078430560592
0.13576629921684863
0.1358247354290642
0.13588315164184026
0.13594154780261647
0.13599992385718548
0.1360582797497447
0.1361166154229527
0.13617493081798984
0.13623322587462322
0.13629150053127512
0.13634975472509617
0.13640798839204155
0.136466201466951
0.136524393883632
0.13658256557494652
0.1366407164729002
0.13669884650873437
0.13675695561302104
0.13681504371575945
0.13687311074647504
0.13693115663432026
0.13698918130817664
0.13704718469675853
0.1371051667287176
0.13716312733274832
0.13722106643769402
0.13727898397265306
0.13733687986708562
0.13739475405091994
0.1374526064546582
0.1375104370094824
0.13756824564735867
0.13762603230114143
0.13768379690467578
0.13774153939289902
0.1377992597019404
0.13785695776921938
0.137914633533542
0.1379722869351952
0.1380299179160395
0.13808752641959887
0.1381451123911488
0.1382026757778017
0.13826021652859014
0.13831773459454683
0.13837522984471815
0.1384327023973566
0.13849015213499669
0.1385475790143333
0.13860498299690532
0.13866236404711801
0.13871972213197062
0.1387770572210439
0.13883436928653353
0.13889165830329456
0.13894892424888736
0.13900616710362287
0.13906338685060599
0.13912058347577624
0.13917775696794624
0.13923490731883675
0.13929203452310995
0.1393491385783994
0.13940621948533746
0.13946327724758026
0.13952031187183003
0.13957732336785472
0.13963431174850546
0.13969127702973114
0.13974821923059086
0.13980513837326397
0.13986203448305776
0.13991890758841255
0.13997575772090518
0.14003258491524953
0.14008938920929523
0.1401461706440243
0.14020292926354533
0.14025966511508595
0.14031637824898288
0.14037306871867009
0.14042973658066513
0.14048638189455298
0.14054300472296857
0.1405996051315768
0.14065618318905082
0.1407127389670487
0.14076927254018765
0.1408257839860167
