33.68527256273535
33.65888386358166
33.644549354805484
33.641251114210974
33.64806169448832
33.664133248610476
33.68868859646732
33.72101373598834
33.76045150130129
33.80639613925678
33.85828862731899
33.91561259495362
33.97789074049179
34.04468165835545
34.11557700920531
34.19019897927401
34.268197194809034
34.349248948789125
34.43305506442439
34.51933887184621
34.60784460947282
34.69833595072416
34.79059464287562
34.884419246887454
34.979623968690284
35.076037573734304
35.17350237768747
35.2718733025926
35.37101701558738
35.47081109935014
35.57114329657392
35.671910800724135
35.773019594316835
35.874383831422314
35.97592526137109
36.07757269087928
36.17926148202192
36.28093308367269
36.38253459419877
36.484018353354216
36.58534156145606
36.68646592405655
36.787357320443576
36.88798549441187
36.98832376584866
37.088348761772856
37.18804016555493
37.28738048312686
37.386354825068715
37.48495070353032
37.583157843013986
37.68096800410705
37.77837481931244
37.875373640180605
37.97196139499804
38.06813645633618
38.16389851780992
38.25924847943775
38.35418834103492
38.44872110310881
38.54285067476031
38.63658178812762
38.72991991893948
38.82287121277324
38.91544241663984
39.00763605556226
39.09946470520971
39.190936557470536
39.2820601776926
39.3728444581703
39.46329857514328
39.553431949074024
39.643254207986566
39.73277515366286
39.82200473050618
39.910952996893435
39.999630098849536
40.088046245887945
40.17621168887114
40.264136699754616
40.35183155308625
40.439306509141566
40.52657179858262
40.61363760853573
40.70051406998975
40.78721124642291
40.87373912357226
40.96010760026484
41.046326480235294
41.13240546485919
41.21835414673568
41.30418200405783
41.389898395712265
41.47551255705409
41.56103359630603
41.6464704915343
41.731832088156665
41.81712709694095
41.90236409245511
41.98755151193233
42.072697654517164
42.15781068086075
42.24289861303542
42.327969334740864
42.41303059177595
42.498089992751936
42.5831550100245
42.66823298082353
42.753331108561085
42.8384564642992
42.92361598836064
43.0088164920667
43.094064659587424
43.17936704989057
43.26473009877673
43.350160120988875
43.43566331238547
43.521245752167104
43.606913405147395
43.69267212405969
43.77852765189157
43.86448562424004
43.950551571680634
44.03673317790468
44.12303681108489
44.209461192169286
44.29601795649298
44.38270829675447
44.469537694690914
44.55651112562065
44.64363041790773
44.730903194171894
44.818334069059986
44.90592756251361
44.99369041637733
45.08162004305431
45.169725294634915
45.25801042464738
45.34647961440112
45.43513697505696
45.52398655021311
45.61303231834859
45.7022781951279
45.79172803558627
45.881385636210965
45.971254736931314
46.061339023027315
46.15164212696469
46.242167630162726
46.33291906470021
46.42389991496361
46.51511361924114
46.6065635712655
46.69825312170802
46.7901855796263
46.88236421386728
46.97479225442729
47.06747289377092
47.16040928810964
47.25360455864189
47.34706179275544
47.44078404519339
47.534774339184644
47.62903566753998
47.72357099371468
47.81838325283839
47.91347535271337
48.008850174781884
48.104510575063394
48.20045938506254
48.29669941264866
48.39323344290746
48.49006423896573
48.587194542789724
48.684627075957955
48.78236454040906
48.880409619165405
48.97876497703308
49.077432564854504
49.1764061934325
49.27569646164285
49.37530648578858
49.47523933589092
49.575511596272584
49.67611454254757
49.77704497712248
49.87831023183808
49.97991250232692
50.08185403827945
50.18413713096231
50.28676410331187
50.389737302054165
50.493059080764176
50.59673182405422
50.700757918173494
50.80513975449458
50.909879727039204
51.014980241143355
51.12044368283427
