19.486
18.756333235380485
18.98402350287958
19.24330636435977
19.52187995296337
19.813039714816338
20.11295713899601
20.419444926595197
20.731272717952326
21.04776754406394
21.368575339343856
21.69351727802979
22.022503085625534
22.35547891086319
22.692396245786522
23.033193692939392
23.377786597660293
23.726061523673895
24.077873741272903
24.43304661808513
24.7913722355313
25.152612812979438
25.516502675690997
25.882750594007746
26.251042375787325
26.621043626938956
26.99240261532594
27.364753186455477
27.73771768836641
28.110909869833492
28.483937721098247
28.856406230535
29.2279200342133
29.598085938345605
29.966515297294087
30.332826232304658
30.696645678384524
31.05761124914942
31.415372911629582
31.76959446553508
32.11995482382687
32.46614909400555
32.80788946197652
33.144905882773706
33.47694658476574
33.803778395981546
34.12518690305496
34.440976454766236
34.75097002334978
35.055008937512774
35.35295250159588
35.64467751549337
35.93007770972504
36.20906310971636
36.48155934275456
36.747506900204165
37.00686036684642
37.25958762801711
37.5056690644041
37.74509674311311
37.97787361273182
38.20401270901397
38.42353637684513
38.636475513282754
38.84286883555125
39.04276217710809
39.23620781421026
39.42326382472254
39.603993480362554
39.77846467307463
39.9467493757775
40.10892313736909
40.26506461151203
40.415255118546554
40.55957823953635
40.698119441397296
40.830965731855876
40.95820534289316
41.07992744128777
41.1962218648236
41.30717888265549
41.41288897841411
41.51344265457728
41.60893025669769
41.69944181609767
41.785066909709776
41.86589453578119
41.94201300421651
42.01350984040717
42.08047170144974
42.142984303720304
42.20113236083901
42.25499953111021
42.30466837360921
42.35022031209628
42.39173560606909
42.42929332823468
42.46297134779536
42.492846318971544
42.51899367420751
42.54148762158418
42.56040114598465
42.57580601358942
42.587772779319394
42.59637079688975
42.60166823113432
42.603732072329706
42.60262815223
42.59842116158412
42.59117466890856
42.58095114030874
42.567811960172804
42.55181745257031
42.533026903193786
42.51149858172582
42.48728976449247
42.460456757302595
42.43105491836825
42.39913868122415
42.36476157755985
42.327976259893774
42.28883452403913
42.247387331297574
42.20368483032598
42.15777637866309
42.109710563835925
42.05953522406176
42.007297468489114
41.95304369696619
41.89681961932317
41.83867027414994
41.77864004705357
41.71677268839746
41.653111330518854
41.58769850440353
41.52057615583576
41.451785661017865
41.38136784165686
41.30936297953042
41.235810830532024
41.1607506382022
41.08422114675551
41.006260613603416
40.92690682139257
40.84619708955968
40.76416828541423
40.68085683475359
40.59629873203135
40.51052955008564
40.423584449423174
40.3354981870879
40.246305125121204
40.156039238610035
40.06473412334803
39.97242300311467
39.879138736574674
39.784913823818094
39.68978041254914
39.59377030392105
39.496914958039845
39.39924549914043
39.30079272043913
39.2015870886787
39.10165874836395
39.00103752570354
38.89975293227225
38.797834168378884
38.69531012616668
38.59220939244438
38.48856025126047
38.38439068622119
38.27972838256594
38.17460072898989
38.06903481924719
37.963057453522374
37.85669513957209
37.749974093663894
37.642920241297524
37.53555921772207
37.42791636826403
37.320016748458514
37.21188512400255
37.10354597052415
36.995023473180204
36.8863415261037
36.77752373167312
36.668593399643655
36.55957354613225
36.45048689246377
36.341355863892176
36.232202588194745
36.12304889415664
36.01391630994381
35.9048260613843
35.79579907015727
35.68685595188807
35.57801701419293
35.46930225464192
35.360731358668964
