1.6360656429538338
1.6430340998556472
1.6441328808218794
1.6385522077761072
1.626181651400916
1.6073892370603269
1.5828247505559472
1.5532860356212763
1.519629385851134
1.4827101049206874
1.443343972079596
1.4022833379594841
1.360203524582653
1.3176965000528067
1.275269671074912
1.2333482305307377
1.1922799083730202
1.1523412649339384
1.1137448772022718
1.076646926942642
1.0411548214520443
1.0073345739753898
0.9752177482181854
0.9448078344568722
0.9160859763648266
0.8890160097502661
0.8635488082182919
0.8396259572233756
0.8171827977812324
0.7961508949158757
0.7764599943994926
0.7580395352299183
0.740819785373594
0.7247326654040604
0.7097123196048141
0.6956954876515578
0.6826217228189806
0.6704334953414898
0.6590762125226136
0.648498180743637
0.6386505288467262
0.6294871075466496
0.6209643755589116
0.6130412799670459
0.6056791359036919
0.5988415087799874
0.5924941009602629
0.5866046438395651
0.5811427956503015
0.5760800449215389
0.571389619276907
0.5670463991381783
0.5630268358577069
0.559308873809409
0.5558718760070448
0.5526965528671558
0.5497648937964122
0.5470601013371413
0.5445665276635648
0.5422696132669823
0.5401558277119518
0.5382126123812127
0.5364283251541594
0.5347921869875162
0.5332942303834154
0.531925249740761
0.5306767535945438
0.5295409187510662
0.5285105463277701
0.5275790197049742
0.5267402643928668
0.5259887098137426
0.525319252990368
0.524727224128763
0.524208354073465
0.5237587436077432
0.5233748345649254
0.5230533827093432
0.522791432339026
0.5225862925595376
0.5224355151701782
0.5223368741017964
0.5222883463413086
0.5222880942760003
0.5223344493881564
0.5224258972295222
0.5225610636051986
0.5227387018958164
0.522957681447899
0.5232169769633871
0.5235156588205816
0.5238528842615432
0.5242278893812904
0.5246399818600154
0.5250885343777689
0.5255729786579888
0.5260928000871383
0.5266475328601816
0.5272367556067571
0.5278600874541778
0.5285171844866433
0.5292077365632755
0.5299314644610817
0.5306881173094157
0.5314774702882779
0.5322993225619854
0.5331534954247555
0.5340398306355714
0.5349581889216731
0.5359084486325478
0.5368905045283244
0.537904266685979
0.5389496595123024
0.5400266208492305
0.5411351011624354
0.5422750628024215
0.5434464793301849
0.5446493348995819
0.5458836236890211
0.547149349378019
0.5484465246616086
0.5497751707985271
0.5511353171892132
0.5525270009799482
0.5539502666890072
0.5554051658535454
0.5568917566928941
0.5584101037876747
0.559960277771651
0.5615423550348728
0.5631564174368981
0.5648025520288508
0.5664808507822127
0.5681914103238832
0.5699343316775434
0.5717097200083117
0.5735176843722032
0.5753583374682059
0.5772317953931324
0.5791381773984184
0.5810776056486023
0.5830502049806778
0.5850561026650364
0.5870954281656668
0.589168312901628
0.5912748900073493
0.5934152940941405
0.5955896610092052
0.5977981275950576
0.6000408314480123
0.6023179106751803
0.6046295036499405
0.6069757487670299
0.6093567841951234
0.6117727476285015
0.6142237760371619
0.6167100054151222
0.6192315705266346
0.6217886046517315
0.6243812393292494
0.6270096040980685
0.6296738262377897
0.6323740305064269
0.635110338878123
0.6378828702784238
0.6406917403178995
0.6435370610258153
0.646418940581743
0.6493374830469689
0.6522927880944521
0.6552849507388466
0.658314061065413
0.6613802039604466
0.6644834588397789
0.6676238993787796
0.6708015932432712
0.6740166018202678
0.677268979951071
0.6805587756657211
0.68388602991879
0.6872507763281611
0.690653040915594
0.6940928418513168
0.6975701892017463
0.7010850846797528
0.7046375214014916
0.7082274836460982
0.7118549466213261
0.715519876234676
0.7192222288702441
0.7229619511726415
0.7267389798374302
0.7305532414096908
0.7344046520897302
0.738293117547644
0.7422185327481583
0.7461807817821705
0.7501797377106805
0.7542152624182095
