4.7534e-05
4.7907646806467436e-05
4.825035111926179e-05
4.862962934419377e-05
4.902907839313027e-05
4.943982850169351e-05
4.9857196953034435e-05
5.027869644211255e-05
5.070299309969291e-05
5.112935729957535e-05
5.155737553159641e-05
5.198679910213565e-05
5.2417464720559265e-05
5.284925286057275e-05
5.328206597769012e-05
5.3715817170229836e-05
5.415042434031821e-05
5.458580725966076e-05
5.502188617906442e-05
5.5458581269675706e-05
5.589581252555e-05
5.633349993751202e-05
5.67715638440733e-05
5.7209925416833964e-05
5.76485072666235e-05
5.808723417390463e-05
5.8526033958745716e-05
5.8964838515301796e-05
5.940358504515302e-05
5.984221753432633e-05
6.0280688531207125e-05
6.07189612975594e-05
6.115701302953532e-05
6.159483565925377e-05
6.203244324285971e-05
6.24698744926647e-05
6.290719908026317e-05
6.334452461065428e-05
6.378200483567917e-05
6.421984895503935e-05
6.465833136805838e-05
6.509780028209544e-05
6.553868186026856e-05
6.598147385739842e-05
6.642671923967554e-05
6.68749480907269e-05
6.732658033689181e-05
6.778179972799744e-05
6.824044082118015e-05
6.870195233972221e-05
6.916547541436547e-05
6.963000627778256e-05
7.009456270892601e-05
7.055829395703329e-05
7.102051361956717e-05
7.148069022767939e-05
7.193841525419114e-05
7.239336979611522e-05
7.284529705379042e-05
7.329398211784968e-05
7.373923805805571e-05
7.418089670845845e-05
7.461880270407545e-05
7.505280967856897e-05
7.548277786658677e-05
7.590857260317055e-05
7.633006339479069e-05
7.67471233528262e-05
7.71596288526391e-05
7.756745933510925e-05
7.797052145652918e-05
7.83686657447148e-05
7.876176053633791e-05
7.914973494830826e-05
7.953247926372904e-05
7.990988832757538e-05
8.02818608073589e-05
8.064829875997037e-05
8.100910740648285e-05
8.136419501438142e-05
8.171347732046261e-05
8.205686210023488e-05
8.239426738578582e-05
8.272561368964376e-05
8.305082417851218e-05
8.336982476608217e-05
8.36825441516392e-05
8.398891382929801e-05
8.428886808103393e-05
8.45823439605207e-05
8.486928127158057e-05
8.514962254335246e-05
8.542331300339058e-05
8.569030054944503e-05
8.595053572040981e-05
8.620397166678584e-05
8.645056412095577e-05
8.669027136743578e-05
8.692305421335704e-05
8.714887595929575e-05
8.736770237061178e-05
8.757950164941128e-05
8.778424440724466e-05
8.798190363862345e-05
8.81724546954398e-05
8.835587526233469e-05
8.853214533307339e-05
8.87012471879489e-05
8.886316537223646e-05
8.901788667570235e-05
8.916540011316632e-05
8.930569690609236e-05
8.943877046518901e-05
8.956461637398146e-05
8.968323237330779e-05
8.979461834669591e-05
8.98987763065527e-05
8.999571038111428e-05
9.008542680207792e-05
9.016793389284757e-05
9.024324205732134e-05
9.031136376913252e-05
9.037231356127393e-05
9.042610801601768e-05
9.047276575505072e-05
9.051230742974391e-05
9.054475571147261e-05
9.057013528190941e-05
9.058847282320964e-05
9.059979700801471e-05
9.060413848919486e-05
9.060152988926732e-05
9.059200578941248e-05
9.057560271803162e-05
9.05523591387784e-05
9.052231543801032e-05
9.048551391160483e-05
9.044199875108948e-05
9.039181602904339e-05
9.033501368372366e-05
9.027121021839706e-05
9.020135360416895e-05
9.012501478867636e-05
9.004226484125706e-05
8.99531612659045e-05
8.985776308092667e-05
8.975613093180114e-05
8.96483271186003e-05
8.953441559855393e-05
8.941446197522321e-05
8.92885334802163e-05
8.915669895053921e-05
8.90190288032157e-05
8.887559500801301e-05
8.872647105873925e-05
8.857173194333881e-05
8.841145411293293e-05
8.824571544987859e-05
8.807459523489257e-05
8.789817411328571e-05
8.77165340603278e-05
8.75297583457757e-05
8.733793149758352e-05
8.714113926482988e-05
8.693946857987107e-05
8.67330075197638e-05
8.652184526696682e-05
8.630607206935994e-05
8.608577919959696e-05
8.586105891382614e-05
8.563200440979989e-05
8.539870978440363e-05
8.516126999062783e-05
8.491978079401532e-05
8.467433872860233e-05
8.442504105238762e-05
8.417198570235534e-05
8.391527124907364e-05
8.365499685090282e-05
8.33912622078324e-05
8.312416751498279e-05
8.285381341578898e-05
8.25803009549015e-05
8.230373153082423e-05
8.20242068483234e-05
8.174182887062984e-05
8.145669977146328e-05
8.116892188690841e-05
8.087859766716852e-05
8.058582962822497e-05
8.029072030343358e-05
7.999337219508517e-05
7.96938877259597e-05
7.93923691909057e-05
7.908891870847408e-05
7.878363817263904e-05
7.847662920463661e-05
7.816799310495366e-05
7.785783080550097e-05
7.75462428220052e-05
