0.049492905000000004
0.06150044567245624
0.07317438685711845
0.08443213081199163
0.09529366512998137
0.10577752415953394
0.1158996806898767
0.12567406927031669
0.1351130071354806
0.14422764939351113
0.1530282994193676
0.16152461721332545
0.16972575481005364
0.17764044347138108
0.18527705036683062
0.19264361639539357
0.19974788244857836
0.20659730854021097
0.21319908842248828
0.219560161207796
0.2256872208581177
0.23158672401309252
0.23726489639338277
0.24272773787017676
0.2479810261935333
0.25303031929718167
0.2578809560299488
0.26253805509388406
0.2670065118887945
0.27129099286561686
0.27539592687070485
0.2793254928139081
0.2830835910601323
0.28667386829548835
0.29009961689266206
0.2933637847220219
0.2964689154961774
0.2994170893378988
0.3022098511658314
0.3048481285840971
0.30733214622611993
0.30966135416004886
0.3118344076370929
0.3138492676425894
0.3157035342391149
0.3173951556159806
0.3189236124939569
0.3202914633243614
0.3215057339757018
0.32257832264422487
0.32352486966209015
0.3243624558514873
0.32510722928585006
0.32577284766975045
0.3263700379671924
0.32690681535317917
0.3273890402834581
0.32782099450614854
0.3282058599875289
0.32854607476292275
0.32884358117817875
0.32909999272814267
0.32931670369855254
0.3294949602574343
0.32963590618498545
0.32974061217992723
0.32981009461087535
0.3298453275237331
0.329847250370606
0.329816773019604
0.32975467777277495
0.32966197063618075
0.3295395695175862
0.32938813078940826
0.3292084648699484
0.3290013550260794
0.32876756121270406
0.32850782250267885
0.3282228585743241
0.32791337070579457
0.3275800246839668
0.32722351280155676
0.3268444813528075
0.3264435623512378
0.3260213732123929
0.32557851676307253
0.32511558146133324
0.32463314172390667
0.3241317583064936
0.32361197870805647
0.3230743375835997
0.3225193571569553
0.32194754762878663
0.3213594075770078
0.32075542434786875
0.32013607443660663
0.3195018238567989
0.31885312849806124
0.3181904344714997
0.3175141784427689
0.31682478795254876
0.3161226817243434
0.31540826995960614
0.31468195462023385
0.3139441296985494
0.31319518147493813
0.31243548876334676
0.3116654231449135
0.3108853491900047
0.3100956246689958
0.30929660075214493
0.30848862219893275
0.30767202753726824
0.3068471492329614
0.30601431384989647
0.305173842201319
0.30432604949268116
0.30347124545647275
0.3026097344794758
0.3017418157228668
0.3008677832355854
0.2999879260614014
0.2991025283400577
0.2982118694029046
0.2973162238633883
0.29641586170277
0.29551104835141373
0.2946020447659864
0.2936891075028807
0.2927724887881579
0.2918524365843003
0.2909291946540281
0.29000300262143386
0.28907409603065976
0.2881427064023315
0.28720906128793966
0.2862733843223526
0.2853358952746134
0.28439681009717627
0.28345634097370953
0.2825235942381769
0.28158031956284296
0.2806363688331206
0.2796918876769513
0.2787470661256354
0.2778020916086908
0.2768571485646351
0.2759124183156525
0.27496807901695647
0.2740243056446776
0.2730812700036248
0.27213914074519896
0.2711980833904139
0.2702582603553749
0.26931983097782686
0.2683829515440453
0.2674477753156705
0.2665144525562579
0.2655831305574304
0.2646539536645384
0.26372706330177725
0.26280259799671984
0.2618806934042272
0.26096148232971106
0.260045094751721
0.2591316578438323
0.25822129599581745
0.2573141308340788
0.2564102812413411
0.25550986337557485
0.25461299068815724
0.25371977394126194
0.25283032122447524
0.2519447379706402
0.2510631269709386
0.25018558838921595
0.24931221977556614
0.2484431160791874
0.24757836966053218
0.24671807030277437
0.24586230522261857
0.24501115908048038
0.24416471399007683
0.24332304952745418
0.24248624273949385
0.2416543681519458
0.24082749777702456
0.24000570112062175
0.23918904518917908
0.23837759449627727
0.23757141106899457
0.23677055445409312
0.23597508172408252
0.23518504748323274
0.23440050387358652
0.23362150058104358
0.23284808484156377
0.23208030144757924
0.23131819275465454
0.23056179868847854
