4.080076504811106
4.032914141683505
3.987274785728124
3.9430647666861884
3.900200107616166
3.858605133219145
3.8182113990799857
3.7789567827574286
3.7407847085315193
3.7036434832668284
3.6674857251068174
3.6322678700919773
3.5979497444926185
3.564494192812528
3.5318667531644934
3.500035373130131
3.4689704886218453
3.438643797308728
3.4090290958033576
3.3801017565839038
3.3518385764851097
3.3242176423146996
3.297218211470455
3.2708206057432028
3.2450061167399844
3.2197569215710153
3.1950560076211305
3.1708871035384663
3.147234624956113
3.1240836148458975
3.101419697610675
3.0792290361400947
3.05749829336583
3.0362145978327737
3.0153655128545274
2.9949390088682217
2.974923438644947
2.955307515048372
2.93608029106639
2.9172311418691437
2.8987497486723113
2.8806260842072606
2.86285039962002
2.845413212639291
2.8283052968701305
2.8115176720847104
2.79504159539484
2.778868553203001
2.7629902538394604
2.7473986208028367
2.7320857865303747
2.7170440866322
2.7022660545310484
2.6877444164555917
2.6734720867413215
2.6594421633983747
2.645647923910487
2.632082821233602
2.6187404799666254
2.6056146926702963
2.592699416313351
2.57998876882794
2.56747702575886
2.555158616993359
2.543028123560328
2.5310809038449014
2.5193111497980674
2.5077138809953863
2.496284255584889
2.48501756734076
2.4739092427554055
2.462954838159321
2.4521500368673808
2.4414906463507102
2.43097259543373
2.420591931516371
2.410344817821758
2.4002275306698917
2.390236456778106
2.380368090589195
2.370619031628227
2.3609859818891628
2.3514657432524095
2.3420552149344966
2.332751390971036
2.323551357734118
2.3144522914852628
2.30545145596499
2.296546200020006
2.287733955268959
2.2790122338076144
2.2703786259542236
2.261830798035804
2.2533664902159245
2.2449835143645225
2.2366797519702057
2.22845315209537
2.2203017293744196
2.212223562055265
2.204216790084208
2.196279613234252
2.1884102892767867
2.1806071321965352
2.1728685104495953
2.165192845264329
2.1575786089848092
2.150024323456465
2.1425285584535367
2.1350899301478874
2.127707099618681
2.1203787714024096
2.113103692082701
2.1058806489193183
2.0987084685157207
2.0915860155245616
2.084512191390432
2.077485933129192
2.0705062121431532
2.06357203307144
2.0566824326747684
2.0498364787539236
2.0430332691012065
2.0362719304840833
2.029551009794214
2.022870543170283
2.0162293943731076
2.0096271277568807
2.00306280059318
1.99653568671305
1.9900450733820352
1.9835901666891813
1.9771704726364687
1.9707853713508432
1.9644342417599583
1.958116746140227
1.9518323263112436
1.9455800264588734
1.9393593143585697
1.933169673731935
1.927010603036332
1.9208816150755237
1.9147822366200862
1.9087120080181896
1.9026704828010095
1.896657227286665
1.8906718201856594
1.88471385221013
1.878782925688631
1.8728786541877482
1.8670006621415094
1.8611485844892852
1.855322066322665
1.8495207625416388
1.8437443375202662
1.8379924647819443
1.8322648266842894
1.826561114113581
1.8208810261886814
1.8152242699743038
1.8095905602034708
1.803979619008981
1.798391175663689
1.792824966329403
1.7872807338141574
1.7817582273376753
1.776257202304759
1.7707774200864093
1.765318647808434
1.7598806581473219
1.7544632291331586
1.7490661439593687
1.7436891907990577
1.7383321626277481
1.7329948570523
1.7276770761458078
1.722378626288274
1.7170993180128746
1.71183896585761
1.7066104711851933
1.7014015465552903
1.6962089394116444
1.6910329069879033
1.6858734281678824
1.680714318729223
1.6755743547552817
1.6704534001758993
1.665350815894414
1.6602662991352315
1.6551995754551747
1.6501503940220323
1.6451185237850623
1.6401037503560725
1.6351058944561458
1.630124743471134
1.6251601199537313
1.6202118552005436
1.6152797880708651
1.6103637431845799
1.6054635959210422
