438.93625168336644
440.22946355447186
441.4499266770215
442.6040378010136
443.70033628781545
444.7465906872295
445.74951017817637
446.7148484594801
447.6475444363885
448.55184774051264
449.4314245061798
450.2894457195302
451.12866101929905
451.9514604693791
452.75992639398805
453.55587699172037
454.3409031346301
455.1163995047705
455.88359101383526
456.6435552832198
457.39724182476624
458.1454884507719
458.8890353507129
459.6285371976575
460.3645735863015
461.09765805448956
461.8282458988651
462.55674096127825
463.2835015344825
464.00884551232053
464.73305489023574
465.4563797057799
466.17904149530176
466.90123633168923
467.62313749855343
468.34489784823444
469.0666518842792
469.7885176033201
470.510598126455
471.23298314610645
471.9557502108321
472.67896586757786
473.40268667827735
474.1269601255352
474.85182542021585
475.57731422215966
476.3034512838142
477.03025502539674
477.7577227825905
478.4858921220189
479.21475027149137
479.94429495095443
480.67451963091725
481.40541382725075
482.13696336467166
482.86915061221913
483.60195469352584
484.33535167438254
485.06931472981273
485.8038142926484
486.5388181853633
487.27429173676234
488.01019788491976
488.74649726765193
489.48315280575156
490.2201065501572
490.95732816270447
491.6947635133528
492.4323631290863
493.17007524424344
493.90784610320793
494.64562002977436
495.3833394527498
496.12094491986267
496.8583751058259
497.59556681586383
498.3324549851941
499.06897267479013
499.80505106369975
500.5406194381731
501.2756051778146
502.0099337389732
502.74355745044056
503.4763408703497
504.20823175488374
504.9391476524748
505.66900406986184
506.3977144422431
507.1251901017217
507.85134024413185
508.5760718943224
509.29928986998755
510.0208967441254
510.7407928062087
511.4588760221333
512.1750419930225
512.8891839129461
513.6011925256249
514.3109560801746
515.0183602859524
515.7232882665601
516.4256205130606
517.125234836464
517.8220063195315
518.5158072679557
519.2065071609643
519.893972601408
520.578067265376
521.2586518513979
521.9355840292883
522.6087183886804
523.2779063873126
523.9429962991218
524.603833162198
525.26025872667
525.9121114025664
526.559226207731
527.2014347158498
527.8385650046515
528.4704416043571
529.0968854464446
529.7177138127983
530.332740285322
530.9417746960835
531.5446230780806
532.1410876166876
532.730966601891
533.3140543813658
533.8901413145107
534.4590137274944
535.0204538694302
535.574239869749
536.1201456968683
536.6579411182471
537.1873916619178
537.7082585795863
538.2202988113969
538.7232649524454
539.2169052211403
539.7009634294965
540.1751789554553
540.639286717307
541.0930171503168
541.536096185618
541.9682452314644
542.3891811569005
542.7986162779346
543.1962583462603
543.5818105405937
543.9549714606705
544.3154351239414
544.6628909649995
544.9970238377587
545.3175140203919
545.6240372230233
545.9162645981714
546.1938627538779
546.4564937695274
546.703815214235
546.9354801677633
547.1511372438442
547.3504306157822
547.533000044197
547.6984809067307
547.8465042295295
547.9766967202588
548.0886808024184
548.1820746506666
548.2564922268338
548.3115433162894
548.3468335642741
548.361964511783
548.35653363054
548.3301343565855
548.2823561219321
548.2127843837233
548.1210006502829
548.0065825034001
547.869103616156
547.7081337655462
547.523238839122
547.3139808348278
547.0799178531545
546.8206040807116
546.5355897642667
546.2244211742463
545.8866405566889
545.5217860725802
545.1293917234609
544.7089872622003
544.2600980877681
543.7822451228445
543.2749446730552
542.7377082666668
542.1700424735099
541.5714487019461
540.9414229726987
540.2794556683781
539.5850312575983
431.14063088499876
432.5275797055164
433.86215481927456
435.1448550135506
436.38000169656357
437.57222539626997
438.7258158997474
439.8446398033431
440.93216415047885
441.99149646156246
443.02542401678784
444.0364494161466
445.0268222003825
445.99856683745463
446.953507455724
447.8932896918648
448.81939999007443
449.73318265495874
450.63585492736496
451.5285203216233
452.4121804344941
453.2877454108095
454.1560432281377
455.01782794276676
455.8737870215912
456.7245478689594
457.57068364389875
458.4127184512367
459.2511319797381
460.08636365129314
460.918816337301
461.74885969147584
462.57683314231696
463.40304858322037
464.2277927936603
465.05132962085884
465.87390194789407
466.6957334711403
467.51703030726793
468.3379824477113
469.15876507644714
469.979539765139
470.8004555581353
471.621649958403
472.4432498242759
473.2653721858015
474.0881249885404
474.9116077718168
475.73591228768197
476.561123066198
477.38731793206273
478.2145684770809
479.0429271205281
479.872480881133
480.7032718352527
481.5353506186016
482.36876346208044
483.2035524714663
484.03975588400755
484.8774083039581
485.7165409188165
486.55718169787684
487.39935557453396
488.24308461368537
489.0883881654138
489.9352830060492
490.78378346760525
491.6339015564853
492.48564706229536
493.33902765750173
494.1940489886261
495.05071475960256
495.90902680786513
496.76898517369443
497.63058816329374
498.4938324060354
499.35871290628137
500.22522309013704
501.0933548474803
501.96309856957333
502.834443182537
503.7073761769494
504.5818836338059
505.45795024705814
506.3355593429349
507.21469289622786
508.0953315437039
508.97745459481786
509.8610400398452
510.746064555581
511.6325035087211
512.5203309570317
513.409519648416
514.300041017959
515.1918651830478
516.0849609366337
516.9792957387183
517.8748357061127
518.7715456005435
519.6693888151501
520.568327359427
521.4683218426484
522.3693314558241
523.2713139522097
524.174225626418
525.0780212921468
525.9826542585565
526.888105978853
527.7942376594855
528.7011175229657
529.6086023672989
530.5166675850294
531.4252568890348
532.3343122859143
533.2437740421432
534.1535806489586
535.0636687860065
535.9739732837496
536.8844270846266
537.794961202971
538.7055046836783
539.6159845596196
540.5263258077853
541.4364513041664
542.3462817773482
543.2557357608159
544.1647295439517
545.0731771217196
545.9809901430133
546.8880778576639
547.7943470620763
548.6997020434906
549.6040445228407
550.5072735961935
551.409285674754
552.3099744233987
553.2092306977355
554.1069424796458
555.0029948113029
555.8972697276223
556.7896461871354
557.6800000012385
558.568203761807
559.454126767129
560.3376349461339
561.2185907808789
562.0968532272641
562.9722776339277
563.8447156592998
564.7140151867595
565.5800202378634
566.4425708835943
567.3015031535915
568.1566489433137
569.0078359190744
569.8548874209082
570.6976223632064
571.5358551330648
572.3693954862816
573.1980484409337
574.0216141684703
574.8398878822478
575.6526597234209
576.459714644116
577.2608322877946
578.0557868667083
578.8443470363537
579.6262757668123
580.4013302108676
581.1692615687708
581.9298149495256
582.6827292285633
583.4277369016347
584.1645639347779
584.8929296101862
585.6125463677756
586.3231196422679
587.0243476955677
587.7159214441949
588.3975242815386
589.0688318946425
589.7295120752492
590.379224524774
591.0176206528881
591.6443433693229
592.2590268685221
592.8612964066982
593.4507680708402
594.0270485391751
594.5897348325382
595.1384140560689
595.6726631306117
596.1920485131227
596.6961259053535
597.1844399500127
597.656523913536
598.1118993545203
598.5500757768265
598.9705502662258
