6.0523
4.719528993628724
5.073083641541677
5.409204671049239
5.725978511184158
6.023127833079334
6.301631225236016
6.563312740678325
6.8104716568576045
7.045592283235972
7.2711418436042665
7.489444153069405
7.702607867493473
7.912487038635362
8.120655386577603
8.328382081627701
8.536604662473794
8.745902647056315
8.956481409250523
9.168177762262745
9.380495253095411
9.592669554932463
9.803755807269395
10.012723999100968
10.21854760700465
10.420274274644168
10.617073160379006
10.80825921513037
10.993298493637043
11.171800245216644
11.34350141494701
11.508248067443434
11.665976803090269
11.816697911324209
11.960480998468537
12.09744317230887
12.2277395076469
12.351555372388413
12.469100181778664
12.580602206129612
12.686304141743465
12.786459239855345
12.881327861071913
12.971174378092703
13.056264387489776
13.136862214482377
13.213228706400223
13.28561919911994
13.35428232820179
13.419458046082436
13.481376932763443
13.540259281339935
13.596314506162306
13.64974076375818
13.700724762282869
13.749441734592908
13.7960555502995
13.840718943162386
13.883573831736424
13.924751713096787
13.964374111587498
14.002553066733418
14.039391646629504
14.074984475200429
14.109418263658045
14.14277233824946
14.17511915796157
14.206524817235243
14.237049529939183
14.266748091878945
14.295670319976152
14.323861466971767
14.351362611090428
14.378211020577968
14.404440493397095
14.430081672659012
14.45516233858611
14.47970767796486
14.503740532156746
14.527281624810076
14.550349770451552
14.572962065153682
14.595134060464039
14.61687992176249
14.638212572176474
14.659143823142264
14.67968449265103
14.699844512164892
14.719633023133078
14.739058463982262
14.758128648397703
14.77685083565726
14.795231793726446
14.813277855769275
14.830994970681994
14.848388748206235
14.865464499137657
14.882227271098524
14.898681880308395
14.91483293974673
14.93068488406751
14.94624199159529
14.961508403701346
14.976488141830934
14.991185122429597
15.005603169990579
15.019746028426777
15.033617370948877
15.047220808615604
15.060559897704634
15.073638146037306
15.08645901837919
15.099025941023092
15.11134230565254
15.123411473846065
15.135236773175762
15.146821513026445
15.158168972181523
15.169282407646072
15.180165054154514
15.190820124977463
15.201250812491622
15.211460288547851
15.221451704667453
15.231228192094502
15.240792861726423
15.250148803946274
15.259299088373147
15.268246763546497
15.276994856559913
15.285546372656581
15.29390429479488
15.302071583196023
15.310051174879492
15.317845983198268
15.379577692349837
15.454245611970155
15.537269442369952
15.622416637180526
15.707134319345405
15.790446001641506
15.87202637355959
15.951808824719842
16.029822845716943
16.1061300172394
16.180799899373653
16.25390168347619
16.32550169624163
16.395662880324764
16.464444829517664
16.531903911881784
16.598093361772477
16.66306333323563
16.726860933433816
16.78953025395216
16.851112411080486
16.911645600029797
16.97116516397274
17.02970367650074
17.08729103505896
17.14395456272844
17.199719115709257
17.25460719439835
17.30863905625107
17.361832829060614
17.41420462369785
17.465768645693444
17.516537305349768
17.566521326353886
17.61572985310138
17.66417055717928
17.711849743657414
17.758772458217194
17.804942596210264
17.85036301506866
17.895035680280365
17.938962458498345
17.98214191925289
18.02457552788612
18.066262603167235
18.107202672739536
18.1473953399485
18.186840593521303
18.22553915710417
18.263492929396378
18.300705548542773
18.337183129055035
18.372935241347378
18.40797623715213
18.442327075459932
18.476017884711396
18.509091627534026
18.54160944925507
18.573658653829682
18.605364878223202
18.636911154524523
18.668568607822422
18.700747469000888
18.73408476104961
