0.017102237802761877
0.016962168659233664
0.016827159626985267
0.016696521798968637
0.016569674250478336
0.016446123693912063
0.016325451390869085
0.01620730163668781
0.016091372159799663
0.015977406098762893
0.015865185266936626
0.015754524473724104
0.01564526671773496
0.0155372791033732
0.015430449360703685
0.015324682870822195
0.015219901277215037
0.01511603673571173
0.01501303369628466
0.01491084599125646
0.014809435454991828
0.014708770713100554
0.014608826135778534
0.014509580932785572
0.01441101837095325
0.0143131250979349
0.014215890558262915
0.014119306462456205
0.014023366442048622
0.013928065577028727
0.013833400119928806
0.013739367219169456
0.013645964687230217
0.013553190804636827
0.013461044155113898
0.013369523487950986
0.013278627604110294
0.013188355263018946
0.013098705107349298
0.01300967560340672
0.012921264995022393
0.012833471269092553
0.012746292131121972
0.012659724989319953
0.012573766945966847
0.012488414794919366
0.012403665024256688
0.012319513823188931
0.012235957092455474
0.012152990457535904
0.012070609284080647
0.011988808695044768
0.01190758358907485
0.011826928659760618
0.011746838415415557
0.011667307199099551
0.01158832920863942
0.011509898516440237
0.011432009088915672
0.011354654805394132
0.011277829476384683
0.011201526861109999
0.011125740684233734
0.011050464651728202
0.010975692465843538
0.010901421750658828
0.010827642104140535
0.010754347327773936
0.010681531256324588
0.010609187780196228
0.01053731085498229
0.010465894510137247
0.010394932856780498
0.010324420094666026
0.010254350518353448
0.01018471852261787
0.010115518607137003
0.01004674538049471
0.00997839356354027
0.009910457992142737
0.009842933619379138
0.009775815517195016
0.009709098877574525
0.009642779013256683
0.009576851358033066
0.009511311466661006
0.009446155014424973
0.009381377796377613
0.009316975726290182
0.009252944835340969
0.00918928127056866
0.00912598129311587
0.009063041276287296
0.009000457703444723
0.008938227165760116
0.008876346359846795
0.008814812085286703
0.008753621242071385
0.008692770827972226
0.00863225793585473
0.0085720797509505
0.00851223354809922
0.008452716688972043
0.008393526619286894
0.008334660866025153
0.008276117034658187
0.008217892806391604
0.00815998593543419
0.008102394246297741
0.008045115631133372
0.007988148047109074
0.00793148951383315
0.007875138110826935
0.00781909197505024
0.007763349298482231
0.0077079083257600685
0.007652767351877246
0.0075979247199431
0.007543378819004771
0.007489128081932478
0.007435170983368653
0.007381506037741357
0.007328131797342004
0.007274986516012819
0.0072222355869063695
0.0071696703886985555
0.0071174910732767025
0.007065540433742661
0.0070138791061367745
0.006962499562187347
0.006911357689190136
0.006860534091321731
0.0068099900585995325
0.006759723176301926
0.006709784160069291
0.006660075657873377
0.00661063882560901
0.006561474098549188
0.006512580505891451
0.006463957041123721
0.006415602705199232
0.006367516507793229
0.006319697467153291
0.0062721446098363805
0.006224856970393348
0.006177833591018197
0.0061310735211748315
0.006084575817211085
0.006038339541967373
0.005992363764385858
0.005946647559124439
0.005901190006178855
0.005855990190515501
0.005811047201716608
0.005766360133639174
0.005721928084088546
0.0056777501545071975
0.005633825449678921
0.005590153077448761
0.005546732148458393
0.0055035617758969445
0.005460641075266902
0.0054179691641648535
0.0053755451620765135
0.005333368190185798
0.0052914373711972435
0.005249751829171503
0.005208310689373204
0.005167113078130815
0.005126158122707925
0.005085444951185375
0.005044972692353859
0.005004740475616334
0.004964747430899881
0.004924992688576407
0.004885475379391808
0.004846194634403078
0.004807149584922949
0.004768377502156527
0.004729842985937169
0.004691534652802231
0.004653453102026431
0.0046155980064132105
0.004577920228819274
0.004540476841821906
0.0045032678021321385
0.004466289594253522
0.004429540849182615
0.004393020290353107
0.004356726712666243
0.004320658969383096
0.004284815961572482
0.00424919668876474
0.004213800054029204
0.004178625058885718
0.004143670726386688
0.004108936097724751
0.0040744201721843055
0.004040122085977207
