0.00438
0.0043843569037362905
0.004384313506255504
0.004384270893113826
0.004384228908083325
0.0043841875879073264
0.004384146965972614
0.004384107066786959
0.004384067907227037
0.0043840294978127374
0.004383991843786987
0.004383954946025937
0.00438391880180727
0.004383883405459397
0.004383848748910214
0.004383814822150844
0.00438378161404854
0.004383749111321951
0.004383717300340588
0.00438368616669415
0.004383655695466072
0.0043836258713955
0.004383596679013133
0.004383568102753756
0.004383540127048938
0.004383512736402913
0.00438348591545422
0.004383459651566288
0.004383433924749427
0.004383408722752168
0.004383384031197404
0.004383359835961358
0.004383336123227568
0.004383312879497259
0.004383290091594827
0.004383267746670457
0.00438324583220049
0.004383224335985969
0.004383203246149711
0.004383182551132229
0.00438316223968675
0.004383142300873552
0.004383122724053772
0.004383103498882867
0.004383084615303801
0.004383066063540106
0.004383047834088845
0.004383029917713574
0.004383012305437343
0.004382994988535762
0.0043829779585301855
0.004382961207181016
0.004382944726481155
0.004382928508649607
0.00438291254612525
0.004382896831560767
0.0043828813578167475
0.004382866117955964
0.004382851105237796
0.004382836313112839
0.004382821735217653
0.004382807365369672
0.00438279319756226
0.00438277922595992
0.004382765444893619
0.00438275184972588
0.004382738434057487
0.004382725192828196
0.004382712120998487
0.004382699213668333
0.004382686466078506
0.004382673873606962
0.004382661431765108
0.004382649136194171
0.004382636982661649
0.004382624967057862
0.004382613085392583
0.004382601333791759
0.004382589708494314
0.004382578205849022
0.004382566822311475
0.004382555554441112
0.004382544398898319
0.004382533352441625
0.004382522411924925
0.004382511574294821
0.0043825008365879934
0.004382490195928642
0.004382479649526016
0.0043824691946719755
0.004382458828738633
0.004382448549176052
0.004382438353509995
0.00438242823933975
0.004382418204335987
0.004382408246238693
0.004382398362855149
0.004382388552057968
0.0043823788117831755
0.004382369140028356
0.00438235953485083
0.0043823499943659045
0.0043823405167451495
0.004382331100214741
0.004382321743053829
0.004382312443592976
0.004382303200212618
0.004382294011341581
0.004382284875455632
0.004382275791076089
0.004382266756768443
0.00438225777114105
0.004382248832843832
0.00438223994056704
0.004382231093040049
0.004382222289030175
0.004382213527341536
0.004382204806813952
0.004382196126321869
0.004382187484773337
0.004382178881108972
0.004382170314301002
0.004382161783352317
0.0043822135397009465
0.004382148135709061
0.00438219652536314
0.004382131296826212
0.004382131750238909
0.004382123512284663
0.0043821151899434635
0.004382154874993897
0.004382147237610491
0.004382138939764004
0.004382130646541439
0.004382062787330826
0.004382053771033577
0.004382045625164452
0.004382037529990842
0.004382029459041912
0.00438202141090806
0.004382013384987683
0.004382005380721325
0.004381997397567061
0.00438198943499921
0.004381981492507837
0.004381973569598284
0.004381965665790729
0.004381957780619761
0.004381949913633972
0.004381942064395562
0.004381934232479958
0.004381926417475448
0.0043819186189828245
0.004381910836615039
0.00438190306999686
0.004381895318764562
0.004381887582565605
0.0043818798610583245
0.004381872153911641
0.004381864460804774
0.004381856781426958
0.004381849115477175
0.004381841462663896
0.004381833822704819
0.004381826195326628
0.004381818580264752
0.00438181097726313
0.004381803386073991
0.004381795806457627
0.004381788238182194
0.004381780681023493
0.004381773134764776
0.004381765599196551
0.004381758074116399
0.0043817505593287814
0.004381743054644872
0.004381735559882386
0.004381728074865401
0.004381720176596461
0.0043817126344084445
0.004381705187466384
0.004381697746631386
0.004381690317007318
0.0043816833886146465
0.004381675969663688
0.004381668553772508
0.004381661145869307
0.004381653746774604
0.004381646356300641
0.004381638974279645
0.004381631600554792
0.004381624234979644
0.00438161687681089
0.004381609527141751
0.004381602185247209
0.00438159485100855
0.004381587524323001
0.004381580205687075
0.004381572893820463
