4.2403
10.898109193743993
10.814364711749796
10.73283485799779
10.653432479241571
10.576080163408148
10.500707948467845
10.427251685058993
10.355651794018703
10.285852321058618
10.217800220199415
10.151444813450063
10.08673738604886
10.02363088565465
9.962079700889134
9.90203950008437
9.843467734122727
9.786321635324493
9.730560169240055
9.67614326043805
9.623031791619102
9.571187585628278
9.520573393158482
9.471152883912676
9.422890639593
9.375752147549953
9.329703794280803
9.284712898045852
9.24074754217091
9.197776802268805
9.155770578501876
9.114699622628295
9.074535524879764
9.035250699685292
8.996818370412576
8.959212553262835
8.922408040458283
8.886380382859068
8.85110587214111
8.816561522658231
8.782725053101473
8.749574868058817
8.717090039566356
8.685250288731806
8.654035967500214
8.623428040621853
8.593408067872952
8.563958186571165
8.535061094420085
8.506700032710267
8.478858769897286
8.451521585573142
8.424673254841247
8.398299033102099
8.372384641252706
8.346916251300243
8.321880472387408
8.297264337225602
8.273055288929754
8.249241168247673
8.225810201175662
8.202750986951344
8.180052486414095
8.15770401072307
8.135695210422684
8.114017265466487
8.092659038181445
8.071611303738523
8.050864971963655
8.03041124185098
8.010241592560568
7.990347774669219
7.970721801684711
7.951355941815994
7.932242709991514
7.913374860118301
7.894745377574334
7.876347471927267
7.858174569872634
7.8402203083849065
7.822478528075161
7.804943266748959
7.787608753158888
7.770469400945674
7.753519802762677
7.736754724578163
7.72016910015056
7.703758025671311
7.687516754571027
7.671440692483791
7.655525392365568
7.639766549762044
7.624159998221844
7.608701704850989
7.593387766004556
7.57821440311176
7.5631779586305985
7.548274892128546
7.533501776485493
7.518855294215711
7.504332233905269
7.4899294867617074
7.4756440432727205
7.461472989970658
7.447413506299868
7.4334628615839105
7.419618412089554
7.405877598184914
7.3922379415888795
7.37869704270913
7.365252578066012
7.351902297799921
7.338644023259461
7.325475644668007
7.312395118866344
7.299400467128994
7.286489773051961
7.273661180509758
7.260912891679434
7.24824316512968
7.2356503139728146
7.223132704077809
7.210688752342243
7.198358801122291
7.1860175164914954
7.173824951397507
7.161620972938748
7.14952904589599
7.137496288543095
7.125527244020232
7.1136545143681635
7.101810723275646
7.090026667739725
7.078301811915882
7.0665935516876495
7.054983345610002
7.043429706132552
7.031931036782435
7.020486366488945
7.009094773348464
6.997755362535857
6.986467265054919
6.975229637106308
6.964041659449879
6.95290253675286
6.941811496931199
6.930767790490936
6.919770689873989
6.9088194888121235
6.897913501691555
6.887052062930144
6.876234526368382
6.865460264675155
6.8547286687687965
6.84403914725369
6.833391125872669
6.822784046975137
6.812217369000726
6.801690565978383
6.791203127040633
6.780754555952649
6.770344370655766
6.759972102825292
6.749637297441976
6.739339512377003
6.729078317989965
6.718853296739417
6.708664042805968
6.698510161727057
6.688391270043377
6.678306994956421
6.668256973997057
6.65824085470436
6.648258294314813
6.638308959461219
6.628392525881211
6.618508678134913
6.608657109331622
6.5988744492810465
6.589106394828801
6.579362885930986
6.569648728697721
6.559963521159036
6.550262625276381
6.540620482762614
6.531010319360024
6.521431070605842
6.51188236971571
6.502363827055388
6.492875089078042
6.4834158320103255
6.473985756893604
6.464584640266713
6.455212131847395
6.445868018674515
6.43655206947861
6.427264064444961
6.418003740084006
6.408770984286616
