156.21756252319483
162.59268629309523
169.7423744804757
176.17979346666561
181.62839021887427
186.04912786920337
189.56006616574984
192.3504736919694
194.61158849276825
196.50444869396864
198.15274191249532
199.64644363497686
201.04845743401225
202.40106652543608
203.73131183348437
205.05527518282193
206.38142913336605
207.7131967222836
209.05083901877254
210.3927864065384
211.73653251153925
213.07920364743796
214.4179005833851
215.74988849833483
217.07269043190604
218.38412228694787
219.68229435785588
220.96559513001975
222.2326668834859
223.48237863597936
224.71379945857456
225.926173676493
227.11889859600825
228.29150489157217
229.4436395314953
230.57505100294148
231.6855765482456
232.77513113270112
233.84369788266935
234.8913197616455
235.91809229216068
236.9241571535192
237.90969652553403
238.87492805840893
239.8201003828248
240.74548908212083
241.65139306742643
242.53813130467333
243.40603985216273
244.2554691758529
245.08678171276597
245.90034965978734
246.6965529666458
247.4757775161501
248.23841347403783
248.98485379855333
249.71549289490403
250.43072540288637
251.1309451109495
251.81654398184816
252.48791128917824
253.14543284656168
253.78949033265306
254.42046069563565
255.03871563726935
255.64462116679823
256.2385372192606
256.8208173345571
257.39180838891644
257.9518503785947
258.5012762451889
259.0404117448807
259.5695753530865
260.0890782018701
260.59922404858463
261.1003092713113
261.592622886301
262.0764465887868
262.55205481131884
263.01971479873083
263.4796866980532
263.9322236602411
264.37757195300077
264.8159710828523
265.24765392419846
265.6728468560767
266.091769902945
266.5046368799337
266.9116555422451
267.3130277353386
267.7089495469704
268.09961146133173
268.48519851180623
268.8658904347968
269.2418618208839
269.61328226691694
269.9803165254489
270.3431246510076
270.701862146194
271.0566801047486
271.40772535070545
271.7551405759095
272.09906447449185
272.43963187328995
272.7769738602799
273.111217908486
273.4424879970921
273.77090472959964
274.096585447325
274.41964434086094
274.7401925567093
275.05833830123913
275.374186941032
275.6878410999927
275.99940075213857
276.3089633121318
276.6166237214494
276.92247453178817
277.2266059849053
277.5291060891534
277.83006069275643
278.1295535540363
278.4276664077457
278.72447902927655
279.02006929417485
279.3145132359668
279.60788509990516
279.90025739410703
280.19170093652974
280.4822849001252
280.7720768535772
281.0611427994591
281.34954720894467
281.6373530528321
281.92462182998986
282.2114135913014
282.4977869610895
282.7837991536845
283.0695059873572
283.35496189361595
283.64021992233535
283.9253317429582
284.21034764091087
284.4953165093958
284.7802858359015
285.0653016835757
285.3504086666711
285.63564991991734
285.921067061177
286.2067001473111
285.80517964838333
285.4848683744961
285.25738600138425
285.11572215046556
285.04689520519906
285.0373347608978
285.07493030825066
285.1496025231594
285.25355687178956
285.3803191362486
285.5247507811475
285.68294904785546
285.8519350524357
286.029424159836
286.2136557119884
286.4032660526739
286.59719338159545
286.79460614032797
286.9948488722486
287.1974011041886
287.40184596067706
287.60784607127204
287.815124954146
288.0234525174209
288.23263365808134
288.44249918830525
288.65289850409414
288.8636935481372
289.0747537201612
289.2859514619539
289.4971582989703
289.7082411590176
289.91905881520495
290.12945831782247
290.33927128875496
290.5483099548535
290.7563627925795
290.9631896462153
291.1685161653308
291.37202738355705
291.57336022831123
291.772094709127
291.9677434774615
292.1597393806604
292.3474205431464
292.53001239256815
292.70660590169604
292.8761311272488
293.03732488379427
