-305.0957996812371
-298.73351628650187
-292.9422466513564
-287.9461930942851
-284.0385203045314
-281.4027034328769
-280.0192043976293
-279.68221411402135
-280.09496415496545
-280.9670698203673
-282.067842569445
-283.23749071442825
-284.376597553872
-285.42989036749134
-286.3716310173172
-287.19456553692686
-287.9022223560767
-288.5038152966196
-289.0110255353767
-289.4360789145758
-289.7906798596574
-290.0854867135807
-290.32991210924934
-290.5321067414969
-290.6990380790032
-290.83661134693705
-290.9498030198424
-291.0427910474602
-291.1190742767687
-291.1815781554325
-291.2327462763095
-291.2746185853224
-291.30889758134185
-291.33700402168046
-291.3601236119543
-291.37924602720796
-291.39519747400146
-291.40866782689034
-291.4202332250813
-291.4303748901464
-291.439494781931
-291.4479286409565
-291.4559568367411
-291.46381341042735
-291.4716936055058
-291.4797601474885
-291.4881484800742
-291.4969711368014
-291.5063213922269
-291.5162763144488
-291.52689931943337
-291.53824231027
-291.5503474714803
-291.5632487719593
-291.57697323367006
-291.5915419954559
-291.6069712085862
-291.6232727971816
-291.64045509396436
-291.6585233884773
-291.67748037830404
-291.69732656761835
-291.7180605924771
-291.7396795087813
-291.7621790316657
-291.7855537422732
-291.8097972670891
-291.83490242642335
-291.8608613707939
-291.8876656870179
-291.9153065017428
-291.9437745619053
-291.9730603070381
-292.0031539345618
-292.03404545379135
-292.0657247299625
-292.0981815290701
-292.13140555066377
-292.1653864591907
-292.2001139105466
-292.23557757439346
-292.271767153555
-292.3086724008067
-292.34628313205724
-292.3845892402233
-292.42358070252493
-292.4632475899528
-292.5035800752108
-292.54456843451646
-292.58620305246643
-292.6284744272503
-292.671373169036
-292.71489000348845
-292.7590157675301
-292.80374141405207
-292.8490580072707
-292.8949567176162
-292.9414288247663
-292.988465712433
-293.036058860974
-293.08419984770984
-293.13288034070405
-293.1820920925228
-293.2318269371404
-293.28207678148254
-293.3328336009088
-293.38408943417284
-293.4358363724457
-293.4880665580558
-293.54077217142407
-293.5939454271434
-293.64757856513285
-293.70166384362915
-293.75619352705655
-293.81115988218073
-293.8665551646966
-293.92237161272914
-293.9786014359281
-294.03523680572084
-294.09226984447287
-294.14969261639294
-294.20749711230627
-294.26567524416356
-294.32421882506577
-294.38311956420677
-294.44236904923173
-294.5019587352018
-294.5618799255469
-294.62212376423577
-294.682681213301
-294.74354304043874
-294.8046998002118
-294.86614181449903
-294.9278591575125
-294.98984162940803
-295.0520787415549
-295.1145596859177
-295.177273319039
-295.24020813095234
-295.30335221845496
-295.36669325805406
-295.430218473055
-295.4939146020708
-295.5577678607092
-295.6217639061244
-295.68588779425346
-295.7501239363585
-295.8144560501018
-295.87886711180903
-295.8100294278864
-295.564324772142
-295.3796830453006
-295.2493792379081
-295.16382482284797
-295.1136190814887
-295.0906352117566
-295.0882516235133
-295.10350785060035
-295.1305291032401
-295.1653307123558
-295.20564531279257
-295.24976262205297
-295.29639077291034
-295.344552021695
-295.3935043778192
-295.4426827043343
-295.49165441316336
-295.5400860935973
-295.5877183236412
-295.63434660008863
-295.6798068551961
-295.72396440435494
-295.7667054628842
-295.80793058305085
-295.8475495206787
-295.88547716281084
-295.921630232021
-295.95592455533813
-295.9882727156264
-296.0185819638455
-296.046752273293
-296.07267444394887
-296.09622817914584
-296.11728004856195
-296.1356812724321
-296.15126524340076
-296.16384470306065
-296.17320847537525
-296.17911765493346
-296.1813011080225
-296.1794501375141
-296.17321211436024
-296.1621828337426
-296.145897309154
-296.1238186199933
-296.09532436348877
-296.05969010216864
-296.01606907428715
-295.96346721268685
