6.212759204470633
5.663525601479004
5.27481327238116
4.983498863526754
4.759247088276492
4.583273978699701
4.442682831007561
4.328257946327784
4.233293850068469
4.152863397873006
4.083324781177274
4.021976674382918
3.966811439080754
3.916335752694633
3.869438820778966
3.8252948213063314
3.7832903309013584
3.7429701744075756
3.7039969613853154
3.666120840393086
3.629156903353122
3.592968325427931
3.5574538058724094
3.5225382319283143
3.488165754730971
3.4542946669490204
3.4208936233026783
3.387938859465914
3.355412151226698
3.323299320949322
3.291589147478412
3.2602725725327653
3.229342124315005
3.1987914997614437
3.1686152622896753
3.1388086233725176
3.1093672847655593
3.080287324490852
3.0515651142970937
3.02319725970292
2.9951805562042817
2.967511957028586
2.940188549125324
2.9132075350277065
2.8865662189003802
2.860261995576552
2.8342923417370054
2.8086548086322547
2.783347015925549
2.758366646359427
2.7337114410365095
2.7093791951671125
2.6853677541796075
2.661675010119763
2.6382988982864344
2.6152373940656806
2.592488509935653
2.5700502926217488
2.5479208203865067
2.5260982004422536
2.504580566477017
2.483366076285978
2.4624529095020944
2.4418392654204544
2.4215233609117295
2.4015034284206407
2.3817777140458323
2.362344475697989
2.343201981333352
2.324348507260068
2.305782336515121
2.287501757309802
2.2695050615419117
2.2517905433730974
2.2343564978698884
2.217201219707201
2.200323001933205
2.1837201347946213
2.1673909046216444
2.1513335927717754
2.1355464746320147
2.1200278186789077
2.104775885596065
2.089788927448825
2.0750651869158014
2.060602896577126
2.0464002782592225
2.0324555424359736
2.018766887686211
2.0053325002074
1.9921505533854738
1.9792192074207016
1.9665366090095022
1.9541008910820674
1.9419101725956358
1.9299625583832243
1.9182561390575703
1.9067889909699753
1.895559176223701
1.884564742741479
1.8738037243866257
1.8632741411371991
1.8529739993125056
1.842901291851238
1.8330539986403704
1.8234300868938946
1.8140275115803635
1.8048442158981177
1.7958781317969643
1.7871271805449982
1.77858927333916
1.7702623119580014
1.7621441894550844
1.754232790891306
1.7465259941043911
1.7390216705136947
1.7317176859583807
1.7246119015669943
1.7177021746563352
1.7109863596575445
1.7044623090672077
1.698127874421242
1.6919809072893421
1.6860192602876756
1.6802407881075225
1.674643348557518
1.66922480361718
1.6639830204993853
1.6589158727194637
1.6540212411686
1.6492970151892425
1.6447410936502902
1.6403513860198
1.6361258134330625
1.6320623097538995
1.628158822627125
1.6244133145201343
1.620823763751694
1.6173881655060434
1.6141045328305146
1.6109708976149324
1.6079853115511573
1.6051458470712177
1.6024505982625448
1.5998976817589436
1.597485237605973
1.5952114300995757
1.5930744485967951
1.5910725082975914
1.5892038509968005
1.587466745805415
1.5858594898404081
1.58438040888246
1.5830278580009916
1.5818002221460175
1.580701327997844
1.5797156957480016
1.5788519789981468
1.578107836598396
1.5774813603910616
1.5769709239781557
1.5765750461702543
1.5762923289148572
1.5761214298181399
1.5760610501024945
1.5761099293941547
1.5762668435132967
1.5765306035709459
1.5769000556234702
1.5773740805544176
1.577951594038544
1.5786315465245802
1.5794129232091456
1.5802947439901196
1.5812760633946796
1.5823559704802652
1.5835335887080932
1.5848080757894518
1.5861786235052386
1.5876444574993431
1.5892048370465608
1.5908590547956822
1.5926064364884793
1.5944463406552927
1.5963781582879406
1.598401312490634
1.6005152581095854
1.6027194813420653
1.6050134993255318
1.6073968597075647
1.6098691401972238
1.6124299480985516
1.615078919826801
1.6178157204080839
1.6206400429629997
1.6235516081748917
1.6265501637432864
1.6296354838231233
1.6328073684502542
