164769.7188
824426.5005719143
797772.9761110005
771362.8188494977
745521.0200383711
720624.3341166072
696937.5933000991
674617.8643977285
653749.9831730566
634377.8202307671
616523.7699447434
600197.8111861894
585399.5584054282
572116.5469601752
560321.2314695963
549968.3672033515
540993.7376737612
533314.615514035
526831.9062013753
521433.62990898266
516999.24185047724
513404.2580881007
510524.71156311146
508241.1012095458
506441.45229624474
505023.77196487616
503897.3916505039
502983.65503370255
502215.91877190955
501539.1337468775
500908.88715117116
500290.78264407476
499657.65757931664
498990.77803237725
498277.0098738926
497508.1414732169
496679.89373314206
495791.05207713443
494842.72303314885
493837.7109168237
492780.00554033805
491674.36930199445
490526.01093938545
489340.33320490154
488122.7423799094
486878.5086108328
485612.66731507797
484329.9532361085
483034.7600156853
481731.1193413891
480422.69480989437
479112.7865747441
477810.5888498315
476500.4061585122
475202.3583948623
473912.7154599896
472633.22363038047
471365.3831260293
470110.4737694659
468869.57669405674
467643.59482410975
466433.2719781696
465239.21052298567
464061.8875675126
462901.66972142784
461758.82647327916
460633.54226044624
459525.92731348664
458436.0273667008
457363.83232615865
456309.28397973435
455272.2828468977
454252.69423889637
453250.35361483565
452265.07130439987
451296.63666224334
450344.821715729
449409.3843609855
448490.0711578014
447586.6197682804
446698.7610804617
445826.22105243214
444968.72230933415
444125.98552403075
443297.7306061789
442483.6777216326
441683.54816374544
440897.0650959942
440123.95418005704
439363.94410177576
438616.7670128808
437882.15889453754
437159.8598550086
436449.61436810007
435751.1714624444
435064.2848668004
434388.7131174392
433724.2196307002
433070.5727509741
432427.5457714115
431794.91693479224
431172.4694169228
430559.9912938384
429957.2754979639
429364.11976154224
428780.3265530905
428205.70300490555
427640.06083536625
427083.2162657059
426534.98993443255
425995.2068071805
425463.696084478
424940.2911096816
424424.82927460957
423917.15192438336
423417.10426362214
422924.5352624341
422439.29756174644
421961.2473825504
421490.24443279376
421026.1518179465
420568.83595242864
420118.166473018
419674.5454500243
419236.7849491528
418805.29737674276
418379.96525489073
417960.67309866595
417547.30815697316
417139.7603395277
416737.9221449466
416341.68858991924
415950.9571410419
415565.6276483342
415185.6022797891
414810.7854598367
414441.0838061292
414076.40607202996
413716.6630873851
413361.76770276256
413011.6347354442
412666.1809156706
412325.32483575144
411988.9868999428
411657.08927628084
411329.5558495687
411006.3121753328
410687.2854360387
410372.40439779626
410061.5993686423
409754.8021585099
409451.94603974844
409152.965709087
408857.7972502233
408566.3780985503
408278.64700584154
407994.54400719004
407714.01038781984
407436.9886504473
407163.42248542135
406893.2567410373
406626.4373933398
406362.9115179642
406102.62726398243
405845.53382553445
405591.58141722693
405340.72124862333
405092.9054989607
404848.0872951282
404606.220686982
404367.26062647445
404131.1629439868
403897.88432972046
403667.38231056684
403439.6152322036
403214.5422382831
402992.12325242965
402772.3189596373
402555.09078856383
402340.4008936711
402128.21213866596
401918.48808094376
401711.19295386714
401506.29165337345
401303.74972110294
401103.5333300638
400905.6092716622
400709.9449398381
400516.5083189016
400325.2679702613
400136.1930186732
399949.25314061326
399764.41855185287
399581.65999575844
399400.9487311811
399222.25652194384
399045.5556257207
398870.81878313806
398698.01920729666
