-4.209126942564748
-4.209881490114829
-4.210087350387948
-4.20998079977861
-4.2097305438808785
-4.209433030168262
-4.2091404341338965
-4.208878781931805
-4.208659013976293
-4.20848372125489
-4.208351206402626
-4.208257883821712
-4.20819965422767
-4.208172653203244
-4.208173623975345
-4.208200069126866
-4.208250276129079
-4.2083232737001754
-4.208418753120127
-4.2085369744069885
-4.208678668780944
-4.208844943950824
-4.2090371956192385
-4.209257026949601
-4.209506176642127
-4.209786455739428
-4.210099692898454
-4.210447687578068
-4.210832170617236
-4.211254771554278
-4.211716992013184
-4.212220184548419
-4.212765536354017
-4.213354057263165
-4.213986571596086
-4.214663713315432
-4.215385924217389
-4.21615345468295
-4.216966366763381
-4.2178245392469975
-4.218727674492547
-4.219675306772891
-4.220666811852438
-4.221701417649608
-4.222778215717662
-4.223896173366144
-4.225054146208094
-4.226250890981963
-4.22748507845307
-4.2287553062031265
-4.230060111245017
-4.231397982254793
-4.232767371308109
-4.234166705121145
-4.235594395542967
-4.23704884944502
-4.238528477737428
-4.240031703697483
-4.241556970411386
-4.243102747433045
-4.24466753665329
-4.246249877339067
-4.247848350443581
-4.24946158219171
-4.251088246948229
-4.252727069472703
-4.25437682657127
-4.256036348199772
-4.257704518077809
-4.25938027384636
-4.261062606875339
-4.26275056164937
-4.264443234945761
-4.266139774693043
-4.26783937863907
-4.269541292864309
-4.2712448101346085
-4.272949268129949
-4.2746540476628585
-4.276358570778285
-4.278062298861856
-4.279764730726925
-4.281465400724071
-4.2831638768624245
-4.28485975896672
-4.286552676896414
-4.288242288804104
-4.289928279461678
-4.291610358652088
-4.293288259623567
-4.2949617376344
-4.2966305685277755
-4.2982945474485215
-4.299953487546196
-4.301607218818067
-4.303255586994022
-4.304898452467928
-4.306535689333512
-4.308167184455344
-4.3097928365977065
-4.311412555612867
-4.313026261700225
-4.314633884670324
-4.316235363311435
-4.317830644744824
-4.31941968386187
-4.321002442782844
-4.32257889034481
-4.3241490016320805
-4.325712757547163
-4.32727014436738
-4.328821153398152
-4.330365780576287
-4.331904026154839
-4.333435894369468
-4.334961393148665
-4.336480533831934
-4.337993330893477
-4.339499801720978
-4.340999966359799
-4.342493847298087
-4.343981469263662
-4.345462859031743
-4.34693804522402
-4.3484070581591245
-4.3498699296621846
-4.351326692931139
-4.352777382376134
-4.354222033480621
-4.3556606826741415
-4.357093367212217
-4.3585201250434435
-4.359940994700586
-4.361356015213261
-4.362765225975742
-4.364168666679327
-4.365566377204554
-4.366958397542671
-4.36834476771074
-4.36972552767698
-4.371100717281107
-4.372470376182131
-4.373834543765231
-4.375193259107866
-4.376546560894603
-4.377894487397131
-4.3792370763776125
-4.380574365071893
-4.381906390136496
-4.383233187598012
-4.384554792808917
-4.385871240427903
-4.387182564359625
-4.3884887977376925
-4.38978997289047
-4.391086121309016
-4.3923772736136675
-4.3936634595485335
-4.394944707939224
-4.396221046674204
-4.397492502703853
-4.398759101994816
-4.40002086954675
-4.401277829354869
-4.402530004397579
-4.403777416647696
-4.40502008704219
-4.406258035491415
-4.40749128085927
-4.408719840972289
-4.409943732602542
-4.411162971495705
-4.412377572333333
-4.41358754876099
-4.41479291339061
-4.415993677787593
-4.4171898524980495
-4.418381447048454
-4.419568469946988
-4.420750928706412
-4.421928829839678
-4.423102178890022
-4.424270980436456
-4.4254352380911675
-4.426594954552212
-4.427750131585898
-4.428900770062627
-4.430046869970897
-4.431188430432469
-4.432325449731212
-4.433457925325629
-4.4345858538811935
-4.435709231279707
-4.436828052650537
-4.4379423124106285
-4.439052004249643
-4.440157121195703
-4.441257655621129
-4.442353599273886
