0.0985325
0.14175779280653023
0.18408469285516316
0.22561223776739747
0.2664230020940393
0.3065887192456761
0.3461724193294712
0.38522957057543666
0.4238090926324844
0.4619541688568926
0.4997029298964808
0.5370890370371589
0.5741421844026664
0.6108885328235428
0.6473510873324183
0.6835500260397047
0.7195029879362428
0.7552253255314932
0.7907303273310256
0.8260294143671324
0.8611323143444273
0.8960472164207562
0.9307809091919933
0.9653389040707333
0.999725545930459
1.033944112618133
1.0679969047104059
1.101885326695339
1.1356099605966952
1.1691706329170932
1.2025664756557524
1.2357959820531712
1.2688570576262375
1.3017470669809277
1.3344628768240596
1.3670008955390724
1.3993571096422972
1.4315271173945174
1.4635061598069563
1.495289149250357
1.5268706958498566
1.558245131826371
1.5894065339266394
1.6203487440677355
1.6510653940356843
1.6815499001593759
1.71179551375986
1.7417953111704527
1.7715422147583757
1.8010290041113697
1.8302483268792304
1.8591927085038022
1.887854560914672
1.9162261902519186
1.9442998036747816
1.9720675150058853
1.9995213511626584
2.0266532548722345
2.053455089075329
2.0799186399538945
2.1060356193512835
2.1317976666152565
2.1571963498974345
2.182223166937259
2.206869545351964
2.231126842446517
2.254986344548113
2.2784392658590793
2.3014767468087522
2.324089851868879
2.3462695667774405
2.3680067950915418
2.38929235395963
2.410116968965213
2.43047126784569
2.450345772827597
2.4697308912388425
2.4886169039528143
2.506993951079465
2.5248520141317994
2.542180893644199
2.558970180874994
2.57520922175083
2.5908870705466875
2.6059924298559776
2.620513572057114
2.6344382355199216
2.6477534858915583
2.660445528433152
2.6724994506852626
2.6838988642832873
2.694625398059679
2.7046579673495676
2.713971698950728
2.7225363176071316
2.730313641001441
2.7372536386994004
2.7432880089105547
2.748319495825971
2.7522039176755446
2.754720680574788
2.7555307382708674
2.754148533344
2.7500513442886794
2.743114704269621
2.734039970994981
2.723969436420953
2.7137787715495874
2.703906733767013
2.694513078761481
2.685627262381338
2.6772260226553435
2.6692669858841507
2.661702212940837
2.6544834852671064
2.6475643115557257
2.6409006511910733
2.634451138458024
2.62817711312963
2.622042576243685
2.6160141172362916
2.6100608303955894
2.604154227652482
2.5982681504767
2.592378681996421
2.5864640598177577
2.580504589769728
2.574482560701736
2.5683821604209536
2.562189392840309
2.5558919964002516
2.5494793638229196
2.5429424632546027
2.5362737608494474
2.529467144844888
2.522517851176404
2.515422390676244
2.508178477897367
2.500784961600493
2.493241756938063
2.4855497793651744
2.4777108803028978
2.4697277845750634
2.46160402963478
2.4533439065920595
2.444952403049095
2.4364351477443917
2.4277983570022865
2.419048782979214
2.4101936636931636
2.401240674818376
2.3921978832226016
2.383073702220339
2.373876848511644
2.364616300772699
2.3553012598617773
2.3459411106014536
2.336545385096654
2.3271237275465952
2.3176858605084782
2.3082415525705726
2.298800587393475
2.2893727340793038
2.2799677188311867
2.2705951978673062
2.261264731557697
2.251985759754954
2.242767578294501
2.233619316644567
2.224549916690037
2.2155681126401574
2.2066824120538984
2.197901077982295
2.1892321122313922
2.1806832397537286
2.1722618941800924
2.20675312620082
2.2528915178694966
2.297354657304993
2.340351034814656
2.3817861635423476
2.4215576572054673
2.459624115089696
2.496011044805463
2.5308002786144193
2.564116083486955
2.596111321072789
2.626955414421193
2.6568234819067
2.685888698309935
2.7143145961419197
2.7422507020779094
2.7698294993499792
2.7971649065861444
2.8243520081510214
2.8514680310288236
2.8785728070362606
2.905711656154973
2.9329170175120733
2.9602105507099643
2.9692008741064813
2.9783950022516037
2.9871251138025143
2.9954608849550186
3.0034651377120314
3.0111909282387463
3.0186824085433805
3.0259759800357187
3.0331014650044783
3.040083183701544
3.0469408985257105
3.05369062012599
3.0603452849399773
3.066915319272239
3.0734091054428045
3.079833365614693
3.0861934764706382
3.092493726540487
3.098737526119611
3.1049275781539545
3.11106601708566
3.1171545214674548
3.1231944051492238
3.129186690996013
3.1351321703918043
3.1410314511975352
3.1468849963466208
3.152693154860724
3.158456186738694
3.1641742829006967
3.169847581147521
3.1754761789133776
3.181060143442242
3.1865995198969164
3.1920943378116693
3.197544616219446
3.202950367719915
3.208311601702212
3.213628326893861
3.218900553373204
3.2241282941551486
3.2293115664378687
3.2344503925803494
3.2395448008663843
3.244594826099241
3.2496005100620753
3.254561901871904
3.259479058249141
3.264352043720094
3.269180930766145
3.2739657999304397
3.2787067398906062
3.2834038475042067
3.2880572278272147
3.292666994164724
3.2972332679240317
3.3017561787888123
3.3062358645538836
3.310672471122478
3.31506615245895
3.319417070535257
3.3237253952719876
3.327991304474497
3.33221498376459
3.33639662650816
3.3405364337390817
3.3446346140795793
3.3486913836574863
3.352706966160712
3.3566815920764115
3.3606154996549864
3.36450893421754
3.36836214809892
3.3721754005676994
3.3759489577330246
3.379683092444433
3.3833780841874157
3.3870342189759963
3.39065178924293
3.394231093727852
3.3977724373635434
3.4012761311604627
3.404742492089632
3.4081718429639705
3.4115645123181686
3.4149208342871855
3.4182411484834465
3.4215257998728306
3.4247751386495318
3.4279895201098736
3.43116930452515
3.4264154228681925
3.421768439578606
3.417214207176925
3.412746197165518
3.408361263012573
3.4040576867184655
3.3998344126184024
3.395690607959952
3.3916255821793104
3.3876386984040434
3.3837293458509463
3.3798969279463633
3.3761408571705656
3.372460552797851
3.3688554398844484
3.365324948794735
3.361868514960282
3.3584855787401366
3.3551755853256506
3.351937984665399
3.3487722313996273
3.345677784799631
3.34265410871007
3.3397006714933197
3.336816945975434
3.33400240939352
3.3312565433444057
3.328578833734518
3.3259687707309196
3.323425848713445
3.320949566227898
3.3185394259402705
3.3161949345919317
3.3139156029557615
3.3117009457931883
3.309550481812093
3.307463733625556
3.3054402277114012
3.3034794943725236
3.30158106769796
3.2997444855246814
3.297969289400078
3.2962550245451103
3.2946012398181126
3.293007487679208
3.2914733241553344
3.289998308805847
3.2885820046886876
3.2872239783270976
3.2859237996768713
3.2846810420941144
3.2834952823035097
3.282366100367053
3.281293079653257
3.2802758068067925
3.279313871718568
3.2784068674962197
3.2775543904350184
3.276756039989171
3.2760114187435123
3.275320132385574
3.2746817896780214
3.274096002431454
3.2735623854775495
3.2730805566425483
3.272650136721076
3.272270749450278
3.271942021484281
3.271663582368957
3.271435064516985
3.2712561031832132
3.2711263364403047
3.271045405154664
3.271012952962639
3.271028626246991
3.271092074113629
3.271202948368603
3.2713609034953492
3.27156559663218
3.2718166875500225
3.272113838630391
3.272456714843596
3.27284498372718
3.273278315364581
3.2737563823640183
3.274278859837594
3.274845425380605
3.275455759051074
3.2761095433494805
3.276806463198694
3.2775462059241143
3.278328461234001
3.2791529212000006
3.280019280237865
3.280927235088355
3.281876484798334
3.2828667307020356
3.28389767640252
3.2849690277533026
3.2860804928401564
3.2872317819630896
3.288422607618492
3.289652684481448
3.290921729388213
3.29222946131886
3.2935756013800783
3.2949598727881346
3.296382000851993
3.3065063900370886
3.317557049042288
3.329550497749824
3.3423324508206735
3.3557642938624896
3.369729092702658
3.3841285848931553
3.3988802236091518
3.413914704620868
3.429173911207112
3.4446092008542433
3.4601799716922126
3.475852458972247
3.491598721626775
3.5073957866062466
3.523224924735914
3.53907103664329
3.5549221311502954
3.5707688816138847
3.5866042629609196
3.6024231699003564
3.618222234230854
3.633999529231682
3.64975438669194
3.665487227979625
3.681199420803714
3.69689315814539
3.7125713563771474
3.7282375700381936
3.7438959211135234
3.7595510409840633
3.775208023485973
3.790872387746788
3.8065500496610323
3.822247301033654
3.8379707955605613
3.853727540935217
3.869524896471706
3.8853705757202235
3.9012726536226303
3.9172395778149367
3.933280183731711
3.9494037132052338
3.965619836280492
3.981938675986205
3.9983708358122545
4.014927429645201
4.0316201139058245
4.04846112161565
4.065463298092648
4.082640137939278
4.100005822938036
4.117575260410007
4.135364121519658
4.1533888789235585
4.171666843060955
4.190216196269564
4.209056023779952
4.228206340496344
4.2476881123107075
4.267523270521433
4.287734717739349
4.30834632346484
4.329382907314383
4.350870207668378
4.372834833312112
4.395304195457777
4.418306417379808
4.441870218783404
4.466024771974889
4.490799526933319
4.516224002518838
4.5423275413202155
4.569139026067896
4.5966865561454995
4.6249970835448755
4.654096008644494
4.684006737456579
4.714750203480143
4.74634435899397
4.7788036424838065
4.812138430857258
4.846354487069017
4.881452415645942
4.917427140234495
4.954267418548263
4.99195541082528
5.0304663179803155
5.06976810494998
5.109821323215414
5.150579044141743
5.191986911654248
5.233983319005639
5.2764997101676245
5.319460998473311
5.362786111998998
5.4063886169549065
5.450177440564866
5.494057655896266
5.53793131235042
5.581698290896755
5.625257163394676
5.668506036514982
5.711343362703085
5.753668703136151
5.795383430513541
5.836391362582964
5.87659932035869
5.915917607877395
5.954260412941729
5.991546130540773
6.027697612465538
6.06264234804529
6.096312581931093
6.128645375480902
6.15958261860242
6.189070998939263
6.217061935097934
6.24351148026067
6.268380202060883
6.291633049375142
6.313239183844995
6.333171832623985
6.351408121824293
6.367928899485199
6.382718566993815
6.395764910000245
6.407058932696841
6.416594696703671
6.424369165501983
6.430382055080827
6.434635691227695
6.437134873698138
6.437886747337772
6.436900680099041
6.434188147790527
6.429762625314978
6.423639484090127
6.415835895300891
6.406370738599827
6.3952645158526655
6.382539269515004
6.368218505223341
6.352327118186896
6.334891322974892
6.315938586306148
6.29549752168711
6.273597953811686
6.250270726873791
6.225547690907072
6.199461644526996
6.172046278474124
6.143336119923051
6.113366477337251
6.082173425204274
6.049793626559912
6.016264405521801
5.981623648841835
5.9459097506432865
5.909161557066295
5.871418310535645
5.832719593603921
5.793105272356731
5.752615439390492
5.711290356396347
5.6691703964060896
5.626295985777555
5.58270754601752
5.538445435559606
5.493549891632744
5.44806097237231
5.402018499340804
5.355462000637798
5.308430654789527
5.260963235616951
5.2130980582869775
5.164872926754843
5.116325082806299
5.067491156906029
5.018407121053756
4.969108243841663
4.919629047896242
4.870003269874448
4.820263823168335
4.770442763454409
4.7205712572039085
4.6706795532485
4.620796957472805
4.5709518106811124
4.5211714696609695
4.471482291441589
4.421909620720509
4.372477780408167
4.323210065217426
4.274128738203933
4.225255030143959
4.176609141619162
4.128210247662971
4.080076504811106
4.032914141683505
3.987274785728124
3.9430647666861884
3.900200107616166
3.858605133219145
3.8182113990799857
3.7789567827574286
3.7407847085315193
3.7036434832668284
3.6674857251068174
3.6322678700919773
3.5979497444926185
3.564494192812528
3.5318667531644934
3.500035373130131
3.4689704886218453
3.438643797308728
3.4090290958033576
3.3801017565839038
3.3518385764851097
3.3242176423146996
3.297218211470455
3.2708206057432028
3.2450061167399844
3.2197569215710153
3.1950560076211305
3.1708871035384663
3.147234624956113
3.1240836148458975
3.101419697610675
3.0792290361400947
3.05749829336583
3.0362145978327737
3.0153655128545274
2.9949390088682217
2.974923438644947
2.955307515048372
2.93608029106639
2.9172311418691437
2.8987497486723113
2.8806260842072606
2.86285039962002
2.845413212639291
2.8283052968701305
2.8115176720847104
2.79504159539484
2.778868553203001
2.7629902538394604
2.7473986208028367
2.7320857865303747
2.7170440866322
2.7022660545310484
2.6877444164555917
2.6734720867413215
2.6594421633983747
2.645647923910487
2.632082821233602
2.6187404799666254
2.6056146926702963
2.592699416313351
2.57998876882794
2.56747702575886
2.555158616993359
2.543028123560328
2.5310809038449014
2.5193111497980674
2.5077138809953863
2.496284255584889
2.48501756734076
2.4739092427554055
2.462954838159321
2.4521500368673808
2.4414906463507102
2.43097259543373
2.420591931516371
2.410344817821758
2.4002275306698917
2.390236456778106
2.380368090589195
2.370619031628227
2.3609859818891628
2.3514657432524095
2.3420552149344966
2.332751390971036
2.323551357734118
2.3144522914852628
2.30545145596499
2.296546200020006
2.287733955268959
2.2790122338076144
2.2703786259542236
2.261830798035804
2.2533664902159245
2.2449835143645225
2.2366797519702057
2.22845315209537
2.2203017293744196
2.212223562055265
2.204216790084208
2.196279613234252
2.1884102892767867
2.1806071321965352
2.1728685104495953
2.165192845264329
2.1575786089848092
2.150024323456465
2.1425285584535367
2.1350899301478874
2.127707099618681
2.1203787714024096
2.113103692082701
2.1058806489193183
2.0987084685157207
2.0915860155245616
2.084512191390432
2.077485933129192
2.0705062121431532
2.06357203307144
2.0566824326747684
2.0498364787539236
2.0430332691012065
2.0362719304840833
2.029551009794214
2.022870543170283
2.0162293943731076
2.0096271277568807
2.00306280059318
1.99653568671305
1.9900450733820352
1.9835901666891813
1.9771704726364687
1.9707853713508432
1.9644342417599583
1.958116746140227
1.9518323263112436
1.9455800264588734
1.9393593143585697
1.933169673731935
1.927010603036332
1.9208816150755237
1.9147822366200862
1.9087120080181896
1.9026704828010095
1.896657227286665
1.8906718201856594
1.88471385221013
1.878782925688631
1.8728786541877482
1.8670006621415094
1.8611485844892852
1.855322066322665
1.8495207625416388
1.8437443375202662
1.8379924647819443
1.8322648266842894
1.826561114113581
1.8208810261886814
1.8152242699743038
1.8095905602034708
1.803979619008981
1.798391175663689
1.792824966329403
1.7872807338141574
1.7817582273376753
1.776257202304759
1.7707774200864093
1.765318647808434
1.7598806581473219
1.7544632291331586
1.7490661439593687
1.7436891907990577
1.7383321626277481
1.7329948570523
1.7276770761458078
1.722378626288274
1.7170993180128746
1.71183896585761
1.7066104711851933
1.7014015465552903
1.6962089394116444
1.6910329069879033
1.6858734281678824
1.680714318729223
1.6755743547552817
1.6704534001758993
1.665350815894414
1.6602662991352315
1.6551995754551747
1.6501503940220323
1.6451185237850623
1.6401037503560725
1.6351058944561458
1.630124743471134
1.6251601199537313
1.6202118552005436
1.6152797880708651
1.6103637431845799
1.6054635959210422
1.6005792019448222
1.7740613750949457
1.9467825793894076
2.1186197742808006
2.289457583888608
2.459193394786461
2.6277407447721273
2.7950313085723364
2.9610158509649342
3.125664480548511
3.288966421043679
3.450929418985019
3.6115788097981985
3.770956184035291
3.9291175477860776
4.08613087319117
4.242072998346221
4.39702595651048
4.55107296372482
4.704294421280973
4.856764341753994
5.008547555955369
5.159697916920703
5.310257535654714
5.4602569211849525
5.609715795744178
5.7586443252110415
5.907044530696995
6.054911703869823
6.20223571260289
6.349002139405301
6.495193236123384
6.6407887041518485
6.785766322639723
6.930102451672982
7.073772436601764
7.216750936173686
7.359012192680458
7.500530257949397
7.641279185225484
7.781233193975368
7.920366812395639
8.05865500082442
8.19607325820425
8.33259771309253
8.468205200346087
8.602873324423927
8.736580509516068
8.869306040707926
9.00103009035834
9.131733737552207
9.261398977749987
9.39000872465245
9.517546805105452
9.643997947964648
9.76934776780004
9.893582744269146
10.016690197928217
10.138658263186594
10.25947585904219
10.379132658168631
10.497619054858278
10.614926132261939
10.73104562930583
10.845969907610671
10.959691918686445
11.072205171629815
11.183503701509432
11.29358203858718
11.40243517849052
11.510058553422637
11.616448004472112
11.721599755062726
11.825510385565774
11.928176809082139
12.02959624838876
12.129766214033642
12.228684483555284
12.326349081795735
12.422758262271335
12.51791048956151
12.61180442267314
12.704438899336408
12.795812921187053
12.88592563978969
12.974776343457142
13.062364444821442
13.148689469113295
13.233751043108125
13.317548884698459
13.40008279305414
13.481352639333709
13.561358357912209
13.640099938092732
13.717577416270865
13.793790868523239
13.868740403593259
13.942426156248981
14.014848280989852
14.086006946080833
14.155902327893967
14.224534605539066
14.291903955766648
14.358010548127584
14.42285454037527
14.486436074097238
14.548755270564252
14.609812226785998
14.669607011763294
14.728139662927703
14.785410182760131
14.841418535580683
14.896164644502743
14.949648388544732
15.001869599915366
15.052828061332821
15.102523503716235
15.150955603773802
15.198123981847054
15.244028199856276
15.288667759369208
15.332042099789195
15.37415059665903
15.414992560077044
15.454567233221887
15.492873790982697
15.529911338691436
15.565678910954045
15.600175470577398
15.633399907588784
15.66535103834484
15.696027604726735
15.725428273418922
15.753551635267584
15.7803962047162
15.806519693914288
15.832271743572768
15.857638339215574
15.8825323505499
15.90684041507762
15.93044237868838
15.953218926695031
15.97505432127817
15.995837181470083
16.015460538268506
16.03382165018443
16.050821762419837
16.066365871887346
16.08036251488653
16.092723578833024
16.10336413524004
16.112202290745007
16.11915905358274
16.124158213599298
16.127126234432623
16.127992156837294
16.126687512350898
16.12314624663057
16.117304651864718
16.109101307721073
16.098477030320186
16.08537482875738
16.06973986872215
16.05151944278428
16.03066294694992
16.007121863112328
15.980849747054764
15.951802221693193
15.919936975279278
15.885213764320737
15.847594421016076
15.807042865044833
15.76352511960826
15.717009331669153
15.667465796419444
15.614866985132403
15.559187630603159
15.500404571462829
15.43849707320588
15.373446702644937
15.30523742590482
15.233855674771222
15.159290423600321
15.081533279826608
15.000578591918842
14.91642358010641
14.829068497295868
14.738516830630308
14.644775558591173
14.547855485168359
14.447771682673448
14.344544090295257
14.238198339972543
14.128766920598032
14.016290856642328
13.900822187446808
13.78242772518387
13.661194913505744
13.53724124795006
13.410729939445133
13.033802034057224
12.534278685832154
11.94215463141874
11.288328553755882
10.599898682530371
9.89859808907207
9.200867120267556
8.518634597868784
7.860271951016167
7.231462439939206
6.6358967133933735
6.075791578343425
5.552262949500638
5.065591235288033
4.615413034632509
4.200864913187266
3.8206968875060197
3.4733665390688993
3.1571197977586953
2.870061266332584
2.6102151763456662
2.3755772782177096
2.1641578007049858
1.974015774815995
1.803285262402571
1.6501942944962964
1.5130774699207565
1.3903832429121639
1.2806769126929838
1.1826402646474936
1.0950686776466863
1.0168665028030752
0.9470411129980066
0.8846962930896347
0.8290252287185322
0.7793033941423205
0.7348815406052918
0.6951789276464659
0.6596768926948734
0.6279128179979038
0.5994745265048795
0.5739951180734216
0.5511482427915877
0.5306437980582746
0.5122240293068361
0.49566001006191235
0.48074847472582816
0.46730897658766113
0.45518134363106394
0.44422340548617106
0.4343089660943177
0.4253260146384251
0.41717507024938405
0.4097678003244101
0.40302574552954334
0.39687919142958716
0.39126617224012505
0.38613158809733783
0.38142642322703607
0.37710705371774095
0.3731346347883744
0.36947455852369204
0.36609597403179495
0.36297136286533827
0.36007616334509346
0.35738843814037735
0.3548885801005382
0.35255905190279924
0.3503841555914054
0.3483498285345206
0.34644346272864496
0.3446537447361009
0.3429705138576815
0.3413846364223014
0.3398878943231882
0.33847288614903837
0.3371329394520202
0.33586203286542254
0.3346547269345571
0.3335061026576824
0.33241170685125826
0.3313675035573949
0.3303698308028184
0.3294153620993771
0.32850107214716295
0.32762420626400357
0.32678225312045295
0.3259729204083332
0.3251941131135936
0.3244439141025661
0.32372056676396854
0.3230224594787519
0.3223481117158453
0.3216961615749502
0.32106535461791325
0.3204545338482778
0.31986263071416904
0.3192886570241523
0.31873169767780857
0.3181909041238599
0.31766548846842424
0.3171547181644781
0.31665791122138354
0.3161744318798817
0.3157036867041251
0.3152451210474892
0.31479821585368134
0.3143624847587442
0.3139374714633983
0.3135227473483295
0.3131179093079627
0.3127225777809307
0.3123363949577294
0.31195902314802537
0.3115901432920293
0.3112294536019364
0.3108766683207944
0.3105315165876531
0.31019374139879197
0.3098630986559783
0.3095393562935909
0.3092222934773259
0.30891169963900683
0.30860737451012676
0.3083091267428422
0.30801677362128027
0.30773014052094694
0.30744906041764447
0.30717337343373297
0.3069029264184284
0.30663757255908647
0.3063771710208296
0.30612158661207506
0.30587068947374907
0.30562435479029254
0.3053824625205486
0.30514489714702153
0.3049115474419523
0.3046823062488881
0.3044570702785455
0.30423573991782094
0.3040182190509537
0.30380441489190063
0.30359423782708644
0.3033876012677598
0.30318442151122377
0.3029846176103203
0.3027881112505505
0.3025948266342913
0.3024046903716184
0.30221763137726826
0.3020335807733179
0.30185247179718444
0.3016742397145979
0.30149882173720094
0.30132615694449577
0.30115618620985035
0.3009888521302687
0.30082409895972045
0.30066187254581944
0.3005021202696093
0.3003447909882663
0.3001898349805902
0.30003720389505034
0.29988685070029253
0.2997387296379398
0.2995927961775295
0.2994490069735266
0.29930731982422715
0.29916769363251555
0.29903008836829065
0.29889446503257516
0.2987607856231048
0.29862901310141654
0.2984991113612877
0.2983710451984932
0.298244780281802
0.29812028312515604
0.2979975210609577
0.2978764622144136
0.29775707547891334
0.29763933049233476
0.29752319761430207
0.2974086479042869
0.2972956531005397
0.29718418559983656
0.2970742184379523
0.2969657252708671
0.2968586803566689
0.29675305853809575
0.2966488352257151
0.2965459863817009
0.29644448850419086
0.2963443186121786
0.2962454542309419
0.2961478733779757
0.2960515545494031
0.2959564767068453
0.29586261926474045
-8220.930170408068
-8220.930170408068
-8220.930170408068
-8220.930170408068
-8220.930170408068
-8220.930170408068
-8220.930170408068
-8220.930170408068
-8220.930170408068
-8220.930170408068
-8220.930170408068
-8220.930170408068
-8220.930170408068
-8220.930170408068
-8220.930170408068
-8220.930170408068
-8220.930170408068
-8220.930170408068
-8220.930170408068
-8220.930170408068
-8220.930170408068
-8220.930170408068
-8220.930170408068
-8220.930170408068
-8220.930170408068
-8220.930170408068
-8220.930170408068
-8220.930170408068
-8220.930170408068
-8220.930170408068
-8220.930170408068
-8220.930170408068
-8220.930170408068
-8220.930170408068
-8220.930170408068
-8220.930170408068
-8220.930170408068
-8220.930170408068
-8220.930170408068
-8220.930170408068
-8220.930170408068
-8220.930170408068
-8220.930170408068
-8220.930170408068
-8220.930170408068
-8220.930170408068
-8220.930170408068
-8220.930170408068
-8220.930170408068
-8220.930170408068
-8220.930170408068
-8220.930170408068
-8220.930170408068
-8220.930170408068
-8220.930170408068
-8220.930170408068
-8220.930170408068
-8220.930170408068
-8220.930170408068
-8220.930170408068
-8220.930170408068
-8220.930170408068
-8220.930170408068
-8220.930170408068
-8220.930170408068
-8220.930170408068
-8220.930170408068
-8220.930170408068
-8220.930170408068
-8220.930170408068
-8220.930170408068
-8220.930170408068
-8220.930170408068
-8220.930170408068
-8220.930170408068
-8220.930170408068
-8220.930170408068
-8220.930170408068
-8220.930170408068
-8220.930170408068
-8220.930170408068
-8220.930170408068
-8220.930170408068
-8220.930170408068
-8220.930170408068
-8220.930170408068
-8220.930170408068
-8220.930170408068
-8220.930170408068
-8220.930170408068
-8220.930170408068
-8220.930170408068
-8220.930170408068
-8220.930170408068
-8220.930170408068
-8220.930170408068
-8220.930170408068
-8220.930170408068
-8220.930170408068
-8220.930170408068
-8220.930170408068
-8220.930170408068
-8220.930170408068
-8220.930170408068
-8220.930170408068
-8220.930170408068
-8220.930170408068
-8220.930170408068
-8220.930170408068
-8220.930170408068
-8220.930170408068
-8220.930170408068
-8220.930170408068
-8220.930170408068
-8220.930170408068
-8220.930170408068
-8220.930170408068
-8220.930170408068
-8220.930170408068
-8220.930170408068
-8220.930170408068
-8220.930170408068
-8220.930170408068
-8220.930170408068
-8220.930170408068
-8220.930170408068
-8220.930170408068
-8220.930170408068
-8220.930170408068
-8220.930170408068
-8220.930170408068
-8220.930170408068
-8220.930170408068
-8220.930170408068
-8220.930170408068
-8220.930170408068
-8220.930170408068
-8220.930170408068
-8220.930170408068
-8220.930170408068
-8220.930170408068
-8220.930170408068
-8220.930170408068
-8220.930170408068
-8220.930170408068
-8220.930170408068
-8220.930170408068
-8220.930170408068
-8220.930170408068
-8220.930170408068
-8220.930170408068
-8220.930170408068
-8220.930170408068
-8220.930170408068
-8220.930170408068
-8220.930170408068
-8220.930170408068
-8220.930170408068
-8220.930170408068
-8220.930170408068
-8220.930170408068
-8220.930170408068
-8220.930170408068
-8220.930170408068
-8220.930170408068
-8220.930170408068
-8220.930170408068
-8220.930170408068
-8220.930170408068
-8220.930170408068
-8220.930170408068
-8220.930170408068
-8220.930170408068
-8220.930170408068
-8220.930170408068
-8220.930170408068
-8220.930170408068
-8220.930170408068
-8220.930170408068
-8220.930170408068
-8220.930170408068
-8220.930170408068
-8220.930170408068
-8220.930170408068
-8220.930170408068
-8220.930170408068
-8220.930170408068
-8220.930170408068
-8220.930170408068
-8220.930170408068
-8220.930170408068
-8220.930170408068
-8220.930170408068
-8220.930170408068
-8220.930170408068
-8220.930170408068
-8220.930170408068
-8220.930170408068
-8220.930170408068
-12580.32759059015
-12580.32759059015
-12580.32759059015
-12580.32759059015
-12580.32759059015
-12580.32759059015
-12580.32759059015
-12580.32759059015
-12580.32759059015
-12580.32759059015
-12580.32759059015
-12580.32759059015
-12580.32759059015
-12580.32759059015
-12580.32759059015
-12580.32759059015
-12580.32759059015
-12580.32759059015
-12580.32759059015
-12580.32759059015
-12580.32759059015
-12580.32759059015
-12580.32759059015
-12580.32759059015
-12580.32759059015
-12580.32759059015
-12580.32759059015
-12580.32759059015
-12580.32759059015
-12580.32759059015
-12580.32759059015
-12580.32759059015
-12580.32759059015
-12580.32759059015
-12580.32759059015
-12580.32759059015
-12580.32759059015
-12580.32759059015
-12580.32759059015
-12580.32759059015
-12580.32759059015
-12580.32759059015
-12580.32759059015
-12580.32759059015
-12580.32759059015
-12580.32759059015
-12580.32759059015
-12580.32759059015
-12580.32759059015
-12580.32759059015
-12580.32759059015
-12580.32759059015
-12580.32759059015
-12580.32759059015
-12580.32759059015
-12580.32759059015
-12580.32759059015
-12580.32759059015
-12580.32759059015
-12580.32759059015
-12580.32759059015
-12580.32759059015
-12580.32759059015
-12580.32759059015
-12580.32759059015
-12580.32759059015
-12580.32759059015
-12580.32759059015
-12580.32759059015
-12580.32759059015
-12580.32759059015
-12580.32759059015
-12580.32759059015
-12580.32759059015
-12580.32759059015
-12580.32759059015
-12580.32759059015
-12580.32759059015
-12580.32759059015
-12580.32759059015
-12580.32759059015
-12580.32759059015
-12580.32759059015
-12580.32759059015
-12580.32759059015
-12580.32759059015
-12580.32759059015
-12580.32759059015
-12580.32759059015
-12580.32759059015
-12580.32759059015
-12580.32759059015
-12580.32759059015
-12580.32759059015
-12580.32759059015
-12580.32759059015
-12580.32759059015
-12580.32759059015
-12580.32759059015
-12580.32759059015
-12580.32759059015
-12580.32759059015
-12580.32759059015
-12580.32759059015
-12580.32759059015
-12580.32759059015
-12580.32759059015
-12580.32759059015
-12580.32759059015
-12580.32759059015
-12580.32759059015
-12580.32759059015
-12580.32759059015
-12580.32759059015
-12580.32759059015
-12580.32759059015
-12580.32759059015
-12580.32759059015
-12580.32759059015
-12580.32759059015
-12580.32759059015
-12580.32759059015
-12580.32759059015
-12580.32759059015
-12580.32759059015
-12580.32759059015
-12580.32759059015
-12580.32759059015
-12580.32759059015
-12580.32759059015
-12580.32759059015
-12580.32759059015
-12580.32759059015
-12580.32759059015
-12580.32759059015
-12580.32759059015
-12580.32759059015
-12580.32759059015
-12580.32759059015
-12580.32759059015
-12580.32759059015
-12580.32759059015
-12580.32759059015
-12580.32759059015
-12580.32759059015
-12580.32759059015
-12580.32759059015
-12580.32759059015
-12580.32759059015
-12580.32759059015
-12580.32759059015
-12580.32759059015
-12580.32759059015
-12580.32759059015
-12580.32759059015
-12580.32759059015
-12580.32759059015
-12580.32759059015
-12580.32759059015
-12580.32759059015
-12580.32759059015
-12580.32759059015
-12580.32759059015
-12580.32759059015
-12580.32759059015
-12580.32759059015
-12580.32759059015
-12580.32759059015
-12580.32759059015
-12580.32759059015
-12580.32759059015
-12580.32759059015
-12580.32759059015
-12580.32759059015
-12580.32759059015
-12580.32759059015
-12580.32759059015
-12580.32759059015
-12580.32759059015
-12580.32759059015
-12580.32759059015
-12580.32759059015
-12580.32759059015
-12580.32759059015
-12580.32759059015
-12580.32759059015
-12580.32759059015
-12580.32759059015
-12580.32759059015
-12580.32759059015
-12580.32759059015
-12580.32759059015
-12580.32759059015
-12580.32759059015
-12580.32759059015
-12580.32759059015
-12580.32759059015
-12580.32759059015
-12580.32759059015
38157.3390606343
-4024715.211110388
-4024715.211110388
-4024715.211110388
-4024715.211110388
-4024715.211110388
-4024715.211110388
-4024715.211110388
-4024715.211110388
-4024715.211110388
-4024715.211110388
-4024715.211110388
-4024715.211110388
-4024715.211110388
-4024715.211110388
-4024715.211110388
-4024715.211110388
-4024715.211110388
-4024715.211110388
-4024715.211110388
-4024715.211110388
-4024715.211110388
-4024715.211110388
-4024715.211110388
-4024715.211110388
-4024715.211110388
-4024715.211110388
-4024715.211110388
-4024715.211110388
-4024715.211110388
-4024715.211110388
-4024715.211110388
-4024715.211110388
-4024715.211110388
-4024715.211110388
-4024715.211110388
-4024715.211110388
-4024715.211110388
-4024715.211110388
-4024715.211110388
-4024715.211110388
-4024715.211110388
-4024715.211110388
-4024715.211110388
-4024715.211110388
-4024715.211110388
-4024715.211110388
-4024715.211110388
-4024715.211110388
-4024715.211110388
-4024715.211110388
-4024715.211110388
-4024715.211110388
-4024715.211110388
-4024715.211110388
-4024715.211110388
-4024715.211110388
-4024715.211110388
-4024715.211110388
-4024715.211110388
-4024715.211110388
-4024715.211110388
-4024715.211110388
-4024715.211110388
-4024715.211110388
-4024715.211110388
-4024715.211110388
-4024715.211110388
-4024715.211110388
-4024715.211110388
-4024715.211110388
-4024715.211110388
-4024715.211110388
-4024715.211110388
-4024715.211110388
-4024715.211110388
-4024715.211110388
-4024715.211110388
-4024715.211110388
-4024715.211110388
-4024715.211110388
-4024715.211110388
-4024715.211110388
-4024715.211110388
-4024715.211110388
-4024715.211110388
-4024715.211110388
-4024715.211110388
-4024715.211110388
-4024715.211110388
-4024715.211110388
-4024715.211110388
-4024715.211110388
-4024715.211110388
-4024715.211110388
-4024715.211110388
-4024715.211110388
-4024715.211110388
-4024715.211110388
-4024715.211110388
-4024715.211110388
-4024715.211110388
-4024715.211110388
-4024715.211110388
-4024715.211110388
-4024715.211110388
-4024715.211110388
-4024715.211110388
-4024715.211110388
-4024715.211110388
-4024715.211110388
-4024715.211110388
-4024715.211110388
-4024715.211110388
-4024715.211110388
-4024715.211110388
-4024715.211110388
-4024715.211110388
-4024715.211110388
-4024715.211110388
-4024715.211110388
-4024715.211110388
-4024715.211110388
-4024715.211110388
-4024715.211110388
-4024715.211110388
-4024715.211110388
-4024715.211110388
-4024715.211110388
-4024715.211110388
-4024715.211110388
-4024715.211110388
-4024715.211110388
-4024715.211110388
-4024715.211110388
-4024715.211110388
-4024715.211110388
-4024715.211110388
-4024715.211110388
-4024715.211110388
-4024715.211110388
-4024715.211110388
-4024715.211110388
-4024715.211110388
-4024715.211110388
-4024715.211110388
-4024715.211110388
-4024715.211110388
-4024715.211110388
-4024715.211110388
-4024715.211110388
-4024715.211110388
-4024715.211110388
-4024715.211110388
-4024715.211110388
-4024715.211110388
-4024715.211110388
-4024715.211110388
-4024715.211110388
-4024715.211110388
-4024715.211110388
-4024715.211110388
-4024715.211110388
-4024715.211110388
-4024715.211110388
-4024715.211110388
-4024715.211110388
-4024715.211110388
-4024715.211110388
-4024715.211110388
-4024715.211110388
-4024715.211110388
-4024715.211110388
-4024715.211110388
-4024715.211110388
-4024715.211110388
-4024715.211110388
-4024715.211110388
-4024715.211110388
-4024715.211110388
-4024715.211110388
-4024715.211110388
-4024715.211110388
-4024715.211110388
-4024715.211110388
-4024715.211110388
-4024715.211110388
-4024715.211110388
-4024715.211110388
-4024715.211110388
-4024715.211110388
-4024715.211110388
-4024715.211110388
-4024715.211110388
-4024715.211110388
-4024715.211110388
-4024715.211110388
-4024715.211110388
