5.36289
6.153302227399784
6.091121070713194
6.0156211485113324
5.929852774120134
5.837372681954698
5.741307652100422
5.64417653626336
5.5479516737424355
5.4541722371099945
5.3640451955320065
5.278516575311981
5.1983144408259845
5.123971756522027
5.0558384436308375
4.994090502181893
4.93874155830096
4.889659487526437
4.846588406808632
4.809174652134768
4.776994487552502
4.749581154747955
4.726449266240724
4.707115215019259
4.691112999357813
4.678005455917757
4.667391362733225
4.658909076432859
4.652237482336008
4.6470949930466805
4.64323724310951
4.640454064745339
4.6385657811967445
4.637420030935176
4.63688806026526
4.636861564980405
4.637249756167328
4.637976744198596
4.638979242679973
4.640204577822767
4.641608979355631
4.643156124545249
4.644815905591686
4.6465633913866
4.648377956532177
4.6502425530563105
4.652143103012996
4.654067992949242
4.6560076538116775
4.65795421225898
4.659901201498728
4.6618433216156685
4.6637864752957325
4.665698011778217
4.667602371701792
4.669488875026739
4.671355670947037
4.673201291629493
4.675024588720456
4.6768246795989175
4.678600902687126
4.680352780261226
4.6820799874748
4.683782326535042
4.685459705153776
4.687112118545697
4.688739634372876
4.6903423801366815
4.691920532620249
4.693474309025005
4.695003959529348
4.696509761040696
4.69799201192948
4.6994510276025725
4.70088713677493
4.702300678328229
4.703691998661242
4.70506144945796
4.7064093858070555
4.707736164617898
4.70904214328893
4.710327678587158
4.711593125708177
4.712838837492735
4.714065163772661
4.715272450824974
4.716461040923438
4.717631271973947
4.718783477214984
4.719917984976334
4.721035118492993
4.72213519575956
4.723218529421862
4.7242854266986
4.725336189332984
4.7263711135680095
4.727390490138278
4.728394604277899
4.729383735749542
4.730358158878531
4.731318142600114
4.732263950515045
4.73319584095207
4.734114067037989
4.735018876770117
4.7359105130957735
4.736789213992464
4.737655212551431
4.738508737063454
4.739350011107963
4.740179253638633
4.740996679072333
4.741802497380599
4.7425969141772155
4.743380130806187
4.744152344432087
4.744913748126596
4.74566453095468
4.746404878063098
4.7471349707617225
4.747854986609221
4.748565099496171
4.749265479726351
4.749956374393442
4.750637789765943
4.751309961981583
4.751973047941127
4.752627201237561
4.753272572327301
4.7539093086011786
4.754537554455124
4.755157451357452
4.755769137917172
4.756372749948885
4.756968420536654
4.757556280098867
4.75813645644558
4.758709074842546
4.759274258065903
4.759832126460482
4.760382797996124
4.7609263883201525
4.761463010811395
4.761992776631389
4.762515794775433
4.763032172121372
4.76354201347648
4.764045421625508
4.764542497375097
4.76503333959876
4.7655180452810875
4.765996709559445
4.766469425764906
4.766936285462014
4.767397378489125
4.767852792995933
4.768302615482382
4.7687469308334745
4.769185822353422
4.769619371803246
4.7700476594345425
4.770470764019924
4.770888762886015
4.771301731947393
4.7717097457332205
4.772112877420492
4.7725111988614675
4.772904780610661
4.773293691956744
4.773678000945149
4.774057774408319
4.774433077986945
4.774803976161304
4.775170532268878
4.77553280853419
4.775890866087958
4.776244764992621
4.776594564263596
4.776940321891222
4.77728209486077
4.777619939174221
4.77795390987221
4.778284061049566
4.778610445880082
4.778933116629829
4.779252124677979
4.779567520537099
4.779879353866046
4.7801876734906115
4.780492527419955
4.78079396286051
4.781092026234371
4.781386763194165
4.781678218638515
4.781966436725557
4.782251460889604
4.782533333854675
4.782812097647641
4.783087793611796
