-0.011425470377520197
-0.011564460217902453
-0.011678354401555084
-0.011768360895688251
-0.011839574123004555
-0.011896560289195921
-0.011942853852599543
-0.01198111070458456
-0.012013316896030041
-0.012040958133480311
-0.012065146786799538
-0.012086715973774585
-0.012106289480442387
-0.012124333990301706
-0.01214119825681177
-0.012157142557680944
-0.012172360868292688
-0.01218699755612503
-0.012201159941337697
-0.012214927734801454
-0.012228360117324926
-0.012241501038427884
-0.01225438317311326
-0.01226703086903472
-0.01227946233583066
-0.01229169126704344
-0.012303728038343549
-0.012315580590284944
-0.01232725507686629
-0.012338756340768055
-0.012350088260710624
-0.012361254004761422
-0.012372256214689013
-0.012383097139925301
-0.01239377873481579
-0.012404302729208474
-0.012414670679737215
-0.012424884007169385
-0.0124349440237186
-0.012444851953152454
-0.012454608945736004
-0.012464216089482047
-0.012473674418761373
-0.012482984921027776
-0.012492148542194602
-0.012501166191045002
-0.012510038742946645
-0.0125187670430622
-0.012527351909191416
-0.012535794134339556
-0.01254409448907966
-0.012552253723756457
-0.012560272570565299
-0.012568151745529745
-0.01257589195039569
-0.012583493874453252
-0.012590958196296478
-0.012598285585526581
-0.012605476704404237
-0.012612532209454491
-0.012619452753027163
-0.012626238984814705
-0.012632891553330344
-0.012639411107345897
-0.012645798297292572
-0.012652053776623888
-0.012658178203142146
-0.012664172240288658
-0.01267003655839776
-0.012675771835915242
-0.012681378760580507
-0.012686858030573126
-0.012692210355622322
-0.01269743645808056
-0.012702537073959444
-0.012707512953928071
-0.012712364864273509
-0.012717093587821863
-0.01272169992481986
-0.012726184693776685
-0.012730548732263775
-0.012734792897673703
-0.01273891806793578
-0.012742925142188269
-0.01274681504140693
-0.012750588708987936
-0.01275424711128522
-0.012757791238101933
-0.012761222103134046
-0.012764540744366965
-0.012767748224423694
-0.012770845630864546
-0.012773834076437509
-0.012776714699279738
-0.012779488663069239
-0.012782157157127301
-0.012784721396470609
-0.012787182621814898
-0.012789542099527897
-0.012791801121534715
-0.012793961005173445
-0.012796023093003117
-0.012797988752564469
-0.012799859376093424
-0.012801636380188946
-0.01280332120543627
-0.012804915315985594
-0.01280642019908864
-0.012807837364593469
-0.012809168344398833
-0.012810414691870246
-0.012811577981218498
-0.01281265980684217
-0.012813661782636297
-0.012814585541268322
-0.012815432733423218
-0.012816205027019339
-0.012816904106397227
-0.012817531671482408
-0.01281808943692467
-0.012818579131215155
-0.012819002495783199
-0.01281936128407489
-0.012819657260614709
-0.012819892200052465
-0.012820067886196785
-0.012820186111037354
-0.012820248673757138
-0.012820257379736456
-0.012820214039550297
-0.012820120467960794
-0.01281997848290596
-0.012819789904486057
-0.012819556553949677
-0.012819280252680025
-0.012818962821183316
-0.012818606078080242
-0.012818211839101727
-0.012817781916090327
-0.012817318116008065
-0.012816822239952046
-0.012816296082178567
-0.01281574142913692
-0.012815160058513917
-0.012814553738289484
-0.012813924225804567
-0.012813273266842446
-0.012812602594723228
-0.01281191392941328
-0.012811208976649916
-0.012810489427081385
-0.012809756955424096
-0.012809013219636133
-0.012808259860108973
-0.01280755904901957
-0.012806729541571898
-0.012805957625510388
-0.012805182225143461
-0.012804404868311506
-0.012803627209775492
-0.012802850806831825
-0.01280207715931455
-0.01280130772807139
-0.012800543942750613
-0.012799787204915184
-0.012799038889109755
-0.012798300343036431
-0.01279757288735016
-0.01279685781529904
-0.012796156392308798
-0.012795469855555876
-0.012794799413547659
-0.012794146245718794
-0.012793511502046833
-0.012792896302689262
-0.012792301737641806
-0.012791728866419197
-0.012791178717757095
-0.012790652289336416
-0.012790150547528942
-0.012789674427164052
-0.012789224831317076
-0.012788802631118217
-0.012788408665581988
-0.01278804374145717
-0.012787708633096535
-0.012787404082346143
-0.01278713079845423
-0.012786889457998721
-0.012786680704833256
-0.012786505150051768
-0.012786363371970644
-0.01278625591612815
-0.012786183295301274
-0.012786145989539005
-0.012786144446211869
-0.012786179080077745
-0.012786250273362516
-0.012786358375856823
