-179.36249265734332
-171.09521713356526
-163.15733001041025
-155.55229721585215
-148.2665143605431
-141.28378041281724
-134.58813630926602
-128.16440647685909
-121.99827835764253
-116.07628610035147
-110.38577288410269
-104.91484797852044
-99.65234269500468
-94.58776673371517
-89.71126569414776
-85.01358021212124
-80.48600700690241
-76.1203619988969
-71.90894556992598
-67.84450997466573
-63.92022886707258
-60.12966887491473
-56.46676313529113
-52.92578669158203
-49.50133364566602
-46.188295956571125
-42.98184377732275
-39.87740722413969
-36.870659476122626
-33.95750110835121
-31.134045566628146
-28.396605697771832
-25.741681254915022
-23.165947302948467
-20.6662434545905
-18.23956387279418
-15.883047980088094
-13.59397182010045
-11.369740020805267
-9.207878313065976
-7.106026561826383
-5.061932270669729
-3.0734445237163186
-1.1385083317276496
0.7448406480153835
2.5784810460059475
4.364210394703321
6.103749446194911
7.798746215080911
9.4507797665228
11.061363767837975
12.631949820551256
14.163960646382947
15.65867211481455
17.11739838867865
18.54137225760246
19.93177831649956
21.28975526824925
22.616398093115208
23.91276009417757
25.179854826943824
26.41865792073031
27.630108798828218
28.81511230400585
29.97454023538009
31.10923280225984
32.2200000001979
33.307622914061255
34.372854952633105
35.416423018930146
36.43902862012132
37.44134892066688
38.4240377420727
39.387726512382386
40.33302516837392
41.26052301315343
42.17078953176264
43.06437516713447
43.94181205867133
44.80361474550577
45.65028083642926
46.482291648280295
47.300112814549266
48.10419486577268
48.8949737832491
49.67287152746479
50.4382965425842
51.19164423823645
51.93329744976381
52.66362687804826
53.3829915099343
54.09173902024901
54.79020615629025
55.478719105709615
56.15759384853442
56.82713649415274
57.48764360395876
58.13940250034011
58.78269156264557
59.41778051076733
60.04493067688236
60.664395265910656
61.276419605199976
61.88124138391376
62.47909088260053
63.070191193348506
63.65475843097559
64.23300817460611
64.80512447605764
65.37133022753378
65.93179454535587
66.48670852812324
67.03625040539731
67.58059268626147
68.1199023110108
68.6543407967051
69.18406437681725
69.70922413521731
70.22996613470207
70.74643154027564
71.25875673739097
71.76707344532039
72.27150882583791
72.77218558738574
73.26922208488637
73.76273241534065
74.2528265093641
74.73961021879958
75.22318540053575
75.70364999665324
76.18109811101374
76.65562008241722
77.1273025544105
77.59622854187558
78.06247749447189
78.52612535703645
78.98724462702395
79.44590440906751
79.90217046674172
80.35610527159872
80.80776804955875
81.2572148246945
81.70449846051051
82.14966869874064
82.59277219574597
83.03385255654806
83.47295036657022
83.91010322109466
84.34534575253454
84.7787096555083
85.21022370979068
85.63991380116121
86.06780294018972
86.49391127898792
86.91825612595204
87.34085195852572
87.76171043401507
88.18084039845988
88.59824789359871
89.01393616192729
89.42790564988144
89.84015400914848
90.25067609610807
90.65946396943156
91.06650688583147
91.47179129395613
91.87530082645196
92.27701629017258
92.67691565454402
93.07497403805797
93.47116369291462
93.86545398777378
94.25781138861714
94.6481994376868
95.03657873050264
95.42290689090493
95.80713854411647
96.18922528778006
96.5691156609368
96.9467551109118
97.32208595805093
97.69504735827218
98.06557526336252
98.4336023789786
98.79905812026959
99.16186856505698
99.52195640449287
99.87924089111868
100.23363778420793
100.58505929232598
100.93341401296362
101.27860686914767
101.62053904288439
101.95910790529922
102.29420694331702
102.6257256827243
102.95354960740673
103.27756007459647
103.59763422589015
