4.9
4.936820352678781
4.974335691153843
5.012456300231934
5.051094390557882
5.090167308974778
5.1295982808038385
5.169316274604217
5.20925558285129
5.249355343177844
5.289559079444159
5.32981428664191
5.370072064225312
5.410286793174487
5.450415853170752
5.490419373909178
5.530260015921298
5.569902776752809
5.609314818936902
5.648465316732727
5.6873253190520145
5.7258676263810395
5.764066679829162
5.801898460708263
5.839340399278016
5.876371291487068
5.912971222705435
5.949121497584036
5.984804575296855
6.0200040095233875
6.054704392616308
6.088891303474194
6.122551258703371
6.1556716667083355
6.188240784397804
6.220247676234761
6.251682175394395
6.282534846824788
6.312796952031924
6.342460415433884
6.371517792149205
6.399962237101927
6.427787475341043
6.454987773484491
6.481557918829184
6.507493167639141
6.532789255094507
6.557442348498104
6.581449028587484
6.6048062660772295
6.627511399315753
6.649562112595346
6.670956415109751
6.691692620536304
6.711769327213116
6.731185395679153
6.749939940282851
6.76803229965767
6.78546202316312
6.802228853429818
6.818332709296912
6.833773669057527
6.848551953937947
6.862667911731895
6.876122000500841
6.888914772238171
6.901046856376248
6.9125189429944385
6.923331765558847
6.933486082991232
6.942982660823083
6.951822251139009
6.9600055709482405
6.967533278540443
6.97440594727654
6.980624036129803
6.986187856117116
6.99109753153164
6.995352954587137
6.998953731684832
7.001899118978447
7.004187944188595
7.005818510626466
7.0067884780147915
7.00709471277128
7.0067330976893185
7.00569828701704
7.0039833871807495
7.00157953483792
6.998475330980403
6.994656069794586
6.990102669447072
6.984790161169908
6.9786855093227125
6.971744400447338
6.963906359606069
6.955087211323517
6.945167040695789
6.9339705929280075
6.921235048450023
6.9065585196739905
6.889329077922014
6.868681666637089
6.84368552428437
6.8140445480689324
6.780749499170005
6.74547819297928
6.709545340004755
6.673654027194122
6.6381170598722985
6.603063383884699
6.568544766615435
6.534581723025216
6.501181978148582
6.468347738898932
6.436078560666425
6.404372502261892
6.373226617359987
6.342637187308597
6.312599851371128
6.283109694626195
6.254161316879595
6.225748891759568
6.197866219702203
6.170506776420097
6.143663757621543
6.117330120417066
6.091498621710807
6.066161853809143
6.041312277443015
6.016942252376765
5.993044065757634
5.969609958344634
5.946632148741421
5.924102855745402
5.902014318913857
5.880358817437695
5.8591286874039925
5.838316337520403
5.817914263366847
5.797915060233638
5.778311434599302
5.759096214296569
5.740262357410862
5.721802959952163
5.703711262338557
5.685980654727493
5.668604681229636
5.65157704303916
5.6348916005141865
5.61854237424132
5.602523545118999
5.586829453495636
5.571454597400154
5.55639362990456
5.541641355660677
5.527192726655637
5.513042837233887
5.499186918436387
5.48562033171106
5.472338562051751
5.459337210626417
5.446611986958373
5.434158700727753
5.421973253263065
5.410051628795552
5.398389885551225
5.386984146757337
5.3758305916414955
5.36492544650215
5.354264975929615
5.343845474255847
5.333663257310101
5.323714654555273
5.313996001676765
5.304503633691763
5.300376007741775
5.3284558294249615
5.36604186900315
5.411563566155286
5.46350740697955
5.520555418190332
5.581593095408205
5.645687130444809
5.71206060575348
5.780071448096677
5.849194286994327
5.91900489726022
5.989166398685762
6.059416668849616
6.129556886552901
6.1994409720308985
6.268966013535391
6.338063716641109
6.4066929183153905
6.474833162066962
6.5424793987842715
6.609637582227873
6.676321236246947
6.74254880816141
6.771181374990086
6.798592669699041
6.824996877808391
6.85057331921564
6.875470888388842
6.899812486323803
6.92369910244509
6.9472134205287395
6.9704229278938525
6.99338255638247
7.016136902989695
7.03872208379775
7.061167273580475
7.083495978941201
7.105727087764486
7.127875731591619
7.149953992595774
7.171971481847969
7.193935811342663
7.21585297857374
7.237727679305753
7.2595635615179415
7.2813634312520445
7.303129419212823
7.324863115400228
7.346565677747312
7.36823791965677
7.389880380435802
7.411493381892675
7.433077073753008
7.454631470056937
7.476156478291492
7.497651922679909
7.519117562778246
7.540553108308625
7.561958230978701
7.583332573891017
7.604675759027735
7.6259873932004485
7.647267072777559
7.668514387439351
7.689728923160618
7.7109102645804555
7.732057996886276
7.753171707313253
7.7742509863395215
7.795295428640914
7.8163046338557045
7.837278207199318
7.858215759960533
7.879116909904061
7.899981281599073
7.920808506689073
7.941598224154836
7.962350080338239
7.983063729343466
8.003738833016497
8.024375061081573
8.044972091247269
8.065529609290833
8.086047309131645
8.106524892895482
8.1269620709708
8.147358562058077
8.167714093212984
8.188028399883963
8.208301225944727
8.228532323721998
8.248721453884084
8.268868385820321
8.288972897375963
8.309034774894295
8.329053813238211
8.34902981580008
8.368962594504543
8.388851969806268
8.40869777068368
8.42849983462907
8.448258007635333
8.46797214417944
8.487642107202735
8.507267768088143
8.526849006634308
8.54638571102674
8.565877777806017
8.585325111833093
8.60472762625178
8.624085242448446
8.643397890008986
8.662665506673136
8.681888038286168
8.680768990279828
8.679706598206987
8.678700656745988
8.677750964416013
8.676857322406189
8.676019534398012
8.67523740612704
8.674510745606948
8.673839362793215
8.673223069555872
8.672661679602752
8.672155008408154
8.67170287314558
8.671305092623905
8.670961487226652
8.670671878854137
8.670436090868392
8.670253948040678
8.670125276501507
8.670049903693066
8.670027658323948
8.670058370326048
8.670141870813607
8.670277992044216
8.67046656738176
8.670707431261176
8.671000419154979
8.671345367541411
8.671742113874204
8.672190496553828
8.672690354900181
8.673241529126637
8.673843860315385
8.674497190394014
8.675201362113247
8.675956219025794
8.676761605466265
8.677617366532067
8.678523348065264
8.679479396635331
8.680485359522768
8.68154108470351
8.682646420834107
8.683801217237654
8.685005323890369
8.686258591408864
8.687560871038
8.688912014639365
8.690311874680258
8.691760304223253
8.693257156916207
8.69480228698278
8.696395549213385
8.698036798956556
8.699725892110717
8.701462685116333
8.703247034948417
8.705078799109376
8.706957835622173
8.7088840030238
8.710857160359032
8.712877167174453
8.714943883512742
8.7170571699072
8.719216887376502
8.72142289741968
8.723675062011296
8.725973243596831
8.728317305088229
8.730707109859646
8.733142521743337
8.735623405025727
8.738149624443606
8.740721045180482
8.743337532863054
8.745998953557814
8.748705173767778
8.751456060429318
8.7542514809091
8.757091303001133
8.759975394923906
8.762903625317623
8.76587586324151
8.76889197817122
8.771951839996312
8.775055319017786
8.778202285945714
8.781392611896912
8.784626168392698
8.78790282735669
8.791222461112673
8.794584942382505
8.797990144284096
8.801437940329416
8.804928204422545
8.80846081085779
8.812035634317827
8.815652549871876
8.81931143297394
8.823012159461042
8.826754605551525
8.830538647843378
8.834364163312577
8.838231029311485
8.842139123567241
8.846088324180219
8.850078509622476
8.854109558736239
9.013936123573638
9.15427625695169
9.277509289121399
9.385663992860902
9.480476541095614
9.563442402671559
9.63585735322388
9.698850002875705
9.753407892202201
9.800398656882209
9.840587362125634
9.874650826281188
9.90318955177698
9.926737735605215
9.945771724249132
9.960717198024573
9.971955309573914
9.979827955357147
9.984642323662948
9.986674833386846
9.986174571040559
9.98336626630334
9.978452926965515
9.971618138142043
9.963028091918819
9.952833380665432
9.941170585474696
9.928163686400234
9.913925317202679
9.898557884023626
9.882154564658107
9.864800202790681
9.846572109617638
9.827540783634102
9.807770557968638
9.78732018345732
9.766243354630497
9.744589184910401
9.72240263656393
9.699724910303315
9.676593798862342
9.653044008384386
9.629107451029888
9.6048135118359
9.580189292531236
9.555259834721083
9.530048324599177
9.504576281118904
9.47886372935314
9.452929360592453
9.426790680569667
9.40046414705288
9.373965297916452
9.347308870678262
9.320508914379648
9.293578894580186
9.266531792141366
9.23938019637961
9.212136393078909
9.184812447765012
9.157420284555585
9.129971760812802
9.10247873773546
9.074953146935535
9.047407052948719
9.01985271152828
8.992302623466482
8.964769583576782
8.937266724352991
8.909807553698554
8.882405985990694
8.85507636561162
8.827833481944486
8.800692574698523
8.773669328300576
8.746779853975069
8.720040658039757
8.69346859488026
8.667080803044604
8.640894622933876
8.614927494671797
8.589196834930782
8.563719891790036
8.538513577115626
8.513594276492189
8.488977637403416
8.46467833714694
8.440709832861856
8.41708409701364
8.39381134267958
8.370899743953544
8.348355157678656
8.326180853451621
8.304377259355617
8.282941731241129
8.261868351948598
8.241147771179246
8.220767087457252
8.200709780535425
8.180955697202393
8.161481092616087
8.142258727534884
8.123258020043433
8.104445248671514
8.085783802271104
8.067234470723497
8.048755769549235
8.030304290820744
8.011835072439606
7.993301977825008
7.974658078337212
7.955856031286169
7.936848447099103
7.917588240086309
7.898028958196572
7.878125088141064
7.857832333242944
7.837107862301411
7.815910528615916
7.794201059077668
7.7719422121786765
7.7490989164610005
7.725638365904361
7.701530103055033
7.676746077937671
7.651260683358592
7.6250507729954755
7.598095663408291
7.5703771221617755
7.541879344145825
7.5125889180435115
7.482494784737843
7.451588189275686
7.419862627827433
7.387313790899765
7.353939503880827
7.319739665825762
7.2847161872285575
7.248872927375361
7.212215631736049
7.174751869725433
7.136490973053358
7.0974439747838085
7.057623549136764
7.017043951992153
6.9757209619922245
6.933671821487293
6.890915175813671
6.847471023010879
6.803360650315507
6.7586065752990105
6.713232486121396
6.667263180684615
6.6207245044029595
6.573643286743865
6.526047278085486
6.477965074111749
6.429426050205734
6.380460288436955
6.331098501895832
6.281371956208869
6.231312388171401
6.1809519214895285
6.130322979680302
6.079458196241211
6.028390322266182
5.977152131754864
5.925776324934348
5.874295429986428
5.822741703647988
5.771147031225604
5.719542826636438
5.667959933154136
5.6164285255989
5.564978014763174
5.513636954906403
5.462432955182212
5.411392595877208
5.36054135034075
5.309903513468198
5.259502137565164
5.209358976366834
5.159494437914204
5.109927546898775
5.060675916979929
5.011755733456437
4.9631817465378205
4.914967275315135
4.8671242223775835
4.819663098864732
4.772593059587757
4.725921947701148
4.679656348262443
4.6338016498855055
4.588362113576265
4.543340947741206
4.498740388281046
4.454561782626453
4.410805676540513
4.4200220507270656
4.426277293802553
4.43003412488929
4.43167618143161
4.431522396388022
4.4298386577855124
4.426847310682564
4.422734917582352
4.417658606179745
4.4117512667308
4.4051258098098405
4.397878654897258
4.390092588359824
4.381839103947685
4.373180318474431
4.364170632396641
4.354857735754374
4.345283921671019
4.335486855094133
4.3255002700574785
4.315354538836054
4.305077136760579
4.294693022235618
4.284224948008733
4.273693716841805
4.2631183923383915
4.252516473891111
4.241904041665749
4.231295880397962
4.220705583044985
4.210145640223299
4.199627517923193
4.189161725898114
4.178757878629635
4.168424750365805
4.158170325405395
4.148001844539071
4.137925848349839
4.127948217909204
4.118074213274849
4.108308510093377
4.098655234532515
4.089117996706558
4.079699922713009
4.070403685364365
4.061231533674237
4.05218532113951
4.043266532848368
4.034476311436335
4.025815481908145
4.017284575341105
4.008883851485262
4.000613320276513
3.9924727622802
3.9844617480847853
3.976579656667342
3.968825692754731
3.961198903206504
3.9536981924474204
3.9463223369792235
3.93906999900265
3.9319397391818756
3.924930028584401
3.918039259829995
3.91126610936834
3.9046084752394834
3.898064571951345
3.891632573636854
3.885310621609433
3.8790968313567276
3.872989298999263
3.8669861072407024
3.861085330836275
3.8552850416055335
3.8495833130151076
3.843978224356448
3.8384678645428156
3.8330503355489514
3.827723755515967
3.82248626154307
3.8173360121868525
3.8122711896878307
3.8072900019430715
3.802390684242723
3.7975715007873805
3.792830746002298
3.7881667456635815
3.783577857850614
3.7790624737381915
3.774619018240986
3.7702459505222343
3.765941764377802
3.7617049885060974
3.757534186673576
3.753427957785058
3.7493849358673543
3.745403789974226
3.74148322402011
3.737621976549545
3.7338188204487612
3.730072562605436
3.7263820435221775
3.7227461368889205
3.7191637491190215
3.715633818853489
3.7121553164374497
3.708727243372643
3.7053486317494424
3.702018543661609
3.6987360706067594
3.695500332875252
3.6923104789299996
3.689165684779485
3.6860651533460813
3.6830081138315656
3.6799938210815824
3.6770215549506173
3.67409061966892
3.6712003432126594
3.6683500766784767
3.6655391936634993
3.662767089651717
3.6600334722058783
3.657336892226751
3.6546779090987624
3.6520549348582967
3.6494681800004685
3.6469170494647
3.6444012082997057
3.6419202717163666
3.6394734696856297
3.6370604123696277
3.634680721825653
3.632333576598826
3.6300193554755906
3.627737533197464
3.625487733344024
3.6232696012752394
3.621082801754027
3.618927016914453
3.6168019446268462
3.6147072971718623
3.6126428001522104
3.6106081915873576
3.6086032211495436
3.606627649509248
3.60468124776583
3.602763796944862
3.600875087548068
3.5990149191451217
3.5971830999991465
3.595379446719686
3.593603783938375
3.5918559440036937
3.5901357666920153
3.588443098932791
3.586777794546221
3.5851397139921124
3.5835287241289135
3.5819446979821
3.5803875145212722
3.578857058445425
3.5773532199759392
3.5758758946569196
3.5744249831625527
3.5730003911111883
3.571602028885893
3.570229811461228
3.5688836582360297
3.5675634928720195
3.5662692431379868
3.565000840759414
3.563758221273343
3.5625413238883104
3.5613500913491816
3.5601844698067424
3.559044408691863
3.557932460775775
3.556847651232758
3.5557890529099625
3.554756218265572
3.5537488104214
3.552763328665002
3.551801641161945
3.550864295113635
3.5499515668694093
3.549063682946456
3.548200792682001
3.547362991512164
3.546550337590784
3.5457628636142484
3.5450005894290317
3.5442635169658994
3.54355164284104
3.5428649598164528
3.542203458710862
3.5415671254624694
3.5409559530286443
3.540369933447728
3.6420071258285702
3.741166070808309
3.838157922383066
3.9332547880258883
4.026695614464647
4.118691763951922
4.209432104368633
4.299087346723604
4.387813443830958
4.475753913919079
4.563040997462367
4.649795611186945
4.736126155468101
4.822126378949777
4.907872702545007
4.993421609064799
5.07880782810307
5.164043991869108
5.249122160685846
5.334017175062419
5.418691340062291
5.5030996605728415
5.58719481576518
5.670931256667932
5.754268116033267
5.83717090971081
5.919612207071688
6.00157153815678
6.083034810488403
6.16399346513968
6.244443540916188
6.324384757061138
6.403819677813085
6.482752988445639
6.561190890539415
6.639140611379857
6.7166100157620425
6.793607305861862
6.870140794570177
6.946218738690522
7.021849219985765
7.097040063820394
7.171798786860625
7.24613256685491
7.320048228879169
7.393552243587386
7.466650734754345
7.539349489471009
7.611653976815142
7.6835693655415565
7.755100543590982
7.82625213780408
7.8970285332591486
7.967433891841893
8.037472169799186
8.10714713413558
8.176462377789342
8.245421333580332
8.314027286960467
8.38228338762279
8.450192660040722
8.5177580130175
8.584982248328952
8.65186806854248
8.718418084092248
8.784634819686223
8.850520720115455
8.916078155530226
8.981309426241909
9.046216767103644
9.11080235151743
9.175068295110224
9.239016659116762
9.302649453502669
9.365968639857394
9.428976134083118
9.491673808902572
9.554063496205975
9.616146989254817
9.677926044758063
9.739402384834394
9.800577698872466
9.861453645299624
9.922031853268283
9.982313924267952
10.042301433669962
10.101995932210992
10.161398947420814
10.220511984998902
10.279336530144006
10.337874048840284
10.396125989103092
10.45409378218713
10.511778843759322
10.569182575038479
10.626306363903481
10.683151585971576
10.73971960564804
10.796011777148399
10.852029445494171
10.907773947482907
10.963246612633299
11.018448764105898
11.073381719599976
11.128046792226861
11.182445291360171
11.23657852346311
11.29044779289309
11.344054402683794
11.397399655304815
11.450484853398876
11.503311300496717
11.555880301709594
11.608193164398646
11.660251198826376
11.71205571877439
11.763608042152345
11.814909491575472
11.865961394921538
11.916765085864771
11.96732190438668
12.017633197263596
12.06770031853079
12.117524629923034
12.16710750129145
12.216450310996487
12.265554446276882
12.314421303594491
12.363052288954787
12.411448818202969
12.4596123172955
12.507544222546992
12.555245980852295
12.60271904988372
12.662958741592048
12.742435144675364
12.840333734102487
12.95599157843899
13.088829861703697
13.238320289414151
13.40396849595019
13.585305654991126
13.781884001486317
13.993274210975963
14.219063672456976
14.458855202869161
14.712265991767913
14.978926677130339
15.258480505664288
15.550582555395723
15.854899009628356
16.17110647657494
16.49889135131595
16.837949217777023
17.187984288851304
17.548708882959914
17.919842935401945
18.30111354286699
18.69225453949325
19.093006102876302
19.503114388460656
19.92233119078321
20.350413630086987
20.787123862872445
21.23222881501364
21.68549993612449
22.146712973922092
22.615647767396396
23.09208805765727
23.575821315391885
24.066638583927038
24.56433433696345
25.06870635006719
25.579555585170688
26.09668608277741
26.619904976968662
27.149022030318005
27.683850121938384
28.224204821724435
28.7699044310858
29.320769944908637
29.87662502440136
30.437295982732685
31.002611785800305
31.57240407189413
32.146507196186754
32.72475830932727
33.306997484655895
33.893067916908215
34.48281622882397
35.07609294447165
35.67275322590655
36.272658035057376
36.87567599825706
37.48168646084297
38.0905846124249
38.702290323602966
39.31676386737565
39.93403481437523
38.426134258609615
36.527890913751364
34.36606778023184
32.05930033713927
29.706518340832453
27.383707072583068
25.145512756187625
23.028843050740193
21.05675498800152
19.241857988967524
17.589021131479807
16.097437555190663
14.762185093892121
13.575422480625493
12.52732888929171
11.606858373374758
10.802351421971773
10.102026554791
9.494364750862738
8.968396013321147
8.513897681878898
8.121515847080552
7.782822817924529
7.490324255688454
7.237429164362683
7.018394572003196
6.82825486187203
6.662743609386796
6.51821376291757
6.39156021279727
6.2801473490410284
6.181743019212323
6.094459601693342
6.0167021656684465
5.947123459198834
5.884585194386503
5.828125001682931
5.776928391700148
5.7303050768409864
5.687669046541973
5.648521846117754
5.612438571446153
5.579056153749593
5.548063567599286
5.519193649085315
5.492216258678268
5.466932565797405
5.443170267315082
5.420779583768544
5.399629902801539
5.379606961262355
5.360623163971598
5.342562821406388
5.325362977034584
5.308954450212098
5.293275741968194
5.27827200934304
5.263894192669499
5.2500982714353865
5.236844628209695
5.224097503694384
5.211824528667939
5.1999963210895865
5.1885861383244105
5.1775695763106375
5.166924308550035
5.1566298591654585
5.1466674051988335
5.13701960359731
5.127670439942524
5.118605095377865
5.109809829551603
5.101271877312895
5.092979357348338
5.084921191158224
5.077087031048397
5.0694671960157764
5.062052614489775
5.054834773129466
5.047805670907176
5.0409577778345085
5.0342839978217455
5.027777635193818
5.021432364375384
5.015242202442002
5.009201484246119
5.003304839808186
4.997547173649033
4.991923646029974
4.986429655750132
4.981060824434603
4.975812982081921
4.9706821538279655
4.965664547771208
4.960756543767867
4.955954683016705
4.951255658561691
4.946656306416317
4.94215359736736
4.9377446293838165
4.933426620539546
4.929196902476406
4.925052914267101
4.920992196745052
4.917012387176433
4.91311121430314
4.909286493687566
4.905536123398865
4.901858079921521
4.89825041432695
4.894711248718402
4.891238772854959
4.887831240969777
4.88448696880846
4.881204330820968
4.877981757491106
4.874817732879529
4.871710792225304
4.868659519734352
4.865662546476033
4.862718548398666
4.859826244410713
4.85698442759807
4.854191860349807
4.8514473806064915
4.848749862613227
4.84609821547849
4.84349138178969
4.840928336310434
4.838408084721658
4.835929662446179
4.833492133515537
4.8310945894855255
4.828736148436222
4.826415953953125
4.8241331742333875
4.821887001161029
4.819676649464782
4.817501355910483
4.815360378506087
4.813252995765579
4.811178505990589
4.809136226592908
4.807125493437892
4.805145660208383
4.8031960978138954
4.801276193805128
4.799385351824108
4.797522991080346
4.795688545836532
4.793881464917815
4.792101211237909
4.790347261356022
4.7886191050371565
4.786916244846814
4.7852381957381755
4.78358448465727
4.781954650191874
4.780348242214123
4.778764821518753
4.77720395949873
4.775665237842056
4.774148248198903
4.772652591906874
4.771177879694
4.769723731395687
4.7682897757133205
4.766875649931988
4.765480999694861
4.764105478739249
4.762748748700627
4.761410478851514
4.760090345918564
4.75878803385232
4.757503233641315
4.756235643112228
4.754984966742705
4.753750915473682
4.752533206541495
4.751331563314853
4.750145715110738
4.74897539706159
4.747820349933847
4.746680319993265
4.745555058870376
4.744444323398241
4.74334787549618
4.742265482034165
4.7411969146957285
4.740141949866949
4.739100368512942
4.738071956062403
4.7370565022907165
4.736053801220562
4.735063651012266
4.7340858538576756
4.733120215882244
4.732166547053662
4.731224661083433
9565.5670967268
9565.5670967268
9565.5670967268
9565.5670967268
9565.5670967268
9565.5670967268
9565.5670967268
9565.5670967268
9565.5670967268
9565.5670967268
9565.5670967268
9565.5670967268
9565.5670967268
9565.5670967268
9565.5670967268
9565.5670967268
9565.5670967268
9565.5670967268
9565.5670967268
9565.5670967268
9565.5670967268
9565.5670967268
9565.5670967268
9565.5670967268
9565.5670967268
9565.5670967268
9565.5670967268
9565.5670967268
9565.5670967268
9565.5670967268
9565.5670967268
9565.5670967268
9565.5670967268
9565.5670967268
9565.5670967268
9565.5670967268
9565.5670967268
9565.5670967268
9565.5670967268
9565.5670967268
9565.5670967268
9565.5670967268
9565.5670967268
9565.5670967268
9565.5670967268
9565.5670967268
9565.5670967268
9565.5670967268
9565.5670967268
9565.5670967268
9565.5670967268
9565.5670967268
9565.5670967268
9565.5670967268
9565.5670967268
9565.5670967268
9565.5670967268
9565.5670967268
9565.5670967268
9565.5670967268
9565.5670967268
9565.5670967268
9565.5670967268
9565.5670967268
9565.5670967268
9565.5670967268
9565.5670967268
9565.5670967268
9565.5670967268
9565.5670967268
9565.5670967268
9565.5670967268
9565.5670967268
9565.5670967268
9565.5670967268
9565.5670967268
9565.5670967268
9565.5670967268
9565.5670967268
9565.5670967268
9565.5670967268
9565.5670967268
9565.5670967268
9565.5670967268
9565.5670967268
9565.5670967268
9565.5670967268
9565.5670967268
9565.5670967268
9565.5670967268
9565.5670967268
9565.5670967268
9565.5670967268
9565.5670967268
9565.5670967268
9565.5670967268
9565.5670967268
9565.5670967268
9565.5670967268
9565.5670967268
9565.5670967268
9565.5670967268
9565.5670967268
9565.5670967268
9565.5670967268
9565.5670967268
9565.5670967268
9565.5670967268
9565.5670967268
9565.5670967268
9565.5670967268
9565.5670967268
9565.5670967268
9565.5670967268
9565.5670967268
9565.5670967268
9565.5670967268
9565.5670967268
9565.5670967268
9565.5670967268
9565.5670967268
9565.5670967268
9565.5670967268
9565.5670967268
9565.5670967268
9565.5670967268
9565.5670967268
9565.5670967268
9565.5670967268
9565.5670967268
9565.5670967268
9565.5670967268
9565.5670967268
9565.5670967268
9565.5670967268
9565.5670967268
9565.5670967268
9565.5670967268
9565.5670967268
9565.5670967268
9565.5670967268
9565.5670967268
9565.5670967268
9565.5670967268
9565.5670967268
9565.5670967268
9565.5670967268
9565.5670967268
9565.5670967268
9565.5670967268
9565.5670967268
9565.5670967268
9565.5670967268
9565.5670967268
9565.5670967268
9565.5670967268
9565.5670967268
9565.5670967268
9565.5670967268
9565.5670967268
9565.5670967268
9565.5670967268
9565.5670967268
9565.5670967268
9565.5670967268
9565.5670967268
9565.5670967268
9565.5670967268
9565.5670967268
9565.5670967268
9565.5670967268
9565.5670967268
9565.5670967268
9565.5670967268
9565.5670967268
9565.5670967268
9565.5670967268
9565.5670967268
9565.5670967268
9565.5670967268
9565.5670967268
9565.5670967268
9565.5670967268
9565.5670967268
9565.5670967268
9565.5670967268
9565.5670967268
9565.5670967268
9565.5670967268
9565.5670967268
9565.5670967268
9565.5670967268
9565.5670967268
9565.5670967268
9565.5670967268
9565.5670967268
9565.5670967268
9565.5670967268
9565.5670967268
14772.372586650978
14772.372586650978
14772.372586650978
14772.372586650978
14772.372586650978
14772.372586650978
14772.372586650978
14772.372586650978
14772.372586650978
14772.372586650978
14772.372586650978
14772.372586650978
14772.372586650978
14772.372586650978
14772.372586650978
14772.372586650978
14772.372586650978
14772.372586650978
14772.372586650978
14772.372586650978
14772.372586650978
14772.372586650978
14772.372586650978
14772.372586650978
14772.372586650978
14772.372586650978
14772.372586650978
14772.372586650978
14772.372586650978
14772.372586650978
14772.372586650978
14772.372586650978
14772.372586650978
14772.372586650978
14772.372586650978
14772.372586650978
14772.372586650978
14772.372586650978
14772.372586650978
14772.372586650978
14772.372586650978
14772.372586650978
14772.372586650978
14772.372586650978
14772.372586650978
14772.372586650978
14772.372586650978
14772.372586650978
14772.372586650978
14772.372586650978
14772.372586650978
14772.372586650978
14772.372586650978
14772.372586650978
14772.372586650978
14772.372586650978
14772.372586650978
14772.372586650978
14772.372586650978
14772.372586650978
14772.372586650978
14772.372586650978
14772.372586650978
14772.372586650978
14772.372586650978
14772.372586650978
14772.372586650978
14772.372586650978
14772.372586650978
14772.372586650978
14772.372586650978
14772.372586650978
14772.372586650978
14772.372586650978
14772.372586650978
14772.372586650978
14772.372586650978
14772.372586650978
14772.372586650978
14772.372586650978
14772.372586650978
14772.372586650978
14772.372586650978
14772.372586650978
14772.372586650978
14772.372586650978
14772.372586650978
14772.372586650978
14772.372586650978
14772.372586650978
14772.372586650978
14772.372586650978
14772.372586650978
14772.372586650978
14772.372586650978
14772.372586650978
14772.372586650978
14772.372586650978
14772.372586650978
14772.372586650978
14772.372586650978
14772.372586650978
14772.372586650978
14772.372586650978
14772.372586650978
14772.372586650978
14772.372586650978
14772.372586650978
14772.372586650978
14772.372586650978
14772.372586650978
14772.372586650978
14772.372586650978
14772.372586650978
14772.372586650978
14772.372586650978
14772.372586650978
14772.372586650978
14772.372586650978
14772.372586650978
14772.372586650978
14772.372586650978
14772.372586650978
14772.372586650978
14772.372586650978
14772.372586650978
14772.372586650978
14772.372586650978
14772.372586650978
14772.372586650978
14772.372586650978
14772.372586650978
14772.372586650978
14772.372586650978
14772.372586650978
14772.372586650978
14772.372586650978
14772.372586650978
14772.372586650978
14772.372586650978
14772.372586650978
14772.372586650978
14772.372586650978
14772.372586650978
14772.372586650978
14772.372586650978
14772.372586650978
14772.372586650978
14772.372586650978
14772.372586650978
14772.372586650978
14772.372586650978
14772.372586650978
14772.372586650978
14772.372586650978
14772.372586650978
14772.372586650978
14772.372586650978
14772.372586650978
14772.372586650978
14772.372586650978
14772.372586650978
14772.372586650978
14772.372586650978
14772.372586650978
14772.372586650978
14772.372586650978
14772.372586650978
14772.372586650978
14772.372586650978
14772.372586650978
14772.372586650978
14772.372586650978
14772.372586650978
14772.372586650978
14772.372586650978
14772.372586650978
14772.372586650978
14772.372586650978
14772.372586650978
14772.372586650978
14772.372586650978
14772.372586650978
14772.372586650978
14772.372586650978
14772.372586650978
14772.372586650978
14772.372586650978
14772.372586650978
14772.372586650978
14772.372586650978
14772.372586650978
14772.372586650978
14772.372586650978
14772.372586650978
14772.372586650978
14772.372586650978
14772.372586650978
14772.372586650978
-5191.960267824744
-332904073.8039066
-332904073.8039066
-332904073.8039066
-332904073.8039066
-332904073.8039066
-332904073.8039066
-332904073.8039066
-332904073.8039066
-332904073.8039066
-332904073.8039066
-332904073.8039066
-332904073.8039066
-332904073.8039066
-332904073.8039066
-332904073.8039066
-332904073.8039066
-332904073.8039066
-332904073.8039066
-332904073.8039066
-332904073.8039066
-332904073.8039066
-332904073.8039066
-332904073.8039066
-332904073.8039066
-332904073.8039066
-332904073.8039066
-332904073.8039066
-332904073.8039066
-332904073.8039066
-332904073.8039066
-332904073.8039066
-332904073.8039066
-332904073.8039066
-332904073.8039066
-332904073.8039066
-332904073.8039066
-332904073.8039066
-332904073.8039066
-332904073.8039066
-332904073.8039066
-332904073.8039066
-332904073.8039066
-332904073.8039066
-332904073.8039066
-332904073.8039066
-332904073.8039066
-332904073.8039066
-332904073.8039066
-332904073.8039066
-332904073.8039066
-332904073.8039066
-332904073.8039066
-332904073.8039066
-332904073.8039066
-332904073.8039066
-332904073.8039066
-332904073.8039066
-332904073.8039066
-332904073.8039066
-332904073.8039066
-332904073.8039066
-332904073.8039066
-332904073.8039066
-332904073.8039066
-332904073.8039066
-332904073.8039066
-332904073.8039066
-332904073.8039066
-332904073.8039066
-332904073.8039066
-332904073.8039066
-332904073.8039066
-332904073.8039066
-332904073.8039066
-332904073.8039066
-332904073.8039066
-332904073.8039066
-332904073.8039066
-332904073.8039066
-332904073.8039066
-332904073.8039066
-332904073.8039066
-332904073.8039066
-332904073.8039066
-332904073.8039066
-332904073.8039066
-332904073.8039066
-332904073.8039066
-332904073.8039066
-332904073.8039066
-332904073.8039066
-332904073.8039066
-332904073.8039066
-332904073.8039066
-332904073.8039066
-332904073.8039066
-332904073.8039066
-332904073.8039066
-332904073.8039066
-332904073.8039066
-332904073.8039066
-332904073.8039066
-332904073.8039066
-332904073.8039066
-332904073.8039066
-332904073.8039066
-332904073.8039066
-332904073.8039066
-332904073.8039066
-332904073.8039066
-332904073.8039066
-332904073.8039066
-332904073.8039066
-332904073.8039066
-332904073.8039066
-332904073.8039066
-332904073.8039066
-332904073.8039066
-332904073.8039066
-332904073.8039066
-332904073.8039066
-332904073.8039066
-332904073.8039066
-332904073.8039066
-332904073.8039066
-332904073.8039066
-332904073.8039066
-332904073.8039066
-332904073.8039066
-332904073.8039066
-332904073.8039066
-332904073.8039066
-332904073.8039066
-332904073.8039066
-332904073.8039066
-332904073.8039066
-332904073.8039066
-332904073.8039066
-332904073.8039066
-332904073.8039066
-332904073.8039066
-332904073.8039066
-332904073.8039066
-332904073.8039066
-332904073.8039066
-332904073.8039066
-332904073.8039066
-332904073.8039066
-332904073.8039066
-332904073.8039066
-332904073.8039066
-332904073.8039066
-332904073.8039066
-332904073.8039066
-332904073.8039066
-332904073.8039066
-332904073.8039066
-332904073.8039066
-332904073.8039066
-332904073.8039066
-332904073.8039066
-332904073.8039066
-332904073.8039066
-332904073.8039066
-332904073.8039066
-332904073.8039066
-332904073.8039066
-332904073.8039066
-332904073.8039066
-332904073.8039066
-332904073.8039066
-332904073.8039066
-332904073.8039066
-332904073.8039066
-332904073.8039066
-332904073.8039066
-332904073.8039066
-332904073.8039066
-332904073.8039066
-332904073.8039066
-332904073.8039066
-332904073.8039066
-332904073.8039066
-332904073.8039066
-332904073.8039066
-332904073.8039066
-332904073.8039066
-332904073.8039066
-332904073.8039066
-332904073.8039066
-332904073.8039066
-332904073.8039066
-332904073.8039066
-332904073.8039066
-332904073.8039066
-332904073.8039066
-332904073.8039066
