3.3192961547548836
3.332334297453445
3.345967099290743
3.3594402087458533
3.372742355052956
3.385877642216821
3.39885028926752
3.411664360384804
3.4243237932551387
3.4368324247511097
3.4491940097082554
3.4614122342522013
3.473490724914811
3.485433054517615
3.4972427455952895
3.5089232719702217
3.5204780589611957
3.5319104826074055
3.543223868207887
3.5544214884115144
3.565506561040833
3.5764822467914104
3.5873516469151014
3.5981178009690225
3.6087836846907577
3.6193522080434066
3.6298262134606
3.640208474310991
3.650501693593351
3.660708502866817
3.6708314614158137
3.680873055645226
3.690835698698516
3.700721730289269
3.710533416735127
3.7202729511819923
3.7299424540057253
3.7395439733782085
3.7490794859845233
3.7585508978780795
3.7679600454607742
3.777308696575592
3.7865985516995027
3.795831245225
3.8050083468191747
3.8141313628497837
3.8232017378683607
3.8322208561410216
3.841190043218203
3.8501105675351748
3.8589836420357364
3.8678104258120847
3.8765920257543716
3.8853294982040207
3.89402385060536
3.902676043150617
3.9112869904137946
3.91985756296935
3.928388588992094
3.936880855834994
3.9453351115820396
3.9537520665736383
3.962132394902316
3.970476735876811
3.9787856954529426
3.9870598476298786
3.995299735810671
4.00350587412616
4.011678748721547
4.019818819005123
4.027926518858828
4.036002257810432
4.04404642216735
4.052059376112135
4.060041462759905
4.067993005177992
4.075914307368255
4.083805655212531
4.091667317381809
4.09949954620977
4.107302578531378
4.115076636487281
4.122821928294791
4.130538648986287
4.138226981115877
4.145887095435198
4.1535191515392516
4.16112329848318
4.168699675370888
4.176248411916441
4.183769628979159
4.191263439073326
4.1891237689915055
4.187018780667524
4.184943342181071
4.182893563596617
4.180866537928024
4.178860074431352
4.176872526532103
4.174902655871082
4.172949529767565
4.171012444196972
4.169090866045029
4.167184389874411
4.165292705590125
4.1634155742747145
4.161552810139343
4.159704267048613
4.157869828463242
4.1560493999354415
4.154242903510047
4.152450273547973
4.150671453610958
4.148906394138078
4.147155050712871
4.145417382770985
4.143693352636395
4.141982924802644
4.140286065396834
4.138602741779882
4.136932922248412
4.135276575812426
4.133633672029497
4.132004180881091
4.130388072680333
4.1287853180031915
4.127195887637146
4.12561975254289
4.124056883825736
4.122507252714287
4.120970830544494
4.119447588747751
4.117937498841988
4.116440532425014
4.114956661169521
4.113485856819336
4.112028091186601
4.110583336149646
4.109151563651378
4.10773274569805
4.106326854358329
4.104933861762553
4.103553740102174
4.1021864616293024
4.100831998656347
4.099490323555714
4.098161408759557
4.096845226759571
4.095541750106799
4.094250951411464
4.0929728033428265
4.091707278629032
4.0904543500569845
4.089213990472215
4.087986172778758
4.0867708699390315
4.085568054973716
4.084377700961636
4.0831997810396485
4.082034268402519
4.0808811363028115
4.07974035805077
4.078611907014203
4.077495756618369
4.076391880345856
4.075300251736472
4.074220844387122
4.073153631951697
4.072098588140948
4.0710556867223815
4.0700249015201315
4.069006206414849
4.067999575343578
4.06700498229964
4.066022401332519
4.065051806547737
4.064093172106741
4.063146472226783
4.062211681180795
4.061288773297283
4.060377722960194
4.0594785046088075
4.0585910927376085
4.0577154618961755
4.056851586689058
4.055999441775654
4.0551590018700985
4.054330241741135
4.053513136212006
4.052707660160326
4.051913788517968
4.0511314962709415
4.050360758459273
4.049601550176888
4.048853846571494
4.048117622844461
4.047392854250701
4.046679516098551
4.045977583749655
