45.0
45.0363074092662
45.05065276822816
45.04449085101455
45.01920863956824
44.97610608041771
44.91639402946075
44.841198049521125
44.75156403578826
44.64846413049029
44.53280238589099
44.40542001009355
44.2671001687938
44.11857236556464
43.960516436652235
43.79356619858784
43.618312784354266
43.43530770020306
43.245065631520795
43.04806702275325
42.84476045340632
42.63556482954188
42.42087140793713
42.20104566813139
41.97642904590081
41.7473405402417
41.5140782046732
41.27692053256195
41.03612774520119
40.79194299052362
40.544593459575275
40.2942914272104
40.041235222875216
39.78561013681879
39.527589266595356
39.26733430829667
39.0049962965692
38.74071629712424
38.4746260551355
38.20684860263475
37.937498827757935
37.66668400846083
37.394504313110545
37.12105327016725
36.846418257108866
36.57068071843191
36.293916856427984
36.01619778447009
35.737589928381176
35.45815534745198
35.17795203666917
34.89703421086059
34.61545257176727
34.33325455905845
34.05048458627266
33.76718429050357
33.48339265318842
33.199146289021186
32.914479597378154
32.629424936372715
32.344012786758796
32.05827190651219
31.772229476849386
31.485911240414232
31.199341632352937
30.912543904999083
30.62554024690288
30.338351896960027
30.050999254429367
29.763501985676086
29.475879128542044
29.188149195331313
28.90033027551266
28.61244013938913
28.32449634417791
28.03651634419503
27.748517607166825
27.460517739118462
27.172534620853057
26.88458655978046
26.596692461848424
26.308872029665928
26.021145994723945
25.73353639411132
25.446066905585802
25.158763259732016
24.87165375488986
24.58476991060905
24.298147310220635
24.011826705360313
23.72585548927785
23.440289698818056
23.155196789573143
22.870659566808584
22.58678187250008
22.30369709539296
22.02158108779792
21.74067248966598
21.461305370819677
21.183962323057543
20.90935890736637
20.638561573222564
20.373072190508328
20.114583623965007
19.863977639248347
19.620326710887454
19.381632237908374
19.14625850564456
18.91331564922417
18.6823995511417
18.45333557572054
18.226045582128084
18.000490934037067
17.776649674458962
17.55450755379722
17.33405447078895
17.115283003633852
16.89818774918225
16.68276497888097
16.469012423365406
16.25692911335239
16.04651524864318
15.837772083902571
15.630701826340827
15.425307542926605
15.221593075751638
15.01956296458365
14.81922237583759
14.620577037302098
14.42363317802913
14.228397472850151
14.034876991029266
13.84307914860575
13.653011664016518
13.46468251662387
13.278099907805888
13.093272224296177
12.91020800348672
12.728915900432323
12.549404656318172
12.371683068172958
12.195759959629692
12.021644152554352
11.849344439379374
11.678869555994881
11.510228155065223
11.343428779652635
11.178479837043069
11.015389572682212
10.854166044142096
10.69481709505076
10.53735032892943
10.381773082893252
10.228092401183368
10.076315008509685
9.926447283195296
9.77849523012525
9.632464453514022
9.488360129517886
9.346186978730232
9.20594923860966
9.067650635902586
8.931294359133817
8.796883031250102
8.66441868251292
8.533902723747875
8.405335920068255
8.27871836520039
8.154049456547305
8.03132787113538
7.910551542595754
7.791717639338032
7.674822544078212
7.559861834885654
7.446830267915022
7.335721761988435
7.224896811373672
7.0649839670059595
6.893848229459335
6.7151302810570614
6.531837493076904
6.346398058153764
6.160740988624237
5.976373195276859
5.794447694552035
5.615822920480322
5.441114280083805
5.270738854082387
5.104954146106203
4.943891322887921
4.787583588215223
4.635989939493084
4.489014838671423
4.346524208899688
4.208358201875624
4.074341173614484
3.9442893473390814
3.818016457538318
3.6953378834918125
3.5760735186208334
3.5606090680572575
3.545903597448371
3.5318303297452136
3.518284554885626
3.5051803219848847
3.4924473754677194
3.4800284613787285
3.467877025307101
3.455955277386236
3.444232582622972
3.4326841310445793
3.4212898443356092
3.4100334801646555
3.398901900564726
3.3878844757507123
3.376972599318792
3.3661592947617724
3.355438896657796
3.3448067927867657
3.334259215859409
3.3237930755705927
3.31340582337051
3.303095343738192
3.292859866888317
3.2826978987849422
3.272608165109009
3.2625895664593774
3.2526411425841477
3.2427620438606417
3.2329515085855287
3.2232088449154297
3.2135334165245206
3.2039246312288454
3.194381931975187
3.18490478971195
3.175492697755905
3.1661451673462517
3.1568617241398242
3.1476419054512834
3.1384852580822624
3.129391336615489
3.1203597020755347
3.111389920878298
3.102481564007579
3.0936342063700675
3.084847426290357
3.0761208051157123
3.067453926906818
3.0588463781957995
3.0502977477968645
3.0418076266580645
3.033375607745198
3.025001285950818
3.016684258003647
3.008424122495009
3.000220479700641
2.9920729316453167
2.983981082046582
2.975944536294226
2.967962901433666
2.9600357861529845
2.9521628007729066
2.94434355723915
2.9365776691167023
2.9288647515856896
2.921204421438551
2.913596297078325
2.906039998517861
2.8985351474279613
2.8910813670087867
2.883678282092583
2.8763255191337347
2.86902270620603
2.8617694730032492
2.8545654508414082
2.8474102726618886
2.840303573035109
2.833244988164576
2.8262341558912194
2.8192707156979764
2.8123543087145872
2.8054845777225754
2.7986611671604003
2.791883723128751
2.7851518933959802
2.778465327403647
2.7718236762721604
2.7652265928065063
2.758673731502041
2.7521647485503418
2.745699301845091
2.7456993018450913
2.7456993018450913
2.7456993018450913
2.745699301845091
2.745699301845091
2.745699301845091
2.745699301845091
2.7456993018450913
2.7456993018450913
2.745699301845091
2.7456993018450913
2.7456993018450913
2.7456993018450913
2.7456993018450913
2.745699301845091
2.745699301845091
2.7456993018450913
2.7456993018450913
2.7456993018450913
2.7456993018450913
2.745699301845091
2.745699301845091
2.745699301845091
2.7456993018450913
2.7456993018450913
2.7456993018450913
2.7456993018450913
2.7456993018450913
2.745699301845091
2.745699301845091
2.745699301845091
2.745699301845091
2.745699301845091
2.745699301845091
2.745699301845091
2.7456993018450913
2.7456993018450913
2.7456993018450913
2.745699301845091
2.745699301845091
2.745699301845091
2.745699301845091
2.7456993018450913
2.745699301845091
2.745699301845091
2.745699301845091
2.7456993018450913
2.745699301845091
2.7456993018450913
2.745699301845091
2.745699301845091
2.745699301845091
2.7456993018450913
2.7456993018450913
2.7456993018450913
2.7456993018450913
2.7456993018450913
2.745699301845091
2.745699301845091
2.745699301845091
2.745699301845091
2.745699301845091
2.745699301845091
2.745699301845091
2.745699301845091
2.745699301845091
2.745699301845091
2.7456993018450913
2.7456993018450913
2.7456993018450913
2.7456993018450913
2.7456993018450913
2.7456993018450913
2.7456993018450913
2.7456993018450913
2.745699301845091
2.7456993018450913
2.745699301845091
2.745699301845091
2.745699301845091
2.7456993018450913
2.745699301845091
2.745699301845091
2.745699301845091
2.7456993018450913
2.745699301845091
2.745699301845091
2.745699301845091
2.7456993018450913
2.7456993018450913
2.7456993018450913
2.7456993018450913
2.7456993018450913
2.7456993018450913
2.7456993018450913
2.7456993018450913
2.745699301845091
2.7456993018450913
2.7456993018450913
2.7456993018450913
2.7456993018450913
2.7456993018450913
2.7456993018450913
2.7456993018450913
2.7456993018450913
2.7456993018450913
2.745699301845091
2.745699301845091
2.7441499457218677
2.7425351517192946
2.740855320521531
2.739110865547191
2.7373021994411295
2.735429731253838
2.7334938649751797
2.731494998629857
2.729433523737706
2.727309825026126
2.725124280318531
2.7228772605460705
2.7205691298457557
2.7182002457190237
2.7157709592323878
2.713281615247199
2.710732552669301
2.7081241047120987
2.7054565991684765
2.70273035868364
2.699945701054385
2.697102939486906
2.6942023828974246
2.6912443361938845
2.6882291005619647
2.6851569737516767
2.682028250364655
2.678843222142381
2.6756021782556236
2.6723054055954414
2.668953189066102
2.6655458118802944
2.6620835558570124
2.6585667017224814
2.654995529414486
2.651370318390448
2.647691347939579
2.64395889749941
2.6401732469769765
2.6363346770749048
2.632443469622617
2.628499907912831
2.624504277043497
2.620456864265271
2.6163579593345654
2.6122078548721763
2.6080068467274256
2.6037552343476826
2.599453321153071
2.5951014149160674
2.5906998281456275
2.586248878475359
2.581748889055161
2.5772001889456213
2.5726031135143144
2.567958004833019
2.563265212074675
2.5585250919087343
2.553738008893357
2.5489043358626784
2.544024454307146
2.539098754744659
2.5341276370799872
2.5291115109496607
2.5240507960492256
2.518945922439478
2.5137973308279937
2.5086054728219915
2.503370811148332
2.4980938198362295
2.492774984358131
2.487414801724112
2.4820137805252234
2.4765724409213443
2.471091314569456
2.465570944488735
2.4600118848595973
2.4544147007547554
2.4487799678015376
2.443108271776146
2.4374002081321744
2.4316563814675543
2.425877404936092
2.4200638996118293
2.4142164938165025
2.4083358224223086
2.4024225261438685
2.396477250834577
2.3905006468033685
2.3844933681681555
2.3784560722617916
2.3723894191052852
2.366294070961246
2.3601706919781327
2.3540199479502797
2.3478425061115766
2.341639035137482
2.3354102051789676
2.32915668801014
2.3228791572636727
2.3165782887433104
2.3102547608009454
2.3039092547645414
2.2975424554026507
2.291155051411227
2.284747735908944
2.2783212069281076
2.2718761678894666
2.265413328050624
2.2589334029192942
2.2524371146242004
2.2459251922379613
2.239398372047764
2.2328573977709785
2.2263030207140626
2.219735999874209
2.2131571019840734
2.2065671015007307
2.1999667805406524
2.19335692876303
2.1867383431847895
2.1801118280313547
2.173478194410225
2.166838260056857
2.1601928489948214
2.1535427911785043
2.1468889221052274
2.1402320824030734
2.1335731173980377
2.126912876664038
2.1202522135591972
2.113591984751681
2.1069330497382115
2.100276270358209
2.093622510306325
2.0869726346459263
2.0803275093258944
2.073688000702872
2.0670549750708878
2.060429298200042
2.0538118348857424
2.047203448509719
2.0406050006138585
2.034017350487656
2.0274413547698744
2.020877867064799
2.0143277375227218
2.0077918126358476
2.0012709347501523
1.994765941789156
1.9882776669420894
1.9818069383652948
1.9753545788959053
1.9689214057769064
1.9625082304406616
1.9561158581110258
1.9497450876973024
1.9433967115075028
1.937071515014192
1.9307702766247004
1.9244937674546632
1.9182427511036917
1.912017983432041
1.9058202123371946
1.899650177529368
1.893508610305031
1.887396233317668
1.8813137603451218
1.8752618960530114
1.8692413357538744
1.8632527651618527
1.8572968601429132
1.8513742864607885
1.8454856995190065
1.8396317440995704
1.8338130540990392
1.8280302522629532
1.8222839499197134
1.8165747467152038
1.8109032303495922
1.8052699763178868
1.7996755476559307
1.7941204946936187
1.7886053548171807
1.783130652242414
1.7776968978007535
1.7723045887400508
1.7669542085418748
1.7616462267570656
1.7563810988611634
1.7511592661311892
1.7459811555450975
1.740847179705032
1.7357577367853125
1.7307132105058636
1.7257139701315727
1.7207603704978263
1.7158527520622437
1.710991440982399
1.7061931104712895
1.7013947248227619
1.696596751620119
1.6917996418202996
1.6870038183283456
1.6822096769610941
1.6774175875205386
1.672627894940525
1.6678409204775453
1.6630569629222691
1.658276299813303
1.6534991886386243
1.6487258680134012
1.6439565588255969
1.639191465342971
1.6344308250306954
1.6296747632147621
1.624923440493065
1.6201770048148894
1.615435592351943
1.610699328320637
1.605968327756573
1.601242696242548
1.5965225305916668
1.591807919487339
1.5870989440820644
1.5823956785689122
1.5776981906679348
1.5730065421495492
1.568320789276435
1.5636409832263662
1.5589671704857464
1.5542993932156892
1.5496376895923984
1.544982094123528
1.5403326379421176
1.5356893490796126
1.5310522527193875
1.5264213714321142
1.5217967253942322
1.5171783325906911
1.5125662090030743
1.50796036878412
1.5033608244196064
1.498767586878486
1.494180665752102
1.489600069383257
1.4850258049858502
1.480457878755751
1.4758962959735227
1.4713410610995754
1.4667921778622783
1.46224964933952
1.4577134780341863
1.4531836659439703
1.4486602146259155
1.4441431252560561
1.439632398684495
1.4351280354862364
1.4306300360080646
1.4261384004117443
1.4216531287137932
1.417174220822063
1.4127016765693519
1.4082357244180987
1.403776134817131
1.3993229075484959
1.3948760424279554
1.3904355393265135
1.3860013981900097
1.3815736190569061
1.377152202074399
1.3727371475129642
1.368328455779455
1.363926127428846
1.3595301631747194
1.3551405638985892
1.3507573306581357
1.346380464694438
1.3420099674382684
1.337645840515525
1.3332880857518576
1.3289367051765544
1.3245917010257373
1.3202530757449245
1.3159208319910034
1.3115949726336662
1.3072755007563412
1.3029624196566687
1.2986557328465533
1.29435544405183
1.2900615572115741
1.2857740764770886
1.2814930062105943
1.2772183509836494
1.2729501155753278
1.2686883049701712
1.2644329243559442
1.2601839791212073
1.255941474852728
1.251705417332749
1.247475812536127
1.243252666627357
1.2390359859575004
1.2348257770610227
1.2306220466525588
1.2264248016236141
1.2222340490392112
1.2180497961344936
1.2138720503112939
1.2097008191346732
1.2055361103294415
1.2013779317766649
1.1972262915101635
1.1930811977130107
1.1889426587140317
1.1848106829843148
1.1806852791337314
1.1765664559074729
1.1724542221826078
1.168348586964661
1.1642495593842177
1.1601568865851966
1.1560708409878258
1.1519914317835789
1.147918668865015
1.1438525617925364
1.1397931204239415
1.135740354681092
1.1316942744283802
1.1276548898501262
1.1236222111250322
1.119596248546895
1.1155770641071028
1.1115648220099623
1.1075593267025134
1.1035605888063906
1.0995686190176226
1.095583428104895
1.0916050269068984
1.0876334263296614
1.0836686373439064
1.0797106709824298
1.0757595383375098
1.07181525055835
1.067877818848553
1.0639472544636275
1.060023568708532
1.05610677293525
1.052196878540399
1.0482938969628737
1.04439783968152
1.0405087182128414
1.036626544108736
1.0327513289542618
1.0288830843654329
1.0250218219870422
1.0211675534905114
1.0173202905717673
1.0134800449491428
1.0096468283613034
1.0058206525651943
1.0020015293340148
0.9981894704552082
0.9943844877284781
0.9905865929638221
0.9867957979795847
0.9830121146005295
0.9792355546559293
0.9754661299776715
0.9717038523983824
0.9679487337495656
0.9642007858597548
0.9604600205526818
0.9567264496454584
0.9530000849467704
0.9492809382550844
0.9455687811929222
0.9418641033876456
0.938166678990952
0.9344765196365548
0.9307936369965851
0.9271178575447078
0.92344937867128
0.919788399560832
0.9161347436993015
0.9124884227403066
0.9088494482995582
0.9052178319539399
0.9015935852407042
0.8979767196566966
0.8943672466538725
0.8907651776497072
0.88717052401463
0.8835832970750822
0.8800035081124239
0.8764311683653607
0.8728662890176959
0.869308881208399
0.865685607375443
0.8620413246502258
0.8583750700358174
0.8546862783496254
0.8509747940526524
0.8472408676881131
0.8434851399333236
0.8397086172145947
0.8359126411187112
0.8320988524956706
0.8282691499226136
0.8244256416051843
0.8205705900123055
0.8167063496282704
0.8128352999840163
0.8089597781209107
0.8050820161248551
0.8012040896297672
0.7973278818876279
0.7934550654354028
0.7895871004097241
0.785725246148997
0.7818705815058384
0.7780240293253691
0.7741863814408836
0.7703583217737483
0.766540446284898
0.7627332793996134
0.758937287075532
0.7551528869615189
0.7513804561870177
0.7476203373049787
0.7438728428425969
0.7401382588280977
0.7364168475780205
0.7327088499567112
0.7290144872608553
0.7253339628364667
0.7216674635019974
0.7180151608269397
0.7143772122983029
0.7107537623958151
0.7071449435891092
0.7035508772653366
0.6999716745927324
0.6964074373239842
0.6928582585436229
0.6893242233555437
0.6858054095268544
0.6823018880759342
0.6788137238151245
0.6753409758489738
0.6718836980307169
0.6684419393796839
0.6650157444623096
0.6616051537393549
0.658210203881866
0.6548309280582936
0.651467356195071
0.6481195152128194
0.6447874292402148
0.6414711198074127
0.6381706060207945
0.6348859047206658
0.6316170306234151
0.6283639964495199
0.6251268130386756
0.6219054894532202
0.6187000330709274
0.61551044966815
0.6123367434942165
0.6091789173378988
0.6060369725867057
0.6029109092796879
0.5998007261543762
0.5967064206884295
0.5936279891365092
0.5905654265628544
0.5875187268699934
0.5844878828239788
0.5814728860765104
0.578473727184268
0.5754903956257511
0.5725228798158961
0.5695711671187137
0.566635243858172
0.5637150953275245
0.5608107057972691
0.5579220585219027
0.555049135745624
0.5521919187071233
0.5493503876435797
0.5465245217939838
0.5437142994018861
0.5409196977176642
0.5381406930003952
0.5353772605194083
0.5326293745555886
0.529897008402496
0.5271801343673554
0.5244787237719725
0.5217927469536212
0.519122173265948
0.5164669710799311
0.5138271077849317
0.5112025497898699
0.5085932625245554
0.5059992104412004
0.5034203570161395
0.5008566647517797
0.49830809517880204
0.49577460885863295
0.4932561653862031
0.49075272339302095
0.48826424055051026
0.4857906735737875
0.4833319782256729
0.4808881093211116
0.4784590207319478
0.4760446653920707
0.47364499530294324
0.47125996153951655
0.46888951425654013
0.4665336026952709
0.46419217519058587
0.46186517917850356
0.4595525612041154
0.45725426692993143
0.4549702411446405
0.45270042777228703
0.45044476988186355
0.4482032096973205
0.4459756886079911
0.4437621471794298
0.4415598270411541
0.43937158789868136
0.43719748615478327
0.4350375330547143
0.43289172243414603
0.43076004018689984
0.4286424672191285
0.4265389802139614
0.4244495517415753
0.4223741502610163
0.42031274016451453
0.4182652818872064
0.416231732067499
0.4142120437378876
0.41220616652996156
0.4102140468826184
0.40823562824681353
0.40627085128316115
0.40431965405061837
0.40238197218563676
0.4004577390718441
0.3985468860006892
0.39664934232368576
0.3947650355969847
0.3928938917190535
0.3910358350622586
0.38919078859914114
0.3873586740241966
0.38553941187196517
0.38373292163226536
0.38193912186343126
0.3801579303044656
0.37838926398708933
0.376633039348764
0.37488917234789065
0.3731575785825561
0.3714381734144356
0.369730872099597
0.3680355899286971
0.36635224237897773
0.3646807452817542
0.36302101316806396
0.3613729668713311
0.3597365226336284
0.35811159984488883
0.3564981194961896
0.3548960045742798
0.353305180535293
0.3517255758830565
0.35015712288383666
0.34859975846073454
0.34705342532712496
0.3455180734418767
0.34399366190326464
0.342480161449347
0.3409775578096013
0.33948585627147687
0.3380050880127454
0.336535319052022
0.33507666316711854
0.33362930097279914
0.33219350881579046
0.33076970377875237
0.3293585159795395
0.3279609087907782
0.31282445219405874
0.3013232929678787
0.29262426655443197
0.28605030410612675
0.2810694197393425
0.27727616985022924
0.27436869788260915
0.27212590832685113
0.2703874865387629
0.2690377117990527
0.26799297572937536
0.267192471729479
0.26659141186841606
0.2661561746203339
0.2658608880972631
0.26568506028030475
0.26561196105160706
0.26562753585628657
0.26571968884447494
0.2658778174487238
0.2660925136499677
0.26635537221118455
0.26665886482333284
0.2669962528400076
0.26736152116047524
0.26774932274281166
0.26815492788762
0.2685741754305704
0.2690034247914574
0.2694395088290865
0.2698796878995671
0.2703216057792866
0.2707632478111871
0.2712029018558137
0.2716391222597024
0.2720706969777974
0.2724966178634821
0.27291605404398533
0.2733283282302227
0.2737328957650953
0.2741293261886496
0.2745172870880304
0.27489653000071235
0.27526687814775763
0.2756282157871108
0.275980478993009
0.27632364768520523
0.27665773874929583
0.2769828001068022
0.27729890560993586
0.27760615065103167
0.2779046542193245
0.2781945319785658
0.2784759293048345
0.27874899515765317
0.2790138857807662
0.27927076298672654
0.2795197926862865
0.27976114363226107
0.2799949863498659
0.2802214922285584
0.28044083275343723
0.2806531788571106
0.28085870037544053
0.28105756559283124
0.28124994086462873
0.2814359903059166
0.2816158755374679
0.2817897554807729
0.2819577861953046
0.2821201207519619
0.2822769091375453
0.28242829818578125
0.28257443153102424
0.2827154495812769
0.2828514895076294
0.28298268524761244
0.28310916752028653
0.28323106385119584
0.28334849860555916
0.28346159302828994
0.28357046528963925
0.2836752305354184
0.28377600094088723
0.2838728857675332
0.2839659914220814
0.284055421517158
0.2841412769330987
0.28422365588050397
0.2843026539631658
0.2843783642410693
0.28445087729319896
0.2845202812799408
0.2845866620048959
0.2846501029759533
0.28471068546547906
0.28476848856954895
0.28482358926611484
0.2848760624720485
0.2849259810990123
0.28497341610811056
0.2850184365633055
0.28506110968356435
0.2851015008937414
0.2851396738741796
0.2851756906090408
0.28520961143336565
0.2852414950788846
0.2852713987185818
0.28529937801003424
0.28532548713755257
0.2853497788531366
0.2853723045162695
0.28539311413258095
0.2854122563914003
0.2854297787022222
0.2854457272301237
0.28546014693014193
0.28547308158065376
0.2854845738157787
0.2854946651568338
0.28550339604285974
0.2855108058748749
0.2855169330082348
0.2855218148060271
0.2855254876636933
0.2855279870349127
0.2855293474568534
0.2855296025747679
0.2855287851659218
0.2855269271628604
0.2855240596760189
0.2855202130156877
0.2855154167133531
0.2855096995424178
0.28550308953833253
0.2854956140181425
0.2854872995994734
0.28547817221897315
0.28546825715022195
0.2854575790211315
0.28544616183084587
0.28543402896616216
0.28542120321748315
0.2854077067943172
0.2853935613403403
0.285378787948033
0.2853634071729056
0.285347439047325
0.28533090309395504
0.2853138183388203
0.28529620332400757
0.28527807612001577
0.28525945433776323
0.28524035514026636
0.28522079525399496
0.28520079097991535
0.28518035820423543
0.28515951240885584
0.28513826868153525
0.2851166417257815
0.2850946458704779
0.2850722950792462
0.28504960295956233
0.28502658277162524
0.28500324743698924
0.2849796095469693
0.28495568137081984
0.28493147486369996
0.28490700167442534
0.2848822731530209
0.28485730035806944
0.2848320940638733
0.28480666476742517
0.28478102269520017
0.28475517780977055
0.28472913981624925
0.2847029181685662
0.28467652207558447
0.28464996050706
0.28462324219944546
0.2845963756615503
0.28456936918005216
0.2845422308248705
0.28451496845440527
0.28448758972063953
0.28446010207411676
0.2844325127687915
0.28440482886675716
0.2843770572428572
0.2843492045891804
0.2843212774194438
0.2842932820732667
0.28426522472033927
0.2842371113644871
0.2842089478476359
0.28418073985367776
0.2841524929122434
0.2841242124023812
1.7363866761630193
1.7363866761630193
1.7363866761630193
1.7363866761630193
1.7363866761630193
1.7363866761630193
1.7363866761630193
1.7363866761630193
1.7363866761630193
1.7363866761630193
1.7363866761630193
1.7363866761630193
1.7363866761630193
1.7363866761630193
1.7363866761630193
1.7363866761630193
1.7363866761630193
1.7363866761630193
1.7363866761630193
1.7363866761630193
1.7363866761630193
1.7363866761630193
1.7363866761630193
1.7363866761630193
1.7363866761630193
1.7363866761630193
1.7363866761630193
1.7363866761630193
1.7363866761630193
1.7363866761630193
1.7363866761630193
1.7363866761630193
1.7363866761630193
1.7363866761630193
1.7363866761630193
1.7363866761630193
1.7363866761630193
1.7363866761630193
1.7363866761630193
1.7363866761630193
1.7363866761630193
1.7363866761630193
1.7363866761630193
1.7363866761630193
1.7363866761630193
1.7363866761630193
1.7363866761630193
1.7363866761630193
1.7363866761630193
1.7363866761630193
1.7363866761630193
1.7363866761630193
1.7363866761630193
1.7363866761630193
1.7363866761630193
1.7363866761630193
1.7363866761630193
1.7363866761630193
1.7363866761630193
1.7363866761630193
1.7363866761630193
1.7363866761630193
1.7363866761630193
1.7363866761630193
1.7363866761630193
1.7363866761630193
1.7363866761630193
1.7363866761630193
1.7363866761630193
1.7363866761630193
1.7363866761630193
1.7363866761630193
1.7363866761630193
1.7363866761630193
1.7363866761630193
1.7363866761630193
1.7363866761630193
1.7363866761630193
1.7363866761630193
1.7363866761630193
1.7363866761630193
1.7363866761630193
1.7363866761630193
1.7363866761630193
1.7363866761630193
1.7363866761630193
1.7363866761630193
1.7363866761630193
1.7363866761630193
1.7363866761630193
1.7363866761630193
1.7363866761630193
1.7363866761630193
1.7363866761630193
1.7363866761630193
1.7363866761630193
1.7363866761630193
1.7363866761630193
1.7363866761630193
1.7363866761630193
1.7363866761630193
1.7363866761630193
1.7363866761630193
1.7363866761630193
1.7363866761630193
1.7363866761630193
1.7363866761630193
1.7363866761630193
1.7363866761630193
1.7363866761630193
1.7363866761630193
1.7363866761630193
1.7363866761630193
1.7363866761630193
1.7363866761630193
1.7363866761630193
1.7363866761630193
1.7363866761630193
1.7363866761630193
1.7363866761630193
1.7363866761630193
1.7363866761630193
1.7363866761630193
1.7363866761630193
1.7363866761630193
1.7363866761630193
1.7363866761630193
1.7363866761630193
1.7363866761630193
1.7363866761630193
1.7363866761630193
1.7363866761630193
1.7363866761630193
1.7363866761630193
1.7363866761630193
1.7363866761630193
1.7363866761630193
1.7363866761630193
1.7363866761630193
1.7363866761630193
1.7363866761630193
1.7363866761630193
1.7363866761630193
1.7363866761630193
1.7363866761630193
1.7363866761630193
1.7363866761630193
1.7363866761630193
1.7363866761630193
1.7363866761630193
1.7363866761630193
1.7363866761630193
1.7363866761630193
1.7363866761630193
1.7363866761630193
1.7363866761630193
1.7363866761630193
1.7363866761630193
1.7363866761630193
1.7363866761630193
1.7363866761630193
1.7363866761630193
1.7363866761630193
1.7363866761630193
1.7363866761630193
1.7363866761630193
1.7363866761630193
1.7363866761630193
1.7363866761630193
1.7363866761630193
1.7363866761630193
1.7363866761630193
1.7363866761630193
1.7363866761630193
1.7363866761630193
1.7363866761630193
1.7363866761630193
1.7363866761630193
1.7363866761630193
1.7363866761630193
1.7363866761630193
1.7363866761630193
1.7363866761630193
1.7363866761630193
1.7363866761630193
1.7363866761630193
1.7363866761630193
1.7363866761630193
1.7363866761630193
1.7363866761630193
1.7363866761630193
1.7363866761630193
1.7363866761630193
1.7363866761630193
1.7363866761630193
1.7363866761630193
1.7363866761630193
1.7363866761630193
1.7363866761630193
1.0250456891833866
1.0250456891833866
1.0250456891833866
1.0250456891833866
1.0250456891833866
1.0250456891833866
1.0250456891833866
1.0250456891833866
1.0250456891833866
1.0250456891833866
1.0250456891833866
1.0250456891833866
1.0250456891833866
1.0250456891833866
1.0250456891833866
1.0250456891833866
1.0250456891833866
1.0250456891833866
1.0250456891833866
1.0250456891833866
1.0250456891833866
1.0250456891833866
1.0250456891833866
1.0250456891833866
1.0250456891833866
1.0250456891833866
1.0250456891833866
1.0250456891833866
1.0250456891833866
1.0250456891833866
1.0250456891833866
1.0250456891833866
1.0250456891833866
1.0250456891833866
1.0250456891833866
1.0250456891833866
1.0250456891833866
1.0250456891833866
1.0250456891833866
1.0250456891833866
1.0250456891833866
1.0250456891833866
1.0250456891833866
1.0250456891833866
1.0250456891833866
1.0250456891833866
1.0250456891833866
1.0250456891833866
1.0250456891833866
1.0250456891833866
1.0250456891833866
1.0250456891833866
1.0250456891833866
1.0250456891833866
1.0250456891833866
1.0250456891833866
1.0250456891833866
1.0250456891833866
1.0250456891833866
1.0250456891833866
1.0250456891833866
1.0250456891833866
1.0250456891833866
1.0250456891833866
1.0250456891833866
1.0250456891833866
1.0250456891833866
1.0250456891833866
1.0250456891833866
1.0250456891833866
1.0250456891833866
1.0250456891833866
1.0250456891833866
1.0250456891833866
1.0250456891833866
1.0250456891833866
1.0250456891833866
1.0250456891833866
1.0250456891833866
1.0250456891833866
1.0250456891833866
1.0250456891833866
1.0250456891833866
1.0250456891833866
1.0250456891833866
1.0250456891833866
1.0250456891833866
1.0250456891833866
1.0250456891833866
1.0250456891833866
1.0250456891833866
1.0250456891833866
1.0250456891833866
1.0250456891833866
1.0250456891833866
1.0250456891833866
1.0250456891833866
1.0250456891833866
1.0250456891833866
1.0250456891833866
1.0250456891833866
1.0250456891833866
1.0250456891833866
1.0250456891833866
1.0250456891833866
1.0250456891833866
1.0250456891833866
1.0250456891833866
1.0250456891833866
1.0250456891833866
1.0250456891833866
1.0250456891833866
1.0250456891833866
1.0250456891833866
1.0250456891833866
1.0250456891833866
1.0250456891833866
1.0250456891833866
1.0250456891833866
1.0250456891833866
1.0250456891833866
1.0250456891833866
1.0250456891833866
1.0250456891833866
1.0250456891833866
1.0250456891833866
1.0250456891833866
1.0250456891833866
1.0250456891833866
1.0250456891833866
1.0250456891833866
1.0250456891833866
1.0250456891833866
1.0250456891833866
1.0250456891833866
1.0250456891833866
1.0250456891833866
1.0250456891833866
1.0250456891833866
1.0250456891833866
1.0250456891833866
1.0250456891833866
1.0250456891833866
1.0250456891833866
1.0250456891833866
1.0250456891833866
1.0250456891833866
1.0250456891833866
1.0250456891833866
1.0250456891833866
1.0250456891833866
1.0250456891833866
1.0250456891833866
1.0250456891833866
1.0250456891833866
1.0250456891833866
1.0250456891833866
1.0250456891833866
1.0250456891833866
1.0250456891833866
1.0250456891833866
1.0250456891833866
1.0250456891833866
1.0250456891833866
1.0250456891833866
1.0250456891833866
1.0250456891833866
1.0250456891833866
1.0250456891833866
1.0250456891833866
1.0250456891833866
1.0250456891833866
1.0250456891833866
1.0250456891833866
1.0250456891833866
1.0250456891833866
1.0250456891833866
1.0250456891833866
1.0250456891833866
1.0250456891833866
1.0250456891833866
1.0250456891833866
1.0250456891833866
1.0250456891833866
1.0250456891833866
1.0250456891833866
1.0250456891833866
1.0250456891833866
1.0250456891833866
1.0250456891833866
1.0250456891833866
1.0250456891833866
1.0250456891833866
1.0250456891833866
1.0250456891833866
1.0250456891833866
1.0250456891833866
1.0250456891833866
1.0250456891833866
39.428585161876335
30203.806358815542
30203.806358815542
30203.806358815542
30203.806358815542
30203.806358815542
30203.806358815542
30203.806358815542
30203.806358815542
30203.806358815542
30203.806358815542
30203.806358815542
30203.806358815542
30203.806358815542
30203.806358815542
30203.806358815542
30203.806358815542
30203.806358815542
30203.806358815542
30203.806358815542
30203.806358815542
30203.806358815542
30203.806358815542
30203.806358815542
30203.806358815542
30203.806358815542
30203.806358815542
30203.806358815542
30203.806358815542
30203.806358815542
30203.806358815542
30203.806358815542
30203.806358815542
30203.806358815542
30203.806358815542
30203.806358815542
30203.806358815542
30203.806358815542
30203.806358815542
30203.806358815542
30203.806358815542
30203.806358815542
30203.806358815542
30203.806358815542
30203.806358815542
30203.806358815542
30203.806358815542
30203.806358815542
30203.806358815542
30203.806358815542
30203.806358815542
30203.806358815542
30203.806358815542
30203.806358815542
30203.806358815542
30203.806358815542
30203.806358815542
30203.806358815542
30203.806358815542
30203.806358815542
30203.806358815542
30203.806358815542
30203.806358815542
30203.806358815542
30203.806358815542
30203.806358815542
30203.806358815542
30203.806358815542
30203.806358815542
30203.806358815542
30203.806358815542
30203.806358815542
30203.806358815542
30203.806358815542
30203.806358815542
30203.806358815542
30203.806358815542
30203.806358815542
30203.806358815542
30203.806358815542
30203.806358815542
30203.806358815542
30203.806358815542
30203.806358815542
30203.806358815542
30203.806358815542
30203.806358815542
30203.806358815542
30203.806358815542
30203.806358815542
30203.806358815542
30203.806358815542
30203.806358815542
30203.806358815542
30203.806358815542
30203.806358815542
30203.806358815542
30203.806358815542
30203.806358815542
30203.806358815542
30203.806358815542
30203.806358815542
30203.806358815542
30203.806358815542
30203.806358815542
30203.806358815542
30203.806358815542
30203.806358815542
30203.806358815542
30203.806358815542
30203.806358815542
30203.806358815542
30203.806358815542
30203.806358815542
30203.806358815542
30203.806358815542
30203.806358815542
30203.806358815542
30203.806358815542
30203.806358815542
30203.806358815542
30203.806358815542
30203.806358815542
30203.806358815542
30203.806358815542
30203.806358815542
30203.806358815542
30203.806358815542
30203.806358815542
30203.806358815542
30203.806358815542
30203.806358815542
30203.806358815542
30203.806358815542
30203.806358815542
30203.806358815542
30203.806358815542
30203.806358815542
30203.806358815542
30203.806358815542
30203.806358815542
30203.806358815542
30203.806358815542
30203.806358815542
30203.806358815542
30203.806358815542
30203.806358815542
30203.806358815542
30203.806358815542
30203.806358815542
30203.806358815542
30203.806358815542
30203.806358815542
30203.806358815542
30203.806358815542
30203.806358815542
30203.806358815542
30203.806358815542
30203.806358815542
30203.806358815542
30203.806358815542
30203.806358815542
30203.806358815542
30203.806358815542
30203.806358815542
30203.806358815542
30203.806358815542
30203.806358815542
30203.806358815542
30203.806358815542
30203.806358815542
30203.806358815542
30203.806358815542
30203.806358815542
30203.806358815542
30203.806358815542
30203.806358815542
30203.806358815542
30203.806358815542
30203.806358815542
30203.806358815542
30203.806358815542
30203.806358815542
30203.806358815542
30203.806358815542
30203.806358815542
30203.806358815542
30203.806358815542
30203.806358815542
30203.806358815542
30203.806358815542
30203.806358815542
30203.806358815542
30203.806358815542
30203.806358815542
30203.806358815542
30203.806358815542
30203.806358815542
