31589.999999999996
33003.167305810806
33049.083571369345
33092.48327747887
33133.66355022528
33172.87011750539
33210.30743367471
33246.146666076136
33280.53207136994
33313.58609977127
33345.41348907142
33376.104553242505
33405.737826915385
33434.3821934931
33462.09859859241
33488.9414300762
33514.95948574097
33540.1972037499
33564.69526693604
33588.49099139846
33611.61891749825
33634.11118946222
33655.99786260041
33677.307152551446
33698.06563817568
33718.29842745638
33738.02929393575
33757.280827226656
33776.07437851213
33794.43036173882
33812.36817560152
33829.90629849138
33847.06234012888
33863.85308746546
33880.29454604313
33896.40197773502
33912.189935587485
33927.67229631302
33942.86229085253
33957.772533325864
33972.41504860379
33986.801298679304
34000.94220796334
34014.848187598436
34028.529158855315
34041.99457565923
34055.25344627895
34068.314354202565
34081.18547821647
34093.8746117039
34106.389181172366
34118.736264025145
34130.92260558596
34142.95463539186
34154.838482767496
34166.57999169787
34178.18473501447
34189.65802791552
34201.0049408384
34212.23031170605
34223.338757567144
34234.33468565499
34245.22230388455
34256.00563081295
34266.68850508544
34277.274324342914
34287.76674248698
34298.16928204824
34308.485141358724
34318.71737991842
34328.86892510545
34338.94257853426
34348.94102208763
34358.866823636155
34368.72244246136
34378.51023439734
34388.23245670516
34397.891272692366
34407.48875609386
34417.02689522389
34426.50759691331
34435.93269024264
34445.30393008296
34454.62300045363
34463.89151770872
34473.11103355945
34482.283037943525
34491.40896174756
34500.49017939338
34509.52801129245
34518.52372617777
34527.478543319194
34536.39363462848
34545.27012665916
34554.109102508475
34562.91160362504
34571.67863152769
34580.41114944117
34589.11008385111
34597.77632598423
34606.410733216275
34615.014130413336
34623.58731120745
34632.13103921175
34640.64604917792
34649.13304809824
34657.59271625589
34666.025708225345
34674.4326538259
34682.814159030844
34691.1708068341
34699.50315807623
34707.81175223322
34716.09710816782
34724.359724847534
34732.60008202887
34740.818640911515
34749.01584476229
34757.19211951124
34765.34787432144
34773.483502132876
34781.59938018285
34789.695870503405
34797.76941236192
34805.83226789336
34813.86898669295
34821.89506418645
34829.898603220885
34837.885378265426
34845.85569386472
34853.80470269093
34861.74050591149
34869.659768230485
34877.56261936284
34885.45320778022
34893.323652798405
34901.17840837274
34909.01783438471
34916.84207056086
34924.65125037513
34932.4455042332
34940.2249584787
34947.98973455823
34955.73994841412
34963.47571005542
34971.19712326298
34978.904285397475
34986.597287285855
34994.27621316665
35001.94114067918
35009.59214088713
35017.229278326544
35024.85261107186
35032.462190815975
35040.05806295976
35047.640266708106
35055.20883517115
35062.763795467625
35070.30516883066
35077.83297071359
35085.347210896325
35092.847893590486
35100.33501754451
35107.80857614628
35115.26855752539
35122.71494465323
35130.14771544121
35137.56684283763
35144.97229492218
35152.36403499924
35159.742021688275
35167.10620901386
35174.45654649211
35181.792979217
35189.11544794344
35196.4238891698
35203.71823521784
35210.99841431126
35218.18889959437
35225.40722414692
35232.62443886618
35239.830849816215
35247.02620530973
35254.29840119499
35261.49334125121
35268.6698428069
35275.82867990837
35282.97036822773
35290.09523097103
35297.20349067122
35304.295292386814
35311.37072110964
35318.42974018425
35325.47246784186
35332.49884019814
35339.50880371998
35346.50228604838
35353.47927372635
35360.439549592265
