-49.27716359974195
-50.30814292647568
-50.833768646781685
-51.36477000224928
-51.90012416304368
-52.44008138906124
-52.98518977575876
-53.536078228775516
-54.09338115012255
-54.65769836191249
-55.22956882450682
-55.809452118312834
-56.397715181256366
-56.99462299697269
-57.60033250392754
-58.214889308263174
-58.838226950478216
-59.47016855410198
-60.11043070849047
-60.7586294220973
-61.41428795800745
-62.07686864306466
-62.74569397131853
-63.42009415051908
-56.4442884776436
-57.24906446449265
-57.796092323943775
-58.46447295069268
-59.19350092020975
-59.95601054335391
-60.74022579012813
-61.5406585255526
-62.35426256792853
-63.1789213748969
-64.01287205579595
-64.85448985571887
-65.70220921536935
-66.55449670103911
-67.4098442133805
-68.26677071529772
-69.12382798073496
-69.97960846396113
-70.83275429209024
-71.68196669201848
-72.52601527841347
-73.36374669541779
-74.19409217014251
-75.01607361485208
-49.27716359974195
-50.30814292647568
-50.833768646781685
-51.36477000224928
-51.90012416304368
-52.44008138906124
-52.98518977575876
-53.536078228775516
-54.09338115012255
-54.65769836191249
-55.22956882450682
-55.809452118312834
-56.397715181256366
-56.99462299697269
-57.60033250392754
-58.214889308263174
-58.838226950478216
-59.47016855410198
-60.11043070849047
-60.7586294220973
-61.41428795800745
-62.07686864306466
-62.74569397131853
-63.42009415051908
