26.03714
26.025294126200993
25.980360022898353
25.94378804165149
25.91142641031051
25.8811656555014
25.851919420288503
25.823133300794687
25.79452948932265
25.765974327638418
25.737409548370277
25.70881663838581
25.68019841697569
25.651569568548886
25.622951842531435
25.594371697276912
25.56585923755304
25.537447853263455
25.509174258118673
25.48107877967195
25.453205833385763
25.42560455807531
25.39832961643251
25.371442182060008
25.345011148814145
25.31911461232566
25.293841689324186
25.269294759315738
25.245592236542326
25.222872009116717
25.201295717576194
25.181054086831402
25.162373561282145
25.145524626920796
25.13083190040911
25.118686688415156
25.10956180075096
25.10402850789396
25.102774346607877
25.106618472075084
25.116517288775952
25.13354591810968
25.158829357922095
25.193381445492058
25.237797633911565
25.291764396356886
25.35344328629428
25.41899897543463
25.482763934288958
25.538416138081086
25.58083582977633
25.607558460017678
25.618953613319146
25.617298706627096
25.605577696404787
25.586622685324365
25.562728575485075
25.53559198131059
25.506398934882153
25.47595037548843
25.44477587251432
25.413221241493364
25.381510829988017
25.349789854526534
25.318152428387112
25.28665982247018
25.25535224806229
25.224256413767822
25.193390354771743
25.162766513305005
25.132392259006817
25.1022782646919
25.07242731846406
25.042839278915483
25.013520875963597
24.984474335492852
24.955701602984064
24.927204371256238
24.8989841077794
24.871042078031355
24.843378993106352
24.815996755762992
24.788895385499444
24.762075559031416
24.735537788578025
24.709282444222737
24.683309768580262
24.65761988741165
24.63221281800102
24.607088476266664
24.582246683114697
24.557687170304476
24.53340958596409
24.509413499825442
24.485698408220458
24.462263738850677
24.43910885533602
24.41623306156549
24.393635605809248
24.37131568464147
24.34927244664132
24.32750499588425
24.306012395225544
24.28479366937533
24.263847807771064
24.243173767248695
24.222770474518338
24.20263682844906
24.18277170216729
24.163173944976492
24.14384238410286
24.12477582627382
24.105973059138087
24.087432852531737
24.069153959600698
24.051135117783634
24.033375049666752
24.015872463715127
23.998626054889474
23.981634505156162
23.964896483897007
23.948410648227565
23.932175643229844
23.91619010210744
23.90045264626992
23.884961885352475
23.869716417178147
23.854714827668023
23.839955690706432
23.825437567965533
23.811159008695377
23.797118549484797
23.783314713997644
23.769746012688405
23.756410942502253
23.743307986563778
23.730435613856514
23.71779227889777
23.705376421412844
23.69318646600891
23.681159563517802
23.669484755810345
23.657963149313463
23.64666086413587
23.635576293711086
23.62470779481754
23.614053693975084
23.603612293168897
23.59338187284033
23.583360693421373
23.57354699609337
23.563939003135648
23.554534918060575
23.545332925637226
23.536331191863557
23.527527863917566
23.518921070103584
23.51050891980314
23.502289503437236
23.49426089244014
23.486421139248172
23.47876827730172
23.471300321063815
23.464015266051927
23.456911088883736
23.449985747337358
23.44323718042413
23.436663308474245
23.430262033233323
23.424031237972386
23.417968787606043
23.41207252882272
23.406340290224037
23.400769882472268
23.39535909844748
23.39010571341274
23.3850074851855
23.3800621543172
23.375267444279544
23.370621061655903
23.366120696340147
23.361764021740445
23.357548694987244
23.35347235714856
23.34953263344743
23.345727133486537
23.342053451475678
23.338509166463222
23.335091842573725
23.331799029247367
23.328628261485292
23.325577060097586
23.322642931956192
23.319823370251832
23.317115854754288
23.314517852076555
23.312026815945465
23.30964018747257
23.307355395433543
23.305169856547696
