4.597171697217568
4.6267240050013
4.656444011394913
4.686266772773719
4.716137426961652
4.7460092696090905
4.775842679642553
4.805604099363421
4.835265172881971
4.864802018789451
4.894194613530393
4.923426266458815
4.952483171237885
4.981354021130336
5.010029678009177
5.038502886735106
5.066767740142237
5.094820331171341
5.122657697201149
5.150277948129733
5.177680124529823
5.204864073632481
5.231830340703999
5.258580073778152
5.2851149400049025
5.311437052127596
5.3375489038113715
5.363453308202962
5.3891533626326185
5.414652387326026
5.43995389439284
5.465061552624613
5.489979157325436
5.514710603806382
5.539259864091
5.563630966464587
5.587827977544925
5.611854986590246
5.635716091793152
5.659415388337993
5.682956958024501
5.706344860282488
5.72958312442191
5.752675742979712
5.775626666039966
5.798439796417202
5.821118985604715
5.843668030400154
5.866090670130022
5.888390584403173
5.910571391330731
5.932636646156585
5.954589840248559
5.9764344004056715
5.998173688441656
6.019811001009261
6.041349569633654
6.062792560926665
6.084143076956789
6.105404155752564
6.126578771919495
6.147669837352909
6.168680202031113
6.18961265487512
6.210469924662696
6.23125361072504
6.251967397010194
6.272613837854744
6.293195431810588
6.313714622253416
6.334173798444491
6.3545752965993225
6.374921400953201
6.395214344820099
6.4154563116421395
6.435649436027246
6.455795804773004
6.475897457875073
6.495956389518798
6.515974549052901
6.535953841944422
6.555896130714234
6.5758032358526055
6.595676936714534
6.615518972394584
6.63533104258118
6.655114808390317
6.674871893178795
6.694603883337139
6.714312329062388
6.733998745111043
6.753664611532441
6.7733113743829305
6.792940446421156
6.812553207784878
6.832151006649686
6.851735159870016
6.871306953602896
6.890867643914827
6.91041845737218
6.929960591615608
6.9494952159187875
6.969023471731947
6.988546473210584
7.00806530772976
7.027581036384342
7.047094694475577
7.066607291984396
7.086119814031768
7.105633221326477
7.125148450600639
7.144666415033355
7.16418800466273
7.183714086786634
7.2032455063524985
7.222783086336425
7.242327628111916
7.26187991180848
7.28144069666037
7.301010721345789
7.320590704316693
7.340181344119552
7.359783319707234
7.379364806329381
7.399022167883614
7.418631893917563
7.438316518615942
7.457981589966663
7.477665683914069
7.497365498952108
7.517054214724597
7.536784346168922
7.5565324613383185
7.57629824309867
7.596115843587306
7.615919996009566
7.6357420430165135
7.655583389423977
7.675444471260132
7.6953256783287864
7.7152273837509995
7.735149945154773
7.7550937049473685
7.775058990540785
7.795046114560711
7.815055375041989
7.835087055612621
7.85514142566762
7.875218740533967
7.895319241627582
7.91544315660308
7.935590699496932
7.955762070864585
7.97595745791191
7.996177034621419
8.016420961873493
8.036689387562939
8.056982446711084
8.077300261573628
8.097642941744407
8.118010584255295
8.138403273672285
8.158821082188023
8.179264069710795
8.199732283950171
8.22022576049935
8.24074452291436
8.26128858279017
8.281857939833836
8.30245258193474
8.323072485232025
8.343717614179292
8.364387921606653
8.385083348780189
8.405803825458904
8.426549269949241
8.44731958915722
8.468114678638255
8.488939157412602
8.509786584535917
8.530657696190406
8.551552549518364
8.572471045183217
8.593410099303727
8.614373693942305
8.635360132992211
8.656370210186651
8.67740365380301
8.698460190944482
8.719539546435264
8.740641441159722
8.761765590743943
8.782911710323884
8.804079494809589
8.825268639201482
8.846478829742003
8.867709743877981
8.88896104411202
8.910232396660513
