37394.235647999994
38871.38172921035
39090.81748779131
39292.186678628685
39488.87782336134
39683.70989263092
39877.32887102424
40069.93894915926
40261.65306752778
40452.56365724356
40642.75679842508
40832.3149892242
41021.317664809736
41209.841304316054
41397.959486856955
41585.742960753014
41773.25973193542
41960.57516730908
42147.75210807617
42334.85098886749
42521.92995948389
42709.04500685544
42896.250075462034
43083.59718495316
43271.13654408565
43458.91666039254
43646.984445215974
43835.38531390785
44024.16328112726
44213.361051257176
44403.0201040305
44593.18077550427
44783.88233455387
44975.16305508089
45167.060284140025
45359.61050619858
45552.84940374165
45746.81191443467
45941.532285049594
46137.04412235447
46333.38044115807
46530.57370969207
46728.65589250442
46927.65849102833
47127.61258198108
47328.54885373805
47530.49764081961
47733.48895661729
47937.552524479615
48142.71780726999
48349.0140355003
48556.47023413793
48765.11524817758
48974.97873354627
49186.08733670994
49398.47044903313
49612.15643024874
49827.17357154166
50043.55011582415
50261.31427686714
50480.494257629805
50701.118267918646
50923.21454143693
51146.81135227152
51371.93703085592
51598.61997944737
51826.888687151564
52056.77174452784
52288.29785780307
52521.49586272481
52756.394738077426
52993.02361888609
53231.411809332734
53471.58879540366
53713.58425728977
53957.428081557235
54203.15037310675
54450.781466936925
54700.35193972753
54951.89262125619
55205.43460566191
55461.009262567975
55718.64824807526
55978.38351563579
56240.247326818724
56504.272261974416
56770.491230807645
57038.93748286621
57309.64461795226
57582.64659646264
57857.97774966371
58135.6727899058
58415.76682078214
58698.295347235486
58983.29428561617
59270.799973693844
59560.84918062592
59853.479116883245
60148.727444134856
60446.63228509133
60747.232233307746
61050.566362944155
61356.674238483916
61665.59592440595
61977.37199480987
62292.04354299051
62609.652190957
62930.240098893664
63253.847641049564
63580.52508487184
63910.30685320315
64243.24446506279
64579.3805364338
64918.76065109864
65261.43099508821
65607.43836537212
65956.83017846043
66309.6544788571
66665.95994735179
67025.79590913537
67389.2123417237
67756.259882672
68126.98983706112
68501.45418473647
68879.70558727854
69261.79739468193
69647.78365171934
70037.71910396445
70431.6592034472
70829.66011391168
71231.7787156465
71638.07260985463
72048.60012252792
72463.42030779053
72882.5929506712
73306.17856926368
73734.23841623245
74166.83447961637
74604.02948288257
75045.88688417955
75492.47087473338
75943.84637633264
76400.0790378384
76861.23523065877
77327.38204311908
77798.58727365667
78274.91942276846
78756.44768362987
79243.24193130496
79735.37271046118
80232.91122149651
80735.92930498443
81244.4994243367
81758.69464657846
82278.58862112452
82804.25555644285
83335.77019448142
83873.20778273427
84416.64404381179
84966.15514237627
85521.81764929763
86083.70850287685
86651.9049669772
87226.48458589942
87807.5251358237
88395.10457264088
88989.30097598284
89590.19248925474
90197.8572554653
90812.37334864242
91433.818700611
92062.27102290261
92697.80772356123
93340.50581858937
93990.44183778625
94647.69172470158
95312.3307304363
95984.43330099867
96664.07295792314
97351.32217184475
98046.2522287143
98748.93308832952
99459.43323484705
100177.81951893077
100904.15699118366
101638.50872649718
102380.93563894942
103131.49628686752
103890.24666766646
104657.24000206398
105432.52650726841
106216.15315872316
107008.16343999005
107808.59708034391
108617.4897796475
109434.8729200705
110260.7732642128
111095.21263918711
111938.20760622053
