144.0
143.92939310175274
143.86301672038502
143.8006224624793
143.74200975897557
143.6870062207409
143.63545731973
143.58722081184237
143.54216365026969
143.50016020810438
143.46109119175563
143.42484292069892
143.39130680299212
143.36037891642806
143.3319596471875
143.30595335972473
143.28226808294096
143.26081520347714
143.2415091597941
143.22426713195338
143.20900872236544
143.19565562257227
143.18413126054332
143.17436042204076
143.1662688383427
143.1597827309607
143.15482830185238
143.1513311549136
143.14921563107322
143.14840403493014
143.14881572537502
143.15036603579648
143.15296498121072
143.1565156996046
143.16091256524555
143.1660388999355
143.1717642047215
143.17794084089985
143.1844001259407
143.19094790747852
143.19735989454557
143.20337745540692
143.20870537046991
143.2130142771494
143.2159521553203
143.21717033002628
143.21636782159464
143.21335008128145
143.2080838974616
143.2007193834201
143.19155943078323
143.18098765097199
143.16939024103135
143.15710244630935
143.1443874597762
143.13143859249348
143.1183920806974
143.1053418463526
143.09235220849231
143.07946749127294
143.066718790868
143.05412854917367
143.04171356977605
143.02948697735192
143.01745947951233
143.00564017553083
142.9940370736289
142.98265742189605
142.97150792045213
142.96059485807356
142.94992409708027
142.93950143114023
142.9293324499748
142.91942233974055
142.90977618680066
142.9003989124908
142.89129528116214
142.88246990685874
142.87392725896342
142.86567166707405
142.85770723499428
142.85003811797682
142.842668251791
142.83560144643764
142.8288413895756
142.8223916495246
142.81625567801336
142.81043681271123
142.8049382795948
142.79976319517195
142.79491456858253
142.79039530358418
142.78620820043398
142.78235595767185
142.77884117381197
142.77566634894646
142.77283388626606
142.77034609350207
142.76820518429307
142.76641327947888
142.76497240832606
142.7638845096868
142.76315143309384
142.7627749397945
142.76275670372468
142.7630983124262
142.76380126790855
142.76486698745646
142.76629680438614
142.7680919687501
142.77025364799275
142.77278292755855
142.77568081145253
142.77894822275525
142.7825860040932
142.78659491806536
142.79097564762677
142.79572879643007
142.80085488912616
142.8063543716243
142.81222761131252
142.81847489723947
142.82509644025774
142.83209237312985
142.83946275059785
142.84720754941608
142.85532666834925
142.8638199281354
142.87268707141487
142.88192776262582
142.8915415878671
142.9015280547295
142.91188659209516
142.92261654990688
142.93371719890766
142.94518773035134
142.95702725568478
142.96923480620362
142.98180933268085
142.9947497049706
143.00803331177295
143.02170091163873
143.03573070359317
143.05012120194408
143.06487083969387
143.07997796819222
143.09544085661048
143.11125769130626
143.12742657513016
143.14394552670126
143.16081247966767
143.17802528196003
143.19558169504347
143.21347939317118
143.23171596264248
143.25028890106702
143.269195616637
143.28843342740953
143.30799956060096
143.32789115189448
143.34810524476381
143.36863878981487
143.38948864414738
143.41065157073933
143.43212423785613
143.45390321848785
143.47598498981665
143.49836593271755
143.52104233129558
143.54401037246214
143.56726614555419
143.59080564199903
143.6146247550283
143.63871927944513
143.6630849114471
143.68771724850947
143.71261178933207
143.7377639338534
143.76316898333639
143.78882214052913
143.8147185099045
143.8408530979833
143.86722081374378
143.89381646912236
143.92063477960943
143.94767036494326
143.97491774990706
144.002371365232
144.03002554861058
144.05787454582378
144.08591251198513
144.11413351290582
144.14253152658338
144.17110044481765
144.1998340749566
144.22872614177447
144.25777028948536
144.28696008389426
144.31628901468696
144.34575049786164
