5.95177653047372
5.950561231546577
5.949334405105114
5.94809442839582
5.94684032762297
5.945571519580195
5.944287653941437
5.942988518923299
5.941673985244064
5.940343973079934
5.938998432744773
5.937637333492
5.936260657075153
5.934868394062719
5.933460541723615
5.932037102791768
5.930598084710678
5.929143499131155
5.9276733615358115
5.926187690921836
5.924686509506488
5.92316984243823
5.921637717506507
5.920090164848555
5.9185272166543275
5.9169489068718475
5.9153552709157395
5.913746345381682
5.912122167769316
5.910482776215865
5.908828209242379
5.907158505514186
5.9054737036167735
5.903773841848094
5.902058958027937
5.900329089324772
5.898584272100266
5.896824541771379
5.895049932689802
5.893260478038315
5.891456209743415
5.889637158403516
5.887803353231799
5.885954822012783
5.884091591071525
5.882213685254342
5.8803211279199425
5.878413940939752
5.876492144706308
5.874555758148592
5.872604798753164
5.8706392825901235
5.868659224342835
5.866664637340583
5.864655533593263
5.862631923827411
5.860593817522869
5.858541222949512
5.856474147203557
5.854392596243005
5.852296574921878
5.850186087022988
5.8480611352890035
5.845921721451689
5.843767846259189
5.841599509501324
5.839416710032877
5.837219445794893
5.8350077138340595
5.832781510320216
5.8305408305621125
5.82828566902152
5.826016019325821
5.823731874279205
5.821433225872603
5.819120065292513
5.816792382928835
5.814450168381864
5.812093410468568
5.809722097228285
5.807336215927943
5.804935753066943
5.802520694381779
5.800091024850524
5.797646728697258
5.795187789396516
5.7927141896778425
5.790225911530514
5.787722936208475
5.785205244235572
5.782672815411085
5.7801256288156315
5.77756366281745
5.77498689507911
5.772395302564628
5.76978886154706
5.767167547616526
5.764531335688706
5.761880200013788
5.759214114185884
5.7565330511528945
5.753836983226807
5.751125882094451
5.748399718828652
5.745658463899796
5.742902087187796
5.740130557994413
5.73734384505594
5.73454191655622
5.731724740139969
5.7288922829264015
5.7260445115231295
5.7231813920403
5.720302890104973
5.717408970875706
5.714499599057323
5.711574738915848
5.708634354293603
5.705678408624402
5.702706864948872
5.699719685929859
5.696716833867901
5.693698270716744
5.690663958098893
5.68761385732119
5.68454792939036
5.681466135028577
5.678368434688966
5.675254788571056
5.672125156636199
5.668979498622873
5.665817774061913
5.662639942291638
5.659445962472853
5.656235793603726
5.653009394534527
5.649766723982199
5.646507740544793
5.64323240271571
5.639940668897768
5.636632497417075
5.63330784653671
5.629966674470184
5.626608939394696
5.623234599464158
5.619843612821994
5.616435937613705
5.613011531999178
5.609570354164767
5.606112362335105
5.602637514784658
5.599145769849025
5.5956370859359605
5.592111421536141
5.58856873523363
5.585008985716104
5.581432131784761
5.577838132363983
5.574226946510679
5.570598533423386
5.56695285245104
5.563289863101503
5.55960952504978
5.555911798145952
5.552196642422844
5.5484640181033935
5.544713885607744
5.540946205560064
5.537160938795088
5.533358046364388
5.529537489542375
5.525699229832042
5.521843228970439
5.5179694489339
5.514077851943022
5.510168400467403
5.50624105723014
5.5022957852121
5.498332547655969
5.494351308070096
5.490352030232114
5.4863346781923825
5.482299216277236
5.478245609092055
5.4741738215241655
5.4700838187455965
5.465975566215671
5.461849029683482
5.457704175190235
5.453540969071479
5.449359377959249
5.445159368784111
5.440940908777143
5.436703965471851
5.432448506706051
5.4281745006236966
5.423881915676714
5.41957072062682
5.415240884547347
