0.0985325
0.12385733730509331
0.14897967047411567
0.17391218954731927
0.19866330098069773
0.22324050643398685
0.24765063802951298
0.2718999716775932
0.29599430043728736
0.31993897834853013
0.34373895136825705
0.36739878071889626
0.39092266171735823
0.4143144396558104
0.43757762354000523
0.46071539809354123
0.48373063422390494
0.5066258980255802
0.5294034583194209
0.5520652926710888
0.574613091781205
0.5970482620878698
0.6193719263627568
0.6415849220101192
0.6636877966885828
0.6856808007623678
0.7075638759438054
0.7293366393027462
0.7509983615778552
0.7725479384135929
0.793983852744799
0.8153041260346604
0.8365062563661373
0.8575871344971343
0.8785429445790301
0.8993690303341099
0.9200597286427842
0.9406081604706376
0.9610059736987475
0.9812430372233898
1.0013070991887436
1.0211834519195546
1.0408547045519925
1.060300866277164
1.0795000907204753
1.0984305716049627
1.1170740271394615
1.1354206359935013
1.1534740293265051
1.1712537253671815
1.1887928603579059
1.2061317537906633
1.2233104454598978
1.2403633204929274
1.2573168589929002
1.2741897923790038
1.2909944298354041
1.3077382490483358
1.32442530311753
1.341057308152685
1.3576344250598569
1.3741557982033783
1.390619917224787
1.407024856359254
1.4233684312795856
1.4396483013663037
1.4558620362421175
1.4720071590598103
1.4880811747280918
1.5040815883994472
1.5200059219954865
1.5358517094792494
1.5516165107990707
1.5672979244373733
1.582893577278075
1.5984011309165276
1.6138182832094345
1.6291427695102332
1.6443723637024736
1.6595048790943034
1.6745381689824141
1.6894701281916047
1.7042986928143218
1.7190218411794733
1.7336375944443263
1.7481440171549305
1.7625392177762826
1.7768213491948446
1.7909886091951117
1.8050392409113833
1.81897153325551
1.8327838213211962
1.8464744867653415
1.8600419581668128
1.873484711363054
1.8868012697648717
1.8999902046497772
1.9130501354341853
1.9259797299249206
1.9387777045502805
1.951442824571067
1.963973904271904
1.9763698071332165
1.9886294459841642
2.000751783136904
2.012735830502451
2.0245806496884855
2.036285352079397
2.0478490988988067
2.059271101254893
2.0705506201687367
2.0816869665859263
2.092679501371658
2.1035276352895096
2.1142308289641254
2.124788592827907
2.135200487051948
2.1454661214612853
2.155585155434643
2.1655572977887294
2.175382306647216
2.185059989294482
2.1945902020141506
2.2039728499125193
2.213207886726906
2.222295314618945
2.2312351839528506
2.240027593058685
2.248672687980625
2.2571706622102163
2.26552175640463
2.2737262580899187
2.2817845013492346
2.2896968664959974
2.2974637797320474
2.3050857127906745
2.3125631825646003
2.3198967507188257
2.327087023288384
2.3341346502609515
2.3411021770635623
2.3478623616348595
2.354482381615561
2.3609630454754043
2.367305201067182
2.37350973812349
2.37957758772456
2.385509721736038
2.3913071522280784
2.396970930877921
2.402502148357217
2.4079019337048084
2.4131714536855284
2.4183119121352363
2.4233245492923694
2.42821064111618
2.43297149859175
2.4376084670219478
2.442122925306445
2.446516285207915
2.4507899906055393
2.454945516735984
2.4589843694219673
2.4629080842886153
2.466718225967792
2.470416387290507
2.4740041884677173
2.4774832762596453
2.4808553231339037
2.4841220264126083
2.487285107408768
2.4903463105522055
2.4933074025052813
2.4961701712687363
2.498936425277895
2.5016079924896277
2.5041867194603507
2.5066744704154207
2.5090731263102777
2.5113845838837237
2.513610754703708
2.5157535642060345
2.517814950726422
2.519796864526294
2.5217012668128036
2.5235301287535417
2.52528543048639
2.5269691601250592
2.5285833127607558
2.530129889460564
2.5316108962630803
2.5330283431718748
2.534384243147271
2.535680611097232
2.5369194628677536
2.538102814233588
2.5392326798897824
2.5403110724448843
2.5413400014163483
2.542321472228945
