-0.016385219122622
-0.01739684928833523
-0.018431636372212578
-0.01947049136242699
-0.02050997663850322
-0.021549464000604677
-0.02258886121537872
-0.02362816341691205
-0.024667367919471172
-0.025706461781498196
-0.026745422971570263
-0.0277842233003482
-0.028822830931850018
-0.0298612122218506
-0.03089933298883562
-0.031937159360828915
-0.03297465831940793
-0.03401179803260013
-0.03504854804383363
-0.03608487936453752
-0.03712076450362976
-0.03815617745669264
-0.03919109367044862
-0.040225489992646905
-0.041259344614277604
-0.042292637008344534
-0.04332534786809034
-0.04435745904620604
-0.045388953496165
-0.046419815216176004
-0.04745002919602089
-0.04847958136694621
-0.04950845855453326
-0.05053664843460091
-0.05156413949189832
-0.052590920981630936
-0.053616982893595906
-0.05464231591884635
-0.05566691141876644
-0.05669076139642233
-0.05771385847008001
-0.05873619584886859
-0.059757767310246845
-0.0607785671794862
-0.06179859031086236
-0.06281783207048411
-0.0638362883208308
-0.06485395540660498
-0.06587083014224082
-0.0668869098005732
-0.06790219210288703
-0.06891667521015025
-0.06993035771535264
-0.07094323863695719
-0.07195531741332543
-0.07296659389808491
-0.0739770683563916
-0.07498674146197924
-0.07599561429497215
-0.07700368834040536
-0.0780109654873441
-0.07901744802858879
-0.08002313866090328
-0.08102804048567645
-0.08203215700998648
-0.08303549214795285
-0.08403805022241773
-0.0850398359668143
-0.08604085452713395
-0.08704111146402452
-0.08804061275489296
-0.08903936479596992
-0.09003737440426499
-0.09103464881934774
-0.09203119570491232
-0.09302702315001851
-0.09402213967000092
-0.09501655420701635
-0.0960102761299313
-0.09700331523393547
-0.0979956817393059
-0.09898738628970025
-0.09997843994967301
-0.10096885420140596
-0.10195864094068711
-0.10294781247203343
-0.10393638150286257
-0.10492436113680018
-0.10591176486591988
-0.10689860656212702
-0.1078849004673553
-0.10887066118285005
-0.10985590365724948
-0.11084064317373767
-0.1118248953359718
-0.11280867605305939
-0.11379200152335812
-0.11477488821728742
-0.11575735285909207
-0.1167394124075101
-0.11772108403563322
-0.11870238510962991
-0.11968333316678191
-0.12066394589249238
-0.12164424109664677
-0.12262423668922703
-0.12360395065523891
-0.12458340102911802
-0.12556260586864498
-0.126541583228464
-0.12752035113320528
-0.12849892755056924
-0.12947733036404574
-0.1304555773458267
-0.13143368612962797
-0.1324116741837214
-0.133389558784367
-0.13436735698931063
-0.13534508561213976
-0.13632276119685974
-0.1373003999932636
-0.13827801793311406
-0.13925563060704957
-0.14023325324249597
-0.14121090068242526
-0.1421885873653683
-0.14316632730647774
-0.14414413407980345
-0.14512202080177533
-0.1461000001160086
-0.14707808417959298
-0.1480562846505078
-0.14903461267665516
-0.15001307888621496
-0.15099169337953497
-0.1519704657223303
-0.1529494049404696
-0.15392851951614475
-0.15490781738545667
-0.15588730593744776
-0.15686699201447532
-0.15784688191397178
-0.15882698139150575
-0.15980729566514404
-0.16078782942092024
-0.16176858681973239
-0.16274957150507213
-0.1637307866120322
-0.16471223477717048
-0.16569391814952047
-0.16667583840217678
-0.16765799674503512
-0.16864039393801047
-0.1696230303051091
-0.1706059819430865
-0.17158901869385837
-0.17257236976002377
-0.17355595798674828
-0.17453978099712417
-0.17552383679811384
-0.17650812310690803
-0.17749263733035542
-0.17847737658152613
-0.1794623376984499
-0.18044751726232777
-0.1814329116151071
-0.18241851687658622
-0.1834043289613324
-0.18439034359540582
-0.18537655633255
-0.18636296257046975
-0.18734955756625415
-0.18833633645189948
-0.1893232942492185
-0.19031042588422548
-0.19129772620123095
-0.19228518997635974
-0.19327281193056745
-0.19426058674209942
-0.1952485090585423
-0.19623657350805174
-0.19722477471009786
-0.1982131072857818
-0.19920156586737633
-0.20019014510724878
-0.20117883968607733
-0.20216764432079284
-0.2031565537713883
-0.20414556284755392
-0.20513466641421285
-0.20612385939689545
-0.20711313678602028
-0.20810249364093608
-0.20909192509297153
-0.21008142634808355
-0.21107099268879947
-0.2120606194756674
-0.213050302147627
-0.21404003622248197
