692.7436389045764
690.8412650222797
688.9388917890678
687.0365192055253
685.1341472722374
683.2317759897879
681.3294053587621
679.4270353797444
677.5246660533192
675.6222973800714
673.7199293605853
671.8175619954455
669.9151952852365
668.0128292305425
666.1104638319484
664.2080990900383
662.3057350053964
660.4033715786077
658.5010088102556
656.5986467009247
654.6962852512003
652.7939244616657
650.8915643329053
648.9892048655038
647.0868460600448
645.1844879171132
643.2821304372927
641.3797736211676
639.4774174693225
637.5750619823411
635.6727071608082
633.7703530053071
631.867999516423
629.965646694739
628.0632945408402
626.1609430553104
624.2585922387336
622.3562420916943
620.4538926147768
618.5515438085646
616.6491956736426
614.7468482105944
612.8445014200043
610.9421553024571
609.0398098585363
607.1374650888265
605.2351209939118
603.3327775743761
601.4304348308044
599.5280927637803
597.6257513738882
595.7234106617126
593.8210706278376
591.9187312728476
590.016392597327
588.1140546018601
586.2117172870309
584.3093806534246
582.4070447016251
580.5047094322169
578.6023748457845
576.7000409429121
574.7977077241849
572.8953751901873
570.9930433415034
569.0907121787179
567.1883817024158
565.2860519131816
563.3837228115999
561.4813943982557
559.5790666737336
557.6767396386184
555.774413293495
553.8720876389482
551.9697626755632
550.0674384039246
548.165114824618
546.2627919382278
544.3604697453394
542.458148246538
540.555827442409
538.653507333537
536.7511879205081
534.8488692039072
532.9465511843198
531.0442338623313
529.1419172385271
527.2396013134932
525.3372860878148
523.4349715620779
521.5326577368678
519.6303446127706
517.7280321903723
515.8257204702587
513.9234094530156
512.0210991392292
510.11878952948575
508.2164806243712
506.31417242447196
504.41186493037424
502.50955814266456
500.60725206192916
498.704946688755
496.8026420237283
494.90033806743594
492.99803482046457
491.09573228340105
489.1934304568326
487.2911293413459
485.388828937528
483.4865292459661
481.5842302672477
479.6819320019599
477.77963445069025
475.87733761402603
473.97504149255525
472.07274608686515
470.17045139754384
468.26815742517897
466.36586417035875
464.46357163367094
462.561279815704
460.65898871704576
458.7566983382852
456.85440868001024
454.95211974280954
453.049831527272
451.14754403398604
449.24525726354085
447.342971216525
445.440685893528
443.5384012951388
441.6361174219467
439.7338342745411
437.83155185351166
435.9292701594477
434.0269891929394
432.1247089545763
430.2224294449485
428.32015066464606
426.41787261425924
424.51559529437816
422.61331870559366
420.71104284849605
418.8087677236761
416.9064933317246
415.00421967323285
413.1019467487913
411.1996745589918
409.2974031044253
407.3951323856835
405.49286240335783
403.59059315804024
401.6883246503225
399.7860568807966
397.8837898500549
395.9815235586894
394.0792580072928
392.1769931964577
390.27472912677683
388.3724657988426
386.47020321324874
384.567941370588
382.6656802714539
380.76341991643983
378.86116030613937
376.9589014411462
375.0566433220544
373.1543859494584
371.252129323952
369.34987344612955
367.44761831658576
365.5453639359154
363.6431103047134
361.74085742357477
359.8386052930946
357.9363539138686
356.0341032864918
354.1318534115605
352.22960428967014
350.32735592141705
348.4251083073973
346.5228614482075
344.6206153444441
342.71836999670376
340.8161254055837
338.9138815716808
337.0116384955925
335.1093961779162
333.20715461924976
331.3049138201908
329.40267378133746
327.500434503288
325.59819598664086
323.69595823199455
321.79372123994796
319.8914850111
317.9892495460498
316.08701484539716
