16.48763456038945
16.61028820039254
16.67961484613159
16.68955084166083
16.645757954342685
16.55756020800178
16.434403936310137
16.28402792800223
16.11209436732491
15.922720424321037
15.71923272334928
15.504726820419112
15.282302856290979
15.05503374331642
14.825799857698073
14.59711739802269
14.371034225125774
14.149109264511772
13.932455547673296
13.72181626482441
13.517648345819163
13.320198275499623
13.129563768751163
12.945740539606863
12.76865611303655
12.598193469021073
12.43420718670559
12.276534289855121
12.125001449329657
11.979429733674653
11.83963773802106
11.705443642125221
11.576666576092512
11.453127535927928
11.334650005522967
11.221060391611188
11.112188332678237
11.00786692535646
10.907932896116478
10.812226730040882
10.720592773029459
10.632879305966839
10.548938604382005
10.468626977487444
10.391804794230119
10.318336494344399
10.248090587467827
10.180939640726178
10.116760254727886
10.055433030383222
9.99684252577209
9.940877205226647
9.887429380409385
9.836395146459722
9.787674309398701
9.741170310302811
9.696790145722789
9.654444281705318
9.61404656920799
9.575514150714087
9.538767373305154
9.503729691704706
9.470327578155759
9.438490426413276
9.408150458652178
9.379242632534314
9.351704547338693
9.325476354052265
9.300500662389515
9.276722455037266
9.254088997440574
9.23254975367803
9.212056303474471
9.19256225938374
9.174023187279776
9.156396531132051
9.139641535846529
9.123719175823158
9.10859208444618
9.094224485409816
9.080582127649837
9.067632221502642
9.055343377363288
9.043685547538834
9.032629967932237
9.022149104791605
9.012216601819368
9.002807228422414
8.993896833151743
8.985462296867171
8.977481486389022
8.969933213802895
8.962797193548253
8.956054005727907
8.949685055389219
8.943672537863623
8.937999406205227
8.932649335128
8.927606690134422
8.922856499313877
8.918384422563175
8.914176723979168
8.910220246985034
8.906502387044204
8.903011069583206
8.899734726027383
8.896662270872671
8.893783082893671
8.891086982337702
8.888564214285472
8.886205428774131
8.884001663494065
8.881944326497385
8.880025182043497
8.878236332811298
8.876570207304594
8.875019544527694
8.873577381044266
8.872237038119318
8.870992109380191
8.86983644846653
8.868764159432843
8.867769583115996
8.866847290647508
8.865992069596142
8.865198916719446
8.864463027193414
8.863779788569827
8.86314476829064
8.862553708942519
8.86200251837756
8.861487262496045
8.861004158976606
8.860549567390832
8.860119985598129
8.85971203937707
8.859322479934178
8.858948173281508
8.858586096309871
8.858233330838077
8.85788705602993
8.85754454330879
8.857203149707173
8.856860312857707
8.856513543974366
8.856160422679853
8.85579859067113
8.855425746176547
8.855039636098459
8.859601813593393
8.840468360931688
8.824251508586595
8.810776825653413
8.799642755663985
8.790413519234034
8.782694105671364
8.776152850944513
8.770106240950978
8.7647050555204
8.759945298031427
8.755667871187896
8.751751982988742
8.748105155375221
8.74465604607052
8.741349194713504
8.738141140334482
8.734997530592805
8.73189095211866
8.728799291098914
8.725704490159481
8.722591596558345
8.719448028468587
8.716263004947608
8.713027097835399
8.709731875496606
8.706369615596959
8.702933068269255
8.699415253890376
8.69580929145615
8.692108242310036
8.688304964834039
8.684391975842388
8.680361309367726
8.676204374282836
8.671911799878975
8.667473268720185
8.662877331179285
8.65811119714251
8.653160495284144
8.64800899854871
8.642638301787827
8.637027444911164
8.631152471365114
8.624985899623073
8.618496100765526
8.611646544877784
8.604394904981511
8.596691970429763
8.588480328415864
