27.67
47.06192224733256
46.83396891285995
46.609994194837086
46.3886401139284
46.171763328573384
45.96126564926722
45.75843452097832
45.564067192478284
45.37872020617681
45.2028910250622
45.03709887165743
44.88188391985825
44.73775691192194
44.6051295431848
44.484249018828116
44.37515186014181
44.2776440009659
44.1913074280663
44.1155287299899
44.04954223020936
43.9924797693512
43.943420174302055
43.90143325591241
43.86561581509269
43.83511746261275
43.809158127994834
43.78703728437357
43.768137039259095
43.75192039114993
43.73792679835837
43.72576549266765
43.71510789148372
43.7056802018385
43.6972557254311
43.6896479865644
43.682704459775074
43.67630102680369
43.6703371619687
43.664731807126365
43.65941987647229
43.654349321941524
43.649478688020416
43.64477508753295
43.640212535284604
43.635770583017575
43.63143320610619
43.62718789918717
43.62302494432172
43.6189368208297
43.61491773108989
43.61096322085152
43.607116280044266
43.60323863791991
43.59945982802852
43.595736099701476
43.59206624624696
43.588449300265474
43.584884474517175
43.581371107379134
43.57790862118491
43.5744964908013
43.57113422025908
43.567821325751915
43.56455732354563
43.561341721705695
43.558174014745205
43.55505368046176
43.55198017842253
43.54895294971039
43.545971417446395
43.54303498803235
43.54014305271428
43.53729498941657
43.534490164718754
43.53172793586529
43.5290076527647
43.52632865991286
43.523690298228225
43.52109190676385
43.51853282430284
43.51601239081485
43.51352994876572
43.51108484430643
43.50867642834187
43.50630405746101
43.503967094747196
43.50166491050275
43.49939688287707
43.49716239836016
43.4949608522459
43.49279164898858
43.490654202509354
43.48854793641683
43.48647228419423
43.48442668933119
43.48241060542275
43.48042349618822
43.47846483551502
43.476534107430616
43.4746308060604
43.47275443557159
43.4709045100738
43.46908055353596
43.46728209965342
43.46550869173613
43.46375988256024
43.46203523422752
43.46033431799992
43.45865671415763
43.45700201182918
43.45536980881072
43.45375971141485
43.45217133429703
43.45060430027281
43.44905824015487
43.44753279258908
43.44602760385891
43.44454232775
43.44307662535504
43.44163016491773
43.44020262166942
43.438793677678426
43.43740294840371
43.43603028770938
43.43467531199393
43.43333772796446
43.432017249498124
43.43071359642768
43.429426494382646
43.42815567464608
43.42690087400645
43.42566183462541
43.42443830391225
43.423230034382286
43.422036783561815
43.42085831383355
43.41969439235392
43.41854479091705
43.417409285849736
43.41628765791348
43.41517969218588
43.4140851779672
43.41300390867641
43.411935681758564
43.410880298591465
43.40983756438575
43.40880728810376
43.407789282367226
43.40678336337024
43.40578935080394
43.404807067772104
43.403836340715195
43.40287699932456
43.4019288764792
43.400991808162935
43.40006563340733
43.3991501942173
43.39824533548947
43.397350904962785
43.3964667531619
43.39559273331747
43.3947287013058
43.39387451561312
43.393030037249424
43.3921951297128
43.391369658931666
43.390553493194695
43.389746503127895
43.38894856161762
43.38815954378647
43.387379326913006
43.38660779042712
43.38584481582284
43.3850902866463
43.384344088430815
43.383606108667344
43.3828762367603
43.38215436398978
43.38144038346321
43.38073419008161
43.38003568051766
43.37934475314885
43.37866130805796
43.377985246970525
43.37731647322433
43.37665489176007
43.37600040905707
43.37535293312374
43.37471237346645
43.37407864104461
43.373451648255035
43.37283130889956
43.37221753816017
43.371610252561695
43.37100936995745
43.3704148095007
43.36982649161605
43.36924433797212
