9.001586961515509
9.04179885056708
9.0815974334807
9.120990832676657
9.15998728666393
9.198595153155507
9.236822901903382
9.274679103586948
9.312172415888169
9.349311567594878
9.386105341414153
9.422562556046792
9.458692047965249
9.494502653247421
9.530003189744106
9.565202439796403
9.600109133668507
9.634731933819458
9.669079420102946
9.703160075955992
9.73698227561411
9.770554272371756
9.803884187891441
9.83698000255251
9.869849546820706
9.902500493611761
9.934940351616092
9.967176459546991
9.999215981271282
10.031065901778739
10.062733023945109
10.094223966042481
10.125545159950418
10.156702850021393
10.18770309255449
10.21855175583227
10.249254520676658
10.27981688148109
10.310244147677583
10.340541445598953
10.370713720698154
10.400765740088346
10.430702095369204
10.46052720570667
10.490245321135262
10.51986052605377
10.549376742887025
10.578797735888088
10.608127115056993
10.63736834015378
10.666524724785171
10.695599440545829
10.72459552119653
10.75351586686315
10.782363248241582
10.811140310795112
10.83984957893193
10.868493460151647
10.897074249150899
10.925594131878908
10.954055189535142
10.982459402501917
11.010808654205775
11.03910473490218
11.067349345378895
11.095544100574124
11.123690533105986
11.151790096710737
11.179844169587458
11.207854057647655
11.235820997668494
11.26374616034898
11.291630653268667
11.319475523748915
11.34728176161696
11.375050301873458
11.402782027264308
11.430477770757877
11.45813831792892
11.485764409250688
11.513356742296851
11.54091597385507
11.568442721954062
11.59593756780623
11.623401057667927
11.650833704619517
11.678235990267467
11.705608366370745
11.732951256393832
11.760265056988619
11.787550139407605
11.814806850850633
11.814806850850635
11.814806850850635
11.814806850850635
11.814806850850635
11.814806850850635
11.814806850850637
11.814806850850635
11.814806850850635
11.814806850850635
11.814806850850637
11.814806850850637
11.814806850850637
11.814806850850637
11.814806850850637
11.814806850850637
11.814806850850637
11.814806850850637
11.814806850850635
11.814806850850637
11.814806850850637
11.814806850850635
11.814806850850635
11.814806850850635
11.814806850850637
11.814806850850635
11.814806850850635
11.814806850850635
11.814806850850635
11.814806850850635
11.814806850850635
11.814806850850635
11.814806850850635
11.814806850850637
11.814806850850637
11.814806850850635
11.814806850850635
11.814806850850635
11.814806850850635
11.814806850850635
11.814806850850635
11.814806850850633
11.814806850850635
11.814806850850635
11.814806850850635
11.814806850850633
11.814806850850633
11.814806850850635
11.814806850850635
11.814806850850635
11.814806850850635
11.814806850850635
11.814806850850633
11.814806850850633
11.814806850850633
11.814806850850635
11.814806850850635
11.814806850850635
11.814806850850637
11.814806850850633
11.814806850850635
11.814806850850635
11.814806850850635
11.814806850850635
11.814806850850637
11.814806850850637
11.814806850850637
11.814806850850633
11.814806850850633
11.814806850850633
11.814806850850633
11.814806850850633
11.814806850850633
11.814806850850633
11.814806850850635
11.814806850850635
11.814806850850635
11.814806850850635
11.814806850850635
11.814806850850635
11.814806850850633
11.814806850850633
11.814806850850633
11.814806850850635
11.814806850850635
11.814806850850635
11.814806850850637
11.814806850850633
11.814806850850633
11.814806850850633
11.814806850850633
11.814806850850633
11.814806850850635
11.814806850850635
11.814806850850635
11.814806850850637
11.814806850850635
11.814806850850635
11.814806850850635
11.814806850850633
11.814806850850635
11.814806850850635
11.814806850850635
11.814806850850633
11.814806850850633
11.814806850850635
11.814806850850637
11.814806850850637
