15.22273
5.553854751521842
5.521160987533291
5.490972705856265
5.463057484771764
5.437212104055676
5.413257287623774
5.391033678025858
5.370398678112293
5.3512239486707385
5.333393406042554
5.316801603678
5.301352410628641
5.28695792129448
5.27353754653581
5.261017248049306
5.24932891333175
5.238409796775717
5.228201853064772
5.21865156454749
5.209709464841439
5.201329804461208
5.1934702513235695
5.186091620889824
5.179157631751753
5.172634683278323
5.166491652570775
5.160699706066126
5.155232137276278
5.150064198419231
5.145172961653712
5.140537184058663
5.136137183949318
5.131954726472466
5.127972917715605
5.12417610665039
5.120549794299591
5.117080549575885
5.1137559312905125
5.110564415873169
5.10749533038239
5.104538790418759
5.1016856425834
5.098927411150932
5.096256248650216
5.093664890068758
5.091146610416789
5.088695185405963
5.08630485501502
5.083970289730817
5.081686559268406
5.0794491035873754
5.0772537060352425
5.075096468460316
5.072973788148221
5.070882336446489
5.0688190389517365
5.066781057143031
5.0647657713535565
5.062770764980783
5.060793809842741
5.058832852594755
5.056886002127667
5.054951517874318
5.053027798956635
5.0511133329119975
5.049206918401867
5.047307192176569
5.045413020331092
5.043523364738808
5.041637276103804
5.039753887509571
5.037872408420529
5.0359921191035735
5.034112365439605
5.032232554096883
5.030352148040521
5.0284706623542785
5.026587660352376
5.024702749961108
5.022815580351184
5.0209258388033815
5.019033247791272
5.01713756226604
5.015238567129413
5.013336074881905
5.0114299234342985
5.0095199740713845
5.007606109557537
5.005688232374629
5.003766263083354
5.0018401387997224
4.999909811778927
4.997975248099559
4.996036426441405
4.994093336950581
4.992145980186331
4.990194366143899
4.988238513348617
4.9862784480163285
4.984314203275902
4.982345818449525
4.98037333838715
4.978396812851347
4.976416295949239
4.9744318456083905
4.972443523093657
4.9704513925623335
4.968455520654882
4.966455976118943
4.964452829464273
4.962446152646582
4.960436018778158
4.95842250186357
4.956405676558528
4.954385617950466
4.952362401359113
4.950336102155773
4.948306795599909
4.946274556691773
4.944239460039931
4.942201579742519
4.940160989281317
4.938120634307275
4.936071738327445
4.934026220239959
4.931972473492994
4.929919815140484
4.9278644556625375
4.925806451730501
4.923749592696236
4.921687610769688
4.919623633564668
4.917557719922647
4.915487051626907
4.913417673466607
4.911346551134872
4.909273667930336
4.907199086040049
4.905122865659113
4.90304506504882
4.900965740659203
4.898884947237224
4.896802737921088
4.894719164323148
4.892634276603591
4.890548123536396
4.888460752568965
4.886372209876365
4.8842825404112
4.882191787949578
4.880099995133919
4.878007203512955
4.875913453579331
4.873818784805138
4.871723235675549
4.8696268437208925
4.867529645547244
4.865431676865729
4.863332972520649
4.861233566516532
4.859133492044229
4.857032781506064
4.854931466540183
4.852829578044087
4.850727146197438
4.848624200484157
4.84652076971388
4.844416882042754
4.84231256499363
4.840207845475703
4.838102749803518
4.835997303715537
4.833891532392069
4.831785460472783
4.829679112073655
4.827572510803491
4.825465679779933
4.8233737025112235
4.821274574566586
4.8191725491297275
4.817069371587881
4.814965096709912
4.812842253401375
4.810729967812523
4.80861844184439
4.806507617255414
4.804397317045129
4.802287464523778
4.800177998451853
4.79806887053799
4.795960043326993
4.793851507295153
4.7917432121646195
4.789635152124946
4.787527318123149
4.785419705358002
4.783312293924098
4.781205114406461
