45765.36
102699.75143255142
102717.30622527628
102733.56632227014
102749.10602501579
102764.00905059923
102778.33584289557
102792.13591556973
102805.45028508028
102818.31325023703
102830.75379782735
102842.79671283261
102854.46345350312
102865.77283966329
102876.74159299035
102887.38476018004
102897.71604370435
102907.74805973274
102917.49253880583
102926.96048159272
102936.16227949584
102945.10780780835
102953.80649749863
102962.26739041832
102970.49918168875
102978.51025220448
102986.30869357756
102993.90232731355
103001.2987196348
103008.50519301847
103015.52883531823
103022.37650711177
103029.05484775227
103035.57028053603
103041.92901725513
103048.13706233475
103054.20021676249
103060.12408186507
103065.91406306553
103071.57537364376
103077.11303855806
103082.53189835064
103087.83661311433
103093.03166659769
103098.12137034134
103103.10986794927
103108.0011394053
103112.79900545401
103117.50713203957
103122.1290347588
103126.66808337417
103131.12750628586
103135.5103950542
103139.81970885706
103144.05827895438
103148.22881309428
103152.33389989272
103156.37601313312
103160.35751602058
103164.28066535351
103168.14761563054
103171.9604230586
103175.72104948462
103179.43136624
103183.0931578613
103186.70812576893
103190.27789176865
103193.80400152302
103197.28792786841
103200.73107412079
103204.13477705324
103207.50031005846
103210.82888607404
103214.12166029369
103217.37973299778
103220.60415207419
103223.79591561627
103226.95597428709
103230.08523366757
103233.18455647792
103236.25476472665
103239.29664173922
103242.31093410912
103245.29835361976
103248.25957898004
103251.19525756217
103254.10600703841
103256.99241692234
103259.85505006002
103262.69444405734
103265.51111259905
103268.30554675452
103246.82897812864
103227.00381532131
103207.92885829406
103189.50671336918
103171.62677004271
103154.22818601265
103137.25936174128
103120.68076931132
103104.4618849418
103088.57890749989
103073.01306047183
103057.74932759751
103042.77551102698
103028.08152951077
103013.65889525223
102999.50032384403
102985.59944331372
102971.95057703469
102958.54858165434
102945.38872604792
102932.46660081977
102919.77805063214
102907.31912347626
102895.08603264112
102883.0751281186
102871.282875056
102859.70583746294
102848.34066584095
102837.18408775625
102826.23290056219
102815.4839658026
102804.93420480001
102794.58059518591
102784.42016809473
102774.45000589686
102764.6672402878
102755.06905070921
102745.65266295496
102736.41534797195
102727.35442078083
102718.46723948275
102709.75120437176
102701.2037570899
102692.82237982358
102684.60459456337
102676.54796237708
102668.65008270978
102660.90859272005
102653.32116662536
102645.88551506333
102638.59938448246
102631.4605565279
102624.46684745647
102617.61610755586
102610.90622058805
102604.33510321174
102597.90070446207
102591.60100520054
102585.43401759157
102579.39778460487
102573.49037947891
102567.70990526192
102562.05449428785
102556.5223077293
102551.11153510696
102545.82039383419
102540.647128771
102535.59001176525
102530.64734122381
102525.81744167967
102521.09866337712
102516.48938183549
102511.9879974694
102507.59293516913
102503.30264391376
102499.11559638126
102495.03028856662
102491.04523941777
102487.15899045469
102483.37010542315
102479.6771699238
102476.07879107526
102472.57359717175
102469.16023733391
102465.83738119646
102462.60371855793
102459.45795909117
102456.39883199528
102453.42508572013
102450.53548763377
102447.72882374226
102445.00389838354
102442.35953394596
102439.79457058024
102437.30786592713
102434.8982948287
102432.56474907385
102430.30613712643
102428.1213838492
102426.00943028386
102423.96923335725
102421.99976565284
102420.10001518387
102418.2689851056
102416.50569352364
102414.80917325134
102413.17847155951
