-22.66310299524689
-22.968133538958337
-23.18837829365823
-23.40059183677858
-23.602525196562706
-23.794117401308533
-23.975590572821496
-24.147163961214048
-24.309021133595728
-24.461314373599713
-24.604172941463577
-24.73771047011149
-24.862031097764486
-24.97723449809693
-25.083419981707753
-25.18068979756176
-25.269151727088
-25.34892104098945
-25.420121877221597
-25.482888090196415
-25.537363624273492
-25.583700350733686
-25.62206635760685
-25.652631698923344
-7.391186220362452
-6.82169719999004
-6.621657288640901
-6.5807568854019145
-6.603433302986393
-6.651747979895172
-6.7109260022260315
-6.775177724639053
-6.842146822166096
-6.910781600559686
-6.980525759166857
-7.0510116713984194
-7.121944186571568
-7.193056660474122
-7.264094504442693
-7.334809358299521
-7.404957478446217
-7.474299879789796
-7.542603256152926
-7.609641264639
-7.67519597299652
-7.739059352653257
-7.8010347355815055
-7.860938171347508
-22.66310299524689
-22.968133538958337
-23.18837829365823
-23.40059183677858
-23.602525196562706
-23.794117401308533
-23.975590572821496
-24.147163961214048
-24.309021133595728
-24.461314373599713
-24.604172941463577
-24.73771047011149
-24.862031097764486
-24.97723449809693
-25.083419981707753
-25.18068979756176
-25.269151727088
-25.34892104098945
-25.420121877221597
-25.482888090196415
-25.537363624273492
-25.583700350733686
-25.62206635760685
-25.652631698923344
