0.05174
0.13995936522999064
0.13592434676936802
0.1339055538546462
0.1330237734263894
0.1327932856909934
0.13293911056327853
0.13330363907947965
0.13379608323865694
0.13436409070997082
0.13497748328902648
0.13561886018278307
0.13627816083907324
0.13694952844338015
0.1376295105270623
0.13831603347224827
0.1390078218790555
0.1397040714786349
0.1404042651646431
0.14110806898779368
0.14181527237528335
0.14252575259502395
0.14323945244812333
0.14395636520969893
0.144676523631141
0.1453999913390543
0.14612685577927212
0.14685722227605616
0.14759120898585115
0.14832894262398844
0.14907055488298507
0.1498161794750345
0.1505659497333134
0.1513199967054178
0.152078447671146
0.15284142501818607
0.15360904541173004
0.15438141920055112
0.15515865000740817
0.15594083446035764
0.15672806202844142
0.1575204149333569
0.15831796811522153
0.15912078923638776
0.15992893871287353
0.160742469766343
0.16156142849302077
0.16238585394786123
0.16321577824408984
0.1640512266686629
0.16489221781461222
0.16573876373179722
0.16659087009648033
0.16744853640016702
0.1683117561582162
0.16918051713664514
0.17005480159729297
0.17093458655849744
0.17181984407067938
0.17271054150354306
0.1736066418431363
0.17450810399608646
0.17541488309810577
0.17632693082455977
0.17724419570041997
0.178166623407005
0.1790941570836126
0.18002673762180713
0.18096430395054708
0.18190679331062415
0.18285414151697252
0.18380628320805154
0.18476315208068678
0.1857246811107626
0.18669080275831992
0.1876614491573511
0.18863655229020007
0.18961604414635974
0.19059985686591413
0.19158792286849757
0.19258017496735222
0.19357654646965017
0.19457697126336482
0.19558138389152374
0.1965897196143359
0.19760191446000758
0.1986179052650713
0.19963762970481277
0.2006610263146059
0.20168803450294226
0.20271859455674698
0.20375264763994425
0.20479013578545324
0.20583100188211198
0.20687518965603072
0.20792264364806573
0.20897330918731452
0.21002713236118645
0.2110840599829897
0.21214403955701494
0.21320701924173377
0.21427294781153336
0.21534177461746848
0.21641344954688174
0.21748792298299088
0.2185651457638409
0.21964506914161927
0.22072764474212758
0.2218128245247083
0.22290056074288409
0.22399080590592413
0.2250835127410598
0.22617863415733325
0.22727612321011115
0.2283759330673395
0.22947801697694326
0.23058232823582217
0.23168882016035885
0.2327974460584195
0.233908159203241
0.23502091280870882
0.23613566000639347
0.23725235382449492
0.23837094716806304
0.2394913928018931
0.2406136433337459
0.2417376512006062
0.24286336865606406
0.24399074775953988
0.2451197403671668
0.24625029812454657
0.247382372461137
0.2485159145861159
0.24965087548615977
0.25078720592486564
0.2519248564434375
0.2530637773634005
0.2542039187905046
0.2553452306203439
0.25648766254536765
0.2576311640634086
0.2587756844875112
0.2599211729573606
0.26106757845166995
0.262214849802327
0.26336293570929736
0.2645117847573414
0.2656613454331013
0.26681156614405865
0.2679623952381582
0.26911378102446204
0.27026567179479255
0.2714180158464726
0.2725707615055492
0.2737238571511572
0.27487725124044643
0.276030892334195
0.2771847291229949
0.27833871045420466
0.2794927853592206
0.28064690308086576
0.2818010131019913
0.28295506517338
0.2841090093426837
0.2852627959829246
0.2864163758213247
0.2875696999683458
0.28872271994627074
0.2898753877180039
0.2910276557154054
0.29217947686758644
0.2933308046286284
0.29448159300527105
0.29563179658351235
0.29678137055524184
0.2979302707439828
0.29907845362981794
0.3002258763738652
0.30137249684169276
0.3025182736258123
0.3036631660674155
0.30480713427679645
0.3059501391530284
0.3070921424022144
0.3082331065544618
0.30937299498010384
0.3105117719039461
0.3116494024186125
0.3127858524962831
0.31392108899898113
0.31505507968745455
0.3161877932284039
0.31731919920027424
0.3184492680972271
0.31957797133170873
0.32070528123540865
0.32183117105803216
0.32295561496514225
0.3240785880337196
