0.004335383584053156
0.004263845552853787
0.004251729221349057
0.004245419912222499
0.004239838277847296
0.004234513850663945
0.004229304088830522
0.004224144634071737
0.004218999553788632
0.004213847226133752
0.004208674310075223
0.004203472499392369
0.004198236638730435
0.004192963616422548
0.004187651719631663
0.004182300265716854
0.004176909396644602
0.004171479967138052
0.004166013484072432
0.00416051207119956
0.00415497844327634
0.004149415880358225
0.004143827527141629
0.004138218733384761
