1.1178
0.05612835697853999
0.056385978788134866
0.05694942459159075
0.057616676776998374
0.058303648062342034
0.05895506325722927
0.05953950487294584
0.060051742829996764
0.060506003075926594
0.06092424744855469
0.061326717783242
0.06172746657555431
0.06213384040294569
0.06254795903481618
0.0629687171891122
0.06339352105462215
0.0638194771271553
0.06424404515969624
0.06466529447342456
0.06508192197314587
0.0654931567382989
0.06589863027696623
0.06629825348456321
0.06669211660781671
0.06708041503623147
0.06746339776133391
0.06784133355514241
0.06821449001708231
0.06858312152149515
0.0689474630626296
0.06930772783803442
0.06966410712750809
0.07001677146657252
0.07036587248920989
0.0707115450512513
0.07105390937995924
0.07139307312840759
0.07172913325599374
0.07206217769788839
0.07239228683396412
0.07271953474262885
0.07304399028396792
0.07336571799598057
0.07368477885590544
0.07400123090439747
0.07431512976283733
0.07462652905266864
0.07493548073311704
0.07524203537366246
0.07554624236636975
0.07584815009379109
0.0761478060555583
0.07644525696467518
0.07674054881059053
0.07703372691207473
0.0773248359457538
0.07761391995847329
0.07790102237987011
0.07818618600932352
0.07846945302227908
0.07875086493920813
0.0790304626263346
0.07930828626401112
0.07958437533608677
0.07985876860755545
0.08013150410329302
0.08040261909423727
0.08067215007252813
0.08094013274548291
0.08120660200744884
0.08147159193805201
0.08173513578456844
0.08199726594893683
0.08225801398406264
0.08251741058682006
0.08277548558364169
0.08303226793475113
0.08328778572539579
0.08354206616373853
0.08379513558174785
0.08404701943146008
0.08429774228638988
0.08454732784260778
0.08479579891621619
0.08504317745122493
0.0852894845154484
0.08553474030388625
0.08577896414613216
0.08602217450027168
0.08626438895594556
0.08650562424331314
0.08674589622545342
0.08698521990730008
0.08722360942491304
0.08746107805840998
0.08769763822533372
0.08793330147067115
0.08816807847748667
0.08840197906062877
0.08863501215375533
0.08886718581198344
0.08909850720534326
0.08932898260433685
0.08955861737963977
0.08978741598273215
0.09001538193775023
0.09024251783178916
0.09046882528981834
0.0906943049692359
0.09091895652977443
0.09114277861907116
0.0913657688486382
0.09158792377093164
0.09180923884367134
0.09202970841060244
0.09224932566006025
0.09246808259545429
0.09268596999521728
0.09290297737188058
0.09311909292810096
0.09333430351169435
0.09354859455721874
0.09376195004351866
0.09397435241799347
0.09418578255071579
0.09439621965699363
0.0946056412322267
0.0948140229625644
0.09502133865996831
0.09522756015912538
0.09543265723205813
0.09563659748598266
0.09583934625126266
0.096040866479117
0.09624111860501892
0.0964400604344613
0.09663764698624182
0.09683383036282658
0.09702855958213809
0.0972217804080853
0.0974134351775247
0.09760346260458408
0.09779179757928448
0.0979783709453917
0.09816310927253338
0.09834593460450862
0.09852676419579784
0.09870551022642922
0.09888207950747448
0.10186113364869127
0.10187180033685768
0.1018976862248633
0.10194941190650232
0.10202800094999938
0.10213071371450644
0.10225368126333771
0.10239309492073759
0.10225294811927607
0.10207828161446034
0.10197936654696813
0.1019358102604682
0.10193309908863492
0.10196067111454288
0.10201069417925118
0.10207726277980156
0.10215585437552574
0.10224295218431195
0.10233577809198735
0.10243210021652538
0.10253009212408967
0.10262822842318782
0.10272520632830524
0.10281988597575659
0.10291124440985133
0.10299833960096744
0.1030802818628092
0.10315621074878192
0.10322527601646002
0.10328662157394992
0.10333937164736302
0.10338261856455526
0.1034154117031364
0.1034367472902484
0.10344555878661542
0.1034407077159986
0.1034209748198822
0.10338505149514088
0.10333153152077841
0.10325890315457725
0.10316554169968888
0.10304970275423272
0.10290951638897669
0.10274298258355061
0.10254796837890869
0.10232220722199434
0.1020633011927629
0.10176872678856798
0.10143584519090972
