73.11362501415786
72.99077249670806
72.88065256412878
72.77183713159867
72.66235219846831
72.55182137846808
72.44016371908144
72.32735096859929
72.2133629560399
72.09818028655745
71.98178366276274
71.86415413913232
71.74527335751125
71.6251236658828
71.50368815173783
71.38095062585182
71.25689558110412
71.13150814157906
71.00477401095327
70.87667942519315
70.7472111121328
70.61635625897014
70.48410248781279
70.3504378388829
70.21535076071162
70.078830106549
69.94086513618399
69.80144552242133
69.66056136151624
69.51820318696248
69.37436198610447
69.22902921912677
69.08219684004828
68.93385731941112
68.78400366840516
68.63262946422016
68.47972887644745
68.32529669438811
68.16932835514092
68.01181997236831
67.85276836564259
67.69217109029104
67.53002646766028
67.36633361572419
67.20109247996132
67.03430386442993
66.86596946296123
66.69609189039703
66.52467471378809
66.35172248346969
66.17724076392453
66.00123616434175
65.82371636877099
65.6446901657718
65.46416747744927
65.28215938776403
65.09867816999925
64.9137373132638
64.72735154790507
64.53953686970131
64.35031056270054
64.15969122056673
63.96769876629556
63.774354470155004
63.57968096570572
63.383702263756135
63.18644376410433
62.98793226491903
62.78819596961456
62.58726449107277
62.38516885307104
62.18194148877623
61.97761623616894
61.77222833026875
61.56581439203731
61.35841241384174
61.15006174137171
60.94080305191183
60.7306783288814
60.5197308325668
60.308005066983014
60.09554674281635
59.8824027364147
59.66862104480789
59.45425073675796
59.23934189985703
59.02394558370937
58.808113739253315
58.59189915429917
58.37535538537978
58.158536686030885
57.94149793164015
57.72429454102421
57.50698239491427
57.28961775155265
57.07225715962033
56.85495736873844
56.63777523780289
56.420767641430224
56.203991374809796
55.98750305727155
55.771359034893436
55.555615282483714
55.340327305285044
55.12555004075318
54.911337760771964
54.69774397466806
54.48482133339215
54.27262153523141
54.06119523341654
53.85059194597977
53.640859968213654
53.432046288069586
53.22419650482325
53.017354751319154
52.811563620090105
52.60686409362786
52.403295479062905
52.200895347486
51.999699478123816
51.79974180755365
51.60105438411755
51.403667327669005
51.2076087947581
51.0129049493333
50.81957993900989
50.62765587692746
50.43715282919167
50.24808880786793
50.06047976946859
49.87433961885034
49.68968021841406
49.50651140247615
49.324840996659745
49.14467484213309
48.96601682450592
48.78886890717623
48.613231168906395
48.439101845395136
48.26647737459957
48.095352445554106
47.925720050425
47.757571539534794
47.59089667908688
47.42568371131911
47.261919416816326
47.09958917871123
46.938677048509135
46.779165813273785
46.621037063919545
46.46427126436129
46.30884782128136
46.154745154282644
46.00194076620554
45.850416297963775
45.700133078539295
45.55107990010794
45.403227610406844
45.25654991815292
45.1110202190667
44.96661151562224
44.823296453263865
44.68104737559439
44.53983638340914
44.39963539408608
44.2604162001532
44.122150526528436
43.98481008618348
43.84836663409749
43.71279201942412
43.5780582358211
43.44413746991184
43.31100214785874
43.178624980036965
43.046979003805866
42.91603762437992
42.78577465380817
42.656164348075336
42.52718144234329
42.39880118435375
42.270999366018515
42.14375235322494
42.017037113888115
41.89083124428235
41.76511299368734
41.639861287384335
41.51505574804049
41.39067671551829
41.26670526514911
41.14312322450878
41.0199131887338
40.89705853441649
40.77454343211489
40.65235285751669
40.530472601291095
40.40888927766411
40.28759033175109
40.16656404567966
40.045799543532866
