473.8152351859999
549.0421978451926
550.0850057703054
551.4781212032561
552.9163526378726
554.3243680012555
555.6785815585148
556.9852212147384
558.2756262609208
559.5922000835857
560.971632802604
562.4342437601248
563.9814979155977
565.5994821275372
567.2652112131807
568.9531107663802
570.6399629212182
572.3076693355243
573.9440493649124
575.5423260933002
577.0999864211303
578.6175167873428
580.0972906865762
581.5427105166713
582.9576052447505
584.3458406457469
585.7110880111233
587.0567025515835
588.3856730927369
589.7006154705062
591.0037907986477
592.2971363169336
593.5823013473297
594.8606837671427
596.1334645528391
597.4016392063495
598.6660455397547
599.9273878644931
601.1862577694333
602.4431517917491
603.6984864172676
604.9526106833246
606.2058168416916
607.4583492443819
608.7104118522126
609.9621745069549
611.2137782145621
612.4653395744078
613.716954501174
614.9687013709441
616.22064366301
617.4728322039127
618.7253070594045
619.9780991464188
621.2312315776645
622.4847208460511
623.7385778093143
624.9928085215108
626.2474149831343
627.5023957214054
628.7577463791107
630.0134601040149
631.2695280058856
632.5259394440496
633.7826823511133
635.0397434734213
636.2971085803205
637.5547626683939
638.8126900961071
640.0708747597091
641.3293001648794
642.5879495719307
643.846806062806
645.1058526073775
646.3650721464031
647.6244476469994
648.8839621190845
650.1435986863297
651.4033405995166
652.6631712644554
653.9230742721546
655.1830334046418
656.4430326533845
657.703056230388
658.9630885622512
660.2231143166413
661.4831183836043
662.7430858805196
664.0030021688518
665.2628528228265
666.5226236296475
667.7823006087765
669.041869974499
670.3013181561596
671.5606317521604
672.8197975656651
674.0788025751091
675.3376338967461
676.5962788183402
677.8547247780247
679.1129593247528
680.370970133844
681.6287449955606
682.8862717806977
684.1435384581952
685.400533052947
686.657243646255
687.9136583753636
689.1697653881159
690.4255528669577
691.6810089786851
692.9361218811057
694.1908797047594
695.4452705446408
696.6992824182148
697.9529032836147
699.2061209940922
700.4589232989164
701.7112978189591
702.9632320283869
704.214713236402
705.4657285749922
706.7162649552877
707.966309084651
709.2158473905212
710.4648660509149
711.7133509374984
712.9612876115315
714.2086612577558
715.4554567104869
716.7016583754715
717.9472502246321
719.1922157561787
720.4365379426157
721.6801992297541
722.9231814496596
724.1654658261938
725.4070328724207
726.6478623977348
727.887933422321
729.1272241164121
730.3657117595257
731.6033726618573
732.8401821024635
734.0761142409049
735.3111420494698
736.5452372141319
737.7783700434013
739.0105093579419
740.2416224009152
738.5659784604848
740.6518521333721
742.4336670946037
744.0280755365399
745.5032638266787
746.9001722856168
748.2440590913458
749.5509363372497
750.8333213018996
752.0979194544059
753.3482779152538
754.5870379082983
755.8162027057823
757.0372776334782
758.2513831078977
759.4593430812331
760.6617527884887
761.8590299942325
763.051453500077
764.2391919298859
765.422325086543
766.6008597219961
767.7747410480822
768.9438609752603
770.1080638253778
771.2671500485544
772.4208783280596
773.568966365884
774.7110905689816
775.8468846751521
776.9759374793309
778.0977896569494
779.2119296514309
780.3177886362973
781.4147343906297
782.5020640557369
783.5789955669226
784.64465757193
785.6980775769579
786.738168055563
787.7637100637053
788.7733339621839
789.7654966163288
790.7384543230881
791.6902306643499
792.6185780162074
793.5209315083762
794.3943534560584
795.235466227074
