12458.0042496
18570.202864395258
19651.373645268646
20780.54414799602
21949.171708556827
23147.613529311595
24365.360370612187
25591.34217221973
26814.25694784945
28022.948795614764
29206.863903791702
30356.59935358065
31464.529851959993
32525.45357017669
33537.15033267314
34500.71262987195
35420.515893528536
36303.754787894984
37159.57915695918
37997.979773897525
38828.64878848517
39660.03720022007
40498.7554647653
41349.353018308466
42214.41664730397
43094.87626895491
43990.40206296057
44899.802583006596
45821.369268941664
46753.14449607982
47693.11200400483
48639.32022144465
49589.953276769214
50543.36435300271
51498.08384168153
52452.81193291408
53406.40261105538
54357.843815566805
55306.23683613939
56250.77678746722
57190.73516149048
58125.44489145669
59054.288004169786
59976.68572262443
60892.090764917804
61799.98153367092
62699.85787979232
63591.23753013938
64473.65663252222
65346.66466930866
66209.82649880373
67062.7214141235
67904.94316343605
68736.10013122564
69555.81560240712
70363.72805187295
71159.49141899767
71942.77534011257
72713.26532246395
73470.66285112001
74214.68542614325
74945.06653149359
75661.55553991962
76363.91755984246
77051.9332311835
77725.39847745094
78384.12422134298
79027.93607078101
79656.67398176299
80270.19190379315
80868.35741296742
81451.0513371106
82018.16737669552
82569.61172466098
83105.3026876717
83625.17031085846
84129.15600763113
84617.21219576185
85089.30194060998
85545.39860607884
85985.4855136615
86409.55560974343
86817.61114118044
87209.66333905056
87585.73211038524
87945.84573762317
88290.04058548248
88618.36081491543
88930.85810379592
89227.59137398891
89508.62652445056
89774.03617002032
90023.89938559096
90258.30145534797
90477.33362681422
90681.0928694377
90869.68163750976
91043.20763720675
91201.78359759094
91345.52704542138
91474.56008365034
91589.00917351553
91689.00492013921
91774.68186158594
91846.17826133393
91903.6359041412
91947.19989529294
91977.01846323867
91993.24276563212
91996.02669879938
91985.52671066704
91961.90161718907
91925.31242231982
91875.92214157312
91813.89562572094
91739.3994092546
91652.6015098798
91553.67130196825
91442.77934149018
91320.09721556859
91185.79739257958
91040.0530762304
90883.03806364104
90714.92660747595
90535.89328214507
90346.11285408559
90145.76015617758
89935.00996626081
89714.0368897914
89483.0152466215
89242.11896191229
88991.52146114441
88731.39556925422
88461.9134138087
88183.24633227487
89046.08327215718
89477.60659595307
90037.80009978719
90666.05662212936
91332.40212626255
92021.7733525395
92726.30378828105
93441.57080197918
94164.84820987898
94894.25167281485
95628.32918160442
96365.86036081098
97105.75599445464
97847.00619868623
98588.65255389956
99329.77225868903
100069.4684630384
100806.86388086792
101541.09621907199
102271.31467075742
102996.67707626309
103716.34753664836
104429.4943578069
105135.28825208523
105832.90075132246
106521.5027988609
107200.26349618843
107868.34898537831
108524.92144950588
109169.13821609883
109800.1509480187
110417.10490669354
111019.13827143608
111605.38149714771
112174.95669042045
112726.9769808232
113260.54586080261
113774.75644298282
114268.69067547828
114741.41828471937
115191.99499362872
115619.44245549868
116022.8479245198
116401.15087604911
116753.35808905
117078.42339728407
117375.26941294005
117642.77854874692
117879.78300560388
118085.05134162155
118257.27032003498
118395.02016856309
118496.74053241036
118560.68310441168
118584.84489880348
118566.87294525227
118503.92603590623
118392.47068997726
118227.97424657598
118004.4334305847
117713.63331793391
117343.95280825594
116878.38552151145
116291.16196579118
