53.22304
51.90363705104873
52.096166620774035
52.28130012872647
52.458969623992374
52.62949436507244
52.7932528245366
52.95061778282378
53.10194362746848
53.24756423491088
53.38779313995111
53.522924285739926
53.653232964264305
53.77897683143322
53.900396945948025
54.01771880227636
54.131153338429144
54.24089790589455
54.34713719379175
54.45004410270846
54.54978056613637
54.64649831916167
54.740339615281265
54.83143789303708
54.9199183946926
55.005898739496516
55.089489454242226
55.17079446389034
55.249911544998135
55.32693274462653
55.40194476728558
55.4750293323487
55.546263504222956
55.61571999741415
55.68346745847738
55.74957072669817
55.81409107520915
55.87708643411429
55.93861159706698
55.99871841263068
56.05745596164161
56.11487072169191
56.17100671975747
56.225905673909516
56.27960712496944
56.33214855889322
56.38356552060769
56.43389171995694
56.483159130364555
56.53139808076535
56.57863734131409
56.62490420333676
56.670224553951314
56.71462347082039
56.75812319209783
56.80074631272565
56.84251375558912
56.883445345175666
56.92355985739851
56.962875066256885
57.00140778754266
57.03917391979385
57.07618848267924
57.11246565298547
57.14801879836384
57.18286050898299
57.21700262722162
57.25045627552617
57.28323188254839
57.31533920766988
57.34678736401203
57.377584840022934
57.40773951972674
57.437258701713624
57.466149116943804
57.494416945433535
57.52206783188615
57.54910690032669
57.57553876779494
57.60136755714726
57.62659690901475
57.651229992961504
57.6752695178841
57.698717741690025
57.721576480291446
57.74384711594637
57.76553060497899
57.78662748490767
57.807137881007314
57.827061512331674
57.84639769721847
57.86514535829955
57.883303027036405
57.90086884780007
57.91784058151316
57.934215608870666
57.949990933155185
57.965163182660696
57.97972861273897
57.99368310748059
58.00702218104292
58.01974097863564
58.03183427717454
58.043296485612665
58.05412164495817
58.06430342798713
58.07383513865884
58.0827097112415
58.09091855202121
58.098457324595756
58.10531318891306
58.11148109452833
58.11695093763781
58.12171340055322
58.125758782169385
58.12907699497969
58.13165756184839
58.133489612543535
58.13456188003406
58.134862696554265
58.13437998943875
58.13310127673051
58.1310136625649
58.1281038323322
58.12435804762107
58.119762140945134
58.114301510255125
58.107961113238424
58.10072546140861
58.09257861398626
58.08350417157389
58.07348526962625
58.06250457171841
58.05054426261345
58.037586041131924
58.023611112824675
58.00860018245179
57.99253344626918
57.97539058412541
57.957150751371
57.93779257058258
57.91729412310432
57.89563294040961
57.87278599528538
57.84872969284243
57.823439861354444
57.79689174292943
57.769059984016685
57.739918625753226
57.709441094153455
57.67760019014631
57.64436807946393
57.60971628238697
57.57361566335098
57.53603642041893
57.49694807462587
57.45631945920049
57.41411870867028
57.370313247856195
57.32486978076332
57.277754279374555
57.22893197235414
57.178367333668774
57.126024071133806
57.0718651148925
57.01585260583655
56.957947883976814
56.8981114767724
56.8363030874274
56.772481583164925
56.70660498348704
56.638630448430675
56.56851426682942
56.49621184459024
56.42167769299608
56.34486541704272
56.265727703821256
56.18421631095462
56.10028205509813
56.01387480051328
55.92494344772323
55.83343592225877
55.7392991635022
55.64247911363616
55.542920706704095
55.44056785778685
55.335363452300314
55.227249335416296
55.11616630160832
55.002054084321465
54.88485134576448
54.764495666818945
54.64092353705877
54.51407034486997
54.38387036765813
54.25025676212646
54.11316155460483
53.97251563140485
53.828248729171946
