32.53535498159303
32.55037515752117
32.5652513926189
32.57998389745819
32.594572808914016
32.60901825285765
32.62332035564494
32.63747924598558
32.651495054976664
32.66536791584158
32.679097963670344
32.692685335208886
32.706130168697236
32.719432603748885
32.73259278126292
32.74561084336226
32.75848693335242
32.77122119569618
32.783813776000436
32.79626482101246
32.80857447862301
32.82074289787456
32.832770228973075
32.84465662330209
32.8564022334383
32.86800721316777
32.87947171750232
32.89079590269554
32.90197992625816
32.913023946972594
32.92392812490632
32.93469262142409
32.94531759919886
32.95580322222139
32.9661496558085
32.97635706660992
32.9864256226139
32.99635549315141
33.00614684889911
33.015799861881064
33.025314705469356
33.03469155438341
33.043930584688354
33.05303197379231
33.06199590044264
33.07082254472139
33.07951208803969
33.08806471313148
33.096480604046306
33.104759946141485
33.11290292607347
33.1209097317886
33.1287805525133
33.13651557876152
33.144115002271164
33.15157901604374
33.158907814315754
33.16610159254618
33.17316054740358
33.18008487675275
33.186874779641016
33.19353045628414
33.20005210805186
33.206439937453204
33.212694148121365
33.21881494479835
33.22480253331939
33.230657120596995
33.23637891460482
33.24196812436131
33.24742495991303
33.252749632317915
33.25794235362813
33.26300333687293
33.26793279604114
33.272730946063625
33.27739800279541
33.281934182997766
33.28633970432003
33.29061478528132
33.294759645252064
33.298774504435364
33.302659583848225
33.3064151053026
33.31004129138633
33.31353836544389
33.316906551557004
33.32014607452512
33.32325715984572
33.32624003369448
33.329094922905334
33.33182205495027
33.33442165791913
33.33689396049916
33.33923919195439
33.34145758210491
33.34354936130601
33.345514760427115
33.34735401083053
33.34906734435011
33.35065499326967
33.352117190301314
33.35345416856348
33.354666161558924
33.35575340315242
33.35671612754836
33.357554569268075
33.35826896312705
33.35885954418121
33.35932654782463
33.35967020955611
33.35989076516442
33.35998845058617
33.35996350191071
33.359816155355894
33.35954664724344
33.35915521397416
33.35864209200286
33.358007517813036
33.357251727891274
33.356374958701416
33.35537744665842
33.354259428101926
33.35302113926955
33.35166281626991
33.35018469505528
33.348587011393974
33.34687000084239
33.34503389871675
33.34307894006448
33.34100535963523
33.338813391851595
33.33650327077939
33.33407523009762
33.33152950306805
33.32886632250436
33.32608592074095
33.323188529601296
33.32017438036586
33.31704370373969
33.3137967298194
33.31043368805985
33.30695480724034
33.303360315430254
33.29965043995435
33.29582540735741
33.291885443368535
33.28783077286481
33.283661619834504
33.27937820733975
33.2749807574786
33.27046949134663
33.26584462899784
33.26110638940511
33.25625499041994
33.25129064873167
33.24621357982599
33.241023997942946
33.23572211603414
33.230308145719356
33.22478229724256
33.21914477942709
33.21339579963022
33.20753556369701
33.20156427591341
33.19548213895856
33.18928935385644
33.182986119926646
33.17657263473445
33.17004909403995
33.16341569174655
33.1566726198484
33.14982006837716
33.142858225347794
33.135787276703454
33.128607406259526
33.121318795646694
33.11392162425302
33.10641606916513
33.098802305108386
33.091080504386014
33.083250836817214
33.07531346967421
33.06726856761823
33.05911629263437
33.05085680396534
33.042490258044026
33.03401680842489
33.025436605714106
33.01674979749857
33.00795652827345
32.99905693936861
32.99005116887352
32.9809393515609
32.97172161880889
32.962398098521746
32.95296891504901
32.943434189103165
32.93379403767557
