-0.018437496301756534
-0.018187805033172317
-0.017963086402940382
-0.017766804321920397
-0.0175917860897897
-0.017425422346627664
-0.01725500128799407
-0.017071208798218336
-0.01686921094097608
-0.016648508531523228
-0.016412378166975803
-0.016166954407200326
-0.015919907558241072
-0.01567896223318031
-0.015450663595018491
-0.015239674227451159
-0.015048630900817846
-0.01487840155380725
-0.014728529912605752
-0.014597699752600064
-0.014484125977178923
-0.014385841809375226
-0.01430088779541119
-0.01422742313428707
-0.014163782020285282
-0.0141084942133664
-0.0140602840713805
-0.014018057797643708
-0.013980885132339377
-0.01394797926946998
-0.013918677161995595
-0.013892421297929043
-0.013868743456293776
-0.013847250555598559
-0.013827612510103818
-0.01380955193406002
-0.01379283546458133
-0.01377726649190501
-0.013762679095871564
-0.013748932985929663
-0.013735909302999564
-0.013723507114818035
-0.013711640519082849
-0.013700236223119767
-0.013689231536943831
-0.013678572698320447
-0.013668213479019408
-0.013658114022329094
-0.01364823986936821
-0.013638561146665484
-0.013629051882698051
-0.013619689435556933
-0.01361045400983989
-0.013601328255144039
-0.013592296917969933
-0.013583346552910073
-0.013574465279914405
-0.013565642569420961
-0.013556869073189372
-0.013548136459921709
-0.01353943730038309
-0.013530764941887203
-0.01352211342393158
-0.013513477388595232
-0.01350485201191475
-0.01349623294381214
-0.013487616250845321
-0.013478998375567826
-0.013470376087710486
-0.01346174645925077
-0.013453106823914368
-0.013444454754531421
-0.013435788040813842
-0.013427104664016597
-0.013418402777953456
-0.013409680698601281
-0.013400936882287958
-0.013392169916490034
-0.013383378507596876
-0.013374561468572868
-0.013365717711697953
-0.013356846239028658
-0.013347946134432579
-0.01333901655928831
-0.013330056741625455
-0.013321065974835625
-0.013312043611400181
-0.013302989054455096
-0.013293901759440318
-0.013284781229201513
-0.013275627005315194
-0.013266438671228252
-0.013257215843618986
-0.013247958177492417
-0.013238665354420375
-0.013229337084492546
-0.013219973109868879
-0.013210573193688534
-0.013201137120501793
-0.01319166470050921
-0.013182155762331466
-0.01317261015177055
-0.013163027734889293
-0.013153408390908696
-0.013143752017027095
-0.013134058524730907
-0.013124327836328444
-0.013114559890646374
-0.013104754634475163
-0.013094912029389467
-0.013085032046737258
-0.013075114667872116
-0.013065159882238888
-0.013055167692308422
-0.013045138106254614
-0.01303507114355034
-0.013024966831028642
-0.01301482520407152
-0.013004646306413566
-0.012994430189961907
-0.012984176913145587
-0.01297388654563806
-0.012963559160592098
-0.012953194845495227
-0.0129427936915645
-0.012932355800351833
-0.012921881279709627
-0.012911370251681343
-0.012900822842086861
-0.012890239190368438
-0.012879619444723617
-0.012868963763874844
-0.012858272320653058
-0.012847545295471482
-0.012836782886039937
-0.012825985298613257
-0.012815152759816987
-0.012804285506555818
-0.012793383793497199
-0.012782447894820236
-0.01277147810166103
-0.01276047472600727
-0.01274943810044444
-0.012738368582299932
-0.012727266552595802
-0.012716132420042277
-0.012704966622269399
-0.012693769629470655
-0.012682541942536825
-0.012643276370926172
-0.012646163146428014
-0.012646162876007953
-0.012643788656213423
-0.012639522146953816
-0.012633771744545353
-0.012626866657843508
-0.012619064830099298
-0.012612238450141403
-0.012605146511362008
-0.01259724650551507
-0.012588721401809383
-0.012579708596760544
-0.01257031202820491
-0.012560610911634896
-0.01255066605284488
-0.012540524463125428
-0.012530222767791288
-0.012519789737370123
-0.012509248179333974
-0.012498616369985652
-0.012487909138558288
-0.012477138695058499
-0.012466315268386395
-0.012455447601157878
-0.012444543338746738
-0.012433609340312577
-0.012422651930042711
-0.012411677098953518
-0.012400690685134611
-0.012389698525538447
-0.012378706593134694
-0.012367721129101806
-0.012356748765545222
-0.012345796657833577
-0.012334872616022044
-0.012323985248865034
-0.012313144123176245
-0.012302359945452247
-0.012291644763100988
-0.012281012205095915
-0.012270477756832928
-0.012260059086644093
-0.012249776440478926
-0.012239653103166511
-0.012229715971226447
-0.012219996229446684
-0.012210530201294811
-0.012201360386683173
-0.01219253674907548
