0.7019659628145802
1.8798271629294652
2.5557634688217172
3.5077518068411777
4.804668138894265
6.452187450417942
8.388205800333738
10.523716694461088
12.776747255273182
15.081842565947536
17.388299469029096
19.657151819455795
21.85937000619842
23.974857938872898
25.991507294248528
27.90396007846212
29.7121128581539
31.41957157303468
33.03226248889389
34.55731876336188
36.00227146885919
37.3745140031851
38.68098258166158
39.92799252995398
41.12117871317334
42.26550065342912
43.36528447174909
44.424283101562324
45.44574308631476
46.432471002718366
47.38689568004776
48.31112437968129
49.206992286677014
50.07610537939776
50.919877113248916
51.73955952578653
52.53626943765435
53.31101040358884
54.06469102695151
54.79814019293847
55.512119698643914
56.20733470638012
56.88444236908865
57.54405894311612
58.18676563700489
58.813113416724
59.423626945369485
60.018807809882205
60.59913716105288
61.16507786988796
61.717076289098465
62.25556369018028
62.780957437007324
63.29366194437318
63.79406946560269
64.28256073740798
64.75950551338833
65.2252630099193
65.68018227804504
66.12460252459263
66.5588533832781
66.98325516058131
67.39811904893128
67.8037473270251
68.2004335427775
68.58846268787694
68.96811136659915
69.33964795856916
69.70333278199337
70.05941825188525
70.40814904315882
70.74976224974569
71.08448754674276
71.41254735442219
71.73415700140156
72.04952488872735
72.35885265755692
72.66233535430986
72.96016159789136
73.25251374675418
73.53956806488452
73.82149488818689
74.09845878950127
74.3706187423288
74.63812828415396
74.90113567619248
75.1597840628904
75.41421162879982
75.6645517516377
75.91093315499086
76.15348005786886
76.39231231953258
76.62754558364045
76.85929141728433
77.0876574495441
77.31274750364436
77.53466172727917
77.75349672141722
77.96934566277388
78.18229842367329
78.39244169035034
78.59985907613691
78.8046312313297
79.00683595108534
79.20654827823994
79.40384060462732
79.59878276838819
79.79144214743471
79.9818837515757
80.17017030952579
80.3563623548737
80.54051830797734
80.72269455518341
80.90294552490991
81.08132376226811
81.25787999933006
81.43266322416397
81.60572074645157
81.77709826092236
81.94683990833961
82.11498833406745
82.28158474399848
82.4466689591609
82.61027946652534
82.77245346978557
82.93322693586543
83.09263464061279
83.25071021163197
83.4074861705139
83.56299397111856
83.71726403761662
83.87032579966413
84.02220772589634
84.17293735604055
84.32254132997645
84.47104541638846
84.61847453805748
84.76485279696522
84.91020349585517
85.05454915886286
85.19791155030546
85.34031169096872
85.48176987275468
85.6223056710576
85.76193795533901
85.9006848971644
86.03856397622019
86.17559198383869
86.31178502416766
86.44715851221122
86.3734449146621
86.32256509759137
86.29824625828539
86.29853858190637
86.31964884087462
86.35757376903558
86.40872620754533
86.47011424787051
86.53930984151724
86.6143765440207
86.69381684413293
86.77649253042414
86.86153454412869
86.94827634811308
87.03620440973619
87.12492121540639
87.21411752037102
87.30355143927818
87.39303262386149
87.48241023607287
87.57156376138009
87.66039595194582
87.74882737011586
87.83679213584696
87.92423457996732
88.01110657806542
88.09736539378855
88.1829719001508
88.26788907678461
88.35208070347649
88.435510185409
88.51813945710501
88.59992791997722
88.68083137296685
88.76080089889076
88.83978166916124
88.91771162856999
88.9945200185869
89.07012569253719
89.14443516850545
89.21734035630672
89.28871588161864
89.35841591389577
89.42627038333224
89.49208044440391
89.55561300892869
89.6165941260731
89.67470092968294
89.72955179864259
