294271.2648
667564.2359421585
669508.4800898321
671445.1208621087
673377.7415606562
675306.8380263728
677232.763237014
679155.8043840942
681076.197544835
682994.1384003
684909.7907256458
686823.2931150476
688734.764296363
690644.3073216167
692552.0128633328
694457.9618009101
696362.2272448543
698264.876116341
700165.9703760556
702065.5679768957
703963.723599806
705860.4892196963
707755.9145386011
709650.0473155342
711542.9336161927
713434.6180006899
715325.1436637775
717214.5525387236
719102.8853737494
720990.1817877224
722876.4803106389
724761.8184129744
726646.2325269615
728529.7580624649
730412.4294191941
732294.2799965501
734175.3422025017
736055.6474618312
737935.2262246689
739814.1079754648
741692.3212428029
743569.8936102235
745446.8517279021
747323.2213257392
749199.0272271124
751074.2933640339
752949.0427930941
754823.2977123212
756697.0794789304
758570.4086276506
760443.3048899506
762315.7872134638
764187.8737822473
766059.5820370464
767930.9286960976
769801.9297759718
771672.6006126988
773542.9558827633
775413.009624233
777282.7752577277
779152.2656073568
781021.492921351
782890.4688925674
784759.2046787551
786627.7109223133
788495.9977701143
790364.0748924147
792231.9515018988
794099.6363719219
795967.1378550029
797834.4638992934
799701.6220665999
801568.619549028
803435.4631843502
805302.1594724682
807168.7145899135
809035.1344051008
810901.4244921462
812767.59014477
814633.6363894724
816499.5679983913
818365.3895014595
820231.1051981736
822096.7191693096
823962.2352874432
825827.6572276271
827692.988477468
829558.2323466463
831423.3919761836
833288.4703473604
835153.4702899602
837018.3944904959
838690.3023965931
840374.4340918463
842063.844838207
843757.7947647902
845455.4369890364
847156.3120169181
848860.0310486682
850566.2987571206
852274.8896222499
853985.6302914275
855698.3864225213
857413.0528663968
859129.5463385398
860847.7999473212
862567.7591073257
864289.3784867168
866012.619726349
867737.449735376
869463.8394171696
871191.7627168176
872921.1959085964
874652.1170631463
876384.5056482845
878118.3422301917
879853.6082493254
881590.2858522531
883328.3577652336
885067.807199031
886808.6177771831
888550.7734814094
890294.2586104525
892039.0577483636
893785.1557403216
895532.5376737232
897281.1888635774
899031.0948406965
900782.2413425287
902534.6143054098
904288.1998583407
906042.9843176721
907798.9541824145
909556.0961303598
911314.3970144803
913073.8438595894
914834.4238594772
916596.124374083
918358.9329268172
920122.8372021388
921887.8250431353
923653.8844491732
925421.0035737434
927189.170722196
928958.3743496705
930728.6030589992
932499.8455987668
934272.0908611203
936045.3278800343
937819.5458292491
939594.7340203926
941370.8819012794
943147.9790538016
944926.0151924687
946704.9801623061
948484.8639373983
950265.6566189883
952047.3484338414
953829.9297326545
955613.3909882919
957397.722794255
959182.9158630613
960968.9610247512
962755.849225145
964543.5715245841
966332.119096255
968121.4832247777
969911.6553047198
971702.6268391499
973494.3894383113
975286.9348181015
977080.254798835
978874.341303739
980669.1863577289
982464.7820860943
984261.1207130878
986058.1945608221
987855.9960477754
989654.517687837
991453.7520887624
993253.691951288
995054.3300676662
996855.6593206681
998657.6726823078
1000460.3632127708
1002263.7240592508
1004067.7484549009
1005872.4297176091
1007677.7612490585
1009483.7365336085
1011290.3491370924
1013097.5927061412
1014905.4609667562
1016713.9477234965
1018523.0468586497
1020332.7523307859
1022143.058174224
1023953.958497981
1025765.4474846066
