5.999
6.011270059924561
6.022910238462798
6.0345516756718
6.046193809960847
6.057836559309332
6.069479864519626
6.081123677136333
6.092767957053117
6.1044126707623025
6.116057789972988
6.127703290520098
6.1393491515047875
6.1509953546185345
6.162641883612697
6.17428872388309
6.18593586214529
6.197583286181432
6.209230984643139
6.220878946898526
6.232527162913651
6.244175623160895
6.255824318548272
6.267473240365001
6.27912238023966
6.290771730108019
6.3024212821882974
6.314071028962094
6.3257209631596005
6.3373710777480285
6.349021365922456
6.360671821098417
6.3723224369057645
6.383973207183454
6.395624125974926
6.407275187523907
6.418926386270467
6.430577716847207
6.442229174075515
6.453880752961804
6.465532448693739
6.477184256636369
6.48883617232822
6.500488191477287
6.512140309956963
6.523792523801877
6.535444829203717
6.5470972225069355
6.558749700204465
6.570402258933397
6.582054895470616
6.593707606728483
6.605360389750473
6.617013241706854
6.6286661598904155
6.640319141712202
6.65197218469732
6.663625286480786
6.675278444803439
6.686931657507944
6.698584922534851
6.710238237918736
6.721891601784433
6.7335450123433525
6.745198467889927
6.756851966798038
6.76850550751772
6.7801590885718275
6.79181270855283
6.803466366119573
6.815120059994689
6.826773788961316
6.838427551860314
6.850081347587826
6.86173517509242
6.873389033372824
6.8850429214752875
6.896696838491431
6.9083507835559725
6.920004755844584
6.931658754571835
6.943312778989285
6.9549668283836406
6.96662090207482
6.9782749994144035
6.989929119783921
7.001583262593292
7.013237427279351
7.024891613304461
7.036545820155086
7.048200047340587
7.059854294391942
7.07153327688828
7.083209281281155
7.094884590964444
7.106559252428868
7.11823341725163
7.129907129197674
7.14158043772307
7.153253380661699
7.164925987176814
7.176598279957437
7.188270276853812
7.199941992095697
7.211613437200285
7.2232846216488635
7.234955553391429
7.246626239223018
7.258296685064431
7.269966896171735
7.2816368772926925
7.293306632783511
7.304976166696177
7.316645482843689
7.328314584848938
7.339983476181317
7.351652160184179
7.363320640095548
7.374988919063668
7.386657000158828
7.398324886382309
7.409992580673247
7.421660085913904
7.433327404933757
7.444994540512717
7.456661495383673
7.468328272234558
7.479994873710026
7.491661302412858
7.503327560905163
7.514993651709409
7.526659577309333
7.538325340150774
7.54999094264241
7.561656387156468
7.573321676029364
7.584986811562326
7.596651796021982
7.60831663164093
7.619981320618279
7.631645865120191
7.643310267280393
7.654974529200682
7.666638652951427
7.678302640572047
7.689966494071489
7.701630215428696
7.713293806593056
7.724957269484885
7.736620605995818
7.748283817989295
7.75994690730096
7.771609875739099
7.7832727250850375
7.794935457093569
7.806598073493347
7.818260575987282
7.829922966252941
7.8415852459429
7.853247416685171
7.8649094800835275
7.876571437717902
7.888233291144734
7.89989504189732
7.9115566914861715
7.92321824139936
7.934879693102852
7.946541048040834
7.958202307636063
7.969863473290169
7.981524546383984
7.993185528277845
8.004846420311921
8.0165072238065
8.028167940062293
8.039828570360728
8.05148911596425
8.063149578116594
8.074809958043067
8.086470256950836
8.09813047602918
8.10979061644979
8.121450679367005
8.133110665918075
8.144770577223444
8.156430414386966
8.168090178496175
8.179749870622539
8.191409491821664
8.203069043133574
8.214728525582917
8.22638794017921
8.238047287917054
8.249706569776361
8.261365786722585
8.27302493970692
8.284684029666524
8.296343057524728
8.308002024191246
