6.1474
17.241880616218392
17.254332430508587
17.266833744426066
17.279381850134016
17.2919740804611
17.304607910528947
17.317280955651054
17.32999096800861
17.34273583242411
17.355513561488888
17.36832229024859
17.381160270609104
17.39402586559164
17.4069175435385
17.419833872348885
17.432773379510515
17.445734948833497
17.45871741362196
17.471719684848026
17.4847407463485
17.49777965009756
17.510835511709363
17.523907506172026
17.536994863811287
17.55009686647982
17.563212843966127
17.576342170988884
17.58948426244744
17.602638572929962
17.6158045921775
17.628981842923736
17.642169878444946
17.65536828026746
17.668576656023525
17.681794637446583
17.69502187849738
17.708258053612713
17.72150285606891
17.734755996452602
17.74801720123177
17.761286211420355
17.774562781330232
17.787846677404634
17.801137677127556
17.81443556800396
17.82774014660604
17.841051217680953
17.85436859331598
17.8676920921571
17.881021538677455
17.89435676249226
17.907697597717085
17.92104388236657
17.934395457790878
17.947752168147368
17.961113859905147
17.97448038138034
17.987851582300035
18.001227313393084
18.01460742600591
18.027991771741792
18.041380202122042
18.05477256826773
18.06816872060056
18.081567811869945
18.094970386371763
18.108376291033167
18.121785370858326
18.13519746890333
18.148612426069295
18.162030080907613
18.175450269436542
18.188872824968463
18.20229757794707
18.21572435579391
18.229152982763686
18.24258327980771
18.25601506444504
18.269448150640773
18.28288234869107
18.296317465114438
18.309753302548845
18.32318965965441
18.336626331021108
18.350063107081287
18.363499774026685
18.37693611372952
18.390371903667514
18.40380691685247
18.41724092176221
18.43067368227562
18.444104957610552
18.45753450226443
18.470962065957284
18.48438739357707
18.497810225127104
18.51123029567543
18.524647335305914
18.538061069071038
18.551471216946105
18.56487749378486
18.57827960927631
18.591677267902654
18.605070168898212
18.61845800620933
18.63184046845497
18.645217238888126
18.65858799535781
18.67195241027161
18.685310150558742
18.698660877633493
18.71200424735903
18.72533991001146
18.738667510244177
18.75198668705235
18.765297073737557
18.778598297872495
18.791889981265747
18.805171739926575
18.818443184029636
18.831703917879697
18.84495353987624
18.858192467855144
18.871419534610432
18.88463417693908
18.89783611101326
18.91102479258014
18.924199831018964
18.937360776278716
18.95050714898726
18.96363855210815
18.97675449356507
18.989854504453017
19.00293797494495
19.016003839901444
19.0290523299275
19.04208295043251
19.05509520036856
19.06808857215489
19.081062551632588
19.09401661802408
19.106950243892673
19.11986289510201
19.13275403077539
19.145623103254856
19.15846955806009
19.1712928338471
19.184092362366627
19.19686756842237
19.209617869828943
19.22234267736965
19.23504139475396
19.247713418574907
19.26035813826614
19.27297493605894
19.285563186938923
19.298122258602703
19.310651511414353
19.32315029836172
19.335617965012677
19.348053849471235
19.3604572823336
19.372827586644107
19.385164077851208
19.397466063763293
19.409732844504592
19.42196371247105
19.434157952286174
19.446314840756965
19.458433646829903
19.470513631546957
19.482554048001713
19.494554141295612
19.506513148494314
19.518430298584178
19.530304812428934
19.54213590272655
19.553923469341388
19.565665332746928
19.57736137996913
19.58901077109286
19.600612679808318
19.612166957349416
19.623671942146082
19.635126307070077
19.646529791156787
19.657881522576893
19.66918062073283
19.680426196477825
19.691617352066505
19.702753181104992
19.713832768398607
19.72485519036287
19.735819514213667
19.74672479848278
19.757570092819424
19.76835443804774
19.77907686568077
