11.211856454358097
11.22756150798065
11.24571856794712
11.265016594091877
11.28476599911968
11.304598663825297
11.324314386153512
11.343800266521201
11.362988377407778
11.381833496030978
11.400301333728395
11.41836224460442
11.43598778168116
11.453148718263636
11.469813805808212
11.485948880766133
11.501516110192782
11.516473257089434
11.530772892087416
11.54436149933809
11.557178432249788
11.569154674544626
11.580211356615264
11.590257967425933
11.599190188347288
11.606887256922592
11.61320874483799
11.617990604089279
11.621040297334458
11.622130781346732
11.620993055758316
11.6173069239357
11.610689543842424
11.600681287554185
11.586728409218267
11.568162107040953
11.544173884817658
11.513787923003557
11.475832924614775
11.428919434332116
11.371435292889732
11.301583570455564
11.217505687163532
11.117555825665503
11.00080796971192
10.867844773566654
10.721726712693036
10.568724317762001
10.418075476592685
10.280200634701213
10.163828039826974
10.073603907391112
10.009571854779237
9.968439307274014
9.945453241022136
9.935873793255139
9.935717742015028
9.94195502689944
9.952417394797104
9.965612182194167
9.980536993577779
9.996529434826975
10.01315646477708
10.030137118533236
10.047290189075172
10.064499469077905
10.081690926525368
10.098817823805541
10.115851059197478
10.132777539733013
10.149578476437172
10.166247066736855
10.182789269788023
10.19920106452155
10.215482972239018
10.23163681656812
10.24766371544911
10.26356618105654
10.27934667514547
10.295007767037141
10.310552084405407
10.325982280641
10.341301013095133
10.35651092848179
10.371614652989427
10.386614785496102
10.401513892835633
10.416314506428378
10.431019119826397
10.445630186879816
10.460150120333381
10.474581290726336
10.488926025515209
10.50318660835596
10.517365278532383
10.531464230475219
10.545485613379027
10.55943153089617
10.573304040901094
10.587105155318717
10.600836840013054
10.614501014731882
10.628099553104397
10.641634282690037
10.655106985075406
10.66851939601761
10.681873205631938
10.695170058622466
10.708411554553148
10.721599248157947
10.734734649689225
10.747819225301216
10.76085439746849
10.77384154543695
10.786782005706502
10.79967707254354
10.812527998521986
10.825335995091654
10.838102233172398
10.850827843772704
10.86351391863176
10.876161510883554
10.888771635741653
10.901345271203924
10.913883358775498
10.926386804209855
10.938856478265446
10.951293217478712
10.963697824950733
10.976071071148132
10.988413694715996
11.000726403303203
11.013009874397934
11.025264756174282
11.03749166834775
11.04969120303934
11.061863925648062
11.074010375730847
11.08613106788895
11.09822649266077
11.110297117420439
11.12234338728136
11.134365726004614
11.146364536911344
11.158340203799288
11.170293091862613
11.18222354861433
11.194131904812053
11.206018475385646
11.217883560367184
11.229727445822318
11.241550404783336
11.253352698183551
11.265134575792407
11.276896277151153
11.288638032509908
11.300360063763634
11.312062585389528
11.323745805383604
11.335409926197087
11.347055145672375
11.358681657978565
11.370289654545676
11.38187932499823
11.393450858087657
11.405004442622863
11.41654026839954
11.428058527128062
11.43955941335835
11.451043125403936
11.462509866262524
11.473959844534503
11.485393275338538
11.49681038122429
11.508211393081734
8.615660475036735
8.637158087122367
8.661695448090008
8.687754330032671
8.714540880440563
8.741636646709145
8.76882007133934
8.795972808993195
8.823030610099217
8.849957591652286
8.876732769506933
8.903343015501305
8.929779379639244
8.956035173942421
8.98210497795957
9.007984125927893
9.03366844514167
9.059154124861994
9.084437652605724
9.109515784774256
9.134385534362686
9.15904416675877
9.183489198973469
9.207718399918521
9.231729790537493
9.255521643222897
9.27909248028066
9.302441071374858
9.325566429975503
9.348467808877057
9.371144694878602
9.39359680272446
9.415824068407362
9.437826641934098
9.45960487964917
9.481159336206911
9.502490756275908
9.523600066052847
9.544488364655962
9.565156915461186
9.58560713743757
9.605840596530953
9.625858997139847
9.645664173719727
9.665258082547833
9.684642793674234
9.703820529986176
9.722793469141259
9.741564026976661
9.7601346521201
9.77850787030466
9.79668627766995
9.814672534343787
9.832469358306072
9.850079519519271
9.867505834315189
9.884751160030756
9.901818389883266
9.918710448079164
9.93543028514798
9.951980873424274
9.968365203088315
9.984586277773573
10.000647110732782
10.016550721526958
10.032300132262604
10.047898364356888
10.06335245582831
10.07865801781057
10.093821170600334
10.108841010008364
10.123727960643523
10.138481903290202
10.15310566858632
10.167602116245515
10.18197410886852
10.196224497164213
10.210356111461707
10.224371756538048
10.238274208213772
10.25206621091264
10.265750870730063
10.279330167654054
10.292806998282874
10.30618398681097
10.319463708545696
10.332648693889787
10.345741430051708
10.35874436158079
10.37165989032955
10.384490375155433
10.397238131519629
10.40990543106811
10.42249450123234
10.435007524874097
10.447446639981132
10.459813939417632
10.47211147073415
10.484341236032217
10.496505191884676
10.508605249310543
10.520643273801692
10.532621085400168
10.5445404588249
10.556403123640923
10.568210764481577
10.579965021305242
10.591667489697642
10.603319721211841
10.614923223745874
10.626479461955379
10.637989857700104
10.649455790521849
10.660878598152253
10.672259577048726
10.683599982956567
10.694901031495812
10.706163898770749
10.717389722000485
10.728579600169395
10.739734594694847
10.750855730111816
10.761943994771725
10.773000341554768
10.784025688593944
10.79502092000936
10.805986886651446
10.816924406851639
10.827834267179682
10.838717223205542
10.849574000265346
10.860405294229885
10.87121177227468
10.881994073650414
10.892752810452814
10.90348856839095
10.914201907553068
10.924893363168893
10.935563446367912
10.946212644932364
10.956841424044612
10.967450227027864
10.978039476079912
10.98860957299871
10.999160899899993
11.009693819925683
11.020208677942701
11.030705801232385
11.041185500168924
11.051648068887495
11.062093785940984
11.072522914945726
11.082935705214807
11.09333239237998
11.103713199000978
11.11407833516269
11.124427999059225
11.134762377565789
11.145081646797102
11.155385972653221
11.165675511351784
11.175950409947706
11.186210806839034
11.19645683225991
11.206688608760327
11.216906251672269
11.227109869563185
11.237299564675808
11.247475433355119
11.257637566462133
11.267786049774845
11.277920964376206
11.288042387029222
11.298150390539472
11.308245044105359
11.211856454358097
11.22756150798065
11.24571856794712
11.265016594091877
11.28476599911968
11.304598663825297
11.324314386153512
11.343800266521201
11.362988377407778
11.381833496030978
11.400301333728395
11.41836224460442
11.43598778168116
11.453148718263636
11.469813805808212
11.485948880766133
11.501516110192782
11.516473257089434
11.530772892087416
11.54436149933809
11.557178432249788
11.569154674544626
11.580211356615264
11.590257967425933
11.599190188347288
11.606887256922592
11.61320874483799
11.617990604089279
11.621040297334458
11.622130781346732
11.620993055758316
11.6173069239357
11.610689543842424
11.600681287554185
11.586728409218267
11.568162107040953
11.544173884817658
11.513787923003557
11.475832924614775
11.428919434332116
11.371435292889732
11.301583570455564
11.217505687163532
11.117555825665503
11.00080796971192
10.867844773566654
10.721726712693036
10.568724317762001
10.418075476592685
10.280200634701213
10.163828039826974
10.073603907391112
10.009571854779237
9.968439307274014
9.945453241022136
9.935873793255139
9.935717742015028
9.94195502689944
9.952417394797104
9.965612182194167
9.980536993577779
9.996529434826975
10.01315646477708
10.030137118533236
10.047290189075172
10.064499469077905
10.081690926525368
10.098817823805541
10.115851059197478
10.132777539733013
10.149578476437172
10.166247066736855
10.182789269788023
10.19920106452155
10.215482972239018
10.23163681656812
10.24766371544911
10.26356618105654
10.27934667514547
10.295007767037141
10.310552084405407
10.325982280641
10.341301013095133
10.35651092848179
10.371614652989427
10.386614785496102
10.401513892835633
10.416314506428378
10.431019119826397
10.445630186879816
10.460150120333381
10.474581290726336
10.488926025515209
10.50318660835596
10.517365278532383
10.531464230475219
10.545485613379027
10.55943153089617
10.573304040901094
10.587105155318717
10.600836840013054
10.614501014731882
10.628099553104397
10.641634282690037
10.655106985075406
10.66851939601761
10.681873205631938
10.695170058622466
10.708411554553148
10.721599248157947
10.734734649689225
10.747819225301216
10.76085439746849
10.77384154543695
10.786782005706502
10.79967707254354
10.812527998521986
10.825335995091654
10.838102233172398
10.850827843772704
10.86351391863176
10.876161510883554
10.888771635741653
10.901345271203924
10.913883358775498
10.926386804209855
10.938856478265446
10.951293217478712
10.963697824950733
10.976071071148132
10.988413694715996
11.000726403303203
11.013009874397934
11.025264756174282
11.03749166834775
11.04969120303934
11.061863925648062
11.074010375730847
11.08613106788895
11.09822649266077
11.110297117420439
11.12234338728136
11.134365726004614
11.146364536911344
11.158340203799288
11.170293091862613
11.18222354861433
11.194131904812053
11.206018475385646
11.217883560367184
11.229727445822318
11.241550404783336
11.253352698183551
11.265134575792407
11.276896277151153
11.288638032509908
11.300360063763634
11.312062585389528
11.323745805383604
11.335409926197087
11.347055145672375
11.358681657978565
11.370289654545676
11.38187932499823
11.393450858087657
11.405004442622863
11.41654026839954
11.428058527128062
11.43955941335835
11.451043125403936
11.462509866262524
11.473959844534503
11.485393275338538
11.49681038122429
11.508211393081734
11.162321265164724
11.17815513946864
11.196515100841193
11.216052287135009
11.236061540034042
11.256167909894247
11.276167895398649
11.295946561761768
11.315434261045315
11.334583987925422
11.353359468025905
11.371728813604403
11.389661052156823
11.407124120140807
11.424083583010429
11.440501689716857
11.45633654874696
11.471541303770609
11.486063231626202
11.499842705180189
11.512811969527066
11.52489367747356
11.535999121757433
11.546026087796577
11.554856231794046
11.562351863916588
11.568351983693645
11.572667373053813
11.575074499633216
11.575307917415131
11.573050772885642
11.567922935198814
11.559466178299848
11.547125777232552
11.530227898338442
11.507952387689064
11.479301245352545
11.443064704471293
11.397790324591783
11.341767441345256
11.273052111867788
11.189579069026891
11.089437007004902
10.971409093790188
10.835857036794463
10.685861688663264
10.528145979539074
10.372870082053115
10.231555090192764
10.113683435358091
10.023961728485752
9.961908562127867
9.92350844842351
9.903409659674688
9.896511570201167
9.898676720151403
9.906850453723564
9.918903403983116
9.933403641001417
9.949409952589999
9.966312714426465
9.983720941531928
10.001385660471168
10.019149285197592
10.036912704420049
10.054614091680914
10.0722153447559
10.089693439129771
10.107034925836846
10.124237149771657
10.141287990262402
10.158185245165717
10.174938151524302
10.191544675876337
10.208006803758984
10.224326954375158
10.24050781152031
10.256552217243067
10.272463104646723
10.288243917008598
10.303896850961339
10.319425200696424
10.3348319847847
10.350120192368706
10.365292782496638
10.380352682632557
10.395302786871888
10.410145954160887
10.424885006615584
10.439522727978469
10.454061862212098
10.468505112222946
10.482855138702314
10.497114559075026
10.511285946546028
10.525371829239813
10.539374689416254
10.55329696278436
10.567141037874867
10.580909255495374
10.59460390825408
10.608227240151045
10.621781446235591
10.635268672326408
10.648691014793357
10.662050520397756
10.675349186190264
10.68858895946344
10.701771737757706
10.714899368918406
10.727973651201985
10.74099633343
10.753969115188221
10.766893647069894
10.779771530960454
10.792604320362734
10.805393520760385
10.81814059001767
10.83084693881448
10.843513931114334
10.856142884663736
10.868735071521845
10.881291718617923
10.893814008336062
10.906303079124603
10.918760026129712
10.931185901850988
10.943581716818072
10.955948440286816
10.968287000953719
10.980598287687348
10.992883150275375
11.005142400186584
11.01737681134604
11.02958712092294
11.041774030129883
11.053938205032523
11.066080277368917
11.078200845377506
11.090286329218445
11.102385080225403
11.114443882386832
11.126483302273384
11.138503779737253
11.150505725236702
11.162489521658829
11.174455525771094
11.186404069221478
11.198335459364365
11.210249980037599
11.22214789234008
11.234029435429253
11.245894827339281
11.257744265819385
11.269577929187598
11.281395977196356
11.293198551907164
11.304985778571714
11.316757766517995
11.32851461004022
11.340256389291854
11.351983171180649
11.363695010266214
11.375391949659376
11.387074021923226
11.398741249976165
11.410393647996482
11.422031222328753
11.433653972392344
11.44526189159159
11.456854968227917
11.46843318641409
11.479996526991108
11.49154496844597
11.5030784878333
11.514597061697987
11.52610066700071
11.537589282046014
11.549062887411951
11.56052146688308
11.571965008384813
11.583393504920409
11.594806955510796
11.606205366134915
11.617588750673493
11.62895713185421
11.64031054219794
11.651649024967428
11.662972635116484
11.674281440240582
11.685575521528232
11.696854974712684
11.708119911024237
11.719370458141697
11.730606761144191
11.741828983461817
11.753037307825073
11.764231937212987
11.775413095798791
11.162320914132554
11.178155110116618
11.19651508408729
11.216052276741936
11.236061656366171
11.256168027993919
11.27616801645685
11.295946686564664
11.315434390168452
11.334584121864511
11.353359607269708
11.371728958677945
11.38966120364978
11.407124278728924
11.424083749475537
11.440501864967189
11.45633673384007
11.471541499940447
11.48606344031492
11.499842928077639
11.512812208618882
11.524893935101373
11.53599940069427
11.546026391341437
11.554856563892312
11.562352229311738
11.568352388120445
11.57266782348787
11.575075004607356
11.575308487435478
11.573051420978633
11.56792291898573
11.559466162965608
11.547125760618826
11.530227878937268
11.507952364154862
11.479301216161705
11.443064667675864
11.397790277568618
11.341767380448474
11.273052031881484
11.189578962355903
11.089436862892136
10.971408899065706
10.835856782083109
10.685861384679955
10.528145677065188
10.372869865087756
10.23155502084624
10.113683502301802
10.023961866203779
9.961909245075525
9.923508253862462
9.903409750480208
9.896511686192309
9.898676803872714
9.90685050883785
9.918903442310837
9.933403670338047
9.949409977243693
9.966312736748545
9.98372096282354
10.001385681379658
10.019149306349105
10.036912726002141
10.054614113642861
10.07221536730069
10.089693462296147
10.107034949642932
10.124237173329254
10.141288015293945
10.158185271849645
10.174938177895008
10.191544702863927
10.208006831353366
10.224326982565596
10.24050784029617
10.256552246593438
10.272463134561274
10.288243947342087
10.303896881968974
10.319425232239041
10.334832016852173
10.350120224952676
10.365292815589283
10.380352716225584
10.395302820957676
10.41014598873216
10.424885041665387
10.439522763500369
10.45406189820011
10.468505148671094
10.48285517560514
10.497114596427396
10.511285984342958
10.525371867473684
10.539374728085846
10.553297001885543
10.567141077403717
10.580909295448121
10.59460394862709
10.608227280940802
10.621781487438623
10.6352687139393
10.648691056812616
10.662050562819921
10.67534922901164
10.68858900268035
10.701771781366213
10.714899412914304
10.7279736955809
10.74099637818715
10.753969160318565
10.766893692567908
10.779771576820247
10.792604366577976
10.805393567324185
10.818140636922662
10.830846986052807
10.843513978677423
10.856142932542532
10.868735119706571
10.881291767098233
10.893814057100878
10.906303128162111
10.918760075427354
10.931185951395447
10.9435817665952
10.955948490281648
10.968287051150435
10.98059833806922
10.992883200824867
11.005142450885282
11.017376862174803
11.029587171861884
11.04177408115846
11.053938256129781
11.066080328513475
11.078200896547932
11.090286215846902
11.102385109835172
11.11444392189493
11.126483348272183
11.138503829684156
11.150505777488874
11.162489575157556
11.174455579837126
11.186404123422333
11.198335513428203
11.210250033797017
11.222147945696126
11.23402948832715
11.245894879753445
11.257744317743239
11.269577980627002
11.281396028165249
11.293198602424908
11.30498582866108
11.316757816204083
11.32851465934953
11.340256438251727
11.351983219818973
11.36369505861103
11.375391997738788
11.387074069765278
11.398741297608641
11.410393695446775
11.422031269624064
11.433654019559267
11.445261938656321
11.4568550152161
11.468433233350963
11.479996573901156
11.491545015353363
11.50307853476147
11.514597108669697
11.526100714038357
11.53758932917116
11.54906293464579
11.560521514246181
11.571965055897028
11.583393552601363
11.594807003379156
11.606205414209075
11.617588798971333
11.62895718039294
11.640310590994474
11.651649074038103
11.662972684477225
11.674281489906948
11.685575571515308
11.696855025035353
11.708119961696713
11.719370509177914
11.730606812557934
11.74182903526639
11.753037360033723
11.764231989838288
11.775413148853387
11.162321265164724
11.17815513946864
11.196515100841193
11.216052287135009
11.236061540034042
11.256167909894247
11.276167895398649
11.295946561761768
11.315434261045315
11.334583987925422
11.353359468025905
11.371728813604403
11.389661052156823
11.407124120140807
11.424083583010429
11.440501689716857
11.45633654874696
11.471541303770609
11.486063231626202
11.499842705180189
11.512811969527066
11.52489367747356
11.535999121757433
11.546026087796577
11.554856231794046
11.562351863916588
11.568351983693645
11.572667373053813
11.575074499633216
11.575307917415131
11.573050772885642
11.567922935198814
11.559466178299848
11.547125777232552
11.530227898338442
11.507952387689064
11.479301245352545
11.443064704471293
11.397790324591783
11.341767441345256
11.273052111867788
11.189579069026891
11.089437007004902
10.971409093790188
10.835857036794463
10.685861688663264
10.528145979539074
10.372870082053115
10.231555090192764
10.113683435358091
10.023961728485752
9.961908562127867
9.92350844842351
9.903409659674688
9.896511570201167
9.898676720151403
9.906850453723564
9.918903403983116
9.933403641001417
9.949409952589999
9.966312714426465
9.983720941531928
10.001385660471168
10.019149285197592
10.036912704420049
10.054614091680914
10.0722153447559
10.089693439129771
10.107034925836846
10.124237149771657
10.141287990262402
10.158185245165717
10.174938151524302
10.191544675876337
10.208006803758984
10.224326954375158
10.24050781152031
10.256552217243067
10.272463104646723
10.288243917008598
10.303896850961339
10.319425200696424
10.3348319847847
10.350120192368706
10.365292782496638
10.380352682632557
10.395302786871888
10.410145954160887
10.424885006615584
10.439522727978469
10.454061862212098
10.468505112222946
10.482855138702314
10.497114559075026
10.511285946546028
10.525371829239813
10.539374689416254
10.55329696278436
10.567141037874867
10.580909255495374
10.59460390825408
10.608227240151045
10.621781446235591
10.635268672326408
10.648691014793357
10.662050520397756
10.675349186190264
10.68858895946344
10.701771737757706
10.714899368918406
10.727973651201985
10.74099633343
10.753969115188221
10.766893647069894
10.779771530960454
10.792604320362734
10.805393520760385
10.81814059001767
10.83084693881448
10.843513931114334
10.856142884663736
10.868735071521845
10.881291718617923
10.893814008336062
10.906303079124603
10.918760026129712
10.931185901850988
10.943581716818072
10.955948440286816
10.968287000953719
10.980598287687348
10.992883150275375
11.005142400186584
11.01737681134604
11.02958712092294
11.041774030129883
11.053938205032523
11.066080277368917
11.078200845377506
11.090286329218445
11.102385080225403
11.114443882386832
11.126483302273384
11.138503779737253
11.150505725236702
11.162489521658829
11.174455525771094
11.186404069221478
11.198335459364365
11.210249980037599
11.22214789234008
11.234029435429253
11.245894827339281
11.257744265819385
11.269577929187598
11.281395977196356
11.293198551907164
11.304985778571714
11.316757766517995
11.32851461004022
11.340256389291854
11.351983171180649
11.363695010266214
11.375391949659376
11.387074021923226
11.398741249976165
11.410393647996482
11.422031222328753
11.433653972392344
11.44526189159159
11.456854968227917
11.46843318641409
11.479996526991108
11.49154496844597
11.5030784878333
11.514597061697987
11.52610066700071
11.537589282046014
11.549062887411951
11.56052146688308
11.571965008384813
11.583393504920409
11.594806955510796
11.606205366134915
11.617588750673493
11.62895713185421
11.64031054219794
11.651649024967428
11.662972635116484
11.674281440240582
11.685575521528232
11.696854974712684
11.708119911024237
11.719370458141697
11.730606761144191
11.741828983461817
11.753037307825073
11.764231937212987
11.775413095798791
11.78658102989393
11.162320914132554
11.178155110116618
11.19651508408729
11.216052276741936
11.236061656366171
11.256168027993919
11.27616801645685
11.295946686564664
11.315434390168452
11.334584121864511
11.353359607269708
11.371728958677945
11.38966120364978
11.407124278728924
11.424083749475537
11.440501864967189
11.45633673384007
11.471541499940447
11.48606344031492
11.499842928077639
11.512812208618882
11.524893935101373
11.53599940069427
11.546026391341437
11.554856563892312
11.562352229311738
11.568352388120445
11.57266782348787
11.575075004607356
11.575308487435478
11.573051420978633
11.56792291898573
11.559466162965608
11.547125760618826
11.530227878937268
11.507952364154862
11.479301216161705
11.443064667675864
11.397790277568618
11.341767380448474
11.273052031881484
11.189578962355903
11.089436862892136
10.971408899065706
10.835856782083109
10.685861384679955
10.528145677065188
10.372869865087756
10.23155502084624
10.113683502301802
10.023961866203779
9.961909245075525
9.923508253862462
9.903409750480208
9.896511686192309
9.898676803872714
9.90685050883785
9.918903442310837
9.933403670338047
9.949409977243693
9.966312736748545
9.98372096282354
10.001385681379658
10.019149306349105
10.036912726002141
10.054614113642861
10.07221536730069
10.089693462296147
10.107034949642932
10.124237173329254
10.141288015293945
10.158185271849645
10.174938177895008
10.191544702863927
10.208006831353366
10.224326982565596
10.24050784029617
10.256552246593438
10.272463134561274
10.288243947342087
10.303896881968974
10.319425232239041
10.334832016852173
10.350120224952676
10.365292815589283
10.380352716225584
10.395302820957676
10.41014598873216
10.424885041665387
10.439522763500369
10.45406189820011
10.468505148671094
10.48285517560514
10.497114596427396
10.511285984342958
10.525371867473684
10.539374728085846
10.553297001885543
10.567141077403717
10.580909295448121
10.59460394862709
10.608227280940802
10.621781487438623
10.6352687139393
10.648691056812616
10.662050562819921
10.67534922901164
10.68858900268035
10.701771781366213
10.714899412914304
10.7279736955809
10.74099637818715
10.753969160318565
10.766893692567908
10.779771576820247
10.792604366577976
10.805393567324185
10.818140636922662
10.830846986052807
10.843513978677423
10.856142932542532
10.868735119706571
10.881291767098233
10.893814057100878
10.906303128162111
10.918760075427354
10.931185951395447
10.9435817665952
10.955948490281648
10.968287051150435
10.98059833806922
10.992883200824867
11.005142450885282
11.017376862174803
11.029587171861884
11.04177408115846
11.053938256129781
11.066080328513475
11.078200896547932
11.090286215846902
11.102385109835172
11.11444392189493
11.126483348272183
11.138503829684156
11.150505777488874
11.162489575157556
11.174455579837126
11.186404123422333
11.198335513428203
11.210250033797017
11.222147945696126
11.23402948832715
11.245894879753445
11.257744317743239
11.269577980627002
11.281396028165249
11.293198602424908
11.30498582866108
11.316757816204083
11.32851465934953
11.340256438251727
11.351983219818973
11.36369505861103
11.375391997738788
11.387074069765278
11.398741297608641
11.410393695446775
11.422031269624064
11.433654019559267
11.445261938656321
11.4568550152161
11.468433233350963
11.479996573901156
11.491545015353363
11.50307853476147
11.514597108669697
11.526100714038357
11.53758932917116
11.54906293464579
11.560521514246181
11.571965055897028
11.583393552601363
11.594807003379156
11.606205414209075
11.617588798971333
11.62895718039294
11.640310590994474
11.651649074038103
11.662972684477225
11.674281489906948
11.685575571515308
11.696855025035353
11.708119961696713
11.719370509177914
11.730606812557934
11.74182903526639
11.753037360033723
11.764231989838288
11.775413148853387
11.786581083390185
