0.004629057638216414
0.004682675422758061
0.004711319166890468
0.004735567404939094
0.004758921918200763
0.004782087780156407
0.004805211880561972
0.004828328091035995
0.004851447270208116
0.004874575491357269
0.004897717739520359
0.00492087866541753
0.004944062743004865
0.004967274306159837
0.004990517560846345
0.005013796592252001
0.005037115370814109
0.005060477757900687
0.005083887511281653
0.005107348290403535
0.005130863661462662
0.005154437102270741
0.0051780720069106
0.005201771690182911
0.005225539391846454
0.0052493782806570305
0.005273291458210848
0.005297281962599326
0.005321352771882811
0.005345506807390942
0.005369746936857786
0.005394075977399549
0.005418496698342895
0.00544301182391153
0.005467624035778607
0.005492335975492086
0.005517150246780153
0.005542069417743128
0.005567096022938444
0.005592232565364492
0.005617481518349056
0.005642845327347857
0.005668326411658161
0.005693927166052206
0.005719649962335167
0.00574549715083171
0.005771471061805141
0.005797574006813144
0.005823808280003272
0.005850176159351818
0.005876679907849011
0.005903321774633466
0.005930103996078754
0.005957028804905204
0.005984098399442197
0.006011314991025232
0.006038680775239182
0.006066197939476264
0.006093868663966397
0.0061216951226249865
0.006149679483842955
0.006177823911241357
0.006206130564396623
0.006234601599538464
0.006263239170222025
0.006292045427975447
0.0063210225229240365
0.00635017260439199
0.00637949782148279
0.006409000323639028
0.00643868226118274
0.006468545785836767
0.006498593051228194
0.006528826213374392
0.006559247431152364
0.006589858866751993
0.006620662686113929
0.006651661059352316
0.006682856161163263
0.00671425017121919
0.0067458452745496845
0.006777643661909154
0.006809647530131793
0.006841859082473945
0.006874280528944455
0.006906914086623198
0.006939761979967901
0.0069728264411098
0.007006109710137965
0.0070396140353729195
0.007073341673629347
0.00710729489046826
0.007141475960438696
0.007175887167309057
0.007210530804288122
0.007245409174236063
0.00728052458986509
0.007315879373930263
0.00735147585941002
0.007387316389676889
0.0074234033186580005
0.007459739010985601
0.007496325842137461
0.007533166198567107
0.007570262477823956
0.007607617088662941
0.007645232451144038
0.007683110996721094
0.007721255166171032
0.007759667420491228
0.00779835021380405
0.007837306036117155
0.007876537372030794
0.007916046722640303
0.00795583660073738
0.007995909530823417
0.00803626804909777
0.008076914703433235
0.008117852053338813
0.008159082669909803
0.00820060913576478
0.008242434044969217
0.008284560002945484
0.008326989626368898
0.008369725543049517
0.008412770391799298
0.008456126822284258
0.008499797494861412
0.008543785080399898
0.008588092260086078
0.008632721725212218
0.008677676176948035
0.008722958326095261
0.008768570892824113
0.008814516606391837
0.008860798204842424
0.008907418434687155
0.00895438005056569
0.009001685814886858
0.009049338497448964
0.009097340875038783
0.009145695731009039
0.009194405854833545
0.009243474041639674
0.00929290309171733
0.0093426958100042
0.009392855005546336
0.009443383490933753
0.009494284081710314
0.009545559595757295
0.009597212852649983
0.009649246672986809
0.009701663877690293
0.00975446728727899
0.00980765972111018
0.009861243996592326
0.009915222928366673
0.009969599327457524
0.010024376000390346
0.010079555748277026
0.010135141365867819
0.010191135640569064
0.010247541351426083
0.010304361268070843
0.010361598149633205
0.010419254743615727
0.010477333784730805
0.010535837993699945
0.010594770076014205
0.010654132720655527
0.010713928598778072
0.010774160362349017
0.010834830642748447
0.01089594204932757
0.010957497167924882
0.011019498559339551
0.011081948757761986
0.011144850269160652
0.011208205569625014
0.011272017103664291
0.011336287282461383
0.011401018482082114
0.01146621304163915
0.011531873261410634
0.011598001400913396
0.011664599676930615
0.011731670261493845
0.011799215279819733
0.011867236808201181
0.011935736871853495
0.012004717442715654
0.012074180437207075
0.012144127713940422
0.012214561071390871
0.01228548224552282
0.01235689290737443
0.012428794660601226
0.012501189038979574
0.01257407750387136
