0.14088227338498766
0.14091926095561882
0.14095498608025142
0.1409900807194812
0.14102490621450617
0.14105966962695785
0.1410944892605968
0.14112943216814977
0.14116453583522248
0.14119982075209037
0.14123529768731846
0.14127097187416598
0.1413068454030779
0.14134291857793488
0.1413791906784929
0.14141566038575243
0.1414523260180241
0.14148918566191526
0.14152623724571958
0.14156347858164434
0.1416009073913828
0.14163852132286028
0.1416763179622942
0.1417142948437059
0.14175244945695567
0.14179077925482247
0.1418292816593753
0.1418679540677564
0.141906793857442
0.14194579839102753
0.14198496502058205
0.14202429109161732
0.14206377394671765
0.1421034109288777
0.14214319938459075
0.14218313666672572
0.142223220137225
0.1422634471696468
0.1423038151515704
0.14234432148687454
0.14238496359789388
0.1424257389274545
0.14246664494078431
0.14250767912729403
0.1425488390022207
0.14259012210812735
0.1426315260162514
0.1426730483276967
0.14271468667446338
0.14275643872031393
0.14279830216147352
0.1428402747271655
0.14288235417998482
0.1429245383161132
0.142966824965382
0.14300921199118943
0.14305169729028086
0.1430942787924003
0.1431369544598239
0.1431797222867847
0.1432225802987996
0.14326552655190944
0.14330855913184154
0.1433516761531068
0.14339487575803958
0.1434381561157916
0.14348151542128787
0.1435249518941534
0.1435684637776194
0.14361204933741534
0.14365570686065424
0.143699434654717
0.14374323104614112
0.14378709437951911
0.14383102301640982
0.14387501533426747
0.1439190697253909
0.14396318459589547
0.14400735836471043
0.14405158946260277
0.14409587633122953
0.1441402174222192
0.1441846111962831
0.14422905612235712
0.14427355067677414
0.14431809334246687
0.14436268260820134
0.14440731696784032
0.14445199491963653
0.1444967149655549
0.14454147561062344
0.14458627536231158
0.14463111272993603
0.1446759862240925
0.14472089435611296
0.14476583563754775
0.14481080857967119
0.14485581169301018
0.14490084348689505
0.1449459024690317
0.14499098714509406
0.14503609601833672
0.1450812275892259
0.1451263803550893
0.14517155280978283
0.1452167434433748
0.1452619507418456
0.14530717318680372
0.1453524092552158
0.1453976574191516
0.14544291614554247
0.1454881838959532
0.14553345912636637
0.145578740286979
0.145624025822011
0.14566931416952475
0.14571460376125564
0.14575989302245299
0.1458051803717309
0.14585046422092904
0.14589574297498245
0.14594101503180043
0.14598627878215398
0.14603153260957158
0.14607677489024318
0.14612200399293124
0.14616721827889007
0.14621241610179178
0.14625759580765924
0.14630275573480578
0.14634789421378128
0.1463930095673245
0.14643810011032135
0.14648316414976895
0.14652819998474545
0.14657320590638487
0.14661818019785755
0.14666312113435528
0.14670802698308164
0.14675289600324679
0.14679772644606684
0.14684251655476757
0.14688726456459258
0.14693196870281544
0.14697662718875554
0.14702123823379815
0.14706580004141806
0.14711031080720666
0.14715476871890254
0.14719917195642573
0.14724351869191463
0.14728780708976635
0.1473320353066803
0.1473762014917042
0.14742030378628337
0.1474643403243126
0.14750830923219027
0.14755220862887589
0.14759603662594906
0.1476397913276719
0.14768347083105282
0.14772707322591314
0.14777059659495562
0.14781403901383527
0.14785739855123195
0.14790067326892503
0.14794386122187023
0.1479869604582778
0.14802996901969284
0.14807288494107737
0.14811570625089396
0.14815843097119094
0.1482010571176897
0.14824358269987273
0.14828600572107403
0.14832832417857053
0.14837053606367512
0.14841263936183105
0.148454632052708
0.14849651211029916
0.14853827750302004
0.1485799261938085
0.14862145614022615
0.14866286529456121
0.14870415160393252
0.14874531301039515
0.14878634745104724
0.14882725285813825
0.14886802715917855
0.14890866827705043
0.14894917413012077
0.14898954263235462
0.1490297716934309
0.1490698592188591
0.14910980311009764
0.14914960126467405
0.1491892515763066
0.14922875193502752
0.149268100227308
