0.9807545696399999
4.81373083128731
4.87381327042426
4.927329098938715
4.97981413794342
5.034672457377617
5.096080602192262
5.169211205662035
5.259572520719098
5.3718225006910725
5.508471547379946
5.669009239583093
5.849776707699785
6.044601841771559
6.245954497254063
6.446234458039377
6.63882870705965
6.818734309084187
6.98273417210238
7.129241861212025
7.2579706173773575
7.369556371752855
7.465215402076368
7.546472257020621
7.614963715310017
7.672309188692306
7.720032682905709
7.759521664973693
7.7920106168627346
7.818580100984321
7.840164847104176
7.8575664902088755
7.871468222138321
7.882449636573417
7.891000821972078
7.897535226369184
7.9024010779414215
7.905891362503511
7.908252422455662
7.909691292753224
7.91038193938004
7.910470513153376
7.910079794567857
7.909312905015784
7.908256437729845
7.90698307343187
7.90555377855005
7.904019644830381
7.9024234314380815
7.900800862602968
7.899181714234193
7.897590731343109
7.896048398292078
7.89457159061275
7.893174117215034
7.891867191847915
7.890659824037703
7.88955914748949
7.8885707113600585
7.887698708030987
7.886946195892001
7.886315252195503
7.885807142465546
7.885422431434435
7.885161102303316
7.885022646308101
7.885006140401171
7.88511032126865
7.885333635657911
7.885674302814636
7.886130342593673
7.886699626335947
7.887379902076934
7.888168819321237
7.889063958529572
7.890062851553126
7.891162989753604
7.892361848902583
7.8936568959032405
7.895045600093822
7.896525444891411
7.898093932180615
7.899748590228791
7.901486979469338
7.903306693101516
7.905205367474482
7.9071806786414065
7.909230346375494
7.911352141551614
7.913543878913078
7.915803419610444
7.918128679473085
7.920517620082816
7.922968257349547
7.925478650031368
7.92804691324185
7.930671211930768
7.933349752144269
7.936080794052093
7.9388626481305025
7.941693665858995
7.944572247507809
7.947496841248668
7.95046593596103
7.953478069318945
7.9565318182913325
7.959625802424065
7.962758686932237
7.965929172287634
7.9691360051359315
7.972377966462316
7.97565387749126
7.978962597910253
7.982303027414414
7.985674097130995
7.989074779504661
7.992504078966254
7.9959610369998275
7.999444729652445
8.002954267236086
8.006488794139711
8.01004749096688
8.013629567219208
8.017234272912482
8.020860882250396
8.024508709829679
8.028177100989478
8.031865438402574
8.035573130740095
8.03929962926316
8.04304441384359
8.04680700148719
8.050586944977397
8.054383828923296
8.058197281451621
8.06202696133842
8.065872573566208
8.06973385369726
8.073610586031895
8.077502595189879
8.081409746747315
8.085331954854206
8.089269180318817
8.093221435464635
8.09718878268281
8.1011713414393
8.10516928805851
8.10918286034065
8.113212359092064
8.11725815888112
8.00737317913967
8.040941549242149
8.069893958440185
8.094275241749802
8.114639578213946
8.131669976963417
8.14601807299748
8.158246833206052
8.166938106828585
8.17404084258735
8.180580632321348
8.186675875291545
8.192422130034885
8.197895767213524
8.20315745863731
8.208255302177763
8.213227452237913
8.218104258675522
8.22290998443406
8.227664172208874
8.232382712456696
8.237078688536375
8.241763044763761
8.246445115681276
8.251133051592852
8.25583416327514
8.260555204605378
8.26530261250303
8.270082725285224
8.274901964680277
8.279767016281234
8.2846850062681
8.289663675878941
8.294711576185952
8.299838267082393
8.305054551847778
8.310372740890196
8.31580695698955
8.32137349006526
8.327091228231994
8.332982160146484
8.339071989964475
8.34539087725189
8.351974325590318
8.358864286063083
8.366110482763911
8.3737720755152
8.381919676521163
8.390637868060908
