69387.05556000001
69030.33739733954
68982.28380514911
68992.00352353817
69030.6263525555
69083.30744951934
69142.3295555884
69203.70022575658
69265.36076820949
69326.26158776284
69385.87862603004
69443.96123799098
69500.40076502648
69555.1620645424
69608.24788224847
69659.68035946143
69709.49148231704
69757.71820013018
69804.39998576975
69849.57767868345
69893.29300894991
69935.58849262077
69976.50754202131
70016.09471620929
70054.39608127557
70091.45967591187
70127.33609450837
70162.07921321277
70195.74709714724
70228.40314131045
70260.11751506253
70290.96900194183
70321.04630166355
70350.45548138252
70379.31684700283
70407.7748071468
70436.00277314898
70464.21081724182
70492.65468457359
70521.64548000583
70551.55802178617
70582.83315595193
70615.96436404291
70651.45112815406
70689.69239103173
70730.79206858046
70774.27779743528
70818.82290703332
70862.18973129864
70901.62932809634
70934.6949973994
70960.01371193508
70977.52535941823
70988.15051605481
70993.24168185759
70994.14949464894
70992.00357581077
70987.6590879397
70981.72611864463
70974.6248896749
70966.63930167427
70957.95961063867
70948.71343275222
70938.98715481434
70928.84029054196
70918.31491603982
70907.44182969017
70896.24452487985
70884.74173115572
70872.94905885
70860.90648272776
70848.5858533793
70835.97965511422
70823.14161863868
70810.07513936448
70796.78757185431
70783.28691001958
70769.58134266309
70755.6790342135
70741.58801462664
70727.3199788363
70712.87709049234
70698.26732143684
70683.49834599721
70668.57737210728
70653.51126006524
70638.30658617262
70622.96967860199
70607.5066387253
70591.92335493832
70576.22551255759
70560.41860168883
70544.50792399209
70528.49859883088
70512.39556904607
70496.20360645384
70479.92731710509
70463.57114643558
70447.13938397712
70430.63616808853
70414.06549034074
70397.43119968918
70380.7370064133
70363.98648580798
70347.18308163555
70330.33010933142
70313.43075897121
70296.48809800291
70279.50507374565
70262.48451567123
70245.42913746956
70228.3415389087
70211.22420750714
70194.07952001983
70176.909743759
70159.71703775282
70142.50345376518
70125.27093718004
70108.02132776887
70090.75636035154
70073.47766536388
70056.18676934544
70038.8850953576
70021.57396334526
70004.25459045381
69986.92809131143
69969.59547828707
69952.25766173592
69934.91545024028
69917.56955085516
69900.22056936732
69882.86901057512
69865.51527859876
69848.15967722323
69830.80241028502
69813.44358210574
69796.08319797898
69778.72116471248
69761.35729123554
69743.9912892689
69726.77295309659
69709.20851177473
69691.83872873812
69674.46358411293
69657.08271200162
69639.69548638145
69622.30109316617
69604.89857702117
69587.48686668287
69570.06478903237
69552.63107730998
69535.18437629224
69517.7232459121
69500.24616409151
69482.75152919555
69465.23766232334
69447.70280954156
69430.14514412505
69412.56276883058
69394.95371822246
69377.31596105472
69359.6474027144
69341.94588772808
69324.20920232942
69306.43507708798
69288.62118959705
69270.76516722013
69252.8645898924
69234.9169929762
69216.91987016921
69198.8706764603
69180.76683113421
69162.6057208203
69144.38470258254
69126.10110705018
69107.75224158552
69089.33539348409
69070.84783320772
69052.28681764464
69033.64959339511
69014.93340007938
68996.13547366444
68977.25304980509
68958.28336719873
68939.22367094754
68920.07121592517
68900.82327014655
68881.47711813304
68862.03006427218
68842.47943616677
68822.82258796981
68803.05690370072
68783.17980053756
68763.18873208511
68743.08119160781
68722.85471522961
68702.50688509227
68682.03533246892
68661.43774082915
68640.71184884764
