0.000652616189235866
0.0006332648456116194
0.0006280689951510339
0.0006231247213262536
0.0006181827661734884
0.0006132623649812453
0.0006083820742609189
0.0006035556541033467
0.0005987930504072553
0.000594101251634382
0.0005894849622659721
0.000584947130069427
0.0005804893582815792
0.0005761122273531225
0.0005718155457133452
0.0005675985448926205
0.0005634600310729496
0.0005593985025531801
0.000555412240575842
0.0005514993793552723
0.0005476579598818011
0.000543885971082644
0.0005401813811397807
0.0005365421611529756
0.0005329663028567138
0.0005294518317243904
0.0005259968164995446
0.0005225993759645126
0.0005192576835776449
0.0005159699704704169
0.0005127345271866646
0.000509549704461165
0.0005064139132685376
0.0005033256243218093
0.0005002833671599194
0.0004972857289321383
0.0004943313529630289
0.0004914189371628362
0.0004885472323332831
0.0004857150404075147
0.00048292121265394847
0.0004801646478668865
0.00047744429056141986
0.0004747591291859429
0.00047210819436232387
0.0004694905571613033
0.0004669053274186674
0.000464351652096194
0.0004618287136902488
0.0004593357286898495
0.0004568719460853826
0.0004544366459285367
0.00045202913794357
0.0004496487601896932
0.0004472948777740469
0.00044496688161457424
0.0004426641872519043
0.00044038623370921704
0.0004381324823989917
0.0004359024160754599
0.00043369553783151365
0.00043151137013878565
0.0004293494539296188
0.0004272093477195755
0.0004250906267691937
0.00042299288228362324
0.0004209157206488655
0.0004188587627032519
0.00041682164304292967
0.00041480400936001364
0.0004128055218121941
0.00041082585242254447
0.000408864684508326
0.0004069217121376117
0.00040499663961256834
0.00040308918097830014
0.0004011990595561128
0.0003993260075001918
0.00039746976537661713
0.00039563008176375837
0.0003938067128730383
0.00039199942218917275
0.00039020798012895396
0.0003884321637177219
0.0003866717562826684
0.00038492654716219214
0.00038319633143048276
0.00038148090963663285
0.0003797800875575263
0.00037809367596381647
0.00037642149039835397
0.0003747633509664052
0.0003741811801152426
0.0003737571868641124
0.00037345122848510504
0.00037323317401194406
0.00037308074829419996
0.0003729772873873206
0.0003729103654884294
0.00037287071602024193
0.0003728514274377251
0.0003728473441742246
0.0003728546202162376
0.00037287038631110493
0.00037289250182289806
0.0003729193696716382
0.0003729497982999054
0.0003729828987056665
0.00037301800762714287
0.0003730546302341968
0.00037309239737085307
0.0003731310336532528
0.0003731703336664422
0.0003732101442036192
0.00037325035101380005
0.0003732908689133426
0.0003733316344074201
0.00037337260018433817
0.00037341373100727355
0.0003734550006487655
0.00037349638960327045
0.00037353788338029704
0.00037357947123077215
0.0003736211451966622
0.0003736628994018293
0.00037370472952286625
0.0003737466323942622
0.00037378860571378285
0.0003738306478226331
0.0003738727575414385
0.00037391493404784806
0.00037395717678524303
0.00037399948539459943
0.0003740418596636731
0.00037408429948908696
0.00037412680484805535
0.00037416937577729696
0.00037421201235731126
0.0003742547147006555
0.0003742974829432072
0.00037434031723766905
0.00037438321774871397
0.00037442618464938435
0.00037446921811841666
0.00037451231833825086
0.00037455548549356396
0.0003745987197701687
0.0003746420213542267
0.00037468539043164755
0.00037472882718766787
0.0003747723318065337
0.00037481590447127784
0.00037485954536357327
0.0003749032546636057
0.0003749470325500192
0.00037499087919986435
0.00037503479478857057
0.0003750787794899366
0.0003751228334761352
0.0003751669569177129
0.0003752111499836113
0.00037525541284118096
0.0003752997456562018
0.0003753441485929063
0.00037538862181400815
0.00037543316548071577
0.00037547777975277335
0.00037552246478847256
0.00037556722074468424
0.00037561204777688704
0.0003756569460391854
0.0003757019156843414
0.0003757469568637946
0.00037579206972768886
0.0003758372544248994
0.00037588251110304803
0.000375927839908536
0.0003759732409865551
0.000376018714481128
0.00037606426053510636
0.0003761098792902137
0.00037615557088705316
0.0003762013354651315
0.0003762471731628874
0.00037629308411769424
0.0003763390684658939
0.0003763851263428114
0.00037643125788277236
0.00037647746321912355
0.0003765237424842451
0.00037657009580957464
0.0003766165233256224
0.00037666302516198573
0.00037670960144736503
0.00037675625230958935
0.0003768029778756166
0.00037684977827156206
0.0003768966536227036
0.0003769436040535104
