352.5957058557372
351.45876028574
350.32889465568246
349.20130372485835
348.07334464282627
346.94351953419425
345.8111616414995
344.6761975969207
343.5389766465694
342.4001553188538
341.26062188050133
340.1214472368392
338.9838525239761
337.84918676623084
336.71891029746195
335.5945812560721
334.4778435306274
333.3704152193309
332.27407709501483
331.19066082980277
330.1220368907096
329.0701021097317
328.0367669861227
327.02394280954485
326.0335287109288
325.0673987581921
324.127389219863
323.21528612262784
322.3328132291138
321.48162056073335
320.66327358675557
319.87924319479265
319.13089654974914
318.4194889378266
317.74615667929686
317.1119111791543
316.51763416779636
315.964074166217
315.45184419093414
314.98142069477507
314.553143720345
314.16721822471203
313.8237165168049
313.5225817335215
313.26363226753836
313.04656704891494
312.87097157448704
312.73632457346247
312.6420051948395
312.58730060195046
312.5714138612686
312.5934720169026
312.65253424796157
312.74760001316594
312.87761709590603
313.0414894717096
313.2380849304359
313.466242394911
313.72477888819384
314.0124961109696
314.32818659995974
314.67063944695457
315.038645565844
315.4310025023494
315.8465187875145
316.2840178414403
316.74234143857973
317.2203527497654
317.7169389793016
318.23101361793135
318.76151833421403
319.30742452830026
319.86773457244226
320.44148276326615
321.0277360104244
321.62559428590976
322.2341908577158
322.85269233054373
323.48029851510927
324.11624214672065
324.75978847222814
325.41023472335576
326.06690949299576
326.72917202980295
327.3964114650785
328.0680459846618
328.7435219573983
329.4223130305196
330.1039192012242
330.78786587269843
331.4737029018307
332.1610036450897
332.84936400797756
333.53840150308423
334.227754320657
334.91708041530717
335.60605661178374
336.29437773214977
336.9817557464165
337.6679189481672
338.3526111563557
339.03559094413924
339.7166308954366
340.3955168894215
341.07204741324705
341.7460329028252
342.41729511154
343.085666506549
343.75098969219835
344.41311686000984
345.07190926470446
345.72723672540445
346.3789771515045
347.0270160922441
347.6712463093283
348.3115673716893
348.94788527161313
349.58011206139815
350.20816550964383
350.8319687764715
351.4514501067492
352.0665425405639
352.6771836401416
353.28331523249994
353.88488316695344
354.48183708692403
355.07413021517374
355.6617191519181
356.24456368507873
356.8226266120633
357.3958735724647
357.9642728911231
358.5277954309374
359.08641445488433
359.64010549683735
360.1888462405241
360.73261640631165
361.2713976452664
361.805173440117
362.3339290126867
362.8576512374345
363.3763285606845
363.88995092530416
364.3985097003413
364.90199761548064
365.40040869983704
365.8937382250302
366.3819826520245
366.865139581663
367.34320770860126
367.8161867784029
368.28407754755756
368.74688174632473
369.2046020440772
369.65724201706126
370.1048061183766
370.5472996500227
370.9847287368072
371.4171003020925
371.8444220451362
372.2667024199209
372.68395061545533
373.09617653725337
373.5033907900926
373.90560466181574
374.3028301080889
374.6950797381374
375.0823668012506
375.46470517408784
375.8421093486241
376.2145944207613
376.58217607942413
376.9448705962648
377.3026948157172
377.6556661454855
378.0038025474192
378.3471225286312
378.68564513293126
379.0193899324967
379.3483770197031
379.6726269991722
379.9921609799012
380.30700056754205
380.61716785678624
380.92268542371573
381.22357631831596
381.51986405692116
381.8115726147001
382.0987264181279
382.3813503374088
382.65946967888067
382.93311017733805
383.202297988324
383.46705968031364
383.7274222267926
383.98341299834215
384.23505975448495
384.4823906355233
384.7254341542268
