730323.6238512
721165.4598074409
722593.3868795376
724321.195050446
726189.2213363968
728113.9836899075
730051.0119215316
731976.3023979849
733876.3580472204
735743.1018108432
737571.1909038145
739356.6030072653
741095.8844739167
742785.7417228934
744422.808889859
746003.5040076689
747523.9272318479
748979.7760068721
750366.2630428738
751678.0284623597
752909.0400409424
754052.4764240531
755100.5882206052
756044.5312764109
756874.1653495746
757577.8098779417
758141.9465150839
758550.8555527957
758786.1701698541
758826.3285964465
758645.8997910891
758214.7533227777
757496.9520438208
756449.8456456619
755022.0654646145
753152.0601597725
750765.9632703428
747775.3829343694
744075.3207916643
739542.8577172072
734037.885268263
727408.250645583
719503.3240387746
710201.9185959781
699461.2390925906
687389.1761480271
674326.3270125181
660894.3247171902
647943.1964420705
636361.1847176261
626815.1695020342
619575.4978759171
614524.3900441714
611302.0265513178
609473.8264462298
608641.2014428916
608487.4079123399
608781.2208642935
609362.4888976747
610123.9047291459
610995.0753707711
611930.4577977763
612900.8650245628
613887.7272765846
614879.3080924905
615868.2457654069
616849.9706261076
617821.6915568928
618781.7490418294
619729.2032799068
620663.9711823158
621585.1378442093
622492.5919438497
623387.1812545042
624268.8022998837
625137.6767947173
625994.0601553121
626838.2280241147
627670.4679128205
628491.0739109742
629300.3763110173
630098.6185198348
630886.1151764073
631663.1648645663
632430.0629136211
633187.1014147265
633934.5691133931
634672.7512620079
635401.9294645898
636122.3815272708
636834.3813197046
637538.1986486629
638234.0991436201
638922.3441534971
639603.1906535313
640276.8911614519
640943.6936617664
641603.8415395054
642257.5735178131
642905.1236054909
643546.7210491392
644182.5902914329
644812.9509348616
645438.0177106464
646058.0004525258
646673.1040751653
647283.5285569577
647889.468926999
648491.1152560795
649088.6526514444
649682.2612552524
650272.1162464974
650858.3878463223
651441.2413265705
652020.8370214563
652597.3303422482
653170.8717948874
653741.6070004101
654309.676718115
654875.2168713885
655438.3585760782
655999.2281714103
656557.9472532953
657114.6327100231
657669.3967602451
658222.3469931921
658773.5864110804
659323.2134736214
659871.3221446028
660418.0019404747
660963.3379808973
661507.4110411837
662050.2976066117
662592.0699285258
663132.7960822148
663672.5400264835
664211.361664929
664749.3169088108
665286.4577415165
665822.832284596
666357.8632480917
666893.5962164549
667427.9056784728
667961.6051514014
668494.7247605938
669027.2909148644
669559.3265498016
670090.8512961711
670621.881593401
671152.4307792648
671682.5091706217
672212.1241419151
672741.2802042754
673269.9790863446
673798.2198169812
674325.9988099114
674853.3099500762
675380.1446816154
675906.4920972399
676432.3390289944
676957.6701402329
677482.4680188233
678006.7132714768
678530.384619201
679053.4589938705
679575.9116358433
680097.716192654
680618.8448187512
681139.2682762872
681658.9560368949
682177.8763845444
682695.9965193251
683213.2826622842
683729.7001611999
684245.21359733
684759.7868930951
685273.3834206798
685785.9661115712
686297.4975668984
686807.9401687039
687317.256191981
687825.4079174966
688332.3577454211
688838.0683095965
689342.5025925594
689845.6240411141
690347.3966825532
690847.7852413879
691346.7552565415
691844.2731989982
692340.3065898035
692834.8241183588
693327.7957609817
693819.1928995922
694308.9884405469
694797.1569334969
695283.6746901412
695768.519902959
696251.6727636136
696733.115581229
