60.453804579896904
59.48548084232041
58.67231716311682
57.94977322025433
57.28097543236671
56.64487532081316
56.0295840554319
55.42852595477046
54.83820189631083
54.25688779361329
53.68387927651416
53.119055234797266
52.562626694570284
52.014992702191925
51.4766575049984
50.94818254992313
50.43015810077039
49.92318584061292
49.42786761299137
48.94479761759762
48.47455659599609
48.01770722205956
47.57479028391574
47.146321444131225
46.73278846954
46.33464887498267
45.952327950476246
45.58621715229756
45.236672842345506
44.90401536074944
44.5885284159724
44.29045877556566
44.01001623968627
43.74737387864343
43.502668515116625
43.276001431257235
43.06743928060755
42.877015184605426
42.704729993373114
42.55055369050212
42.41442692165065
42.29626262697621
42.19594775775002
42.11334505795928
42.04829489230486
42.000617102756614
41.9701128767313
41.95656661100277
41.95974775662374
41.97941263141574
42.01530618794361
42.06716372630477
42.13471254250854
42.21767350466781
42.315762550646916
42.42869210219072
42.556172391868884
42.69791270040492
42.85362250309263
43.02301252503938
43.20579570589866
43.401688075566774
43.610409543020786
43.83168460106439
44.06524295023518
44.310820045514724
44.56815756977622
44.83700383811608
45.117114137350406
45.40825100502453
45.710184452293184
46.02269213498511
46.34555947708488
46.67857975074108
47.021554116765316
47.3742916294156
47.73660920907035
48.108331586203064
48.489291219862956
48.87932819365558
49.27829009201288
49.68603185933312
50.102415644370765
50.52731063205987
50.96059286476773
51.40214505479575
51.85185638977383
52.30962233243511
52.77534441610711
53.24893003711495
53.73029224516214
54.21934953263303
54.71602562365207
55.22024926362866
55.73195400992901
56.251078024225905
56.77756386700287
57.31135829462004
57.852412059283125
58.40067971220287
58.95611941018109
59.51869272581356
60.08836446145938
60.66510246709388
61.24887746212592
61.83966286123826
62.4374346042817
63.04217099023501
63.6538525152248
64.27246171458383
64.89798300891246
65.5304025541015
66.16970809525817
66.81588882447916
67.46893524240105
68.1288390234599
68.79559288478526
69.46919045865388
70.14962616842699
70.83689510789296
71.53099292394124
72.23191570249213
72.93965985760822
73.65422202371744
74.37559895087763
75.10378740301925
75.83878405910106
76.58058541712002
77.32918770091987
78.08458676974617
78.84677803049767
79.61575635262969
80.39151598566936
81.17405047930401
81.96335260600735
82.75941428617723
83.56222651575446
84.371779296302
85.18806156752407
86.01106114220931
86.84076464358411
87.6771574450673
88.52022361241676
89.36994584826724
90.22630543905319
91.0892822043213
91.95885444843039
92.83499891465121
93.71769074166478
94.60690342247207
95.50260876572455
96.40477685948696
97.31337603744156
98.22837284755154
99.14973202319379
100.07741645677604
101.01138717585403
101.95160332176313
102.89802213077529
103.85059891780043
104.80928706264315
105.7740379988243
106.74480120498575
107.72152419888072
108.7041525339656
109.6926297985977
110.68689761784124
111.68689565789097
112.6925616331097
113.70383131568293
114.72063854788307
115.74291525694075
116.77059147250799
117.80359534671116
118.84185317676881
119.88528943015899
120.93382677231847
121.98738609684051
123.04588655814761
124.10924560660665
125.17737902604576
126.25020097363739
127.32762402209815
128.40955920416053
129.49591605926682
130.5866026824187
131.68152577513473
132.7805906984433
133.88370152784506
134.99076111017453
136.10167112228058
137.21633213145122
138.33464365749415
139.45650423639142
140.58181148543298
141.71046216973434
142.84235227005266
143.97737705178383
145.1154311350514
