18.49224545798837
16.27990516402198
14.192364620996056
12.253488859623785
10.479845400033362
8.875597148761235
7.436429505906799
6.154232504299856
5.0198342732176195
4.0239477646553805
3.1571712489083508
2.4097182611998895
1.7712567418559624
1.230985409633896
0.7779083810599249
0.4011973423616354
0.09053499553185532
-0.16362476551595345
-0.3699001505192399
-0.535918729112462
-0.6683260021616322
-0.7728409182799151
-0.8543378474788479
-0.9169399925225661
-0.9641142902647947
-0.9987618130483814
-1.023300468312011
-1.0397386383930696
-1.0497395311159539
-1.0546766636605074
-1.0556812406684306
-1.053682317237016
-1.0494406671645982
-1.0435772288429348
-1.0365969236125683
-1.0289085562207143
-1.0208414109157282
-1.012659073739025
-1.0045709338134239
-0.9967417427138933
-0.9892995571610849
-0.982342330146418
-0.9759433817569082
-0.9701559334715796
-0.9650168660898215
-0.9605498305015475
-0.9567678213249005
-0.9536753040415936
-0.9512699703654152
-0.9495441855683466
-0.9484861790073347
-0.9480810220056727
-0.9483114286226852
-0.9491584108211154
-0.9506018103027648
-0.9526207302313936
-0.9551938839388137
-0.9582998728237117
-0.9619174095872954
-0.966025490621362
-0.9706035340361405
-0.9756314811258615
-0.9810898754511241
-0.9869599178084056
-0.9932235049463837
-0.9998632542082169
-1.0068625157513924
-1.0142053771902597
-1.0218766586566315
-1.0298619051061635
-1.038147371165003
-1.0467200044599902
-1.0555674263320298
-1.0646779096684265
-1.07404035586541
-1.0836442723138904
-1.0934797474033946
-1.1035374269509146
-1.11380849028433
-1.1242846263116022
-1.1349580107412065
-1.1458212834174577
-1.156867526396496
-1.168090243310164
-1.1794833383089764
-1.1910410971471403
-1.2027581684188382
-1.2146295449834528
-1.226650547738919
-1.2388168093700707
-1.2511242580035606
-1.2635691033837426
-1.2761478220311908
-1.2888571451713449
-1.301694044807522
-1.3146557222074504
-1.327739597600506
-1.3409432982098666
-1.3542646482263916
-1.367701660143901
-1.381252524990664
-1.3949156036339978
-1.4086894193717818
-1.4225726493955453
-1.4365641183894178
-1.4506627913953405
-1.4648677669078287
-1.479178271711927
-1.4935936540577972
-1.5081133792183987
-1.5227370238389548
-1.5374642711493143
-1.5522949061483273
-1.5672288120705402
-1.5822659653842972
-1.5974064327219175
-1.6126503668077563
-1.6279980032041235
-1.6434496571086874
-1.659005720312655
-1.674666658121406
-1.6904330073293459
-1.7063053726532882
-1.7222844258248937
-1.738370901991425
-1.754565598428067
-1.7708693720225916
-1.7872831385404444
-1.803807869519793
-1.8204445919130294
-1.8371943860129403
-1.8540583842501985
-1.8710377704452699
-1.8881337777369571
-1.9053476887739103
-1.9226808336062349
-1.9401345903513465
-1.9577103831446148
-1.975409682345113
-1.9932340042652137
-2.0111849103601096
-2.029264007337497
-2.0474729468715593
-2.065813425965718
-2.0842871868008697
-2.1028960173097424
-2.121641751549986
-2.140526270508245
-2.1595515023274916
-2.2210808870372927
-2.2528331971680853
-2.282374219197309
-2.310018085566165
-2.336145674809274
-2.3611139734427544
-2.385226176774052
-2.408727859878989
-2.431855076843939
-2.4547257819472117
-2.4774388453473004
-2.5000864536859306
-2.52273920718935
-2.5454514764622034
-2.5682654065932637
-2.5912139156504455
-2.6143229472985507
-2.6376131683339183
-2.6611012510726972
-2.6848008452063525
-2.7087233182527
-2.7328783214023353
-2.7572742243644472
-2.7819184518994056
-2.8068177462061312
-2.8319783737846826
-2.857406290931166
-2.8831072782352787
-2.9090870517053236
-2.935351358874542
-2.961906063086125
-2.988757220744867
-3.0159111555036993
-3.0433745311578804
-3.0711544277109586
-3.099258421422163
-3.1276946725344654
-3.1564720232420975
-3.1856001091460806
-3.2150894867262445
-3.2449517824280325
-3.2751998666988285
-3.3058480598535827
-3.336912377633448
-3.3684108236228907
-3.400363743108547
-3.4327942491263186
-3.46572874383542
-3.4991975558038373
-3.533235724898939
