6.6956355604277915
6.697890501518963
6.699262004293336
6.700125853418155
6.700750513729983
6.701289581017871
6.701826251651649
6.70240212741999
6.703034804592718
6.703728586291979
6.70448094262011
6.705286330089739
6.706138380085122
6.707031091501853
6.707959425387388
6.708919547624466
6.709908870599239
6.710925984564969
6.711970533032341
6.713043063888272
6.7141448744536785
6.715277860905623
6.716444377491652
6.717647108331451
6.71888895285365
6.720172925075668
6.721502066321265
6.722879370510511
6.7243077211966025
6.725789839323709
6.7273282406397374
6.728925201800832
6.7305827342263695
6.73230256479446
6.734086122677384
6.735934531457751
6.7378486060953735
6.73982885398845
6.741875479770905
6.74398839328444
6.746167220384095
6.748411316169394
6.750719780200168
6.75309147346037
6.7555250366441415
6.758018909480331
6.760571350752051
6.7631804587696065
6.765844191984356
6.768560389436762
6.771326790937552
6.774141056648393
6.777000785880708
6.779903535111933
6.782846834813014
6.785828205319504
6.788845171312334
6.791895275204059
6.794976089110963
6.7980852255762425
6.801220347032665
6.804379173938937
6.807559491750722
6.8107591567323045
6.81397610062031
6.817208334305142
6.820453950545909
6.823711125805569
6.826978121301251
6.830253283321694
6.833535042981926
6.8368219152998835
6.840112497937865
6.8434054694295385
6.84669958709925
6.849993684730653
6.853286669975418
6.856577521560522
6.8598652864764755
6.863149076972919
6.866428067565215
6.86970149200466
6.872968640282389
6.876228855650047
6.8794815316956
6.882726109516744
6.885962074955391
6.88918895593901
6.8924063199255095
6.895613771446725
6.898810949795656
6.901997526760507
6.905173204585164
6.908337713906421
6.911490811914592
6.914632280580356
6.917761924955049
6.920879571637875
6.923985067298532
6.92707827729194
6.930159084367563
6.933227387491862
6.936283100677784
6.939326151978453
6.942356482461991
6.945374045317331
6.948378804994258
6.9513707363897534
6.954349824102265
6.957316061750588
6.960269451269305
6.963210002359241
6.966137731857118
6.9690526632360825
6.97195482607608
6.9748442556045065
6.977720992249338
6.980585081200834
6.983436572061605
6.986275518440803
6.989101977613846
6.99191601020093
6.994717679862722
6.997507052981936
7.00028419842744
7.003049187252312
7.005802092483091
7.008542988865524
7.011271952645092
7.013989061366197
7.016694393682646
7.019388029147393
7.0220700480408
7.024740531233519
7.0273995599770105
7.030047215797899
7.032683580327571
7.035308735178768
7.037922761811855
7.040525741417444
7.043117754790909
7.045698882251028
7.0482692034926
7.050828797534455
7.053377742584719
7.055916116011074
7.058443994187389
7.060961452468994
7.063468565109513
7.065965405181498
7.068452044507366
7.070928553629797
7.073395001716639
7.0758514565354975
7.078297984400542
7.0807346501227215
7.083161516957747
7.085578646599028
7.087986099111295
7.090383932902259
7.092772204722809
7.095150969595043
7.097520280840921
7.099880190023448
7.102230746928301
7.104571999583445
7.1069039942118515
7.1092267752478575
7.111540385306613
7.113844865200178
7.116140253911336
7.118426588640246
7.120703904744957
7.122972235788096
7.125231613542015
7.127482067969259
7.129723627267786
7.131956317871697
7.134180164454612
7.136395189967827
7.138601415634428
7.1407988609990545
7.142987543937953
7.1451674806559256
7.14733868577255
7.149501172294885
7.151654951676434
7.153800033840901
7.155936427207747
7.158064138739872
7.160183173964924
7.162293537028578
7.164395230710713
7.166488256476912
7.168572614544125
7.170648303857697
7.172715322198595
7.174773666193676
7.176823331367515
