5.948256623017465e-05
6.630572937355005e-05
8.23115777830184e-05
0.0001042137304086481
0.0001332495258099019
0.0001689186792782337
0.000209273458291127
0.0002520555292847287
0.00029540131825520007
0.00033793570359178627
0.0003786682602346167
0.00041690416885405233
0.0004521945165613492
0.0004843035716859819
0.0005131754156346366
0.0005388947755123313
0.0005616450807418234
0.0005816692295262944
0.0005992372693036683
0.0006146226859895192
0.0006280869020915003
0.0006398704511108283
0.0006501889917506458
0.0006592325074179368
0.0006671664064847566
0.000674133620608321
0.0006802571146103929
0.0006856424536315933
0.0006903802315718598
0.0006945482658053766
0.000698213524365507
0.0007014337867159704
0.0007042590569714348
0.0007067327566727602
0.0007088927262892648
0.0007107720635561984
0.0007123998243821997
0.0007138016087797145
0.0007150000511535837
0.0007160152313340202
0.0007168650199091014
0.0007175653692872016
0.0007181305596974984
0.0007185734079796005
0.0007189054453652688
0.0007191370695075608
0.000719277674980056
0.0007193357657692669
0.0007193190526457224
0.000719234537765615
0.0007190885884876828
0.0007188870020065066
0.0007186350621659467
0.0007183375895628891
0.0007179989859215067
0.0007176232734554147
0.0007172141299284944
0.000716774919985882
0.0007163087231685108
0.0007158183591146887
0.0007153064101529795
0.0007147752417634124
0.0007142270209745863
0.0007136637330799374
0.0007130871967494331
0.0007124990777640114
0.0007119009015128614
0.0007112940643507602
0.000710679843983324
0.0007100594089017902
0.0007094338270584474
0.0007088040737527785
0.0007081710388745855
0.0007075355335502234
0.0007068982962174695
0.0007062599982001763
0.0007056212488585872
0.0007049826002905079
0.0007043445516738888
0.0007037075532619894
0.0007030720100545015
0.0007024382851909372
0.0007018067030747496
0.0007011775522544924
0.0007005510880945157
0.0006999275352226505
0.0006993070898095744
0.0006986899216719963
0.0006980761762035265
0.0006974659761839891
0.0006968594234507403
0.0006962566004282459
0.0006956575715686676
0.0006950623846674901
0.0006944710721107782
0.0006938836520015874
0.0006933001292199271
0.0006927204964254171
0.0006921447349601025
0.0006915728156949342
0.0006910046998348528
0.0006904403396511972
0.0006898796791637171
0.0006893226547889374
0.0006887691959272556
0.0006882192255271394
0.0006876726606040033
0.0006871294127179732
0.0006865893884370007
0.0006860524897502317
0.0006855186144730791
0.0006849876566157999
0.0006844595067306117
0.0006839340522340538
0.0006834111777216266
0.0006828907652478679
0.000682372694602672
0.0006818568435636002
0.0006813430881366885
0.0006808313027837651
0.000680321360637104
0.0006798131336998572
0.0006793064930450514
0.0006788013089903102
0.0006782974512840745
0.0006777947892638482
0.0006772931920193437
0.0006767925285416861
0.0006762926678799555
0.0006757934792744895
0.0006752948323016764
0.0006747965970062499
0.0006742986440325697
0.0006738008447580092
0.0006733030714136659
0.0006728051972171752
0.000672307096491201
0.0006718086447972188
0.0006713097190547841
0.0006708101976709077
0.0006703099606720959
0.0006698088898341283
0.0006693068688185497
0.0006688037833114298
0.000668299521170011
0.0006677939725722652
0.0006672870301757461
0.0006667785892835481
0.0006662685480207535
0.0006657568075171053
0.0006668405102004918
0.0006677316622558355
0.0006684025124199203
0.0006688689675485065
0.0006691612609656984
0.0006693112709171903
0.0006693475945894655
0.000669294116920355
0.0006691686893020492
0.0006689866550942325
0.0006687604418830346
0.0006684994882174548
0.0006682109958040726
0.0006679004841016901
0.0006675722022644605
0.0006672294367351186
0.0006668747419324284
0.0006665101139707879
0.0006661371220148339
0.0006657570080293714
0.0006653707628928335
0.0006649791847877773
0.0006645829242766557
0.0006641825193606631
0.0006637784229971313
0.0006633710249439818
0.0006629606693496369
0.0006625476691721566
0.0006621323182628663
0.0006617149017738499
0.0006612957054094468
0.0006608750239487343
0.0006604531694003824
0.0006600304791043312
0.0006596073240740989
0.0006591841178602787
0.000658761326224417
0.0006583394779321184
0.0006579191770095921
0.0006575011168575521
0.0006570860966897487
0.0006566750408537659
0.0006562690217149213
0.000655869286941272
0.0006554772922268662
0.0006550947407541116
0.0006547236310262543
0.0006543663151389992
0.0006540255701175177
