25.0
24.697497440330224
24.405944778572117
24.124330645215593
23.851710547431516
23.587222419802124
23.33008537837073
23.07959321173322
22.835106692330175
22.596046164556476
22.361884851066286
22.132142951831202
21.9063824802014
21.684202759794495
21.46523648541007
21.249146273333512
21.03562163139596
20.824376290234856
20.615145846108675
20.407685673188787
20.201769069605245
19.997185606836986
19.793739656484007
19.591249072187697
19.389544007602034
19.18846585396409
18.987866283052167
18.787606383221892
18.587555877831
18.387592416748358
18.187600932829667
17.987473056262914
17.78710658056627
17.586404974781694
17.38527693706708
17.183635985462324
16.98140008210426
16.778491287601106
16.574835442659033
16.370361874388113
16.1650031250098
15.958694700947778
15.751374840513414
15.5429842986046
15.33346618047274
15.122765631053756
14.910829833548378
14.697607753194779
14.483050004912405
14.267108716900532
14.049737403504135
13.830890847390116
13.610524990724413
13.388596835036063
13.165064349504993
12.939886383161644
12.713022604747687
12.484433417249601
12.254079906558497
12.02192379053091
11.787927376850835
11.552053530056323
11.314265648275985
11.074527650423654
10.83280397482022
10.589059590454518
10.343260022402838
10.09537139327592
9.84536048299982
9.593194809767851
9.338842735655819
9.082273601205424
8.823457894296112
8.562367459902527
8.298975758952368
8.0332581865631
7.765192462589192
7.494759110849961
7.2219420479017105
6.946729308143553
6.669113939934884
6.38909511801119
6.106679531906949
5.821883129928955
5.534733325842495
5.2452718144082
4.953558197703663
4.659674705286384
4.3637324111852225
4.065879531233747
3.7663126613121003
3.465292251165881
3.163164303795094
2.8603914301563305
2.557598343932833
2.255639888215998
1.9557061480749454
1.6594883186670186
1.3694471756274746
1.0892525546710006
0.8244862772302906
0.5836270986937058
0.37875046582253524
0.2234220255719947
0.12411798806440279
0.07171412046752412
0.047994396039862254
0.038194522265706334
0.034334378821744546
0.03286268637109063
0.03232788433192087
0.03215699846437617
0.03212701575256229
0.032151651292725944
0.03219763147509848
0.03225217079322713
0.03231038962877209
0.03237045505117679
0.03243170580920776
0.032493929304949834
0.03255708306555468
0.03262118767867456
0.03268628584804273
0.03275242692981225
0.03281966127312357
0.032888038318668496
0.03295760612434304
0.03302841142052217
0.0331004998505658
0.033173916265548
0.033248705024481566
0.033324910282992656
0.03340257626553893
0.033481747520867786
0.033562469162098756
0.03364478709338575
0.03372874822526079
0.033814400680743324
0.0339017939942284
0.033990979305085094
0.0340820095478071
0.03417493964048256
0.034269826673277215
0.0343667300985685
0.03446571192431479
0.03456683691220604
0.034670172782111174
0.03477579042431648
0.03488376412104316
0.034994171778727885
0.03510709517256319
0.035222620204820095
0.03534083717850308
0.03546184108793552
0.03558573192793563
0.03571261502330966
0.03584260138047795
0.03597580806315705
0.036112358594136654
0.036252383385336304
0.03639602019848676
0.036543414638971976
0.03669472068558107
0.0368501012591704
0.037009728833508254
0.03717378609191318
0.03734246663363788
0.03751597573439478
0.03769453116586278
0.03787836407957659
0.038067719961194145
0.03826285966183278
0.03846406051395771
0.03867161754018575
0.03888584476439203
0.03910707663565323
0.01500954467450929
0.0077836428408739715
0.005750699059589383
0.005233208424098662
0.005153041560951302
0.005201774426254893
0.005291696847323911
0.005397615058805719
0.005511954522281284
0.005632122754608876
0.0057569737726210855
0.005885820761063246
0.006018160823892709
0.006153589688483292
0.006291780897755013
0.006432470927541367
0.006575451099806552
0.006720560503970953
0.006867679301530667
0.0070167211118151275
0.007167631819936954
0.007320378159362677
0.0074749461782981
0.0076313369465562
0.007664481397600473
0.0076962673169933375
0.007726934597172039
0.007756684128449072
0.007785682749352634
0.007814068196973913
0.007841953670479676
0.007869431864733191
0.007896578449481268
0.007923455025459792
0.00795011161052966
0.007976588715670275
0.008002919069300904
0.008029129043362363
0.008055239829072433
0.008081268403204658
0.008107228320367936
0.00813313036114129
0.008158983061208247
0.00818479314252326
0.008210565864024414
0.00823630530642324
0.008262014603088862
0.008287696126937838
0.008313351641483713
0.008338982422739722
0.00836458935745754
0.008390173022184755
0.008415733746799128
0.008441271665499513
0.008466786757676755
0.008492278880631934
0.008517747795736632
0.008543193189325681
0.008568614689365095
0.008594011878736325
0.008619384305814387
0.008644731492884755
0.008670052942836591
0.008695348144483153
0.008720616576790303
0.008745857712237579
0.0087710710194911
0.008796255965531134
0.008821412017347987
0.008846538643296502
0.00887163531418089
0.008896701504126562
0.00892173669128396
0.008946740358399803
0.008971711993283688
0.008996651089192132
0.00902155714514731
0.009046429666261777
0.009071268163717519
0.009096072155360901
0.009120841165573325
0.00914557472550424
0.009170272373197761
0.009194933653707417
0.00921955811919932
0.009244145329045604
0.009268694849909533
0.009293206255823385
0.009317679128259995
0.009342113056198599
0.009366507636185514
0.00939086247239004
0.00941517717649958
0.009439451368185045
0.00946368467481804
0.009487876731547414
0.009512027181350951
0.009536135675074223
0.009560201871461884
0.009584225437183718
0.009608206046856525
0.009632143383062343
0.009656037136363232
0.009679887005312762
0.009703692696464249
0.009727453924375835
0.00975117041161243
0.009774841888744569
0.009798468094344223
0.009822048774977618
0.009845583685195086
0.00986907258751801
0.009892515252422919
0.009915911458322746
0.00993926099154533
0.009939260991545327
0.009939260991545327
0.009939260991545327
0.009939260991545329
0.009939260991545329
0.009939260991545329
0.009939260991545329
0.009939260991545327
0.009939260991545327
0.009939260991545329
0.009939260991545327
0.009939260991545327
0.009939260991545327
0.009939260991545327
0.009939260991545329
0.009939260991545329
0.009939260991545327
0.009939260991545327
0.009939260991545327
0.009939260991545327
0.009939260991545329
0.009939260991545329
0.009939260991545329
0.009939260991545327
0.009939260991545327
0.009939260991545327
0.009939260991545327
0.009939260991545327
0.009939260991545329
0.009939260991545329
0.009939260991545329
0.009939260991545329
0.009939260991545329
0.009939260991545329
0.009939260991545329
0.009939260991545327
0.009939260991545327
0.009939260991545327
0.009939260991545329
0.009939260991545329
0.009939260991545329
0.009939260991545329
0.009939260991545327
0.009939260991545329
0.009939260991545329
0.009939260991545329
0.009939260991545327
0.009939260991545329
0.009939260991545327
0.009939260991545329
0.009939260991545329
0.009939260991545329
0.009939260991545327
0.009939260991545327
0.009939260991545327
0.009939260991545327
0.009939260991545327
0.009939260991545329
0.009939260991545329
0.009939260991545329
0.009939260991545329
0.009939260991545329
0.009939260991545329
0.009939260991545329
0.009939260991545329
0.009939260991545329
0.009939260991545329
0.009939260991545327
0.009939260991545327
0.009939260991545327
0.009939260991545327
0.009939260991545327
0.009939260991545327
0.009939260991545327
0.009939260991545327
0.009939260991545329
0.009939260991545327
0.009939260991545329
0.009939260991545329
0.009939260991545329
0.009939260991545327
0.009939260991545329
0.009939260991545329
0.009939260991545329
0.009939260991545327
0.009939260991545329
0.009939260991545329
0.009939260991545329
0.009939260991545327
0.009939260991545327
0.009939260991545327
0.009939260991545327
0.009939260991545327
0.009939260991545327
0.009939260991545327
0.009939260991545327
0.009939260991545329
0.009939260991545327
0.009939260991545327
0.009939260991545327
0.009939260991545327
0.009939260991545327
0.009939260991545327
0.009939260991545327
0.009939260991545327
0.009939260991545327
0.009939260991545329
0.009939260991545329
0.010069428149939526
0.010198715425549785
0.010327139294059802
0.01045471718017234
0.010581467329609278
0.010707408564403916
0.010832560090275343
0.010956941350566777
0.01108057191517394
0.011203471395731229
0.011325659380704045
0.01144715538572382
0.011567978815699877
0.011688148936102996
0.011807684851441944
0.01192660548941551
0.012044929589566123
0.012162675695519366
0.012279862150089936
0.012396507092641505
0.012512628458487246
0.01262824397941732
0.01274337118572672
0.01285802740906008
0.012972229786037546
0.01308599526248212
0.013199340598119275
0.013312282371642501
0.013424836986056796
0.013537020674227091
0.013648849504570782
0.013760339386843472
0.013871506077975226
0.013982365187921272
0.014092932185496699
0.014203222404169083
0.014313251047786827
0.014423033196223945
0.01453258381092461
0.014641917740332711
0.014751049725193404
0.014859994403714922
0.014968766316579837
0.015077379911795917
0.015185849549377177
0.01529418950584615
0.015402413978548642
0.015510537089772309
0.015618572890660442
0.015726535364912038
0.01583443843225921
0.015942295951712423
0.01605012172456381
0.016157929497138238
0.01626573296328126
0.016373545766572437
0.016481381502252018
0.01658925371884804
0.01669717591949055
0.016805161562898668
0.01691322406402585
0.017021376794348102
0.017129633081779432
0.017238006210198775
0.01734650941857252
0.0174551558996573
0.017563958798268397
0.017672931209100542
0.017782086174089884
0.017891436679308627
0.018000995651387616
0.018110775953466777
0.01822079038067941
0.018331051655183308
0.01844157242076046
0.01855236523701678
0.018663442573224637
0.018774816801863346
0.018886500191925854
0.018998504902073707
0.01911084297373582
0.01922352632425947
0.019336566740233034
0.019449975871108464
0.019563765223256584
0.019677946154588538
0.01979252986987189
0.01990752741685868
0.020022949683325485
0.02013880739510187
0.02025511111513439
0.020371871243599463
0.020489098019041686
0.020606801520476236
0.020724991670595796
0.020843678238758365
0.02096287084597647
0.02108257896934915
0.02120281194692942
0.02132357898259133
0.021444889150702657
0.02156675140042162
0.021689174559455765
0.021812167337145843
0.021935738326766287
0.022059896006964123
0.022184648742288742
0.022310004782794053
0.022435972262721208
0.022562559198293374
0.02268977348467321
0.02281762289214917
0.02294611506162771
0.023075257499515972
0.023205057572083344
0.023335522499391255
0.023466659348879128
0.023598475028690755
0.02373097628082069
0.02386416967415381
0.0239980615972596
0.024132658252062057
0.02426796564617717
0.024403989586531418
0.02454073567259124
0.024678209289946823
0.024816415604075718
0.024955359554338717
0.025095045848222322
0.025235478955837408
0.02537666310467927
0.02551860227465037
0.0256613001933439
0.025804760331583042
0.02594898589920859
0.0260939798411053
0.02623974483345566
0.02638628328020855
0.026533597309749
0.02668168877175478
0.026830559234225112
0.02698020998066658
0.027130642007421567
0.02728185602112482
0.027433852436274556
0.02758663137290498
0.027740192653892347
0.027894535804205426
0.028049660047362913
0.028205564303901375
0.02836224718940242
0.028519707012567296
0.02867794177333744
0.02883694916105945
0.02899672655311307
0.029157271011869716
0.02931857928433797
0.02948064780006605
0.029643472669563783
0.029807049682797963
0.02997137430776939
0.03013644168918324
0.030302246647225882
0.030468783676462073
0.03063604694486798
0.03080403029301576
0.0309727272334264
0.03114213095010774
0.031312234298294696
0.03148302980440887
0.03165450966625405
0.031826665753463754
0.03199948960821595
0.03217297244622912
0.03234710515805203
0.03252187831065865
0.032697282149356806
0.03287330660001799
0.03304994127163268
0.03322717545919346
0.03340499814690543
0.03358339801172081
0.03376236342719161
0.0339418824676317
0.03412194291257668
0.03430253225152749
0.034483637688960816
0.03466524614958736
0.03484734428383669
0.035029918473545696
0.03521295483782599
0.035396439239084455
0.03558035728917039
0.03576469435562208
0.03594943556798566
0.03613456582417936
0.03632006979687693
0.03650593193988512
0.03669213649449123
0.03689288619760902
0.0370947860001876
0.03729783968601748
0.037502050729857676
0.037707422816911126
0.03791395984480592
0.03812166592431278
0.03833054537895312
0.03854060274365252
0.038751842762588064
0.0389642703863681
0.03917789076867224
0.03939270926246726
0.039608731415902515
0.0398259629679761
0.040044407574618815
0.04026407358701848
0.040484967289366895
0.04070709513850624
0.040930463759439144
0.04115507994094002
0.04138095063129443
0.04160808293418702
0.04183648410475384
0.04206616154581021
0.04229712280426186
0.04252937556778945
0.04276292766138035
0.04299778704456135
0.043233961808478355
0.0434714601732445
0.04371029048546723
0.04395046121594912
0.04419198095755631
0.044434858423248125
0.044679102444261196
0.04492472196844126
0.045171726058715576
0.04542012389169937
0.04566992475642927
0.04592113805321738
0.046173773292619555
0.04642784009451165
0.04668334818726806
0.046940307407036835
0.047198727697105994
0.047458619107356194
0.047719991793794804
0.047982856018167014
0.04824722214763979
0.048513100654554615
0.0487805021162455
0.049049437214918674
0.049319916737590806
0.0495919515760827
0.049865552727065755
0.05014073129215859
0.05041749847807121
0.05069586559679484
0.05097584406583495
0.05125744540848578
0.05154068125414456
0.051825563338663574
0.05211210350473871
0.05240029871203596
0.05269017583350619
0.05298174703317277
0.05327502458376649
0.05357002086727653
0.053866748375530606
0.054165219710803326
0.054465447586451984
0.05476744482757887
0.0550712243717195
0.05537679926955575
0.05568418268565377
0.055993387899225484
0.056304428304913605
0.056617317413599294
0.05693206885323214
0.057248696369682044
0.05756721382761245
0.05788763521137456
0.05820997462592228
0.058534246297747394
0.05886046457583476
0.059188643932637175
0.059518798965069585
0.05985094439552258
0.06018509507289466
0.060521265973643226
0.06085947220285413
0.06119972899532936
0.06154205171669305
0.0618864558645152
0.06223295706945349
0.06258157109641252
0.06293231384572084
0.06328520135432524
0.06364024979700253
0.0639974754875886
0.06435689488022465
0.06471852457062054
0.06508238129733529
0.06544848194307466
0.06581684353600573
0.06618748325108835
0.06656041841142389
0.06693566648962068
0.0673132451091766
0.06769317204587862
0.06807546522921945
0.06846014274383116
0.068847222830936
0.06923672388981426
0.06962866447928948
0.07002306331923072
0.07041993929207245
0.07081931144435158
0.07122119898826217
0.07162562130322767
0.07203259793749087
0.07244217524539154
0.07285434686068229
0.07326913277516173
0.07368655330949697
0.07410662883898839
0.07452937996837339
0.07495482747746914
0.07538299229721114
0.07581389560880918
0.07624755874603736
0.0766840032287377
0.0771232450830371
0.07756528877279062
0.07801017913384077
0.07845793845006403
0.07890858920217649
0.07936215406958165
0.07981865593229769
0.08027811787290856
0.08074056317853724
0.08120601534284091
0.08167449806802805
0.08214603526689755
0.08262065106490009
0.08309836980222175
0.08357921603589036
0.08406321454190421
0.0845503903173843
0.08504076858274943
0.08553437478391498
0.0860312345945156
0.08653137391815185
0.08703481889066139
0.08754159588241482
0.08805173150063664
0.08856525259175153
0.08908218624375636
0.08960255978861821
0.09012640080469889
0.09065373711920607
0.09118459681067163
0.09171900821145743
0.09225699991028899
0.09279860075481729
0.09334383985420937
0.0938927465817678
0.09444535057757959
0.09500168175119511
0.09556177028433696
0.09612564663363984
0.09669334153342138
0.09726488599848461
0.09784031132695234
0.09841964910313418
0.0990029312004264
0.09959022819893637
0.10018149608439118
0.1007768056686379
0.10137619002017212
0.10197968250872382
0.10258734842318665
0.10319919059018691
0.10381521113397547
0.10443547639213416
0.10506002129129795
0.10568888108205045
0.1063220913422291
0.10695968798025327
0.1076017072384847
0.10824818569679737
0.10889916027548263
0.1095546682393141
0.11021474720087093
0.11087943512412282
0.11154877032788306
0.11222279149006552
0.11290153765080842
0.11339207509085909
0.11389010786425945
0.11439583291739011
0.11490941021559443
0.11543096085666163
0.11596056630992757
0.11649826848425616
0.1170440703638042
0.11759793711104972
0.11815979766799518
0.1187295470030819
0.11930704921110216
0.1198921416553082
0.12048464023327739
0.12108434566009389
0.12169105043338703
0.12230454594226033
0.12292462908093442
0.12355110777524586
0.12418380501765156
0.12482256127090764
0.1254672353560318
0.12611770411886322
0.12677386124621243
0.12743561559131902
0.12810288930311275
0.12877561596893478
0.12945373889991477
0.13013720962402645
0.13082598660683653
0.1315200341919754
0.13221932173835244
0.13292382292499758
0.1336335151937368
0.13434837930224017
0.13506839896366996
0.13579356055321257
0.13652385286564112
0.13725926691146756
0.13799979574211083
0.13874543429683864
0.1394961792660874
0.14025202896720126
0.14101298322972686
0.14177904328822677
0.14255021168118692
0.14332649215498533
0.14410788957255455
0.14489440982570845
0.14568605975149684
0.14648284705207354
0.14728478021805108
0.14809186845527503
0.1489041216149713
0.1497215501272256
0.15054416493775158
0.15137197744789954
0.1522049994578451
0.15304324311288903
0.15388672085278846
0.1547354453640289
0.1555894295349407
0.1564486864135543
0.15731322916808557
0.1581830710499379
0.1590582253591061
0.15993870541186656
0.1608245245106381
0.1617156959159003
0.16261223282005804
0.16351414832314434
0.1644214554102565
0.16533416693062641
0.1662522955782286
0.1671758538738353
0.16810485414843215
0.1690393085279137
0.16997922891898198
0.17092462699617644
0.1718755141899691
0.17283190167586218
0.17379380036443035
0.17476122089225474
0.17573417361369859
0.17671266859347984
0.1776967155999979
0.17868632409937693
0.17968150325019025
0.18068226189883357
0.1816886085755184
0.1827005514908581
0.18371809853302326
0.1847412572654439
0.18577003492503893
0.18680443842095437
0.18784447433379478
0.18889014891533268
0.18994146808868262
0.19099843744892833
0.19206106226419137
0.19312934747713198
0.19420329770687297
0.19528291725133787
0.19636821008999675
0.19745917988701184
0.19855582999477672
0.1996581634578431
0.20076618301722882
0.2018798911151025
0.20299928989983812
0.2041243812314348
0.2052551666872971
0.20639164756836897
0.20753382490561456
0.2086816994668584
0.20983527176393207
0.2109945420601846
0.21215951037830358
0.21333017650845942
0.2145065400167636
0.21568860025403278
0.21687635636485353
0.21806980729693828
0.21926895181076644
0.22047378848950083
0.2216843157491726
0.22290053184912453
0.22412243490270367
0.22535002288819406
0.22658329365997912
0.22782224495992376
0.229066874428965
0.2303171796188997
0.23157315800435904
0.2328357061348196
0.23410402702550692
0.2353779609645962
0.2366574143411435
0.23794232373174157
0.2392326398162844
0.24052832022269746
0.24182932635332374
0.24313562197750505
0.24444717259745277
0.24576394515021097
0.24708590785418538
0.24841303011746788
0.2497452824727583
0.251082636524223
0.2524250649003451
0.2537725412104249
0.25512504000382374
0.25648253673156923
0.25784500771010876
0.25921243008702544
0.26058478180851125
0.2619620415883609
0.2633441888782177
0.26473120383876936
0.2661230673115607
0.2675197607910613
0.2689212663965854
0.2703275668436249
0.27173864541410747
0.27315448592503117
0.27457507269485837
0.2760003905069594
0.2774304245692899
0.27886516046934456
0.28030458412326065
0.28174868171772155
0.2831974396430733
0.2846508444156346
0.28610888258685246
0.28757154063620427
0.2890388054149445
0.2905106617047068
0.2919870954832259
0.293468091400423
0.29495363308835826
0.29644370283560906
0.2979382811848323
0.29943734643260833
0.30094087400261293
0.3024488356529056
0.3039611984635761
0.30547792353006814
0.3069989642569532
0.30852426410160816
0.31005375354883014
0.3115873459921715
0.31312493203254044
0.31466637143945075
0.3162114815845108
0.317760020421791
0.31931166081499285
0.3208659507320471
0.3224222496141594
0.3239796231510391
0.34025903237875094
0.3538992656757442
0.36511286947043187
0.374227899966823
0.3816069292287611
0.38759146779928105
0.39247436187970014
0.3964922630629021
0.3998292717357758
0.40262530472458535
0.40498543901972417
0.40698842493104836
0.40869370700106455
0.4101468747365276
0.41138371837886684
0.41243314575695633
0.413319216905117
0.4140625217012953
0.41468108518659264
0.4151909453778292
0.4156065130764368
0.4159407935544981
0.416205526114953
0.41641127896522784
0.4165675229943193
0.4166826981379811
0.4167642793098885
0.4168188446036867
0.41685214597660974
0.4168691813474819
0.4168742665926283
0.41687110572970176
0.4168628582287507
0.41685220219404295
0.41684139284847804
0.4168323159585805
0.4168265360941802
0.4168253398113746
0.41682977398490767
0.4168406796057158
0.4168587214107255
0.4168844137341177
0.4169181429704314
0.41696018702659293
0.41701073211742834
0.41706988723151944
0.41713769656385774
0.41721415018130215
0.41729919315695424
0.41739273338157096
0.41749464823434274
0.41760478479845314
0.41772298714497885
0.41784906637594177
0.41798282664875375
0.41812406281593983
0.4182725629007456
0.4184281101976271
0.41859048504649504
0.4187594663253703
0.4189348327009753
0.4191163636717667
0.41930384043323643
0.4194970465912455
0.4196957687455096
0.41989979696229485
0.4201089251526548
0.42032295137019027
0.42054167804047243
0.42076491213234113
0.4209924652800504
0.42122415386382783
0.4214597990553875
0.42169922683399874
0.42194226797792406
0.42218875803535244
0.4224385372783522
0.42269145064288044
0.4229473476574312
0.4232060823625418
0.4234675132230567
0.42373150303475443
0.42399791882670634
0.42426663176055124
0.4245375170276731
0.42481045374510595
0.42508532485087414
0.4253620169993834
0.42564042045732386
0.4259204290005164
0.4262019398120287
0.4264848533818529
0.42676907340835263
0.4270545067016616
0.427341063089167
0.4276286553232093
0.4279171989910346
0.4282066124270827
0.42849681662763667
0.4287877351678426
0.4290792941211128
0.4293714219808854
0.4296640495847371
0.4299571100408035
0.43025053865648283
0.43054427286937524
0.43083825218041794
0.431132418089153
0.4314267140310924
0.4317210853171227
0.4320154790748799
0.43230984419205587
0.4326041312615748
0.43289829252857803
0.433192281839164
0.43348605459083556
0.4337795676845812
0.4340727794785596
0.43436564974331604
0.4346581396184853
0.434950211570928
0.4352418293542615
0.4355329579486051
0.4358235635746888
0.4361136136219368
0.4364030766157106
0.43669192218369807
0.43698012102321043
0.4372676448694183
0.4375544664645392
0.4378405595279651
0.43812589872731883
0.43841045965041975
0.43869421877812337
0.4389771534580292
0.4392592418790055
0.43954046304652533
0.4398207967587744
0.4401002235835054
0.4403787248356204
0.4406562825554469
0.4409328794876905
0.44120849906103565
0.44148312536837586
0.4417567431476505
0.4420293377632654
0.44230089518808013
0.4425714019859402
0.44284084529473455
0.44310921280996307
0.443376492768796
0.44364267393460927
0.4439077455819759
0.44417169748210317
0.4444345198886953
0.4446962035242328
0.4449567395666549
0.4452161196364229
0.4454743357839598
0.44573138047745625
0.44598724659102296
0.446241927393181
0.44649541653568436
0.44674770804265507
0.4469987963000289
0.4472486760452991
0.4474973423575431
0.44774479064773387
0.4479910166493167
0.4482360164090524
0.4484797862781073
0.44872232290339653
0.4489636232191581
0.44920368443876363
0.4494425040467479
0.4496800797910578
0.44991640967551055
0.45015149195245774
0.4503853251156444
0.4506179078932593
0.4508492392411761
0.45107931833636816
0.45130814457050594
0.45153571754372007
0.4517620370585279
0.4519871031139262
0.45221091589963425
0.4524334757904897
0.45265478334099324
0.45287483927999317
0.45309364450550976
0.453311200079694
0.4535275072239183
0.45374256731399226
0.4539563818755032
0.4541689525792772
0.45438028123695673
0.45459036979669143
0.4547992203389395
614.5498064657278
614.5498064657278
614.5498064657278
614.5498064657278
614.5498064657278
614.5498064657278
614.5498064657278
614.5498064657278
614.5498064657278
614.5498064657278
614.5498064657278
614.5498064657278
614.5498064657278
614.5498064657278
614.5498064657278
614.5498064657278
614.5498064657278
614.5498064657278
614.5498064657278
614.5498064657278
614.5498064657278
614.5498064657278
614.5498064657278
614.5498064657278
614.5498064657278
614.5498064657278
614.5498064657278
614.5498064657278
614.5498064657278
614.5498064657278
614.5498064657278
614.5498064657278
614.5498064657278
614.5498064657278
614.5498064657278
614.5498064657278
614.5498064657278
614.5498064657278
614.5498064657278
614.5498064657278
614.5498064657278
614.5498064657278
614.5498064657278
614.5498064657278
614.5498064657278
614.5498064657278
614.5498064657278
614.5498064657278
614.5498064657278
614.5498064657278
614.5498064657278
614.5498064657278
614.5498064657278
614.5498064657278
614.5498064657278
614.5498064657278
614.5498064657278
614.5498064657278
614.5498064657278
614.5498064657278
614.5498064657278
614.5498064657278
614.5498064657278
614.5498064657278
614.5498064657278
614.5498064657278
614.5498064657278
614.5498064657278
614.5498064657278
614.5498064657278
614.5498064657278
614.5498064657278
614.5498064657278
614.5498064657278
614.5498064657278
614.5498064657278
614.5498064657278
614.5498064657278
614.5498064657278
614.5498064657278
614.5498064657278
614.5498064657278
614.5498064657278
614.5498064657278
614.5498064657278
614.5498064657278
614.5498064657278
614.5498064657278
614.5498064657278
614.5498064657278
614.5498064657278
614.5498064657278
614.5498064657278
614.5498064657278
614.5498064657278
614.5498064657278
614.5498064657278
614.5498064657278
614.5498064657278
614.5498064657278
614.5498064657278
614.5498064657278
614.5498064657278
614.5498064657278
614.5498064657278
614.5498064657278
614.5498064657278
614.5498064657278
614.5498064657278
614.5498064657278
614.5498064657278
614.5498064657278
614.5498064657278
614.5498064657278
614.5498064657278
614.5498064657278
614.5498064657278
614.5498064657278
614.5498064657278
614.5498064657278
614.5498064657278
614.5498064657278
614.5498064657278
614.5498064657278
614.5498064657278
614.5498064657278
614.5498064657278
614.5498064657278
614.5498064657278
614.5498064657278
614.5498064657278
614.5498064657278
614.5498064657278
614.5498064657278
614.5498064657278
614.5498064657278
614.5498064657278
614.5498064657278
614.5498064657278
614.5498064657278
614.5498064657278
614.5498064657278
614.5498064657278
614.5498064657278
614.5498064657278
614.5498064657278
614.5498064657278
614.5498064657278
614.5498064657278
614.5498064657278
614.5498064657278
614.5498064657278
614.5498064657278
614.5498064657278
614.5498064657278
614.5498064657278
614.5498064657278
614.5498064657278
614.5498064657278
614.5498064657278
614.5498064657278
614.5498064657278
614.5498064657278
614.5498064657278
614.5498064657278
614.5498064657278
614.5498064657278
614.5498064657278
614.5498064657278
614.5498064657278
614.5498064657278
614.5498064657278
614.5498064657278
614.5498064657278
614.5498064657278
614.5498064657278
614.5498064657278
614.5498064657278
614.5498064657278
614.5498064657278
614.5498064657278
614.5498064657278
614.5498064657278
614.5498064657278
614.5498064657278
614.5498064657278
614.5498064657278
614.5498064657278
614.5498064657278
614.5498064657278
614.5498064657278
614.5498064657278
614.5498064657278
614.5498064657278
614.5498064657278
614.5498064657278
614.5498064657278
614.5498064657278
614.5498064657278
949.8704506368284
949.8704506368284
949.8704506368284
949.8704506368284
949.8704506368284
949.8704506368284
949.8704506368284
949.8704506368284
949.8704506368284
949.8704506368284
949.8704506368284
949.8704506368284
949.8704506368284
949.8704506368284
949.8704506368284
949.8704506368284
949.8704506368284
949.8704506368284
949.8704506368284
949.8704506368284
949.8704506368284
949.8704506368284
949.8704506368284
949.8704506368284
949.8704506368284
949.8704506368284
949.8704506368284
949.8704506368284
949.8704506368284
949.8704506368284
949.8704506368284
949.8704506368284
949.8704506368284
949.8704506368284
949.8704506368284
949.8704506368284
949.8704506368284
949.8704506368284
949.8704506368284
949.8704506368284
949.8704506368284
949.8704506368284
949.8704506368284
949.8704506368284
949.8704506368284
949.8704506368284
949.8704506368284
949.8704506368284
949.8704506368284
949.8704506368284
949.8704506368284
949.8704506368284
949.8704506368284
949.8704506368284
949.8704506368284
949.8704506368284
949.8704506368284
949.8704506368284
949.8704506368284
949.8704506368284
949.8704506368284
949.8704506368284
949.8704506368284
949.8704506368284
949.8704506368284
949.8704506368284
949.8704506368284
949.8704506368284
949.8704506368284
949.8704506368284
949.8704506368284
949.8704506368284
949.8704506368284
949.8704506368284
949.8704506368284
949.8704506368284
949.8704506368284
949.8704506368284
949.8704506368284
949.8704506368284
949.8704506368284
949.8704506368284
949.8704506368284
949.8704506368284
949.8704506368284
949.8704506368284
949.8704506368284
949.8704506368284
949.8704506368284
949.8704506368284
949.8704506368284
949.8704506368284
949.8704506368284
949.8704506368284
949.8704506368284
949.8704506368284
949.8704506368284
949.8704506368284
949.8704506368284
949.8704506368284
949.8704506368284
949.8704506368284
949.8704506368284
949.8704506368284
949.8704506368284
949.8704506368284
949.8704506368284
949.8704506368284
949.8704506368284
949.8704506368284
949.8704506368284
949.8704506368284
949.8704506368284
949.8704506368284
949.8704506368284
949.8704506368284
949.8704506368284
949.8704506368284
949.8704506368284
949.8704506368284
949.8704506368284
949.8704506368284
949.8704506368284
949.8704506368284
949.8704506368284
949.8704506368284
949.8704506368284
949.8704506368284
949.8704506368284
949.8704506368284
949.8704506368284
949.8704506368284
949.8704506368284
949.8704506368284
949.8704506368284
949.8704506368284
949.8704506368284
949.8704506368284
949.8704506368284
949.8704506368284
949.8704506368284
949.8704506368284
949.8704506368284
949.8704506368284
949.8704506368284
949.8704506368284
949.8704506368284
949.8704506368284
949.8704506368284
949.8704506368284
949.8704506368284
949.8704506368284
949.8704506368284
949.8704506368284
949.8704506368284
949.8704506368284
949.8704506368284
949.8704506368284
949.8704506368284
949.8704506368284
949.8704506368284
949.8704506368284
949.8704506368284
949.8704506368284
949.8704506368284
949.8704506368284
949.8704506368284
949.8704506368284
949.8704506368284
949.8704506368284
949.8704506368284
949.8704506368284
949.8704506368284
949.8704506368284
949.8704506368284
949.8704506368284
949.8704506368284
949.8704506368284
949.8704506368284
949.8704506368284
949.8704506368284
949.8704506368284
949.8704506368284
949.8704506368284
949.8704506368284
949.8704506368284
949.8704506368284
949.8704506368284
949.8704506368284
949.8704506368284
949.8704506368284
949.8704506368284
949.8704506368284
949.8704506368284
949.8704506368284
949.8704506368284
949.8704506368284
949.8704506368284
949.8704506368284
-3337.8958821797473
19835.572494867738
19835.572494867738
19835.572494867738
19835.572494867738
19835.572494867738
19835.572494867738
19835.572494867738
19835.572494867738
19835.572494867738
19835.572494867738
19835.572494867738
19835.572494867738
19835.572494867738
19835.572494867738
19835.572494867738
19835.572494867738
19835.572494867738
19835.572494867738
19835.572494867738
19835.572494867738
19835.572494867738
19835.572494867738
19835.572494867738
19835.572494867738
19835.572494867738
19835.572494867738
19835.572494867738
19835.572494867738
19835.572494867738
19835.572494867738
19835.572494867738
19835.572494867738
19835.572494867738
19835.572494867738
19835.572494867738
19835.572494867738
19835.572494867738
19835.572494867738
19835.572494867738
19835.572494867738
19835.572494867738
19835.572494867738
19835.572494867738
19835.572494867738
19835.572494867738
19835.572494867738
19835.572494867738
19835.572494867738
19835.572494867738
19835.572494867738
19835.572494867738
19835.572494867738
19835.572494867738
19835.572494867738
19835.572494867738
19835.572494867738
19835.572494867738
19835.572494867738
19835.572494867738
19835.572494867738
19835.572494867738
19835.572494867738
19835.572494867738
19835.572494867738
19835.572494867738
19835.572494867738
19835.572494867738
19835.572494867738
19835.572494867738
19835.572494867738
19835.572494867738
19835.572494867738
19835.572494867738
19835.572494867738
19835.572494867738
19835.572494867738
19835.572494867738
19835.572494867738
19835.572494867738
19835.572494867738
19835.572494867738
19835.572494867738
19835.572494867738
19835.572494867738
19835.572494867738
19835.572494867738
19835.572494867738
19835.572494867738
19835.572494867738
19835.572494867738
19835.572494867738
19835.572494867738
19835.572494867738
19835.572494867738
19835.572494867738
19835.572494867738
19835.572494867738
19835.572494867738
19835.572494867738
19835.572494867738
19835.572494867738
19835.572494867738
19835.572494867738
19835.572494867738
19835.572494867738
19835.572494867738
19835.572494867738
19835.572494867738
19835.572494867738
19835.572494867738
19835.572494867738
19835.572494867738
19835.572494867738
19835.572494867738
19835.572494867738
19835.572494867738
19835.572494867738
19835.572494867738
19835.572494867738
19835.572494867738
19835.572494867738
19835.572494867738
19835.572494867738
19835.572494867738
19835.572494867738
19835.572494867738
19835.572494867738
19835.572494867738
19835.572494867738
19835.572494867738
19835.572494867738
19835.572494867738
19835.572494867738
19835.572494867738
19835.572494867738
19835.572494867738
19835.572494867738
19835.572494867738
19835.572494867738
19835.572494867738
19835.572494867738
19835.572494867738
19835.572494867738
19835.572494867738
19835.572494867738
19835.572494867738
19835.572494867738
19835.572494867738
19835.572494867738
19835.572494867738
19835.572494867738
19835.572494867738
19835.572494867738
19835.572494867738
19835.572494867738
19835.572494867738
19835.572494867738
19835.572494867738
19835.572494867738
19835.572494867738
19835.572494867738
19835.572494867738
19835.572494867738
19835.572494867738
19835.572494867738
19835.572494867738
19835.572494867738
19835.572494867738
19835.572494867738
19835.572494867738
19835.572494867738
19835.572494867738
19835.572494867738
19835.572494867738
19835.572494867738
19835.572494867738
19835.572494867738
19835.572494867738
19835.572494867738
19835.572494867738
19835.572494867738
19835.572494867738
19835.572494867738
19835.572494867738
19835.572494867738
19835.572494867738
19835.572494867738
19835.572494867738
19835.572494867738
19835.572494867738
19835.572494867738
19835.572494867738
19835.572494867738
19835.572494867738
19835.572494867738
19835.572494867738
19835.572494867738
