62.64318
62.93524058908258
62.92114905917455
62.90269658624479
62.882556374252545
62.86212306346968
62.84213523780774
62.82299231690803
62.804919525468044
62.78805422698871
62.77249114296795
62.75830624116325
62.74556958274989
62.73435249703493
62.72473189202819
62.71679317946504
62.710632604709076
62.70635941871206
62.7040981515257
62.703991162147105
62.70620160524588
62.71091695001741
62.7183531996436
62.728759987180005
62.742426764133086
62.759690352670304
62.78094420389546
62.80664979677167
62.837350729710934
62.87369020467613
62.916432786109226
62.96649153465849
63.02496318498437
63.09316520600966
63.1726953819129
63.265490944953875
63.37390627394505
63.500800982365924
63.64963369584474
63.824545589040696
64.03039794150767
64.27269171785284
64.5572371794709
64.88935890985418
65.27235315016259
65.70498694935114
66.17830021005395
66.67305824383645
67.16040633715428
67.6077784234088
67.98847549954566
68.28932677402067
68.51179097324673
68.66727147214185
68.77089348340112
68.83706062333655
68.87744162506623
68.90064575393271
68.9126714464698
68.91755108091274
68.91793479964423
68.91553941380997
68.91146674888186
68.90641945545765
68.90084348406423
68.89502065256434
68.88912820048245
68.88327687583352
68.87753520464858
68.87194492014804
68.8665238949447
68.8612983110567
68.85627741458346
68.85145151164728
68.84682525673435
68.84239715952823
68.83816454850391
68.83412401911455
68.83027171454036
68.82660350269325
68.82311413199254
68.81980089142567
68.81665873016397
68.81368315319521
68.81086968967182
68.80821389594831
68.80571135922482
68.80335770082151
68.80114857902481
68.79907969146755
68.7971467771365
68.7953456180566
68.79367204073371
68.79212191740066
68.79069116710568
68.78937575667189
68.78817170154527
68.78707506654509
68.78608196655082
68.78518856708725
68.78439108485534
68.78368578819797
68.7830689975031
68.78253708555364
68.78208647782269
68.78171365271976
68.78141514178907
68.78118752986268
68.78102745517187
68.78093160941667
68.78089673779782
68.78091963901271
68.78099716521581
68.78112622194736
68.78130376803045
68.78152681544091
68.78179242914749
68.78209772692833
68.78243987916245
68.78281610859939
68.78322369010758
68.78365995040284
68.78412226775991
68.78460807170623
68.78511484270085
68.78564011179878
68.78618146030344
68.78673651940566
68.78730296981333
68.78787854137082
68.78846101266991
68.78904821065275
68.78963801020777
68.79022833376027
68.79081715085607
68.79140247774295
68.79198237694479
68.79255495683529
68.79311837120663
68.79367081883638
68.79399851233941
68.79473049970052
68.79524008430144
68.79573187329133
68.79620430021957
68.79665583690729
68.79708499444392
68.7974903228063
68.79787041087114
68.7982238864834
68.79854941645398
68.7988457064581
68.7991115008366
68.7993455823201
68.799546771693
68.79971392741177
68.79984594519175
68.79994175756781
68.80000033343737
68.80002067758679
68.80000183020677
68.79994286639399
68.79984289564379
68.79970106133051
68.79951654017611
68.79928854170929
68.79901630770951
68.79869911163966
68.79833625806286
68.79792708204607
68.79747094854574
68.79696725177745
68.7964154145669
68.795814887681
68.79516514914002
68.79446570350652
68.79371608115238
68.79291583750144
68.79206455224825
68.79116182854912
68.79020729218685
68.78920059070735
68.78814139252391
68.78702938599564
68.78586427846957
68.78464579529103
68.78337367878122
68.78204768717745
68.78066759353958
68.77923318461657
68.77774425967665
68.77620062929655
68.77460211411244
68.77294854352688
68.77123975437628
68.76947558955217
68.76765589658278
68.76578052616436
68.76384933065216
68.76186216250062
