0.004387792136795162
0.004417790862006406
0.004422757381474077
0.004423368975913631
0.00442312562776901
0.004422723818740678
0.004422303160187908
0.004421891179328108
0.004421492833106461
0.004421108550891482
0.004420737874001006
0.004420380190319002
0.004420034882378847
0.0044197013567306535
0.004419379049114724
0.004419067424601738
0.004418765976624749
0.004418474225736719
0.004418191718292113
0.0044179180251148415
0.004417652740181059
0.004417395479333978
0.004417145879041848
0.004416903595206364
0.004416668302025992
0.00441643969091646
0.004416217469489209
0.004416001360587395
0.004415791101378228
0.004415586442499883
0.0044153871472607485
0.00441519299088869
0.004415003759827678
0.004414819251079252
0.004414639271586164
0.004414463637655682
0.004414292174420042
0.00441412471533169
0.004413961101691018
0.004413801182204438
0.004413644812570782
0.004413491855094065
0.004413342178320858
0.004413195656700553
0.00441305217026698
0.004412911604339877
0.0044127738492448975
0.004412638800050824
0.004412506356322884
0.004412376421890989
0.0044122489046319775
0.004412123716264816
0.004412000772157968
0.004411879990943595
0.004411761295513612
0.004411644610307912
0.004411529863805403
0.004411416987145958
0.004411305914142508
0.00441119658118044
0.004411088927102703
0.004410982893097183
0.004410878422589332
0.0044107754611404475
0.004410673956351342
0.004410573857771108
0.00441047511681069
0.004410377686660958
0.004410281522215008
0.004410186579994455
0.004410092818079462
0.004410000196042299
0.004409908674884221
0.0044098182169754726
0.004409728785998243
0.004409640346892399
0.004409552865803839
0.004409466310035329
0.004409380647999675
0.0044092958491751015
0.004409211884062721
0.004409128724145986
0.004409046341851989
0.004408964710514564
0.004408883804339033
0.0044088035983685485
0.004408724068451957
0.004408645191213066
0.004408566944021278
0.004408489304963497
0.004408412252817273
0.004408335767025086
0.004408259827669737
0.004408184415450789
0.004408109511661998
0.004408035098169687
0.0044079611573920275
0.004407887672279176
0.004407814626294226
0.004407742003394932
0.004407669788016185
0.004407597965053188
0.0044075265198453084
0.004407455438160575
0.004407384706180779
0.004407314310487175
0.0044072442380467276
0.0044071744761989134
0.004407105013707987
0.0044070358358405904
0.004406966932566346
0.0044068982935093004
0.004406829906891246
0.004406761762046194
0.004406693848592101
0.004406626156429854
0.004406558675734368
0.004406491396945679
0.0044064243107603
0.004406357408122886
0.004406290680218196
0.00440622411846336
0.004406157714500401
0.004406091460189056
0.004406025347599839
0.004405959369007345
0.004405893516883817
0.004405827783892921
0.004405762162883749
0.004405696646885037
0.004405631229099584
0.004405565902898879
0.004405500661817889
0.0044054354995500715
0.004405370409942517
0.0044053053869913044
0.004405240424836986
0.00440517551776025
0.004405110660177728
0.004405045846637948
0.004404981071817432
0.0044049163305169324
0.004404851617657791
0.004404786928278438
0.004404722257531006
0.004404657600678068
0.0044045929530894794
0.004404528310239354
0.004404463667703122
0.004404399021154713
0.0044043343663638275
0.004404269699193309
0.004404205015596616
0.004404140311615378
0.00440407558337705
0.004404010827092645
0.004403946039054546
0.004403881215634416
0.004403816353281171
0.004403751448519037
0.004403686497945671
0.004403621498230374
0.004403556446112347
0.0044034913383990335
0.004403426171964524
0.004403360943748014
0.004403295650752338
0.00440323029004255
0.004403164858744568
0.004403099354043872
0.004403033773184261
0.004402968113466653
0.004402902372247935
0.00440283654693988
0.004402770635008077
0.004402704633970943
0.004402638541398741
0.004402572354912674
0.004402506072183987
0.004402439690933122
0.0044023732089289135
0.004402306623987792
0.004402239933973047
0.004402173136794094
0.00440210623040579
0.004402039212807738
0.004401972082043657
0.0044019048362007275
0.004401837473408977
0.004401769991840668
0.004401702389709691
0.004401634665270973
0.0044015668168198695
0.004401498842691574
0.004401430741260498
0.004401362510939652
0.004401294150180004
0.004401225657469818
0.004401157031333961
