149.94625
119.55285532205295
120.4770877947825
121.40546884239328
122.33484895403485
123.26297585856474
124.18836495893586
125.11002476619647
126.02726125448214
126.93955085661547
127.84646139358199
128.747604652778
129.64260922911748
130.53110604272337
131.4127216190834
132.28707601018178
133.15378340439327
134.01245421985604
134.86269794646398
135.70412629361493
136.5363563807482
137.3590138174997
138.17173558693133
138.9741726859043
139.76599250115981
140.54688091462987
141.3165441404409
142.07471030140204
142.8211307558118
143.5555811867553
144.2778624666095
144.9878013093326
145.6852507225998
146.37009027123452
147.042226162773
147.70159116541734
148.34814436838124
148.98187079427876
149.60278087339813
150.21090978967362
150.80631670855084
151.38908389716698
151.9593157476585
152.5171377147466
153.06269517892812
153.5961522468817
154.11769050071663
154.62750770769725
155.12581650188406
155.6128430489105
156.08882570472423
156.55401367854083
157.00866570978414
157.4530487680267
157.88743678410955
158.31210942000394
158.72735088379753
159.13344879563937
159.53069310920156
159.919375092643
160.29978637191817
160.67221803853994
161.03695982311174
161.39429933508922
161.74452136862664
162.08790727373406
162.42473439134636
162.75527555050965
163.0797986254487
163.39856614994122
163.71183498618493
164.01985604508704
164.32287405490615
164.62112737485427
164.91484785051318
165.2042607077005
165.48958448156333
165.77103097777496
166.04880526276713
166.32310567999713
166.5941238895709
166.86204492847824
167.12704728899686
167.3893030129172
167.64897779944562
167.90623112477437
168.16121637146796
168.41408096601018
168.6649665229596
168.9140089943327
169.1613388229687
169.4070810987333
169.65135571661207
169.89427753570993
170.1359565385102
170.37649798956133
170.61600259309188
170.85456664901665
171.09228220684102
171.32923721715034
171.56551568033706
171.80119779229992
172.0363600868924
172.2710755750026
172.50541388003995
172.73944136983445
172.97322128478697
173.2068138622894
173.44027645737688
173.6736636596018
173.90702740615038
174.14041709127363
174.37387967198063
174.60745977018175
174.84119977121696
175.07513991893646
175.30931840734783
175.54377146894464
175.7785334597959
176.0136369414469
176.24911275979423
176.4849901209535
176.72129666423544
176.95805853233523
177.19530043879786
177.4330457328671
177.6713164618035
177.91013343072973
178.14951626013473
178.38948344108016
178.63005238819423
178.87123949054367
179.1130601604673
179.35552888040655
179.59865924782406
179.84246401832118
180.08695514692735
180.33214382772326
180.57804053179075
180.8246550435837
181.07199649576293
181.32007340256084
181.56889369170477
181.81846473500676
182.06879337757815
182.31988596582144
182.57174837413694
182.82438603051628
183.0778039409139
183.33200671256466
183.58699857623103
183.84278340741713
184.09936474657852
184.35674581841445
184.61492955019807
184.87391858924036
185.13371531949502
185.39432187733277
185.65574016649984
185.91797187234087
186.18101847525054
186.44488126340133
186.70956134481756
186.97505965872642
187.24137698632103
187.50851396086813
187.77647107720708
188.04524870070952
188.3148470756458
188.58526633304376
188.85650649800505
189.12856749654816
189.4014491619408
189.67515124062737
189.94967339765086
190.22501522168585
190.5011762296689
190.77815587100608
191.05595353143556
191.33456853652464
191.6140001548081
191.89424760062107
192.17531003659144
192.45718657586002
192.73987628401343
193.02337818070757
193.30769124110054
193.59281439698808
193.87874653773676
194.16548651099643
194.45303312320144
194.74138513989476
195.0305412858605
195.32050024510897
195.61126066068712
195.9028211343529
196.19518022615622
196.4883364538317
196.782288292147
