1.4816498966477203
1.4212330840626914
1.365512749248806
1.3139479621414967
1.266093208018024
1.2215546841182994
1.1799800671370957
1.1410537198968218
1.1044939776021012
1.0700512303115857
1.0375061640382988
1.0066678730935996
0.9773717530081818
0.9494771879600808
0.9228650959100861
0.8974354115534744
0.8731045860503582
0.8498031721984002
0.8274735495772905
0.8060678293573948
0.7855459645739786
0.7658740795284578
0.7470230218809104
0.7289671329260135
0.7116832253731622
0.6951497534726602
0.6793461573373714
0.6642523615845759
0.6498484077593909
0.6361142002168606
0.6230293460363786
0.6105730709472619
0.598724194997744
0.5874611536498238
0.5767620520013708
0.5666047418261376
0.5569669129887367
0.5478261925010588
0.53916024597942
0.5309468775514687
0.5231641253293832
0.515790350440605
0.5088043182998286
0.5021852713425357
0.4959129928546747
0.48996786183529345
0.4843308990528958
0.47898380461318985
0.4739089874668449
0.4690895873568277
0.46450948974828754
0.4601533343136082
0.4560065175508103
0.45205519011298945
0.44828624942283984
0.44468732812128864
0.441246778891312
0.43795365616156867
0.4347976951805781
0.43176928891303296
0.4288594631861097
0.42605985048138695
0.42336266273292
0.42076066346429425
0.41824713956373377
0.41581587296325356
0.4134611124606943
0.41117754589170435
0.40896027283086606
0.4068047779748933
0.4047069053346871
0.4026628333426788
0.40066905095352734
0.3987223348059597
0.3968197274865034
0.39495851692498307
0.39313621693690043
0.3913505489128818
0.3895994246448818
0.3878809302739943
0.38619331132917384
0.38453495882575633
0.3829043963844153
0.38130026832857866
0.37972132871381886
0.37816643124129135
0.3766345200068323
0.3751246210349428
0.3736358345482381
0.3721673279230459
0.3707183292825197
0.3692881216813869
0.3678760378347692
0.3664814553515688
0.36510379242628144
0.3637425039541774
0.3623970780312993
0.36106703280372127
0.3597519136360992
0.35845129056794267
0.3571647560298992
0.35589192279471443
0.3546324221402868
0.3533859022008157
0.3521520264895534
0.35093047257212867
0.3497209308766194
0.34852310362466116
0.3473367038700527
0.34616145463351394
0.3449970881233669
0.3438433450302698
0.34269997389137236
0.34156673051201897
0.3404433774416488
0.3393296834955802
0.33822542331877914
0.33713037698629217
0.336044329635643
0.33496707112966717
0.3338983957437779
0.3328381018765063
0.3317859917807264
0.3307418713132801
0.32970554970012295
0.3286768393175426
0.32765555548519654
0.32664151627240035
0.32563454231450895
0.3246344566392974
0.32364108450268664
0.32265425323301217
0.32167379208219027
0.3206995320842901
0.3197313059217172
0.31876894779586906
0.31781229330522837
0.31686117932794966
0.31591544391011467
0.3149749261587566
0.3140394661397803
0.3131089047801111
0.3121830837751388
0.3112618454989107
0.3103450329200481
0.3094324895202069
0.308524059218385
0.3076195862966272
0.3067189153314322
0.30582189112840535
0.3049283586602289
0.30403816300819136
0.3031511493083298
0.30226716269982684
0.3013860482779748
0.3005076510505024
0.2996318158973079
0.298758387533492
0.2978872104769974
0.29701812901874125
0.2961509871965886
0.2952856287738809
0.2944218972200584
0.2935596356967239
0.2926986870460145
0.2918388937828168
0.29098009809184794
0.2901221418272847
0.28926486651711025
0.2884081133705041
0.2875517232898284
0.28669553688572064
0.28583939449760687
0.2849831362160732
0.28412660191075195
0.2832696312620117
0.28241206379576167
0.2815537389234528
0.2806944959855982
0.27983417429899243
0.2789726132086759
0.278109652143111
0.2772451306743523
0.27637888858171034
0.2755107659186281
0.2746406030854722
0.27376824090431895
0.27289352069870515
0.2720162843769012
0.27113637451876105
0.2702536344667184
0.26936790841993125
0.26847904153250135
0.2675868800144229
0.26669127123634073
0.26579206383821047
0.2648891078390094
0.26398225475163256
0.26307135769936557
