149.7011796477518
149.9225761276351
150.1463769620617
150.37258859602773
150.6012170259421
150.83226784442357
151.06574623773062
151.30165698239824
151.54000444221955
151.78079256572656
152.02402488426554
152.26970451073345
152.51783413901413
152.76841604413448
153.0214520831449
153.2769436967148
153.53489191142384
153.7952973427241
154.05816019853992
154.32348028346996
154.5912570035524
154.86148937155252
155.13417601273056
155.40931517104804
155.68690471577057
155.9669421484252
156.2494246100731
156.53434888885727
156.82171142778887
157.111508332735
157.40373538057463
157.6983880274896
157.9954614173606
158.29495039023854
158.59684949086565
158.9011529772199
159.20785482906075
159.51694875645398
159.8284282082559
160.14228638053964
160.45851622494624
160.77711045694593
161.09806156399637
161.4213618135853
161.7470032611477
162.07497775784734
162.40527695821422
162.73789232763198
163.07281514966778
163.4100365332404
163.74954741962185
164.09133858926953
164.43540066848615
164.78172413590548
165.13029932880272
165.48111644922938
165.8341655699719
166.189436640335
166.546919491751
166.9066038432155
167.26847930655248
167.6325353915098
167.99876151068815
168.36714698430623
168.73768104480436
169.11035284129048
169.48515144383137
169.8620658475927
170.2410849768314
170.62219768874414
171.0053927771755
171.39065897619008
171.77798496351184
172.16735936383512
172.55877075201093
172.95220765611248
173.3476585603839
173.74511190807644
174.14455610417494
174.54597951801944
174.94937048582548
175.35471731310622
175.76200827700077
176.1712316285116
176.58237559465522
176.99542838052912
177.41037817129822
177.82721313410445
178.24592141990246
178.66649116522444
179.08891049387705
179.5131675185736
179.94071724645138
180.37154763169306
180.80564701159972
181.243003770684
181.68360635653337
182.12744326344577
182.57450303321187
183.0247742532563
183.47824555521393
183.9349056138297
184.39474314610155
184.85774691060337
185.32390570694466
185.79320837533032
186.26564379619705
186.74120088990625
187.21986861647974
187.7016359753673
188.18649200523814
188.67442578379067
189.16542642757574
189.65948309183023
190.1565849703183
190.65672129517898
191.159881336778
191.66605440356307
192.17522984192232
192.68739703604447
193.202545407781
193.72066441650972
194.24174355899936
194.76577236927517
195.29274041848564
195.82263731476942
196.3554527031235
196.8911762652717
197.42979771953364
197.9713068206945
198.51569335987512
199.0629471644025
199.61305809768112
200.1660160590645
200.72181098372712
201.28043284253698
201.8418716419285
202.40611742377607
202.97316026526752
203.5429902787789
204.11559761174883
204.69097244655364
205.26910500038318
205.84998552511664
206.43360430719906
207.01995166751817
207.60901796128167
208.20079357789504
208.79526894083966
209.39243450755146
209.99228076929955
210.59479825106624
211.19997751142643
211.8078091424281
212.4182837694729
213.0313920511973
213.64712467935408
214.26547237869434
214.8864259068498
215.50997605421566
216.13611364383357
216.76482953127535
217.3961146045273
218.02995978387398
218.66635602178368
219.3052943027933
219.94676564339392
220.5907610919172
221.23727172842152
221.88628866457898
222.5378030435626
223.19180603993394
223.84828885953138
224.5072427393582
225.16865894747176
225.83252878287257
226.49884357539418
227.16759468559266
227.83877350463774
228.5123714542032
229.18837998635803
229.8667905834583
230.54759475803903
231.23078405270644
231.91635004003092
232.60428432243992
233.29457853211179
233.98722433086942
234.6822134100746
235.3795374905227
236.07918832233776
236.78115768486785
237.48543738658088
238.19201926496072
238.9008951864038
239.61205704611598
240.32549676800994
241.04120630460267
241.75917763691353
