174.00194311101873
173.14018788533977
172.23654393004352
171.3345681568567
170.44128248360482
169.55777640410062
168.68397444636824
167.81958031872713
166.9642666734346
166.11771284318505
165.27961187398134
164.44967135317486
163.62761298997643
162.8131719569959
162.0060962014679
161.20614577153373
160.41309216872963
159.62671773000548
158.8468150403449
158.07318637610746
157.30564317866822
156.54400555756632
155.78810182213317
155.03776804041215
154.29284762408687
153.55319093808802
152.8186549335351
152.08910280268307
151.36440365457386
150.64443221013653
149.92906851553167
149.21819767259208
148.51170958527268
147.80949872108147
147.1114638865265
146.4175080156701
145.72753797094114
145.04146435541068
144.35920133578819
143.68066647544543
143.00578057682281
142.33446753261575
141.66665418518062
141.00227019363874
140.3412479081919
139.68352225119725
139.02903060458016
138.37771270319337
137.72951053375604
137.084368239034
136.44223202694263
135.80305008427771
135.16677249479895
134.5333511636728
133.90273973010832
133.27489352290212
132.64976947342277
132.02732605686964
131.40752323196895
130.79032238326877
130.17568626609904
129.56357895408527
128.95396578908478
128.3468133334149
127.74208932425034
127.13976263007493
126.53980320907857
125.94218206939784
125.34687123110486
124.75384368985381
124.1630733821013
123.5745351518203
122.98820471863313
122.40405864729277
121.82207431844624
121.24222990061669
120.66450432334582
120.08887725144038
119.51532906027012
118.94384081206738
118.37439423318139
117.80697169224271
117.24155617919563
116.67813128515874
116.11668118307641
115.55719060912458
114.99964484483792
114.44402969992557
113.89033149574549
113.3385370494085
112.7886336584842
112.24060908628319
111.69445154769076
111.15014969552838
110.60769260742079
110.0670697731473
109.52827108245748
108.99128681333133
108.45610762066607
107.922724525372
107.3911289038607
106.86131247790976
106.33326730488876
105.80698576833228
105.28246056884612
104.75968471533326
104.2386515165274
103.71935457282169
103.2017877819184
102.68594527217213
102.17182150551284
101.65941115697248
101.14870917368428
100.63971074958283
100.13241132040716
99.626806557539
99.12289236202918
98.62066485882322
98.12012039117978
97.62125551527447
97.12406699498247
96.62855179683312
96.13470708513032
95.64253021723238
95.15201873898562
94.66317038030603
94.17598305090334
93.69045483614265
93.20658399303787
92.72436894637292
92.24380828494537
91.76490075792805
91.28764527134452
90.8120408846538
90.33808680744065
89.8657823962069
89.39512715126044
88.92612071369803
88.4587628624782
87.99305351158075
87.52899270724974
87.06658062531616
86.60581756859764
86.14670396437157
85.68924036191903
85.23342743013632
84.77926595521116
84.32675683836113
83.87590109363107
83.42669984574718
82.97915432802517
82.53326588032954
82.08903594708192
81.64646607531591
81.20555791277566
80.76631320605625
80.32873379878347
79.89282162983037
79.4585787315688
79.02600722815332
78.59510933383557
78.16588735130667
77.73834367006583
77.31248076481263
76.88830119386131
76.46580759757462
76.04500269681544
75.62588929141384
75.20847025864781
74.79274855173551
74.37872719833692
73.96640929906297
73.55579802599024
73.14689662117891
72.73970839519232
72.33423672561588
71.9304850555734
71.52845689223871
71.12815580534088
70.7295854256606
70.33274944351591
69.93765160723527
69.54429572161581
69.15268564636474
68.76282529452182
68.37471863086094
67.98836967026847
67.60378247609657
67.22096115848895
66.83990987267731
66.46063281724608
66.0831342323633
65.70741839797563
65.33348963196475
64.96135228826378
64.59101075493052
64.22246945217584
63.8557328303448
63.49080536784792
