4.4339625
6.3842475344939595
8.293135577763888
10.162588379990455
11.994152717651684
13.789166759852932
15.548816788734243
17.274155468705132
18.966119747891945
20.625544138137425
22.253171828730718
23.849664272451733
25.415609588082916
26.951529942669083
28.457888114961467
29.935093315416253
31.38350637708051
32.803444397446434
34.195184902264124
35.55896959244193
36.89500772677438
38.2034791860377
39.484537257796354
40.738311175912926
41.96490844412436
43.16441696904722
44.3369070244967
45.48243306599957
46.60103541176887
47.69274180414849
48.7575688635767
49.795523445426156
50.8066039086175
51.790801303650525
52.74810048662066
53.67848116487369
54.58191887917558
55.45838592662106
56.307852227960026
57.1302861425709
57.925655233941875
58.6939269882263
59.4350694882058
60.14905204478701
60.835846078477076
61.4954245108396
62.12776405160679
62.732844427177646
63.310649211851015
63.86116621304767
64.38438785815156
64.88031155323975
65.34894001573636
65.79028158265389
66.20435049612112
66.59116721251915
66.95075851941314
67.28315788562425
67.58840563350225
67.86654913613803
68.11764300166739
68.34174924602011
68.53893745556317
68.70928494096219
68.85287688347132
68.96980647474993
69.06017505117464
69.12409222348401
69.16167600243634
69.17305292098902
69.15835815330854
69.11773563069026
69.0513381541904
68.95932750344312
68.84187454072469
68.69915930881012
68.53137112050483
68.33870863686631
68.12137992997596
67.8796025245624
67.61360341064176
67.32361901637128
67.00989512613778
66.67268672294564
66.31225772556532
65.92888057829961
65.52283563249448
65.09441023065702
64.64389736068652
64.17159368002515
63.677796601822216
63.162799960311794
62.62688748246614
62.07032280065522
61.49333394575188
60.89608842431562
60.27865296248875
59.64092614655225
58.98252395649833
58.3025840974101
57.59944339968279
56.87019080871072
56.11046689319994
55.31613773489202
54.4891691475051
53.64275747154678
52.79497384401345
51.95870988721893
51.139841541798255
50.33996993319893
49.558781104026515
48.79524352257577
48.0481161799321
47.316147777181435
46.59815039355139
45.89302399142379
45.19976202961615
44.51744995371061
43.84526110121548
43.18245176275029
42.52835606343952
41.8823809148291
41.24400112889134
40.612754724979354
39.988238437521524
39.37010342360246
38.758051166443536
38.151829569754824
37.55122923766695
36.9560799349658
36.366247222459265
35.78162926242223
35.20215378918393
34.62777524001654
34.05847204156746
33.494244047144115
32.93511012021395
32.38110585952373
31.83228146127855
31.288699713845435
30.75043412047316
30.21756714553692
29.690188579837823
29.168394020506742
28.65228346108355
28.14195998737007
27.637528574680957
27.139094982156347
26.646764739838826
26.16064222426477
25.680829818378793
25.207427151639966
24.740530416261883
24.28023175560707
23.8266187208426
23.379773792061396
22.939773960171046
22.506690365965753
22.080587992908157
21.661525410271516
21.249554563414243
20.844720608091684
20.447061785837253
20.056609337584067
19.673387452825608
19.297413251755238
18.928696797950515
18.567241139302688
18.213042375019196
17.866089746644583
17.52636575117156
17.193846274417353
16.86850074295232
16.55029229296421
16.239177954533055
15.935108849875125
15.943563624977187
15.916642453151713
15.837614336702183
15.715762102187126
15.557440163517708
15.368168813396156
15.153107102441709
14.917093503290356
14.664589839788972
14.399621872418276
14.125738381776383
13.845995970731883
13.562962049431926
13.278741829817221
12.995008013742085
12.713046666401034
12.433805723171897
12.157944982761311
11.88588493848624
11.617853604066159
11.35392405833308
11.094054924060611
10.838119363950184
10.585930559935896
10.572163557227073
10.561101553106209
10.550019075671342
10.53888376630127
10.527686898475835
10.516425854359614
10.505100697594255
10.493712580297007
10.482263014830151
10.470753555189035
10.459185670599918
10.447560706379958
10.435879882509365
10.424144307545488
10.41235499596056
10.400512886148592
10.388618856254787
10.376673737704168
10.364678326428132
10.352633392035857
10.340539685232299
10.328397943775979
10.316208897237575
10.303973270781825
10.29169178815825
10.279365174053254
10.26699415592804
10.254579465443406
10.242121839553056
10.229622021331341
10.21708076058847
10.204498814315738
10.191876946994963
10.179215930799515
10.166516545708781
10.153779579553557
10.141005828006309
10.128196094527446
10.115351190276412
10.102471933994638
10.089559151865997
10.076613677359147
10.063636351055354
10.05062802046456
10.037589539831952
10.024521769936824
10.011425577885126
9.998301836896864
9.985151426089265
9.97197523025643
9.958774139646083
9.945549049733945
9.93230086099609
9.919030478601469
9.905738812588288
9.89242677677595
9.879095289446681
9.865745272612713
9.852377651896642
9.838993356296605
9.825593317951466
9.812178471906186
9.798749755877399
9.78530811001917
9.771854476689157
9.758389800215175
9.744915026662255
9.731431103600775
9.71793898044339
9.704439605833501
9.6909339308188
9.677422906843354
9.66390748562072
9.650388618957146
9.636867258548754
9.623344355767978
9.6098208614462
9.596297725655662
9.582775897492045
9.569256324858447
9.555739954251026
9.542227730546585
9.52872059679218
9.515219493996826
9.501725360925482
9.48823913389528
9.474761746574158
9.461294129781903
9.447837211293724
9.434391915646398
9.42095916394701
9.407906434400449
9.395147215626546
9.382642662900809
9.370374850931853
9.358335140289473
9.346518813863307
9.334922973115262
9.323545331557574
9.312383993109684
9.301437209111395
9.290703302535691
9.280180635370698
9.26986759446391
9.25976258531717
9.249864029307766
9.24017036238757
9.23068003442144
9.221391508803599
9.212303262196334
9.203413784323828
9.194721577792183
9.186225157922976
9.177923052594863
9.169813802090792
9.16189595894962
9.15416808782164
9.146628765327627
9.139276579921214
9.132110131754462
9.125128032546435
9.118328905454696
9.11171138494961
9.105274116691293
9.099015757409187
9.092934974784084
9.08703044733255
9.081300864293649
9.075744925517874
9.070361341358211
9.065148832563258
9.060106130172306
9.055231975412344
9.050525119596884
9.045984324026563
9.041608359891457
9.037396008175042
9.033346059559744
9.029457314334058
9.025728582301154
9.022158682688953
9.018746444061616
9.015490704232397
9.012390310177812
9.009444117953077
9.006650992608755
9.004009808108597
9.001519447248523
8.999178801576742
8.996986771314951
8.994942265280608
8.99304420081024
8.991291503683776
8.989683108049846
8.988217956352058
8.986894999256187
8.9857131955783
8.98467151221374
8.983768924067007
8.983004413982455
8.982376972675835
8.981885598666642
8.981529298211235
8.981307085236756
8.981217981275767
8.981261015401671
8.981435224164802
8.981739651529278
8.982173348810505
8.982735374613394
8.983424794771215
8.984240682285126
8.985182117264342
8.986248186866925
8.987437985241206
8.988750613467797
8.990185179502221
8.991740798118117
8.993416590851016
8.99521168594271
8.997125218286136
8.99915632937087
9.001304167229089
9.003567886382132
9.005946647787544
9.008439618786642
9.011045973052608
9.013764890539054
9.016595557429117
9.01953716608499
9.022588914997991
9.02575000873905
9.029019657909709
9.032397079093542
9.035881494808056
9.039472133457034
9.043168229283307
9.04696902232197
9.05087375835404
9.073549330749284
9.098516824832608
9.125816196702717
9.155019132313878
9.185740982395801
9.21765714644987
9.250494725092578
9.284024331730329
9.318053241973304
9.352419699758425
9.38698816945651
9.42164536231767
9.456296899778357
9.490864503078129
9.525283619799282
9.55950141466665
9.593475065238056
9.627170313742619
9.660560234867724
9.69362422608864
9.726346950951177
9.758717823660916
9.790730191104117
9.822380821683467
9.853669433993037
9.884598296541727
9.915171888725745
9.945396614750868
9.975280563448644
10.004833307978393
10.034065740291199
10.06298993597992
10.091619045773133
10.119967210468879
10.148049496560937
10.175881850198644
10.203481067450644
10.23086477912185
10.258051448608068
10.285060381469375
10.311911745566189
10.338626600734164
10.365226937078603
10.391735721047734
10.41817694849865
10.444575704000599
10.470958225628427
10.49735197448369
10.523785708142887
10.550289557169572
10.57689510373973
10.603635461315937
10.630545354164552
10.657661195339406
10.685021161554474
10.71266526313487
10.740635406969641
10.768975450090613
10.7977312411694
10.826950646861118
10.856683559531337
10.886981882487424
10.917899488404204
10.949492146197514
10.981817411172228
11.01493447287286
11.048903954718844
11.083787659243514
11.119648252611427
11.156548882105978
11.194552720506707
11.23372243176707
11.27411955321603
11.315803790697943
11.358832224689328
11.403258427533384
11.44913149454307
11.496494994847748
11.545385851470398
11.595833164156218
11.647856992812823
11.701467123899315
11.756661846491372
11.813426768777703
11.871733709095034
11.93153969794948
11.992786128472424
12.055398092129407
12.119283934026013
12.184335057731383
12.250426003203264
12.317414813341664
12.385143695273108
12.453439972168738
12.522117302749688
12.590977184936087
12.659810624584553
12.728400014731374
12.7965211335441
12.863945219816648
12.930441075007064
12.99577714246217
13.059723518215534
13.122053853192476
13.182547113337076
13.240989171590023
13.297174213304803
13.350905944158345
13.401998596534815
13.450277736474105
13.495580878413053
13.537757919028966
13.576671404520457
13.612196647689135
13.644221712318403
13.672647282711246
13.697386435986093
13.718364333979572
13.735517850497668
13.748795148311244
13.758155230317264
13.763567417891489
13.765010879661276
13.762474123604743
13.75595447157539
13.745457558070722
13.730996833668863
13.712593081604972
13.690273950125766
13.664073502549568
13.634031786316465
13.600194421775948
13.562612211017015
13.521340766687118
13.476440160461445
13.427974590601988
13.37601206787823
13.320624118998884
13.26188550662009
13.199873964942526
13.134669949883044
13.066356402799817
12.99501852676046
12.920743574365396
12.843620646172136
12.763740498806628
12.6811952794399
12.59607860743211
12.508485140012228
12.41851050280555
12.326251134877102
12.231804138591714
12.135267134186602
12.036738118588273
11.936315405930856
11.834097251212857
11.730181970954261
11.624667728634734
11.517652408816247
11.409233494156936
11.299507944745036
11.188572079651193
11.076521460661041
10.96345077819341
10.849453739450087
10.734622958881316
10.619049851086874
10.502824526305309
10.386035688673653
10.268770537466143
10.151114671543079
10.033151997259608
9.91496464009867
9.796632860302388
9.67823497278173
9.559847271585014
9.441543959201754
9.323397080969569
9.205476464838105
9.087849666725644
8.970581921681054
8.853736101036695
8.737372675706684
8.62154968575042
8.506322716283563
8.39174487977879
8.277866804756647
8.164736630824063
8.05240000997476
7.940900114022876
7.830277647999463
7.720570869301578
7.611815612346477
7.504045318449282
7.3972910706123045
7.29158163288813
7.186943493957196
7.083400914544066
6.9809759782851835
6.880930323662629
6.783928286856638
6.689790874587529
6.598357145092524
6.509481593162052
6.42303216421551
6.338888569877342
6.25694085245678
6.177088156252409
6.09923767155692
6.023303723546872
5.94920698328109
5.876873782073563
5.806235513762834
5.737228112033412
5.669792297725337
5.603871016159012
5.539411287093754
5.476363139951655
5.414679336272317
5.354315123667899
5.295228017323725
5.237377605665929
5.180725377283157
5.125234566580918
5.070870015978553
5.0175980498691635
4.965386373400736
4.914203964374809
4.864020988034256
4.8148087176492735
4.766539463173527
4.719186507084098
4.672724046616487
4.627127141693468
4.582371667923806
4.538434274114721
4.495292343802191
4.452923960356371
4.411307875266877
4.370423479254824
4.33025077589619
4.290770357474752
4.251963382813019
4.21381155685662
4.17629711181188
4.13940278965814
4.103111825876003
4.067407934250244
4.032275292622088
3.9976985294797482
3.9636627112889027
3.930153330476442
3.897156293991005
3.864657912373213
3.832644889276774
3.801104311389071
3.770023638706539
3.7393906951259956
3.7091936593184576
3.6794210558565443
3.6500617465708682
3.6211049221143443
3.5925400937166883
3.564358550186841
3.536548868265233
3.509101479254187
3.4820071032054645
3.4552567414813105
3.42884166945418
3.40275342932949
3.376983823088732
3.351524905551057
3.3263689775520096
3.3015085792386336
3.2769364834805543
3.252645689396915
3.2286294159993547
3.2048810959512926
3.181394369443937
3.158163078189501
3.1351812595320743
3.112443140676617
3.0899431330364795
3.067675826699764
3.0456359850147714
3.023818539294647
3.002218583641226
2.980831369887964
2.959652302661688
2.9386769345627624
2.917900961463167
2.897320217921799
2.8769306727162163
2.856728424489904
2.8367096975140047
2.816870837562372
2.7972083078986625
2.7777186853740923
2.758398656634405
2.7392450144344824
2.7202546540589463
2.7014245698470725
2.682751851820213
2.6642336824099075
2.645867333284778
2.6276501622743065
2.609579610387499
2.5916531989244485
2.573868526678785
2.5562232672289458
2.5387151663162353
2.5213420393075885
2.5041017687409903
2.4869923019514695
2.4700116487756225
2.4531578793325957
2.436429121879515
2.419823560739312
2.4033394342989673
2.3869750330761867
2.3707286978525444
2.354597580688697
2.3385816500523693
2.322678986828014
2.3068884974097017
2.2912085158898416
2.275637640396424
2.2601744974742726
2.244817634454583
2.229565951535799
2.214418216610102
2.1993732075915133
2.1844301308380674
2.169588152389448
2.154845304150648
2.140200506860701
2.1256527084721717
2.1112008824690256
2.0968440271094835
2.0825811646902768
2.068411340811023
2.0543336236435414
2.040347103210404
2.0264508906759042
2.0126441176518077
1.9989259355195603
1.9852955147701297
1.9717520443622445
1.958294731099508
1.9449227990265978
1.931635488844605
1.9184320573453966
1.9053117768648047
1.8922739347543498
1.8793178328711426
1.8664427870855573
1.8536481268062592
1.840933194522122
1.8282973453605593
1.815739946661799
1.8032603775686125
1.7908580286310056
1.7785323014254046
1.7662826081878373
1.754108371460663
1.7420090237523649
1.7299840072099704
1.7180327733036411
1.7061547825230141
1.6943495040848624
1.6826164156516727
1.670955003060741
1.6593647600633996
1.6478451880740022
1.6363957959283109
1.6250160996509255
1.6137175832096617
1.6024890421486522
1.5913267075625872
1.5802305455129415
1.5692002597202845
1.5582202583249503
1.5473080968162958
1.5364636594887404
1.5256857428888513
1.5149737766267934
1.5043272209780985
1.4937455620745637
1.4832283080052688
1.4727749856413916
1.4623851568122603
1.452058356709248
1.4417941552270308
1.431592132978232
1.4214518800854539
1.411372976932477
1.4013550511246058
1.3913977153280854
1.5357793990203816
1.678207033542828
1.8185703971275498
1.95676798181308
2.0927115926640516
2.226329348660146
2.357567374429158
2.486390525764261
2.6127824511862507
2.736745184847238
2.8582983763056604
2.9774781774755676
3.094335740844391
3.208935249712748
3.321351414084295
3.431666431514865
3.5399665220207766
3.646338270739791
3.750865106695742
3.853624268590746
3.9546845419710106
4.054104915826986
4.151934147348112
4.248211090972051
4.342965572818952
4.436219578061498
4.52798855078524
4.61828266036773
4.707107945525817
4.794467294896773
4.88036125678122
4.9647886909690975
5.047747285287565
5.129233962081572
5.209245198246563
5.28777727886784
5.364826500393327
5.440389335373262
5.514462567512284
5.587043403204146
5.658129563819192
5.727719361685807
5.79581176182505
5.862406430945387
5.927503774881136
5.991104965484932
6.05321195744946
6.113827498213622
6.172955127281741
6.230599170538578
6.286764727824056
6.341457655337163
6.394684543594686
6.446452691711181
6.496770078714746
6.545645332555217
6.59308769739982
6.639106999748364
6.683713613837371
6.726918426741794
6.768732803525162
6.809168552735034
6.848237892490899
6.885953417366517
6.9223280662281725
6.957375091154352
6.991108027530823
7.023540665387657
7.054687022021191
7.084561315923905
7.113177942028344
7.140551448257291
7.16669651336093
7.191627926012599
7.215360565127538
7.237909381363457
7.259289379757754
7.279515603453347
7.298603118463347
7.316566999423882
7.333422316284248
7.3491841218839316
7.363867440367035
7.377487256385887
7.39005850504716
7.401596062555713
7.412114737513219
7.421629262830815
7.430154288217032
7.437704373204509
7.444293980681021
7.4499374708925705
7.4546490958882785
7.4584429943788475
7.461333186982268
7.4633335718322575
7.464457920526724
7.464719874395091
7.464132941065013
7.462710491310301
7.460465756163388
7.457411824276805
7.453561639519397
7.448927998794048
7.443523550064685
7.437360790581254
7.430452065292229
7.422809565434924
7.4144453272946285
7.40537123112424
7.395599000216576
7.3851402001221444
7.374006238005604
7.362208362145436
7.349757661504079
7.336665065534268
7.322941343981335
7.308597106858275
7.29364280451343
7.278088727799453
7.261945008339182
7.24522161888427
7.227928373762706
7.210074929411292
7.191670784989476
7.172725283070995
7.153247610409816
7.133246798777167
7.11273172586627
7.09171111626175
7.070193542470513
7.048187426011354
7.025701038560005
7.002742503146985
6.979524102167388
6.956250376016992
6.932919618256761
6.909497692444921
6.885939545768037
6.862197999238898
6.838227120825455
6.813983379060629
6.7894259214062
6.764516535889999
6.739219513098136
6.71350148897984
6.687331294885825
6.660679821337268
6.633519895457084
6.605826170341234
6.577575024602036
6.548744470667735
6.519314070779905
6.489264859897721
6.458579274895497
6.427241089553652
6.395235354914618
6.362548344620823
6.329167504887026
6.295081408781843
6.2602797145168605
6.2247531274619785
6.188493365622465
6.1514931283351935
6.113746067958054
6.075246764346982
6.035990701934105
5.995974249240204
5.955194640675522
5.9136499605047845
5.87133912887594
5.828261889836665
5.784418801295694
5.7398112269142
5.694441329613543
5.648312057733567
5.601427187695466
5.553791251804533
5.505409593814309
5.456288360777769
5.406434513237526
5.35585583989705
5.304560978046495
5.252559441339176
5.199861657123099
5.146479016397093
5.092423940710058
5.037709972151206
4.982351895302228
4.926365904148707
4.869769833317838
4.812583483045345
4.754829083435113
4.696531970223505
4.637721589345055
4.578433026028863
4.518709394804093
4.458605687881842
4.398195178488124
4.0772919813097594
3.7768701285920394
3.4945642400985215
3.229029815651744
2.979307371994633
2.7446453650247022
2.5244299311787213
2.318141177649583
2.125319176346399
1.9455361078020386
1.778373706855072
1.6234057695307325
1.4801856187720712
1.3482383853745548
1.2270578083230828
1.116107047689576
1.0148227928742453
0.92262179489855
0.8389088903051721
0.7630856254366278
0.6945587174411121
0.6327477701561107
0.5770918624345521
0.5270548149229349
0.4821290908422181
0.4418384047454352
0.405739179834983
0.37342103299761686
0.3445064755657629
0.31865001202812154
0.2955367929518794
0.27488098590089477
0.2564239275660617
0.23993220194699041
0.2251956854602511
0.2120256176014643
0.20025273434524724
0.18972548978780268
0.18030838225239776
0.17188039395858745
0.16433354801804242
0.15757158261528942
0.15150873945939755
0.14606866169997038
0.141183395281128
0.13679248699456623
0.13284217215533953
0.12928464475998996
0.1260774031153086
0.12318266418763403
0.12056684027067296
0.11820007902857486
0.11605582342115271
0.11411046899453797
0.11234302158902425
0.11073480538629767
0.10926920245239569
0.10793142145459445
0.10670829237355844
0.105588084358137
0.10456034416255645
0.10361575287359277
0.10274599887881347
0.10194366524786135
0.1012021298977786
0.10051547709268314
0.09987841898885558
0.09928622608026641
0.09873466552843922
0.09821994647510737
0.09773867153873314
0.09728779378678706
0.09686457855672789
0.09646656957045721
0.0960915588508137
0.09573756000520177
0.09540278449155341
0.09508562052620088
0.09478461433250607
0.09449845346384579
0.09422595196531058
0.09396603716563666
0.09371773791493669
0.09348017410505555
0.0932525473281438
0.09303413254563025
0.09282427065445688
0.09262236185043514
0.09242785969996371
0.09224026584155694
0.09205912524752924
0.0918840219841378
0.0917145754154501
0.09155043680240274
0.09139128625399996
0.09123682999246373
0.09108679789835371
0.09094094130557656
0.09079903101948546
0.09066085553427253
0.09052621942849846
0.09039494191991533
0.09026685556284719
0.09014180507318027
0.09001964626769039
0.08990024510584839
0.08978347682354522
0.08966922514929726
0.0895573815945385
0.08944784481047553
0.08934052000478646
0.0892353184121714
0.08913215681339098
0.08903095709797286
0.0889316458662978
0.08883415406721423
0.08873841666770711
0.08864437235155126
0.08855196324414555
0.08846113466103855
0.08837183487790061
0.08828401491993837
0.08819762830811013
0.08811263107385507
0.08802898138887773
0.08794663949681347
0.0878655675729168
0.08778572959727271
0.08770709123808454
0.08762961974412015
0.0875532838454746
0.08747805366192121
0.08740390061817997
0.08733079736549809
0.0872587177090217
0.08718763654044068
0.08711752977549185
0.08704837429589969
0.08698014789539399
0.08691282922947903
0.08684639776864378
0.08678083375474409
0.08671611816030271
0.08665223265050176
0.08658915954766001
0.08652688179799903
0.08646538294053148
0.08640464707790586
0.08634465884906434
0.08628540340358172
0.08622686637756248
0.08616903387098257
0.0861118924263721
0.08605542900874577
0.08599963098669106
0.08594448611453918
0.085889982515544
0.08583610866599167
0.08578285338018728
0.08573020579626336
0.0856781553627479
0.08562669182584247
0.08557580521737704
0.08552548584338135
0.08547572427324895
0.08542651132945057
0.08537783807775713
0.08532969581795666
0.08528207607501818
0.08523497059069307
0.08518837131550736
0.08514227040114875
0.08509666019319687
0.08505153322420216
0.08500688220707596
0.08496270002878403
0.08491897974432375
0.08487571457097108
0.08483289788277917
0.08479052320531558
0.0847485842106333
0.08470707471244883
0.08466598866153394
0.08462532014129424
0.08458506336353186
0.08454521266438869
0.08450576250044838
0.08446670744499934
0.0844280421844498
0.084389761514881
0.08435186033873893
0.08431433366165418
0.08427717658938721
0.08424038432488676
0.0842039521654633
0.08416787550006938
0.08413214980668081
0.08409677064977439
0.08406173367789996
-14274.713613563148
-14274.713613563148
-14274.713613563148
-14274.713613563148
-14274.713613563148
-14274.713613563148
-14274.713613563148
-14274.713613563148
-14274.713613563148
-14274.713613563148
-14274.713613563148
-14274.713613563148
-14274.713613563148
-14274.713613563148
-14274.713613563148
-14274.713613563148
-14274.713613563148
-14274.713613563148
-14274.713613563148
-14274.713613563148
-14274.713613563148
-14274.713613563148
-14274.713613563148
-14274.713613563148
-14274.713613563148
-14274.713613563148
-14274.713613563148
-14274.713613563148
-14274.713613563148
-14274.713613563148
-14274.713613563148
-14274.713613563148
-14274.713613563148
-14274.713613563148
-14274.713613563148
-14274.713613563148
-14274.713613563148
-14274.713613563148
-14274.713613563148
-14274.713613563148
-14274.713613563148
-14274.713613563148
-14274.713613563148
-14274.713613563148
-14274.713613563148
-14274.713613563148
-14274.713613563148
-14274.713613563148
-14274.713613563148
-14274.713613563148
-14274.713613563148
-14274.713613563148
-14274.713613563148
-14274.713613563148
-14274.713613563148
-14274.713613563148
-14274.713613563148
-14274.713613563148
-14274.713613563148
-14274.713613563148
-14274.713613563148
-14274.713613563148
-14274.713613563148
-14274.713613563148
-14274.713613563148
-14274.713613563148
-14274.713613563148
-14274.713613563148
-14274.713613563148
-14274.713613563148
-14274.713613563148
-14274.713613563148
-14274.713613563148
-14274.713613563148
-14274.713613563148
-14274.713613563148
-14274.713613563148
-14274.713613563148
-14274.713613563148
-14274.713613563148
-14274.713613563148
-14274.713613563148
-14274.713613563148
-14274.713613563148
-14274.713613563148
-14274.713613563148
-14274.713613563148
-14274.713613563148
-14274.713613563148
-14274.713613563148
-14274.713613563148
-14274.713613563148
-14274.713613563148
-14274.713613563148
-14274.713613563148
-14274.713613563148
-14274.713613563148
-14274.713613563148
-14274.713613563148
-14274.713613563148
-14274.713613563148
-14274.713613563148
-14274.713613563148
-14274.713613563148
-14274.713613563148
-14274.713613563148
-14274.713613563148
-14274.713613563148
-14274.713613563148
-14274.713613563148
-14274.713613563148
-14274.713613563148
-14274.713613563148
-14274.713613563148
-14274.713613563148
-14274.713613563148
-14274.713613563148
-14274.713613563148
-14274.713613563148
-14274.713613563148
-14274.713613563148
-14274.713613563148
-14274.713613563148
-14274.713613563148
-14274.713613563148
-14274.713613563148
-14274.713613563148
-14274.713613563148
-14274.713613563148
-14274.713613563148
-14274.713613563148
-14274.713613563148
-14274.713613563148
-14274.713613563148
-14274.713613563148
-14274.713613563148
-14274.713613563148
-14274.713613563148
-14274.713613563148
-14274.713613563148
-14274.713613563148
-14274.713613563148
-14274.713613563148
-14274.713613563148
-14274.713613563148
-14274.713613563148
-14274.713613563148
-14274.713613563148
-14274.713613563148
-14274.713613563148
-14274.713613563148
-14274.713613563148
-14274.713613563148
-14274.713613563148
-14274.713613563148
-14274.713613563148
-14274.713613563148
-14274.713613563148
-14274.713613563148
-14274.713613563148
-14274.713613563148
-14274.713613563148
-14274.713613563148
-14274.713613563148
-14274.713613563148
-14274.713613563148
-14274.713613563148
-14274.713613563148
-14274.713613563148
-14274.713613563148
-14274.713613563148
-14274.713613563148
-14274.713613563148
-14274.713613563148
-14274.713613563148
-14274.713613563148
-14274.713613563148
-14274.713613563148
-14274.713613563148
-14274.713613563148
-14274.713613563148
-14274.713613563148
-14274.713613563148
-14274.713613563148
-14274.713613563148
-14274.713613563148
-14274.713613563148
-14274.713613563148
-14274.713613563148
-14274.713613563148
-14274.713613563148
-14274.713613563148
-14274.713613563148
-14274.713613563148
-14274.713613563148
-14274.713613563148
-14274.713613563148
-14274.713613563148
-14274.713613563148
-12895.410565249253
-12895.410565249253
-12895.410565249253
-12895.410565249253
-12895.410565249253
-12895.410565249253
-12895.410565249253
-12895.410565249253
-12895.410565249253
-12895.410565249253
-12895.410565249253
-12895.410565249253
-12895.410565249253
-12895.410565249253
-12895.410565249253
-12895.410565249253
-12895.410565249253
-12895.410565249253
-12895.410565249253
-12895.410565249253
-12895.410565249253
-12895.410565249253
-12895.410565249253
-12895.410565249253
-12895.410565249253
-12895.410565249253
-12895.410565249253
-12895.410565249253
-12895.410565249253
-12895.410565249253
-12895.410565249253
-12895.410565249253
-12895.410565249253
-12895.410565249253
-12895.410565249253
-12895.410565249253
-12895.410565249253
-12895.410565249253
-12895.410565249253
-12895.410565249253
-12895.410565249253
-12895.410565249253
-12895.410565249253
-12895.410565249253
-12895.410565249253
-12895.410565249253
-12895.410565249253
-12895.410565249253
-12895.410565249253
-12895.410565249253
-12895.410565249253
-12895.410565249253
-12895.410565249253
-12895.410565249253
-12895.410565249253
-12895.410565249253
-12895.410565249253
-12895.410565249253
-12895.410565249253
-12895.410565249253
-12895.410565249253
-12895.410565249253
-12895.410565249253
-12895.410565249253
-12895.410565249253
-12895.410565249253
-12895.410565249253
-12895.410565249253
-12895.410565249253
-12895.410565249253
-12895.410565249253
-12895.410565249253
-12895.410565249253
-12895.410565249253
-12895.410565249253
-12895.410565249253
-12895.410565249253
-12895.410565249253
-12895.410565249253
-12895.410565249253
-12895.410565249253
-12895.410565249253
-12895.410565249253
-12895.410565249253
-12895.410565249253
-12895.410565249253
-12895.410565249253
-12895.410565249253
-12895.410565249253
-12895.410565249253
-12895.410565249253
-12895.410565249253
-12895.410565249253
-12895.410565249253
-12895.410565249253
-12895.410565249253
-12895.410565249253
-12895.410565249253
-12895.410565249253
-12895.410565249253
-12895.410565249253
-12895.410565249253
-12895.410565249253
-12895.410565249253
-12895.410565249253
-12895.410565249253
-12895.410565249253
-12895.410565249253
-12895.410565249253
-12895.410565249253
-12895.410565249253
-12895.410565249253
-12895.410565249253
-12895.410565249253
-12895.410565249253
-12895.410565249253
-12895.410565249253
-12895.410565249253
-12895.410565249253
-12895.410565249253
-12895.410565249253
-12895.410565249253
-12895.410565249253
-12895.410565249253
-12895.410565249253
-12895.410565249253
-12895.410565249253
-12895.410565249253
-12895.410565249253
-12895.410565249253
-12895.410565249253
-12895.410565249253
-12895.410565249253
-12895.410565249253
-12895.410565249253
-12895.410565249253
-12895.410565249253
-12895.410565249253
-12895.410565249253
-12895.410565249253
-12895.410565249253
-12895.410565249253
-12895.410565249253
-12895.410565249253
-12895.410565249253
-12895.410565249253
-12895.410565249253
-12895.410565249253
-12895.410565249253
-12895.410565249253
-12895.410565249253
-12895.410565249253
-12895.410565249253
-12895.410565249253
-12895.410565249253
-12895.410565249253
-12895.410565249253
-12895.410565249253
-12895.410565249253
-12895.410565249253
-12895.410565249253
-12895.410565249253
-12895.410565249253
-12895.410565249253
-12895.410565249253
-12895.410565249253
-12895.410565249253
-12895.410565249253
-12895.410565249253
-12895.410565249253
-12895.410565249253
-12895.410565249253
-12895.410565249253
-12895.410565249253
-12895.410565249253
-12895.410565249253
-12895.410565249253
-12895.410565249253
-12895.410565249253
-12895.410565249253
-12895.410565249253
-12895.410565249253
-12895.410565249253
-12895.410565249253
-12895.410565249253
-12895.410565249253
-12895.410565249253
-12895.410565249253
-12895.410565249253
-12895.410565249253
-12895.410565249253
-12895.410565249253
-12895.410565249253
-12895.410565249253
-12895.410565249253
-12895.410565249253
-12895.410565249253
-12895.410565249253
-12895.410565249253
1504489.8927028098
-121561718885.75757
-121561718885.75757
-121561718885.75757
-121561718885.75757
-121561718885.75757
-121561718885.75757
-121561718885.75757
-121561718885.75757
-121561718885.75757
-121561718885.75757
-121561718885.75757
-121561718885.75757
-121561718885.75757
-121561718885.75757
-121561718885.75757
-121561718885.75757
-121561718885.75757
-121561718885.75757
-121561718885.75757
-121561718885.75757
-121561718885.75757
-121561718885.75757
-121561718885.75757
-121561718885.75757
-121561718885.75757
-121561718885.75757
-121561718885.75757
-121561718885.75757
-121561718885.75757
-121561718885.75757
-121561718885.75757
-121561718885.75757
-121561718885.75757
-121561718885.75757
-121561718885.75757
-121561718885.75757
-121561718885.75757
-121561718885.75757
-121561718885.75757
-121561718885.75757
-121561718885.75757
-121561718885.75757
-121561718885.75757
-121561718885.75757
-121561718885.75757
-121561718885.75757
-121561718885.75757
-121561718885.75757
-121561718885.75757
-121561718885.75757
-121561718885.75757
-121561718885.75757
-121561718885.75757
-121561718885.75757
-121561718885.75757
-121561718885.75757
-121561718885.75757
-121561718885.75757
-121561718885.75757
-121561718885.75757
-121561718885.75757
-121561718885.75757
-121561718885.75757
-121561718885.75757
-121561718885.75757
-121561718885.75757
-121561718885.75757
-121561718885.75757
-121561718885.75757
-121561718885.75757
-121561718885.75757
-121561718885.75757
-121561718885.75757
-121561718885.75757
-121561718885.75757
-121561718885.75757
-121561718885.75757
-121561718885.75757
-121561718885.75757
-121561718885.75757
-121561718885.75757
-121561718885.75757
-121561718885.75757
-121561718885.75757
-121561718885.75757
-121561718885.75757
-121561718885.75757
-121561718885.75757
-121561718885.75757
-121561718885.75757
-121561718885.75757
-121561718885.75757
-121561718885.75757
-121561718885.75757
-121561718885.75757
-121561718885.75757
-121561718885.75757
-121561718885.75757
-121561718885.75757
-121561718885.75757
-121561718885.75757
-121561718885.75757
-121561718885.75757
-121561718885.75757
-121561718885.75757
-121561718885.75757
-121561718885.75757
-121561718885.75757
-121561718885.75757
-121561718885.75757
-121561718885.75757
-121561718885.75757
-121561718885.75757
-121561718885.75757
-121561718885.75757
-121561718885.75757
-121561718885.75757
-121561718885.75757
-121561718885.75757
-121561718885.75757
-121561718885.75757
-121561718885.75757
-121561718885.75757
-121561718885.75757
-121561718885.75757
-121561718885.75757
-121561718885.75757
-121561718885.75757
-121561718885.75757
-121561718885.75757
-121561718885.75757
-121561718885.75757
-121561718885.75757
-121561718885.75757
-121561718885.75757
-121561718885.75757
-121561718885.75757
-121561718885.75757
-121561718885.75757
-121561718885.75757
-121561718885.75757
-121561718885.75757
-121561718885.75757
-121561718885.75757
-121561718885.75757
-121561718885.75757
-121561718885.75757
-121561718885.75757
-121561718885.75757
-121561718885.75757
-121561718885.75757
-121561718885.75757
-121561718885.75757
-121561718885.75757
-121561718885.75757
-121561718885.75757
-121561718885.75757
-121561718885.75757
-121561718885.75757
-121561718885.75757
-121561718885.75757
-121561718885.75757
-121561718885.75757
-121561718885.75757
-121561718885.75757
-121561718885.75757
-121561718885.75757
-121561718885.75757
-121561718885.75757
-121561718885.75757
-121561718885.75757
-121561718885.75757
-121561718885.75757
-121561718885.75757
-121561718885.75757
-121561718885.75757
-121561718885.75757
-121561718885.75757
-121561718885.75757
-121561718885.75757
-121561718885.75757
-121561718885.75757
-121561718885.75757
-121561718885.75757
-121561718885.75757
-121561718885.75757
-121561718885.75757
-121561718885.75757
-121561718885.75757
-121561718885.75757
-121561718885.75757
-121561718885.75757
-121561718885.75757
-121561718885.75757
-121561718885.75757
-121561718885.75757
-121561718885.75757
