1.565025120421463
1.543795911890359
1.5463650993727358
1.5491344180583397
1.551674640498433
1.554022204627344
1.5562138122150315
1.5582787817486434
1.5602404185908225
1.5621172572869992
1.5639240518614719
1.5656725621671095
1.5673721777258047
1.5690304122319831
1.5706532952100427
1.572245681964132
1.5738114986734961
1.5753539360583642
1.5768756023004422
1.5783786437126537
1.5798648399055077
1.5813356788042114
1.5827924157610378
1.5842361201243143
1.585667711923537
1.5870879907726172
1.5884976586511261
1.5898973378728813
1.591287585273853
1.5926689034318804
1.5940417495573453
1.59540654255713
1.5967636686662274
1.598113485956434
1.599456327964611
1.600792506630441
1.6021223146922479
1.6034460276571056
1.6047639054359615
1.6060761937146542
1.6073831251161175
1.6086849201968787
1.6099817883114655
1.6112739283709072
1.6125615295157454
1.613844771719477
1.615123826334825
1.616398856592541
1.6176700180603278
1.6189374590678205
1.6202013211022996
1.6214617391788582
1.6227188421879373
1.6239727532226063
1.6252235898874672
1.626471464590775
1.6277164848210077
1.6289587534090217
1.6301983687766555
1.6314354251726153
1.6326700128963245
1.633902218510345
1.63513212504197
1.6363598121744547
1.6375853564284195
1.6388088313338258
1.640030307592974
1.6412498532349353
1.6424675337617645
1.6436834122869013
1.644897549666104
1.6461100046212422
1.6473208338572887
1.6485300921728336
1.6497378325644214
1.6509441063250072
1.652148963136813
1.6533524511588698
1.6545546171094998
1.6557555063440077
1.6569551629278136
1.6581536297052641
1.6593509483643702
1.660547159497656
1.6617423026593527
1.6629364164191378
1.664129538412582
1.6653217053885316
1.666512953253561
1.667703317113687
1.66889283131349
1.67008152947281
1.668111300718014
1.6666754608411098
1.6656388558586157
1.6648998254209992
1.6643831008830643
1.6640323097402996
1.6638053816769676
1.6636709235365956
1.663605510167404
1.6635916623878373
1.663616337949479
1.6636698054083467
1.6637448037769451
1.6638359154514797
1.663939098296246
1.6640513364947898
1.6641703800252439
1.664294550265936
1.6644225949459577
1.664553579915292
1.6646868083884874
1.664821760687862
1.664958049282723
1.6650953852415895
1.6652335532004694
1.665372392685311
1.665511784175684
1.6656516387061413
1.6657918901072502
1.6659324892161964
1.6660733995570476
1.6662145941175586
1.666356052944209
1.66649776134776
1.6666397085643272
1.6667818867564335
1.6669242902675871
1.6670669150662079
1.6672097583306569
1.6673528181397566
1.667496093241807
1.667639582882335
1.6677832866756064
1.667927204508772
1.6680713364704058
1.6682156827972179
1.6683602438343355
1.6685050200056994
1.668650011792034
1.6687952197144158
1.6689406443220864
1.6690862861833657
1.6692321458789297
1.6693782239968202
1.669524521128756
1.6696710378674176
1.6698177748044605
1.6699647325290545
1.670111911626829
1.6702593126791345
1.6704069362624983
1.6705547829482525
1.670702853302301
1.6708511478849857
1.670999667250968
1.671148411949208
1.6712973825229716
1.6714465795098519
1.6715960034418158
1.6717456548452714
1.6718955342411332
1.6720456421448993
1.6721959790667442
1.6723465455115791
1.6724973419791747
1.672648368964219
1.6727996269564187
1.6729511164405892
1.6731028378967217
1.673254791800097
1.67340697862135
1.6735593988265614
1.6737120528773368
1.6738649412308866
1.6740180643401101
1.6741714226536566
1.6743250166160406
1.6744788466676577
1.6746329132449091
1.674787216780251
1.6749417577022538
1.6750965364357149
1.6752515534016672
1.6754068090174734
1.6755623036969114
1.6757180378502068
1.6758740118841002
1.6760302262019182
1.6761866812036266
1.6763433772858967
1.6765003148421396
1.6766574942625927
1.6768149159343566
1.676972580241451
1.6771304875648751
1.6772886382826366
1.677447032769839
