1.978876468742843
1.9677273757844145
1.957438021279055
1.9480140601211942
1.9394395280572634
1.9316977545394967
1.9247713985031678
1.9186424734831167
1.9132924307996753
1.9087022571473746
1.9048525734468669
1.901723729955468
1.8992958952263574
1.8975491376896785
1.8964634993223308
1.896019061320546
1.8961960019806279
1.8969746471785902
1.898335513947459
1.9002593477081038
1.902727153727804
1.9057202233756454
1.9092201557225652
1.91320887500218
1.9176686444112732
1.9225820766899768
1.927932141881682
1.9337021726333496
1.9398758673607672
1.9464372915679724
1.9533708775786383
1.9606614229076371
1.9682940874744088
1.9762543898364422
1.9845282025987607
1.9931017471370251
2.0019615877540793
2.0110946253749153
2.0204880908716816
2.030129538097892
2.0400068367013517
2.050108164775154
2.060422001398549
2.070937119112133
2.081642576365443
2.092527709969563
2.1035821275825244
2.1147957002510935
2.1261585550286948
2.1376610676860084
2.1492938555281875
2.161047770329782
2.172913935666255
2.184883563244307
2.196948211219625
2.209099601235923
2.221329656102647
2.233630493577444
2.245994420292613
2.258413925832636
2.270881676962112
2.283390512003282
2.2959334353616003
2.3085036121978444
2.321094363244531
2.3336991597642602
2.346311618647589
2.3589254976475313
2.371534690747785
2.384133223661783
2.396715249459404
2.4092750443182123
2.421807003395982
2.434305636821483
2.446765565800052
2.4591815188310635
2.4715483280338293
2.4838609255790103
2.4961143402223738
2.508303693937745
2.5204241986463725
2.532471153039451
2.544439939491311
2.556326021060025
2.5681249385730696
2.579832307795094
2.5914438166752545
2.6029552226716506
2.6143623501502
2.6256610878557756
2.636847386453003
2.6479172561347544
2.6588667642957278
2.669692033269467
2.680389238126323
2.690954604530582
2.7013844066547787
2.711674965149227
2.721822645165195
2.7318238544295776
2.7416750413698048
2.75137269328698
2.7609133345759425
2.7702935249905463
2.7795098579527604
2.788558958904175
2.797437483698519
2.806142059983919
2.8146695711493117
2.823016526286017
2.831179858986312
2.8391562974284263
2.846942648321943
2.8545357385779537
2.8619324139886078
2.8691295379352098
2.876123990126258
2.8829126653644614
2.889492472342034
2.895860332463357
2.902013178694305
2.9079479544375313
2.913661612432954
2.919151113682854
2.924413426400978
2.929445524984974
2.9342443890117873
2.9388070022553054
2.943130351725877
2.947211426731364
2.951047217959036
2.9546347165782767
2.9579709133634386
2.9610527978367913
2.963877357431093
2.9664415766716727
2.9687424363777453
2.9707769128827786
2.9725419772737793
2.9740345946494315
2.9752517233968683
2.9761903144872104
2.9768473107896996
2.977219646404537
2.9773042460144783
2.977098024255146
2.9765978851044412
2.975800721290916
2.9747034137214685
2.9733028309285996
2.9715958285373874
2.96957924875259
2.967249919866135
2.9646046557853896
2.96164025558271
2.9583535030665433
2.9547411663747614
2.950799997590676
2.946526732382245
2.94191808966523
2.936970771290865
2.9316814617586995
2.9260468279555063
2.920063518920912
2.91372816564059
2.9070373808680356
2.8999877589756378
2.8925758758362403
2.884798288736059
2.8766515363201184
2.8681321385712817
2.8592365968241142
2.8499613938148003
2.840302993768334
2.8302578425244453
2.8198223677035608
2.808992978914353
2.797766068004323
2.7861380093550756
2.774105160223899
2.76166386113336
2.7488104363107615
2.735541194179234
2.721852427902514
2.7077404159852914
2.69320142293133
2.678231699961468
2.66282748579379
2.646985007488319
2.630700481358746
2.6139701139536156
2.5967901031097744
2.579156639080781
2.5610659057432503
2.5425140818840615
2.5234973425717464
2.504011860615251
2.484053808113655
2.463619358100489
