3e-05
2.7464997898133192e-05
2.748933607978415e-05
2.7400396337631194e-05
2.721690741851328e-05
2.695344634539981e-05
2.6624015366111298e-05
2.6242815759809685e-05
2.5823719690123224e-05
2.5379596142155136e-05
2.4921867636097805e-05
2.4460330019626335e-05
2.400315640230123e-05
2.355699657124617e-05
2.312710946285003e-05
2.271749707614154e-05
2.233103088281081e-05
2.196957363296379e-05
2.163410247905959e-05
2.1324837104416578e-05
2.104137244878962e-05
2.078281207435779e-05
2.054789638094716e-05
2.0335120094880493e-05
2.0142833329378052e-05
1.996932692288775e-05
1.9812897292719394e-05
1.967189502749156e-05
1.954475797548138e-05
1.9430032442220936e-05
1.932638302068537e-05
1.923259903074514e-05
1.914758198903518e-05
1.9070356143103658e-05
1.900004994310481e-05
1.893589009971668e-05
1.8877192437218527e-05
1.8823352831377605e-05
1.877383854737954e-05
1.8728180164173332e-05
1.8685964179964674e-05
1.864682633089818e-05
1.8610445613916257e-05
1.857653897937875e-05
1.8544856644717063e-05
1.8515177973623704e-05
1.8487307863459248e-05
1.8461073585052397e-05
1.8436322022131316e-05
1.841291726204757e-05
1.8390738493989416e-05
1.836967817559342e-05
1.8349664829171834e-05
1.8330541186186765e-05
1.8312300658731994e-05
1.829485202319578e-05
1.8278133783054073e-05
1.8262090668012427e-05
1.824667293576472e-05
1.8231835743741633e-05
1.8217538598004024e-05
1.8203744869111542e-05
1.819042136626179e-05
1.8177537962329278e-05
1.8165067263257162e-05
1.8152984316317786e-05
1.814126635234336e-05
1.81298925577544e-05
1.8118843872739324e-05
1.8108102812330444e-05
1.8097653307714713e-05
1.808748056523094e-05
1.8077570941033126e-05
1.806791182950645e-05
1.8058491563853206e-05
1.8049299327397534e-05
1.804032507439053e-05
1.803155945920524e-05
1.8022993772962932e-05
1.8014619886754046e-05
1.800643020070682e-05
1.7998417598243125e-05
1.799057540495232e-05
1.79828973515743e-05
1.797537754063403e-05
1.796801041633497e-05
1.796079073736638e-05
1.795371355231051e-05
1.79467741773539e-05
1.793996817609623e-05
1.7933291341208885e-05
1.7926739677767737e-05
1.792030938807557e-05
1.791399685783351e-05
1.7907798643527738e-05
1.7901711460900647e-05
1.789573217438856e-05
1.7889857787478456e-05
1.788408543383183e-05
1.7878412369146104e-05
1.7872835963670267e-05
1.786735369530815e-05
1.786196314326594e-05
1.7856661982177408e-05
1.7851447976685602e-05
1.7846318976419762e-05
1.7841272911341313e-05
1.7836307787426493e-05
1.7831421682659744e-05
1.7826612743297607e-05
1.782187918039621e-05
1.7817219266574192e-05
1.7812631332988487e-05
1.780811376650501e-05
1.7803665007060048e-05
1.779928354518119e-05
1.779496791966551e-05
1.7790716715403664e-05
1.778652856132746e-05
1.778240212848653e-05
1.7778336128235158e-05
1.777432931052626e-05
1.777038046229092e-05
1.7766493569094045e-05
1.77626571109953e-05
1.7758875181332558e-05
1.775514670918749e-05
1.775147064550248e-05
1.7747845970099167e-05
1.7744271690629977e-05
1.7740746841550835e-05
1.773727048315005e-05
1.77338417006103e-05
1.7730459603119622e-05
1.7727123323023886e-05
1.7723832015006577e-05
1.7720584855323466e-05
1.7717381041053497e-05
1.771421978939439e-05
1.771110033698879e-05
1.7708021939273434e-05
1.7704983869861807e-05
1.7701985419952162e-05
1.769902589776021e-05
1.7696104627974878e-05
1.769322095123547e-05
1.7690374223634863e-05
1.7687563816235824e-05
1.768478911461395e-05
1.7682049518413866e-05
1.7679344440924636e-05
1.7676673308669342e-05
1.767403556101369e-05
1.7671430649787445e-05
1.7668858038920992e-05
1.766631720409627e-05
1.7663807632407237e-05
1.7661328822032922e-05
1.7658880281929323e-05
1.7656461531525984e-05
1.7654072100431217e-05
1.765171152815264e-05
1.764937936382977e-05
1.764707516596539e-05
1.76447985021797e-05
1.764254894895986e-05
1.7640326091425906e-05
1.7638129523107598e-05
1.763595884571438e-05
1.7633813668932313e-05
1.7631693610207533e-05
1.762959829455846e-05
1.7627527354368343e-05
1.7625480429213564e-05
1.7623457165668827e-05
1.762145721714136e-05
1.761948024369722e-05
1.7617525911896776e-05
1.761559389463438e-05
1.7613683870984688e-05
1.7611795526055754e-05
1.76099285508369e-05
1.7608082642065806e-05
1.760625750208166e-05
1.7604452838701883e-05
1.7602668365089627e-05
1.7600903799625402e-05
1.7599158865790872e-05
1.7597433292049495e-05
1.7595726811727912e-05
1.7594039162909486e-05
1.7592370088324658e-05
1.7590719335245052e-05
1.758908665538028e-05
1.7587471804782955e-05
1.7585874543747792e-05
1.758429463671853e-05
1.758273185219727e-05
1.758118596265621e-05
