0.01230534
0.01298147809676719
0.01367173678637687
0.014382397427111874
0.015104837615325634
0.015834955745569985
0.01657052262416038
0.017310057718299666
0.01805236139380491
0.018796322900707964
0.019540842401200513
0.020284800552835866
0.02102704727504743
0.02176640050729672
0.02250164740248245
0.023231548198899884
0.023954841076621852
0.024670247775711928
0.0253764797856853
0.026072244983457504
0.026756254620628705
0.02742723056736668
0.028083912720467383
0.028725066481921187
0.029349490213364665
0.029956022571918005
0.030543549634390755
0.031111011719785902
0.031657409824431174
0.03218181158987384
0.03268335673077457
0.0331612618583146
0.03361482464393255
0.034043427278352204
0.03444653919166107
0.03482371901143516
0.035174615747358966
0.03549896920223061
0.03579660962044196
0.036067456595761965
0.036311517270315376
0.0365288838658547
0.03671973059659401
0.03688431001989741
0.03702297699905449
0.03713606382036501
0.03722407181734389
0.03728751868875686
0.03732697789261964
0.03734307180447339
0.037336465692466216
0.037307861854388155
0.03725799389417834
0.03718762113501688
0.03709752319829378
0.03698849701399491
0.03686134386249006
0.03671687475677367
0.0365559011869793
0.03637923135647207
0.03618766655090937
0.03598199777608492
0.0357630027178642
0.03553144304223548
0.035288062038108116
0.03503358259777051
0.03476870552539774
0.03449410816095199
0.03421044330468185
0.03391833842594705
0.03361839513917577
0.033311188929356285
0.03299726910955676
0.032677158993532456
0.0323513562675303
0.0320203335469472
0.03168453910558123
0.03134439776791155
0.03100031195826301
0.03065266290504625
0.030301812003782732
0.029948102349741136
0.029591860460341738
0.029233398219938665
0.02887301509655058
0.028511000703672018
0.0281476378136927
0.027783205977749862
0.02741798597809566
0.02705226544636342
0.026686346146081258
0.026320553676895463
0.025955250774031775
0.025590856059795667
0.02522787132713966
0.024866921953028982
0.024508819553592177
0.024154660503362308
0.023805984871968888
0.023465034038028302
0.02313515212731154
0.022821306227821817
0.02253027597599189
0.022268807555638814
0.022037734959869843
0.021827382736919337
0.02162353640899262
0.021416077323881833
0.021200450978764877
0.020975447985098327
0.020741337915486484
0.020498934088956356
0.0202492005185857
0.019993099642762628
0.019731537479846923
0.01946534680729574
0.01919528488789894
0.018922036613939673
0.01864621953067693
0.018368389362682473
0.018089045503988408
0.017808636260424685
0.017527563763218724
0.01724618852711343
0.016964833650124616
0.016683788663448895
0.016403313045928708
0.016123639420695543
0.015844976453339082
0.015567511471748455
0.015291412827941346
0.015016832021919852
0.014743905606999416
0.014472756895238779
0.014203497480632802
0.013936228596668215
0.013671042323732178
0.013408022660736896
0.013147246474206514
0.01288878433698544
0.012632701267681795
0.012379057380966684
0.012127908457915643
0.01187930644470551
0.011633299887170651
0.011389934307975733
0.011149252532478348
0.010911294968730006
0.010676099846497209
0.010443703419671675
0.010214140135976813
0.009987442777464498
0.009763642574925884
0.00954276929901223
0.009324851330570897
0.00910991571244551
0.00889798818476494
0.008689093205550247
0.008483253958298647
0.008280492348057215
0.008080828987373903
0.007884283173406073
0.007690872857376578
0.007500614607491026
0.00731352356636603
0.00712961340396475
0.006948896266991005
0.006771382725656032
0.006597081718698371
0.006426000497509907
0.006258144570194277
0.006093517646358986
0.005932121583418081
0.005773956335155344
0.0056190199032707545
0.005467308292601564
0.005442206232522566
0.005274603443219353
0.005088241027469338
0.004897224658937759
0.004706286473357911
0.004518042625491944
0.004334139982288339
0.0041556675118583
0.003983347013803859
0.0038176346278165772
0.0036587867487073845
0.0035069027683435495
0.0033619675543332572
0.0032238599512756467
0.0030923997872107385
0.002967356900043208
0.0028484670162400682
0.002735444256617999
0.00262799080928899
0.002525800064133109
0.0024285764420164152
0.002336022308275184
0.0022478481042036507
0.00216377381281402
0.0021048873760127185
0.002093754256362529
0.0020842906526731147
0.0020757088741781607
0.002067687987599921
0.0020600542757271945
0.0020527079211061037
0.0020455875435917295
0.002038652676687207
0.0020318749284879193
0.0020252333733330997
0.002018712034136494
0.0020122984197318157
0.0020059826126591143
0.0019997566603669917
0.0019936141414111604
0.0019875498437339377
0.001981559517462714
0.0019756396813053957
0.0019697874690920002
0.001964000507319892
0.0019582768171040655
0.0019526147355550538
0.0019470128527173942
0.0019414699610091723
0.0019359850147163792
0.001930557097575188
0.001925185396856271
0.001919869182671514
0.0019146077914706063
0.0019094006128948155
0.001904247079317401
0.001899146657531045
0.0018940988421488442
0.001889103150370941
0.0018841591178381586
0.0018792662953496446
0.0018744242462663113
0.001869632544457991
0.0018648907726809961
0.0018601985212960911
0.0018555553872551928
0.001850960973300118
0.0018464148873283306
0.0018419167418901687
0.001837466153789392
0.0018330627437649195
0.0018287061362362487
0.0018243959590988688
0.0018201318435588025
0.0018159134239978843
0.001811740337863046
0.0018076122255744993
0.0018035287299029842
0.0017994894989074766
0.0017954941791704195
0.001791542423396531
0.001787633885870843
0.0017837682235448823
0.0017799450959906549
0.0017761641653618277
0.0017724250963609715
0.0017687275562104335
0.0017650712146255786
0.001761455743789721
0.0017578808183303747
0.0017543461152964564
0.0017508513141369793
0.0017473961160363973
0.0017439801764392066
0.001740603187056974
0.001737264839081933
0.0017339648246952413
0.001730702837782367
0.0017274785742394502
0.0017242917320990751
0.0017211420115765088
0.0017180291150811963
0.0017149527472130833
0.0017119126147525073
0.001708908426647411
0.001705939893999621
0.001703006730050821
0.0017001086501685992
0.0016972453718327018
0.0016944166146214948
0.0016916221001986762
0.0016888615523002707
0.0016861346967218496
0.0016834412613059996
0.0016807809759300137
0.0016802388982167372
0.0016806151605174699
0.0016813883091686952
0.0016823309872560145
0.0016833459390045555
0.0016843908033069093
0.0016854485564550032
0.001686510627925845
0.0016875737436862098
0.0016886365063202033
0.0016896983268247295
0.001690758964855497
0.0016918183303040295
0.0016928763976606475
0.0016939331690587298
0.0016949886583317545
0.001696042884140672
0.0016970958670164012
0.0016981476280920726
0.0016991981885643222
0.0017002475694688406
0.0017012957915911813
0.0017023428754355165
0.0017033888412180348
0.001704433708870515
0.0017054774980480357
0.0017065202281380343
0.0017075619182696372
0.0017086025873228978
0.0017096422539375413
0.0017106809365214244
0.001711718653258415
0.0017127554221159818
0.001713791260852276
0.001714826187022881
0.0017158602179871902
0.001716893370914433
0.0017179256627893895
0.0017189571104178076
0.0017199877304315124
0.0017210175392932908
0.001722046553301496
0.001723074788594438
0.0017241022611545385
0.0017251289868123146
0.0017261549812501037
0.0017271802600056783
0.0017282048384755669
0.0017292287319182734
0.0017302519554572271
0.0017312745240836039
0.001732296452659016
0.0017333177559180687
0.001734338448470882
0.0017353585448055047
0.0017363780592903183
0.0017373970061762387
0.0017384153995989105
0.001739433253580707
0.001740450582032668
0.0017414673987563524
0.0017424837174455279
0.0017434995516878765
0.001744514914966595
0.0017455298206619123
0.001746544282052571
0.0017475583123172493
0.0017485719245359343
0.001749585131691227
0.001750597946669624
0.001751610382262733
0.0017526224511684489
0.0017536341659921215
0.0017546455392476246
0.0017556565833584396
0.001756667310658686
0.0017576777333941098
0.0017586878637230604
0.0017596977137174315
0.0017607072953635522
0.0017617166205630857
0.0017627257011338842
0.0017637345488108328
0.0017647431752466304
0.0017657515920126174
0.0017667598105995251
0.0017677678424182317
0.0017687756988004962
0.0017697833909996693
0.0017707909301914015
0.001771798327474315
0.0017728055938706832
0.0017738127403270768
0.00177481977771501
0.001775826716831567
0.0017768335684000213
0.0017778403430704312
0.0017788470514202416
0.0017798537039548572
0.001780860311108236
0.0017818668832434213
0.001782873430653122
0.001783879963560248
0.0017848864921184374
0.0017858930264126082
0.0017868995764594474
0.001787906152207947
0.0017889127635399122
0.0018279740199999373
0.0018576993873298513
0.0018873128726463217
0.0019173908874829052
0.0019480108764994683
0.001979217577667508
0.002011052508959228
0.0020435562282705233
0.0020767688229114635
0.002110730236062068
0.002145480543247748
0.0021810601952294197
0.002217510235447579
0.0022548724980434665
0.0022931897911655993
0.002332506069302721
0.002372866597654729
0.0024143181109963848
0.0024569089690600356
0.0025006893072293504
0.0025457112044893677
0.002592028807940669
0.0026396985182618343
0.002688779134193856
0.0027393320177385547
0.0027914212610917646
0.0028451138585160983
0.002900479883743909
0.002957592673386525
0.0030165290167488232
0.0030773693523717454
0.0031401979715423105
0.0032051032289195825
0.0032721777603213088
0.003341518707596931
0.003413227950374173
0.0034874123443046964
0.0035641839652443947
0.003643660358581017
0.0037259647926596003
0.0038112265149490682
0.0038995810092325323
0.00399117025168305
0.004086142963194647
0.004184654854766653
0.004286868862075973
0.00439295536460487
0.004503092383807213
0.004617465753781782
0.004736269256759703
0.004859704714392583
0.00498798202433132
0.005121319129900954
0.005259941908791807
0.0054040839645947535
0.0055539863027042405
0.005709896869604243
0.0058720699318526035
0.0060407652682212
0.006216247145479662
0.0063987830453052525
0.006588642106863089
0.006786093246873899
0.006991402916658076
0.007204832453957982
0.007426634986600428
0.007657051845640249
0.00789630844797
0.008144609613009092
0.00840213428557985
0.008669029648072174
0.008945404620143432
0.009231322764122672
0.009526794639522837
0.00983176968097066
0.010146127710512539
0.010469670237306305
0.010802111744269958
0.011143071210743738
0.011492064170240615
0.011848495649639088
0.012211654376577648
0.012580708670463266
0.01295470444406411
0.013332565731742402
0.013713098122189522
0.014094995404536603
0.014476849635485732
0.014857164702999422
0.015234373303787846
0.015606857075568368
0.015972969442331026
0.016331060555598853
0.0166795035620778
0.017016721374838797
0.017341212678191217
0.017651576873669753
0.01794653635319288
0.018224955702657586
0.018485857099879703
0.018728431478073095
0.018952045235614282
0.01915624249089907
0.019340743084921588
0.019505436709595134
0.019650373676807126
0.019775752936312146
0.019881907998860623
0.01996929142737909
0.020038458529483476
0.020090050826897257
0.020124779800019595
0.020143411317326585
0.020146751066993467
0.020135631218256792
0.020110898457218702
0.020073403469100505
0.020023991878056077
0.019963496607065045
0.019892731583747617
0.019812486564641595
0.019723523640200087
0.019626573900462383
0.01952233535450766
0.019411472002132505
0.019294612962543544
0.019172352414528436
0.019045249916023334
0.018913831067759623
0.018778588444046024
0.018639982724543445
0.01849844397079293
0.018354373000343684
0.018208142819512284
0.018060100083053414
0.01791056655535025
0.017759840553179942
0.017608198354744444
0.017455895563548825
0.017303168418941618
0.017150235047783246
0.01699729665385447
0.016844538643332345
0.016692131686007583
0.016540232712958194
0.016388985852177188
0.016238524478081405
0.01608896771017667
0.015940427019722172
0.01579300355303636
0.01564678945456377
0.015501868512044685
0.01535831673142537
0.015216202870460641
0.015075587891042212
0.014936529276312845
0.014799076217086203
0.014663273071311968
0.01452915913248683
0.01439676894872867
0.014266132642940396
0.014137276211897105
0.014010221804910595
0.013884987983562044
0.013761589963923675
0.013640039842586868
0.01352034680771854
0.013402517336276579
0.01328655537843213
0.013172462530168159
0.013060238194951852
0.012949879735310902
0.01284138261508122
0.012734740533035617
0.012629945548547832
0.012526988199896286
0.01242585761576363
0.012326541620444142
0.012229026833228712
0.012133298762398614
0.012039341894222061
0.011947139777313409
0.01185667510268273
0.011767929779773584
0.011680885008758402
0.011595521349335426
0.011511818786246604
0.01142975679171398
0.011349314384970895
0.01127047018904639
0.011193202484943243
0.011117489263334536
0.01104330827389024
0.010970637072331126
0.01089945306529746
0.010829733553108628
0.010761455770481335
0.010694596925266383
0.01062913423525686
0.010563133118189842
0.010497590418906064
0.010432727617054226
0.01036872229884334
0.010305716935517106
0.010243824233463181
0.010183132016988457
0.010123707318268421
0.010065599797755604
0.010008844610493095
0.009953464812800914
0.009899473386521158
0.009846874944137989
0.009795667166909014
0.009745842019088551
0.009697387249690643
0.009650285813565125
0.009604518066871931
0.009560061900798555
0.009516893262630027
0.009474986599478385
0.009434315233081246
0.009394851675992808
0.00935656789789221
0.009319435549394706
0.00928342614962836
0.009248511255461686
0.009214662550393278
0.00918185200039922
0.00915005192027277
0.009119235048443872
0.009089374605134575
0.009060444338443444
0.009032418560227929
0.00900527217330462
0.008978980691270047
0.008953520252061432
0.00892886762622031
0.008905000220687626
0.008881896078843531
0.008859533877406177
0.008837892920717686
0.008816953132872974
0.008796695048082302
0.008777099799604603
0.008758149107540572
0.008739825265733485
0.008722111127990498
0.008704990093805877
0.008688446093741259
0.008672463574594742
0.008657027484470493
0.008642123257843116
0.008627736800696053
0.008613854475800037
0.008600463088186266
0.008587549870859352
0.008575102470786243
0.00856310893519042
0.008551557698173905
0.008540437567684453
0.008529737712840657
0.00851944765162342
0.008509557238939138
0.008500057104973119
0.008490937266733509
0.008482188521825187
0.00847380196028683
0.008465768955169956
0.008458081152790543
0.008450730463319173
0.008443709051714834
0.008437009328993635
0.008430623943822567
0.008424545774428478
0.008418767920812049
0.008413283697256657
0.008408086625121915
0.008403170425911882
0.00839852901460789
0.00839415649325621
0.008390047144800837
0.0083861954271521
0.008382595967481726
0.008379243556735609
0.008376133144355433
0.008373259833200869
0.008370618874664105
0.008368205663968948
0.008366015735646841
0.008364044759182647
0.008362288534823016
0.00836074298954067
0.008359404173148248
0.008358268254555256
0.008357331518162498
0.008356590360387987
0.00835604128631906
0.008355680906485433
0.008355505933748196
0.008355513180299978
0.008355699554771676
0.008356062059441487
0.008356597787541931
0.008357303920661002
0.008358177726233611
0.008359216555119585
0.008360417839264903
0.008361779089442753
0.008363297893071305
0.008364971912105014
0.008366798880996843
0.008368776604728307
0.008370902956905025
0.008373175877915015
0.00837559337314734
0.00837815351126902
0.008380854422557748
0.008383694297288366
0.008386671384171217
0.008389783988840245
0.008393030472389205
0.008396474396436747
0.008399927519029769
0.008403626707456877
0.008407336993807527
0.008411238772494084
0.008415258052720996
0.008419400898948874
0.008423717778791502
0.00842810906046014
0.008432618947046189
0.00843724783644974
0.008441931009864066
0.008446789019904581
0.008451765028411364
0.008456856228913885
0.008462061638965799
0.008467380370175782
0.008472811572469317
0.008478354431377276
0.008484008167052397
0.008489772033388186
0.008495645317182892
0.008501627337341949
0.008507717444114432
0.008513915018360315
0.008520219470845592
0.008526630241563162
0.00853314679907732
0.0085397686398905
0.008546495287830599
0.008553326293457933
0.008560261233490652
0.008567299710247686
0.008574441351108528
0.008581685807988886
0.008589032756831816
0.008596481897113453
0.008604032951362955
0.008611685664696136
0.00861943980436206
0.008627295159302566
0.008635251539723773
0.008643308776679704
0.008651466721667151
0.008659725246231723
0.008668084241584696
0.008676543618230151
0.008685103305602303
0.008693763251712616
0.008702523422806342
0.008711383803028383
0.008720344394098044
0.008729405214992476
0.00873856630163862
0.008747827706613304
0.008757184390851562
0.008766641293019633
0.008776199974227626
0.008785860192500015
0.008795621972694364
0.008805492769961752
0.00881546332101049
0.008825533941921579
0.00883570553313746
0.008845978392735484
0.00885635281790927
0.008866829104479286
0.008877407549658359
0.008888088454204583
0.008898872114415052
0.00890975885488286
0.00892074899455214
0.00893184286134753
0.008943040792105877
0.008954343142595817
0.008965750256589366
0.008977262500787528
0.009931076936922807
0.01083421157147518
0.011675921739813761
0.012450989839839511
0.01315942415975712
0.013805505035574112
0.014396556161506119
0.014941733929796185
0.015451009181473766
0.015934400076509096
0.016401434966020804
0.016860786491353714
0.017320013408743656
0.017785362385516992
0.01826160745628116
0.018751931165143614
0.01925787085382344
0.01977935964310998
0.020314881596199773
0.020861737653783793
0.021416392413085718
0.021974852782373475
0.022533025266337263
0.02308700924488475
0.023633303125273907
0.024168920703896517
0.024691430445763576
0.025198938302840243
0.025690035890870235
0.026163732642462436
0.026619385420460377
0.027056633849431865
0.027475345324435
0.027875570634159873
0.02825750932218894
0.028621483045383405
0.028967914970154156
0.029297313410301746
0.02961025825480095
0.029907389127673652
0.030189394587226557
0.03045700197073115
0.030710967711646282
0.030952068103755885
0.031181090571902267
0.03139882554686689
0.03160605865147044
0.03180356562637163
0.031992104287496916
0.03217241107712684
0.03234519670335864
0.032511142960489334
0.03267090034337162
0.03282508638927298
0.032974284670982235
0.033119044360018536
0.033259880277950196
0.033397273356130255
0.033531671428740153
0.03366349029014545
0.03379311495457337
0.033920901063509104
0.03404717639359384
0.03417224242491193
0.0342963759361903
0.03441983059948325
0.03454283855232703
0.03466561193009989
0.034788344345435256
0.0349112123050403
0.0350343765572183
0.03515798336583628
0.035282165708477205
0.035407044398121895
0.03553272912897823
0.03565931944806024
0.03578690565486365
0.03591556963202919
0.03604538561026242
0.03617642087102313
0.03630873639063319
0.036442387429500095
0.03657742407013532
0.036713891707578716
0.03685183149572863
0.03699128075294332
0.03713227333012171
0.037274839944303306
0.03741900848065061
0.03756480426550035
0.037712250312989234
0.037861367547588384
0.038012175004708604
0.03816469001137685
0.038318928348828905
0.0384749043987138
0.038632631274470156
0.03879212093929973
0.0389533843120459
0.03911643136216689
0.03928127119489234
0.03944791212755126
0.03961636175797043
0.039786627025759205
0.03995871426722081
0.040132629264559336
0.04030837728998813
0.04048596314528631
0.04066539119729737
0.040846665409813555
0.04102978937224678
0.04121476632544553
0.04140159918498112
0.04159029056093584
0.041780842782370084
0.04197325790581445
0.04216753773756229
0.04236368384620984
0.042561697575893606
0.04276158005847843
0.04296333222482773
0.04316695481527652
0.04337244838940791
0.043579813335227605
0.043789049877814484
0.04400015808752076
0.04421313788778309
0.044427989062599975
0.044644711263723026
0.044863304017606374
0.04508376673214804
0.045306098703257205
0.04553029912127365
0.04575636707726816
0.04586119725389095
0.046027961271861755
0.04620669839565454
0.046377344962552955
0.04653253486098739
0.04667008994148691
0.04678983708610834
0.046892306179431874
0.046978226424577975
0.047048346086247056
0.047103377810319
0.04714398855588385
0.047170802991508776
0.047184409346935914
0.047185364453438995
0.0471741974293107
0.04715141226410606
0.04711748967691832
0.04707288854955615
0.04701804713291669
0.046953384142617564
0.046879299804800184
0.04679617687967432
0.04670438167185223
0.046604265027241715
0.04649616331243187
0.04638039937145674
0.046257283455529694
0.04612711412253236
0.04599017910457981
0.045846756143532515
0.045697113795826465
0.04554151220941584
0.04538020387701951
0.04521343437126552
0.04504144306882588
0.04486446387228635
0.04468272594061423
0.044496454441352494
0.0443058713405945
0.04411119639190991
0.043912649886504354
0.043710444487546525
0.043504801936976416
0.04329594305713746
0.043084092663304915
0.04286948161268179
0.04265234938660502
0.04243294735822682
0.042211542990342424
0.04198842530540131
0.04176391211517883
0.04153835971436847
0.04131217607113035
0.04108583905515343
0.040859922042101926
0.04063513051469713
0.04041235538295832
0.04019275227826069
0.039977862166433335
0.03976979943029506
0.03957155335190431
0.039387486419255074
0.03922418673315941
0.039091984958154274
0.04625403948855818
0.05170277176100882
0.05591650204455502
0.05901161282383601
0.061017713882195186
0.06200463704572081
0.06209780456849641
0.061455908613973764
0.060245229150552713
0.05862129082976003
0.05671893184470209
0.054648780986674916
0.052497726152152174
0.05033145403351635
0.04819779311874507
0.04613012762920306
0.04415051433045977
0.04227235439907909
0.040502593295860846
0.03884348100872582
0.03729394954459061
0.03585067058555854
0.0345088530701092
0.03326283479344551
0.032106510531939095
0.031033637297219977
0.030038044190963266
0.02911377182501206
0.02825515927149897
0.027456894325299214
0.02671403212160128
0.026022016297574963
0.02537664612603218
0.02477407785089704
0.02421080006871956
0.023683610881729326
0.023189594150558532
0.022726095881218763
0.022290701417020883
0.02188121384573437
0.021495633848943516
0.021132141093629594
0.02078907718136658
0.020464930115288774
0.02015832021073027
0.0198679873566353
0.019592779524168984
0.019331642418257248
0.01908361016807402
0.01884779695780672
0.018623389505263287
0.018409655003494917
0.01820587422586995
0.018011431302231824
0.017825741279635772
0.017648264657275748
0.01747850292865919
0.01731599494388337
0.01716031364740608
0.017011063141108205
0.016867876033585725
0.01673041104372194
0.016598350831012288
0.0164714000290524
0.01634928346102627
0.016231744518879414
0.01611854368950758
0.016009457213107193
0.015904275861199434
0.015802803821710086
0.015704857681549306
0.015610265496769988
0.015518865942110797
0.015430507532375775
0.015345047908966078
0.015262353185487713
0.015182297346956416
0.015104761697784679
0.015029634354068197
0.014956809776257095
0.014886188338643197
0.014817675932369457
0.014751183599040058
0.014686627192392806
0.014623927065552503
0.014563007781662599
0.014503797845977115
0.014446229457741284
0.014390238279981109
0.014335763225962745
0.01428274626083472
0.014231132217353129
0.014180868624451297
0.014131905547695455
0.014084195440683733
0.014037693006662402
0.013992355069294157
0.013948140452180706
0.013905009866317758
0.013862925804909347
0.013821852445050532
0.013781755555674959
0.013742602411441604
0.013704361711993573
0.013667003506322987
0.013630499121801015
0.0135948210975992
0.013559943122109666
0.013525839974212589
0.013492487468047449
0.013459862401010965
0.013427942504862523
0.013396706399690664
0.013366133550496371
0.013336204226291237
0.013306899461549964
0.013278201019753261
0.013250091359072062
0.013222553599880582
0.01319557149407136
0.013169129396035473
0.013143212235263022
0.013117805698097866
0.013092895350295489
0.0130684679091364
0.01304451036509149
0.013021010164390978
0.012997955190072224
0.012975333743680656
0.012953134527764183
0.012931346629114581
0.012909959502794575
0.012888962956916756
0.01286834713809754
0.012848102517684213
0.012828219878533947
0.01280869030251185
0.012789505158525142
0.012770656091123857
0.01275213500966338
0.01273393407793928
0.012716045704318724
0.01269846253231137
0.012681177431579928
0.012664183489366142
0.012647474002278215
0.012631042468468925
0.012614882580145351
0.01259898821640394
0.012583353436393371
0.012567972472769959
0.012552839725438617
0.012537949755546238
0.012523297279748352
0.012508877164696007
0.012494684421783022
0.012480714202108863
0.012466961791614072
0.012453422606440643
0.01244009218850401
0.012426966201213861
0.012414040425356767
0.012401310755194782
0.012388773194660953
0.012376423853746434
0.012364258945024546
0.012352274780271594
0.012340467767280639
0.012328834406739295
0.012317371289285235
0.012306075092599964
0.012294942578702893
0.012283970591260213
0.012273156053061417
0.012262495963543918
0.012251987396434506
0.012241627497469605
0.012231413482207203
0.012221342633901079
0.0122114123014528
0.012201619897470053
0.012191962896337291
0.012182438832421105
0.012173045298287432
0.012163779942986588
0.012154640470438138
0.012145624637820126
0.012136730254043174
0.012127955178283287
0.01211929731853763
0.012110754630249295
0.012102325114972742
0.012094006819090248
0.01208579783255371
0.012077696287684701
0.012069700358013658
0.01206180825715066
0.012054018237688974
0.012046328590155846
-46.880114912520135
-46.880114912520135
-46.880114912520135
-46.880114912520135
-46.880114912520135
-46.880114912520135
-46.880114912520135
-46.880114912520135
-46.880114912520135
-46.880114912520135
-46.880114912520135
-46.880114912520135
-46.880114912520135
-46.880114912520135
-46.880114912520135
-46.880114912520135
-46.880114912520135
-46.880114912520135
-46.880114912520135
-46.880114912520135
-46.880114912520135
-46.880114912520135
-46.880114912520135
-46.880114912520135
-46.880114912520135
-46.880114912520135
-46.880114912520135
-46.880114912520135
-46.880114912520135
-46.880114912520135
-46.880114912520135
-46.880114912520135
-46.880114912520135
-46.880114912520135
-46.880114912520135
-46.880114912520135
-46.880114912520135
-46.880114912520135
-46.880114912520135
-46.880114912520135
-46.880114912520135
-46.880114912520135
-46.880114912520135
-46.880114912520135
-46.880114912520135
-46.880114912520135
-46.880114912520135
-46.880114912520135
-46.880114912520135
-46.880114912520135
-46.880114912520135
-46.880114912520135
-46.880114912520135
-46.880114912520135
-46.880114912520135
-46.880114912520135
-46.880114912520135
-46.880114912520135
-46.880114912520135
-46.880114912520135
-46.880114912520135
-46.880114912520135
-46.880114912520135
-46.880114912520135
-46.880114912520135
-46.880114912520135
-46.880114912520135
-46.880114912520135
-46.880114912520135
-46.880114912520135
-46.880114912520135
-46.880114912520135
-46.880114912520135
-46.880114912520135
-46.880114912520135
-46.880114912520135
-46.880114912520135
-46.880114912520135
-46.880114912520135
-46.880114912520135
-46.880114912520135
-46.880114912520135
-46.880114912520135
-46.880114912520135
-46.880114912520135
-46.880114912520135
-46.880114912520135
-46.880114912520135
-46.880114912520135
-46.880114912520135
-46.880114912520135
-46.880114912520135
-46.880114912520135
-46.880114912520135
-46.880114912520135
-46.880114912520135
-46.880114912520135
-46.880114912520135
-46.880114912520135
-46.880114912520135
-46.880114912520135
-46.880114912520135
-46.880114912520135
-46.880114912520135
-46.880114912520135
-46.880114912520135
-46.880114912520135
-46.880114912520135
-46.880114912520135
-46.880114912520135
-46.880114912520135
-46.880114912520135
-46.880114912520135
-46.880114912520135
-46.880114912520135
-46.880114912520135
-46.880114912520135
-46.880114912520135
-46.880114912520135
-46.880114912520135
-46.880114912520135
-46.880114912520135
-46.880114912520135
-46.880114912520135
-46.880114912520135
-46.880114912520135
-46.880114912520135
-46.880114912520135
-46.880114912520135
-46.880114912520135
-46.880114912520135
-46.880114912520135
-46.880114912520135
-46.880114912520135
-46.880114912520135
-46.880114912520135
-46.880114912520135
-46.880114912520135
-46.880114912520135
-46.880114912520135
-46.880114912520135
-46.880114912520135
-46.880114912520135
-46.880114912520135
-46.880114912520135
-46.880114912520135
-46.880114912520135
-46.880114912520135
-46.880114912520135
-46.880114912520135
-46.880114912520135
-46.880114912520135
-46.880114912520135
-46.880114912520135
-46.880114912520135
-46.880114912520135
-46.880114912520135
-46.880114912520135
-46.880114912520135
-46.880114912520135
-46.880114912520135
-46.880114912520135
-46.880114912520135
-46.880114912520135
-46.880114912520135
-46.880114912520135
-46.880114912520135
-46.880114912520135
-46.880114912520135
-46.880114912520135
-46.880114912520135
-46.880114912520135
-46.880114912520135
-46.880114912520135
-46.880114912520135
-46.880114912520135
-46.880114912520135
-46.880114912520135
-46.880114912520135
-46.880114912520135
-46.880114912520135
-46.880114912520135
-46.880114912520135
-46.880114912520135
-46.880114912520135
-46.880114912520135
-46.880114912520135
-46.880114912520135
-46.880114912520135
-46.880114912520135
-46.880114912520135
-46.880114912520135
-46.880114912520135
-46.880114912520135
-46.880114912520135
-46.880114912520135
-46.880114912520135
-46.880114912520135
-46.880114912520135
-42.773141518033704
-42.773141518033704
-42.773141518033704
-42.773141518033704
-42.773141518033704
-42.773141518033704
-42.773141518033704
-42.773141518033704
-42.773141518033704
-42.773141518033704
-42.773141518033704
-42.773141518033704
-42.773141518033704
-42.773141518033704
-42.773141518033704
-42.773141518033704
-42.773141518033704
-42.773141518033704
-42.773141518033704
-42.773141518033704
-42.773141518033704
-42.773141518033704
-42.773141518033704
-42.773141518033704
-42.773141518033704
-42.773141518033704
-42.773141518033704
-42.773141518033704
-42.773141518033704
-42.773141518033704
-42.773141518033704
-42.773141518033704
-42.773141518033704
-42.773141518033704
-42.773141518033704
-42.773141518033704
-42.773141518033704
-42.773141518033704
-42.773141518033704
-42.773141518033704
-42.773141518033704
-42.773141518033704
-42.773141518033704
-42.773141518033704
-42.773141518033704
-42.773141518033704
-42.773141518033704
-42.773141518033704
-42.773141518033704
-42.773141518033704
-42.773141518033704
-42.773141518033704
-42.773141518033704
-42.773141518033704
-42.773141518033704
-42.773141518033704
-42.773141518033704
-42.773141518033704
-42.773141518033704
-42.773141518033704
-42.773141518033704
-42.773141518033704
-42.773141518033704
-42.773141518033704
-42.773141518033704
-42.773141518033704
-42.773141518033704
-42.773141518033704
-42.773141518033704
-42.773141518033704
-42.773141518033704
-42.773141518033704
-42.773141518033704
-42.773141518033704
-42.773141518033704
-42.773141518033704
-42.773141518033704
-42.773141518033704
-42.773141518033704
-42.773141518033704
-42.773141518033704
-42.773141518033704
-42.773141518033704
-42.773141518033704
-42.773141518033704
-42.773141518033704
-42.773141518033704
-42.773141518033704
-42.773141518033704
-42.773141518033704
-42.773141518033704
-42.773141518033704
-42.773141518033704
-42.773141518033704
-42.773141518033704
-42.773141518033704
-42.773141518033704
-42.773141518033704
-42.773141518033704
-42.773141518033704
-42.773141518033704
-42.773141518033704
-42.773141518033704
-42.773141518033704
-42.773141518033704
-42.773141518033704
-42.773141518033704
-42.773141518033704
-42.773141518033704
-42.773141518033704
-42.773141518033704
-42.773141518033704
-42.773141518033704
-42.773141518033704
-42.773141518033704
-42.773141518033704
-42.773141518033704
-42.773141518033704
-42.773141518033704
-42.773141518033704
-42.773141518033704
-42.773141518033704
-42.773141518033704
-42.773141518033704
-42.773141518033704
-42.773141518033704
-42.773141518033704
-42.773141518033704
-42.773141518033704
-42.773141518033704
-42.773141518033704
-42.773141518033704
-42.773141518033704
-42.773141518033704
-42.773141518033704
-42.773141518033704
-42.773141518033704
-42.773141518033704
-42.773141518033704
-42.773141518033704
-42.773141518033704
-42.773141518033704
-42.773141518033704
-42.773141518033704
-42.773141518033704
-42.773141518033704
-42.773141518033704
-42.773141518033704
-42.773141518033704
-42.773141518033704
-42.773141518033704
-42.773141518033704
-42.773141518033704
-42.773141518033704
-42.773141518033704
-42.773141518033704
-42.773141518033704
-42.773141518033704
-42.773141518033704
-42.773141518033704
-42.773141518033704
-42.773141518033704
-42.773141518033704
-42.773141518033704
-42.773141518033704
-42.773141518033704
-42.773141518033704
-42.773141518033704
-42.773141518033704
-42.773141518033704
-42.773141518033704
-42.773141518033704
-42.773141518033704
-42.773141518033704
-42.773141518033704
-42.773141518033704
-42.773141518033704
-42.773141518033704
-42.773141518033704
-42.773141518033704
-42.773141518033704
-42.773141518033704
-42.773141518033704
-42.773141518033704
-42.773141518033704
-42.773141518033704
-42.773141518033704
-42.773141518033704
-42.773141518033704
-42.773141518033704
-42.773141518033704
-42.773141518033704
-42.773141518033704
-42.773141518033704
-42.773141518033704
-42.773141518033704
-42.773141518033704
-42.773141518033704
-42.773141518033704
-175909482.03233767
2.459016860608928e+18
2.459016860608928e+18
2.459016860608928e+18
2.459016860608928e+18
2.459016860608928e+18
2.459016860608928e+18
2.459016860608928e+18
2.459016860608928e+18
2.459016860608928e+18
2.459016860608928e+18
2.459016860608928e+18
2.459016860608928e+18
2.459016860608928e+18
2.459016860608928e+18
2.459016860608928e+18
2.459016860608928e+18
2.459016860608928e+18
2.459016860608928e+18
2.459016860608928e+18
2.459016860608928e+18
2.459016860608928e+18
2.459016860608928e+18
2.459016860608928e+18
2.459016860608928e+18
2.459016860608928e+18
2.459016860608928e+18
2.459016860608928e+18
2.459016860608928e+18
2.459016860608928e+18
2.459016860608928e+18
2.459016860608928e+18
2.459016860608928e+18
2.459016860608928e+18
2.459016860608928e+18
2.459016860608928e+18
2.459016860608928e+18
2.459016860608928e+18
2.459016860608928e+18
2.459016860608928e+18
2.459016860608928e+18
2.459016860608928e+18
2.459016860608928e+18
2.459016860608928e+18
2.459016860608928e+18
2.459016860608928e+18
2.459016860608928e+18
2.459016860608928e+18
2.459016860608928e+18
2.459016860608928e+18
2.459016860608928e+18
2.459016860608928e+18
2.459016860608928e+18
2.459016860608928e+18
2.459016860608928e+18
2.459016860608928e+18
2.459016860608928e+18
2.459016860608928e+18
2.459016860608928e+18
2.459016860608928e+18
2.459016860608928e+18
2.459016860608928e+18
2.459016860608928e+18
2.459016860608928e+18
2.459016860608928e+18
2.459016860608928e+18
2.459016860608928e+18
2.459016860608928e+18
2.459016860608928e+18
2.459016860608928e+18
2.459016860608928e+18
2.459016860608928e+18
2.459016860608928e+18
2.459016860608928e+18
2.459016860608928e+18
2.459016860608928e+18
2.459016860608928e+18
2.459016860608928e+18
2.459016860608928e+18
2.459016860608928e+18
2.459016860608928e+18
2.459016860608928e+18
2.459016860608928e+18
2.459016860608928e+18
2.459016860608928e+18
2.459016860608928e+18
2.459016860608928e+18
2.459016860608928e+18
2.459016860608928e+18
2.459016860608928e+18
2.459016860608928e+18
2.459016860608928e+18
2.459016860608928e+18
2.459016860608928e+18
2.459016860608928e+18
2.459016860608928e+18
2.459016860608928e+18
2.459016860608928e+18
2.459016860608928e+18
2.459016860608928e+18
2.459016860608928e+18
2.459016860608928e+18
2.459016860608928e+18
2.459016860608928e+18
2.459016860608928e+18
2.459016860608928e+18
2.459016860608928e+18
2.459016860608928e+18
2.459016860608928e+18
2.459016860608928e+18
2.459016860608928e+18
2.459016860608928e+18
2.459016860608928e+18
2.459016860608928e+18
2.459016860608928e+18
2.459016860608928e+18
2.459016860608928e+18
2.459016860608928e+18
2.459016860608928e+18
2.459016860608928e+18
2.459016860608928e+18
2.459016860608928e+18
2.459016860608928e+18
2.459016860608928e+18
2.459016860608928e+18
2.459016860608928e+18
2.459016860608928e+18
2.459016860608928e+18
2.459016860608928e+18
2.459016860608928e+18
2.459016860608928e+18
2.459016860608928e+18
2.459016860608928e+18
2.459016860608928e+18
2.459016860608928e+18
2.459016860608928e+18
2.459016860608928e+18
2.459016860608928e+18
2.459016860608928e+18
2.459016860608928e+18
2.459016860608928e+18
2.459016860608928e+18
2.459016860608928e+18
2.459016860608928e+18
2.459016860608928e+18
2.459016860608928e+18
2.459016860608928e+18
2.459016860608928e+18
2.459016860608928e+18
2.459016860608928e+18
2.459016860608928e+18
2.459016860608928e+18
2.459016860608928e+18
2.459016860608928e+18
2.459016860608928e+18
2.459016860608928e+18
2.459016860608928e+18
2.459016860608928e+18
2.459016860608928e+18
2.459016860608928e+18
2.459016860608928e+18
2.459016860608928e+18
2.459016860608928e+18
2.459016860608928e+18
2.459016860608928e+18
2.459016860608928e+18
2.459016860608928e+18
2.459016860608928e+18
2.459016860608928e+18
2.459016860608928e+18
2.459016860608928e+18
2.459016860608928e+18
2.459016860608928e+18
2.459016860608928e+18
2.459016860608928e+18
2.459016860608928e+18
2.459016860608928e+18
2.459016860608928e+18
2.459016860608928e+18
2.459016860608928e+18
2.459016860608928e+18
2.459016860608928e+18
2.459016860608928e+18
2.459016860608928e+18
2.459016860608928e+18
2.459016860608928e+18
2.459016860608928e+18
2.459016860608928e+18
2.459016860608928e+18
2.459016860608928e+18
2.459016860608928e+18
2.459016860608928e+18
2.459016860608928e+18
2.459016860608928e+18
2.459016860608928e+18
2.459016860608928e+18
2.459016860608928e+18
2.459016860608928e+18
