6.856831449757612
6.837653788123033
6.818438921678203
6.799169164032161
6.779834263327122
6.7604284416630795
6.740948601503876
6.721393251910238
6.70176187369862
6.682054547485466
6.662271736947467
6.642414162602552
6.6224827277878315
6.6024784744204315
6.582402555593946
6.562256217626921
6.542040787410098
6.521757662751014
6.501408304461301
6.480994229514211
6.460517004917159
6.439978242112811
6.4193795918089185
6.398722739179722
6.37800939940141
6.35724131349251
6.336420244433412
6.315547973540765
6.294626297073692
6.273657023050315
6.252641968255242
6.231582955421107
6.210481810569997
6.189340360503461
6.1681604304324065
6.146943841740526
6.125692409876995
6.104407942375608
6.083092236998781
6.061747080005447
6.040374244542241
6.018975489157433
5.997552556436735
5.976107171759802
5.954641042175626
5.933155855394442
5.9116532788931675
5.890134959130737
5.868602520869126
5.847057566595397
5.825501676039639
5.803936405783297
5.782363288952222
5.760783834988512
5.739199529495188
5.717611834147714
5.696022186666461
5.674432000844308
5.652842666623777
5.631255550218325
5.609671994272649
5.5880933180571954
5.5665208176923215
5.544955766397918
5.5233994147646275
5.501852991043087
5.480317701447999
5.458794730474127
5.43728524122162
5.415790375728363
5.394311255307342
5.372848980887241
5.351404633354781
5.329979273897463
5.308573944345634
5.2871896675129655
5.265827447534568
5.244488270202148
5.223173103295717
5.201882896911494
5.180618583785713
5.1593810796141435
5.1381712833672095
5.116990077600639
5.095838328761612
5.074716887490439
5.053626588917807
5.032568252957674
5.011542684595878
4.99055067417458
4.969592997672613
4.948670416981873
4.927783680179814
4.9069335217982
4.886120663088152
4.865345812281621
4.844609664849336
4.823912903755318
4.803256199708026
4.78264021140817
4.762065585793253
4.741532958278871
4.721042952996812
4.700596183029959
4.680193250644031
4.659834747516144
4.639521254960228
4.619253344149263
4.599031576334356
4.578856503060621
4.558728666379865
4.538648599060055
4.51861682479154
4.49863385839002
4.478700205996213
4.458816365272225
4.438982825594562
4.419200068243791
4.399468566590795
4.379788786279613
4.36016118540683
4.340586214697487
4.321064317677498
4.301595930842531
4.28218148382336
4.262821399547619
4.243516094397975
4.224265978366698
4.205071455206574
4.185932922578184
4.166850772193512
4.147825389955872
4.1288571560961325
4.109946445305248
4.091093626863052
4.0722990647633495
4.053563117835249
4.03488613986077
4.016268479688708
3.997710481344735
3.9792124841377747
3.960774822762608
3.942397827398744
3.9240818238055453
3.9058271334136117
3.8876340734124315
3.8695029568343133
3.8514340926346002
3.8334277857681776
3.8154843372623
3.7976040442857317
3.7797872002142334
3.7620340946924133
3.744345013691947
3.7267202395662027
3.709160051101297
3.69166472356359
3.674234528743666
3.6568697349968162
3.639570607280059
3.622337407185739
3.6051703929717265
3.5880698195882594
3.571035938701477
3.5540689987136767
3.537169244780334
3.5203369188239533
3.50357225954477
3.486875502428377
3.4702468797503196
3.4536866205777126
3.437194950767942
3.4207720929645133
3.4044182665901013
3.3881336878368775
3.371918569654169
3.3557731217335345
3.339697550491318
3.323692059048765
3.3077568472097645
3.291892111436315
3.2760980448217794
3.2603748370620256
3.2447226744245348
3.2291417397155597
3.213632212245442
3.1981942677921626
3.182828078563228
3.167533813155999
3.152311636516542
3.137161709897119
3.1220841908124175
3.1070792329946166
3.0921469863474
3.077287596899023
3.0625012067545523
3.0477879540473567
3.0331479728900015
3.0185813933246215
