3921.27783894
3912.9232951275085
3904.3635893078063
3895.5998980817794
3886.6340762399846
3877.4683327235794
3868.105061773827
3858.5467557683264
3848.795960658627
3838.8552537089
3828.727232902767
3818.414512500468
3807.919721894276
3797.245506302989
3786.394528575735
3775.3694717599155
3764.1730422940614
3752.8079738009205
3741.2770315246007
3729.583017502603
3717.7287766020527
3705.717203587116
3693.551251426408
3681.233941098923
3668.768373218347
3656.157741872406
3643.4053511709435
3630.5146351193916
3617.4891815903698
3604.3327613637452
3591.049363454362
3577.6432382567514
3564.118950377176
3550.4814436933107
3536.7361211309803
3522.888942832619
3508.946546159454
3494.916390915661
3480.806931611212
3466.627814325528
3452.3900861317056
3438.1063856483083
3423.7910476863644
3409.459997026251
3395.1302298262754
3380.8186237839363
3366.5398865773755
3352.303810007186
3338.112674394331
3323.9601902934623
3309.8329457645755
3295.7138620863057
3281.585954405969
3267.4348981567628
3253.2500120928685
3239.024106257637
3224.7528176021224
3210.433860273161
3196.066385635089
3181.650501328497
3167.186934176645
3152.6768033861854
3138.121471697592
3123.5224491849535
3108.88133168272
3094.199761623758
3079.4794032423833
3064.7219269300354
3049.928999402285
3035.102277549114
3020.2434024863705
3005.354003139972
2990.4356915759345
2975.4900579639334
2960.5186752534632
2945.523097598874
2930.504860301801
2915.4654798600586
2900.4064540847953
2885.3292622617255
2870.2353664399866
2855.126208258781
2840.003212657109
2824.867786891929
2809.7213207786126
2794.5651869337844
2779.4007410199597
2764.229321991505
2749.052252341393
2733.8708383482885
2718.686370323549
2703.500122857747
2688.313355066377
2673.1273108344153
2657.9432190594384
2642.7622938930244
2627.585734980181
2612.414727696546
2597.2504433831446
2582.094039578484
2566.9466602477864
2551.809436009169
2536.683484356597
2521.569909879448
2506.469804478528
2491.3842475783977
2476.314306335879
2461.261035844618
2446.225479335586
2431.208668373424
2416.211623048531
2401.2353521648024
2386.2808534229625
2371.349113599393
2356.4411087204203
2341.5578042319944
2326.7001551647118
2311.8691062941525
2297.065592296481
2282.2905378993037
2267.544858027739
2252.8294579457042
2238.145233392396
2223.49307071396
2208.8738469903556
2194.2884301574077
2179.737679124063
2165.222443884856
2150.7435656276025
2136.301876836328
2121.898201389474
2107.5333546533716
2093.208143571046
2078.9233667463445
2064.6798145234384
2050.478269061723
2036.3195044061501
2022.2042865530177
2008.1333735112642
1994.107515359293
1980.1277051148477
1966.1941959733151
1952.3079446835977
1938.4696700509521
1924.6800831737726
1910.9398874731585
1897.2497787185837
1883.6104450496014
1870.0225669935821
1856.4868174794851
1843.0038618476551
1829.5743578556571
1816.1989556801586
1802.8782979148773
1789.6130195646244
1776.4037480354602
1763.251103121003
1750.1556969849173
1737.118134139607
1724.1390114211645
1711.2189179605914
1698.3584351513432
1685.55813661322
1672.8185881526538
1660.1403477194244
1647.523965359849
1634.9699831664807
1622.4789352243738
1610.0513475539512
1597.687738050525
1585.388616420527
1573.154484114499
1560.9858342569062
1548.8831515728255
1536.8469123115867
1524.8775841674226
1512.975626197213
1501.141488735391
1489.375613306102
1477.6784325326964
1466.050370044652
1454.4918403820293
1443.0032488975507
1431.5849916564334
1420.2374553340785
1408.9610171117379
1397.7560445703018
1386.622895582335
1375.5619182025052
1364.5734505565586
1353.6578207289974
1342.8153466496315
1332.0463359791684
1321.351085994031
1310.729883470588
1300.183004568993
1289.710714716838
1279.313268492832
1268.9909095107225
1258.743870303688
