14.615566821027173
14.97615682984153
15.254605365438469
15.446140383985371
15.56926802656617
15.641545503571288
15.676405545907857
15.683725253383471
15.67074189868853
15.64277926803073
15.603770127823434
15.556628368477975
15.503516569813144
15.446040641086233
15.38539280724786
15.322457409721943
15.257889573753435
15.192173873339103
15.125668142771417
15.058636204856203
14.991272305048167
14.923719330321553
14.85608236963603
14.78843878528114
14.72084567442769
14.653345382232215
14.585969563498653
14.51874216584943
14.451681613715479
14.384802401833236
14.318116253759534
14.2516329609584
14.185360988064955
14.119307907545156
14.053480710287047
13.987886026264185
13.922530280234168
13.857419800660953
13.792560895067616
13.727959901374753
13.66362322211268
13.599557346455272
13.535768863616385
13.47226447013282
13.40905097282755
13.346135288721928
13.283524442791242
13.22122556419239
13.15924588140264
13.09759271657696
13.036273479336478
12.975295660136291
12.914666823315091
12.85439459989747
12.79448668019856
12.734950806265624
12.675794764181349
12.617026376247047
12.558653493059522
12.500683985492559
12.443125736592501
12.385986633396138
12.329274558678948
12.272997382641439
12.217162954541577
12.16177909428145
12.10685358395668
12.05239415937766
11.998408501572097
11.94490422827862
11.891888885442013
11.839369938720964
11.787354765019735
11.735850644055605
11.684864749974352
11.634404143026567
11.584475761317812
11.535086412646192
11.486242766441238
11.437951345817744
11.390218519759555
11.343050495447219
11.296453310744543
11.250432826858798
11.204994721189204
11.160144480378754
11.115887393584114
11.072228545978104
11.029172812499434
10.986724851863677
10.944889100849823
10.90366976887552
10.863070832874579
10.823096032489001
10.783748865588072
10.745032584125626
10.706950190346676
10.669504433353246
10.632697806038914
10.596532542400558
10.561010615234693
10.526133734225494
10.491903344429762
10.458320625163978
10.425386489296697
10.393101582949107
10.36146628560519
10.330480710631742
10.300144706207544
10.27045785665979
10.241419484204696
10.21302865108788
10.185284162119613
10.158184567597898
10.131728166612364
10.105913010719938
10.080736907982754
10.056197427357853
10.03229190342646
10.009017441451023
9.986370922745968
9.964349010348164
9.94294815497229
9.922164601235202
9.901994394133148
9.882433385754794
9.863477242213001
9.845121450777466
9.827361327190177
9.810192023145216
9.793608533914423
9.777605706100442
9.762178245497964
9.747320725044833
9.733027592844145
9.71929318023902
9.706111709921474
9.693477304057675
9.681383992411677
9.669825720450419
9.658796357413058
9.648289704328231
9.638299501963402
9.628819438690954
9.619843158256334
9.611364267434
9.603376343558113
9.59587294191476
9.588847602984004
9.582293859520174
9.576205243460135
9.570575292649142
9.56539755737574
9.560665606706873
9.556373034615847
9.552505801257203
9.54907640817752
9.54606548365707
9.54346780120371
9.541277656701492
9.53948912366694
9.538096217134164
9.537092965441268
9.536473443650754
9.536231790268895
9.536362216491476
9.536859012016613
9.53771654920738
9.538929286392497
9.5404917706539
9.54239864025581
9.544644626785757
9.547224557039286
9.550133354665446
9.553366041582159
9.556917739167881
9.560783669235347
9.56495915479232
9.569439620594542
9.57422059349598
9.579297702602009
9.584666679230626
9.59032335668751
9.596263669860956
9.60248365464232
9.60897944717792
9.615747282958406
9.622783495752158
9.630084516388148
9.637646871395136
9.645467181502696
9.653542160010968
9.661868611034608
9.670443427627667
9.67926358979498
9.688326162396432
9.697628292949982
9.707167209339516
9.716940217432775
