2987604.0581249995
2323984.5698826057
2314711.8816734073
2306249.7516623363
2298301.6793108573
2290710.311577343
2283378.6033359203
2276245.071598284
2269269.750585438
2262425.679149838
2255693.7300920156
2249059.4796092934
2242511.319281633
2236039.3219712107
2229634.5635133483
2223288.7193225683
2216993.8268797877
2210742.148780723
2204526.0974193527
2198338.198153422
2192171.077138161
2186017.465478741
2179870.2145123356
2173722.3188437326
2167566.9447865896
2161397.462449808
2155207.4800494392
2148990.8792393096
2142741.8504011254
2136454.926950397
2130125.0178208277
2123747.4373930865
2117317.9322367893
2110832.7041400797
2104288.429007675
2097682.271313449
2091011.8939
2084275.4630174506
2077471.6485943838
2070599.6198243168
2063659.0362385875
2056650.0345130921
2049573.2113250804
2042429.602634057
2035220.6598057353
2027948.2230331628
2020614.4925300328
2013221.9979812815
2005773.5667339093
1998272.2911991235
1990721.4959156183
1983124.7046934452
1975485.6082237775
1967808.0324989648
1960095.908343046
1952353.242310147
1944584.0891596954
1936792.5260764416
1928982.6287570177
1921158.4494480528
1913323.9969817046
1905483.2188222853
1897639.9851088163
1889798.0746520301
1881961.1628238393
1874132.8112599463
1866316.459281748
1858515.4169340495
1850732.8595275038
1842971.8235701004
1835235.2039701515
1827525.7523925484
1819846.0766532808
1812198.6410380509
1804585.7674377144
1797009.6371966864
1789472.2935769462
1781975.6447470572
1774521.4672118726
1767111.4096046633
1759746.996771976
1752429.6340862557
1745160.6119288902
1737941.1102919923
1730772.2034534118
1723654.8646847846
1716589.9709574638
1709578.3076163717
1702620.5729957137
1695717.3829547802
1688869.275315626
1682076.7141874663
1675340.094166229
1668659.744398937
1662035.9325069971
1655468.8683620775
1648958.7077119625
1642505.5556545337
1636109.469958888
1629770.4642347398
1623488.5109515025
1617263.5443093674
1611095.4629652805
1604984.1326179053
1598929.3884547334
1592931.037466552
1586988.8606330582
1581102.6149848178
1575272.0355463699
1569496.8371652155
1563776.7162316716
1558111.3522948956
1552500.4095790463
1546943.5384055215
1541440.376524883
1535990.5503638473
1530593.6761912168
1525249.3612073776
1519957.2045614864
1514716.7982999333
1509527.7282506635
1504389.5748463513
1499301.9138902572
1494264.3172680081
1489276.3536089219
1484337.5888989246
1479447.5870493355
1474605.9104229815
1469812.1203211725
1465065.777433515
1460366.442253032
1455713.6754588129
1451107.038268425
1446546.0927617843
1442030.4021783485
1437559.5311899062
1433133.0461497384
1428750.5153205334
1424411.509081956
1420115.6001195053
1415862.3635958382
1411651.377305838
1407482.2218163454
1403354.4805921046
1399267.7401081421
1395221.5899503524
1391215.6229042842
1387249.4350339686
1383322.6257503836
1379434.79787114
1375585.5576717318
1371774.514928934
1368001.2829567953
1364265.4786362348
1360566.7224380982
1356904.6384406004
1353278.8543414383
1349689.001464964
1346134.7147646153
1342615.6328213995
1339131.397838293
1335681.6556309196
1332266.055615233
1328884.2507916668
1325535.8977268592
1322220.6565325472
1318938.1908419116
1315688.1677839926
1312470.2579557819
1309284.1353926433
1306129.4775368022
1303005.9652044354
1299913.2825510227
1296851.1170358253
1293819.1593846793
1290817.103551925
1287844.6466814133
1284901.4890663682
1281987.3341086495
1279101.8882772871
1276244.8610662543
1273415.9649518738
1270614.9153495394
1267841.430570226
1265095.2317767008
1262376.0429391386
1259683.5907910427
1257017.6047846598
1254377.817046517
1251763.962332937
1249175.7779855535
1246613.0038870517
1244075.382416986
1241562.658407973
1239074.579102051
1236610.894107378
1234171.355355655
1231755.717059511
1229363.735670813
