-272.9622600566417
-272.84636883497006
-272.46597611575953
-272.04050888563773
-271.60694769802257
-271.1711203958396
-270.7332739020835
-270.2928228737748
-269.849190282374
-269.40191851542585
-268.950656578967
-268.4951343409338
-268.0351413458472
-267.5705111980798
-267.10111021762845
-266.62682915912876
-266.1475771227524
-265.66327705176946
-265.17386239262515
-264.679274615515
-264.17946137638995
-263.6743751596181
-263.16397228185815
-262.64821216791904
-262.127056831594
-261.60047051093954
-261.0684194199819
-260.5308715880852
-259.9877967654031
-259.43916637807325
-258.88495352094
-258.3251329786256
-257.7596812680608
-257.18857669731824
-256.6117994369426
-256.0293316008605
-255.4411573347489
-254.8472629102253
-254.24763682366307
-253.6422698986574
-253.0311553914534
-252.41428909873326
-251.7916694672903
-251.16329770518888
-250.52917789405862
-249.8893171021795
-249.24372549805935
-248.59241646419858
-247.93540671071423
-247.27271638853617
-246.6043692018402
-245.93039251937032
-245.25081748432584
-244.5656791224194
-243.8750164477412
-243.17887256602316
-242.47729477488772
-241.7703346606507
-241.05804819122747
-240.34049580467925
-239.61774249292765
-238.88985788014392
-238.15691629530878
-237.41899683843758
-236.67618343995377
-235.92856491268245
-235.17623499593432
-234.41929239116521
-233.65784078866662
-232.89198888478285
-232.12185038912915
-231.34754402131648
-230.56919349668888
-229.78692750061103
-229.00087965085012
-228.2111884476389
-227.4179972110226
-226.62145400513018
-225.82171154905873
-225.0189271140819
-224.2132624069575
-223.40488343915106
-222.59396038184235
-221.78066740665162
-220.9651825120709
-220.1476873356543
-219.32836695209372
-218.50740965736594
-217.68500673922085
-216.8613522343423
-216.03664267260046
-215.2110768088808
-214.38485534305573
-213.55818062874235
-212.73125637156068
-211.90428731768182
-211.07747893353226
-210.2510370775769
-209.4251676651813
-208.60007632760846
-207.7759680662574
-206.95304690331028
-206.1315155299925
-205.3115749536912
-204.49342414520612
-203.67725968743343
-202.8632754267954
-202.0516621287389
-201.24260713862057
-200.4362940492918
-199.63290237667553
-198.832607244598
-198.03557908010794
-197.24198332046626
-196.4519801329442
-195.6657241484998
-194.8833642103423
-194.1050431383221
-193.33089750999287
-192.56105745912546
-191.79564649234538
-191.03478132448558
-190.27857173314158
-189.52712043282142
-188.78052296898034
-188.03886763212938
-187.30223539210436
-186.570699852488
-185.8443272250732
-185.1231763241618
-184.40729858040368
-183.69673807379195
-182.9915315853458
-182.2917086669321
-181.59729172861023
-180.9082961428152
-180.22473036462773
-179.54659606734057
-178.87388829246646
-178.20659561330945
-177.54470031117688
-176.888178563287
-176.2370006414121
-175.59113112027734
-174.9505290947352
-174.31514840473108
-173.68493786708729
-173.05984151313723
-172.43979883126292
-171.82474501340772
-171.21461120466478
-170.60932475506667
-170.00880947273646
-169.41298587759943
-168.82177754620366
-168.23508200663238
-167.65282595016265
-167.0749168644978
-166.50126191088725
-165.93176694226474
-165.3663363827027
-164.8048733801508
-164.24728000918373
-163.69345748454435
-163.1433063752209
-162.59672681527368
-162.05361870972231
-161.5138819346451
-160.97741653103753
-160.44412289215282
-159.9139019441563
-159.3866553199836
-158.8622855263312
-158.34069610374286
-157.82179177978622
-157.3054786153247
-156.79166414392438
-156.28025750444513
-155.77116956688494
-155.26431305155742
-154.7596026417014
-154.2569550896261
-153.75628931650434
-153.25752650594242
-152.76059019145006
-152.26540633794755
-151.77190341744623
-151.28001247904203
-150.78966721336445
-150.30080401162138
-149.81336201938268
-149.32728318524104
-148.84251230448731
-148.35899705794026
-147.87668804605568
-147.39553881845038
-146.9155058989593
-146.43654880635307
-145.9586300708207
