285.0325769837554
284.198010851967
283.363422681398
282.52881244851494
281.6941801297589
280.85952570154524
280.0248491402635
279.1901504222776
278.3554295239255
277.52068642151977
276.68592109134653
275.85113350966645
275.01632365271433
274.18149149669887
273.346637017803
272.5117601921836
271.6768609959715
270.8419394052717
270.00699539616295
269.172028944698
268.3370400269038
267.5020286187807
266.66699469630305
265.8319382354192
264.99685921205116
264.1617576020949
263.3266333814197
262.49148652586894
261.6563170112596
260.8211248133822
259.98590990800125
259.15067227085433
258.31541187765305
257.4801287040823
256.6448227258007
255.80949391844032
254.97414225760656
254.13876771887843
253.30337027780834
252.46794990992188
251.6325065907184
250.79704029567026
249.96155100022315
249.12603867979638
248.29050330978197
247.45494486554574
246.61936332242624
245.7837586557354
244.94813084075847
244.11247985275335
243.27680566695162
242.44110825855742
241.6053876027481
240.76964367467423
239.93387644945895
239.09808590219882
238.26227200796285
237.42643474179332
236.59057407870532
235.75468999368644
234.91878246169762
234.0828514576721
233.2468969565162
232.41091893310895
231.57491736230182
230.73889221891918
229.90284347775813
229.06677111358806
228.23067510115132
227.39455541516259
226.55841203030914
225.7222449212508
224.88605406261968
224.04983942902072
223.21360099503093
222.37733873519983
221.54105262404937
220.70474263607372
219.86840874573952
219.03205092748547
218.19566915572284
217.3592634048347
216.52283364917668
215.68637986307647
214.84990202083372
214.01340009672055
213.17687406498078
212.34032389983054
211.50374957545793
210.66715106602297
209.83052834565768
208.9938813884661
208.15721016852402
207.32051465987934
206.48379483655154
205.64705067253212
204.81028214178437
203.97348921824317
203.13667187581538
202.2998300883794
201.46296382978528
200.6260730738549
199.78915779438168
198.95221796513053
198.11525355983795
197.2782645522121
196.4412509159326
195.60421262465044
194.76714965198823
193.93006197153974
193.09294955687042
192.2558123815169
191.41865041898717
190.58146364276058
189.74425202628763
188.90701554299014
188.06975416626122
187.23246786946498
186.3951566259368
185.55782040898322
184.72045919188176
183.88307294788103
183.04566165020077
182.20822527203165
181.37076378653532
180.5332771668443
179.69576538606216
178.85822841726332
178.02066623349296
177.18307880776723
176.34546611307297
175.50782812236784
174.67016480858018
173.83247614460913
172.99476210332438
172.1570226575664
171.31925778014613
170.48146744384522
169.6436516214159
168.80581028558075
167.96794340903298
167.13005096443626
166.29213292442464
165.4541892616027
164.6162199485452
163.77822495779733
162.94020426187473
162.10215783326305
161.2640856444185
160.4259876677672
159.58786387570572
158.74971424060064
157.91153873478873
157.07333733057695
156.23511000024206
155.39685671603115
154.5585774501611
153.72027217481894
152.88194086216157
152.04358348431577
151.2052000133782
150.36679042141552
149.52835468046402
148.68989276252995
147.85140463958913
147.01289028358727
146.17434966643975
145.33578276003158
144.49718953621752
143.65856996682166
142.8199240236379
141.9812516784297
141.14255290292988
140.3038276688409
139.46507594783452
138.62629771155204
137.78749293160408
136.9486615795706
136.10980362700099
135.27091904541376
134.43200780629687
133.59306988110737
132.75410524127156
131.91511385818498
131.0760957032121
130.2370507476867
129.3979789629116
128.55888032015852
127.71975479066835
126.88060234565086
126.04142295628485
125.20221659371786
124.36298322906653
123.5237228334162
122.6844353778211
121.84512083330421
121.00577917085727
120.16641036144071
119.3270143759838
