86.6702166407386 26.012804436614015 143.8458641634659 
19.049796392623257 125.7817303310369 4.934990575613572 
31.419748503161564 21.242543300719536 116.82902687192906 
5.499350598884502 9.561479393785124 24.73964054129903 
0.004386479035211988 0.004382134326783745 0.004410737681722749 
1.5002829915482223 1.4998246318800448 1.5001281873423487 
16.168671357349766 7.72077828920537 3.0876422524262344 
21.90175838882255 6.009269395943918 0.9348562159679868 
98.84553828372148 21.620854915084557 8.90008931554644 
0.005283051115613853 0.017207762760533332 0.01473617006493181 
1.6020994178911803 2.9983684710727987 0.9988550499554336 
0.00021468645755630232 0.00012335608926551293 4.79863640900052e-05 
16.163719791999043 0.18617026963273559 1.1009496413507531 
0.019968523928805795 0.00029891551332357697 0.00030400820075266794 
0.3498165630771048 4.8064003141447245 4.767680376973788 
6.421804188699275e-05 5.881886260672561 -1.1214433787484257 
2.6932005411223394 -46.93205207230746 -0.012790260039382103 
2.9705202151381824