161.53896957430044 18.301236873373554 157.52857527677074 
4.61145468483164 142.8511313107828 5.614144222582773 
146.63306290198568 53.68028942519972 129.91253723223568 
8.56259916155919 6.6630162395120935 26.772783680001023 
0.0044010882703331665 0.004386028499748406 0.0043406695259215295 
1.5039810681950678 1.5003784584761697 1.49979930452513 
3.7272874301235217 6.464378943156019 3.109732383069974 
3.2534740699393567 7.226489641420234 0.8562216590250684 
32.9240485739509 11.963523520301079 8.512123213631332 
0.009764424944831545 0.04521117626040797 0.027069269643337515 
1.9081000215260193 11.314787022488357 1.6685519452103539 
0.00013834213223439082 0.00017717423959918047 4.36378347544558e-05 
2.154937131406455 0.06607444797278939 1.050307744996872 
0.0017154934711606578 0.0002654090172506141 0.00026374228311483217 
11.93691040431606 5.219804468484112 5.260435362180934 
0.0012287486228956654 12.529035421933646 -1.1623380490193642 
8.87115942231408 -73.25028846669261 0.24015031550515237 
5.786782502056393