144.3753378783025 15.114729067317816 143.86767275834603 144.0 
5.377107300624323 152.6538278070857 4.9292548758092005 4.9 
126.6567050345805 13.595189585370555 118.21483098595044 117.83624825166008 
15.228961387669965 23.303080975765056 24.360136610418547 24.829974378267053 
0.004369935664103848 0.004346240850010103 0.004347396160429598 0.004385067383868799 
1.493787200361183 1.487595286365761 1.4873037209185442 1.5 
3.468303848000548 10.838993309651869 2.9898532814933305 3.000193277300241 
1.6901369443717058 3.433123236783619 0.9061484983694964 0.8998067226997594 
11.213074801621648 9.659917110228404 8.075210342882956 8.0 
0.023312324173021492 0.024274977024881912 0.024999373654440084 0.024814169280455083 
2.5432574852168526 1.7213107164485244 1.6962061199552019 1.666094921628636 
7.723332920664993e-05 5.0199621784693196e-05 4.803408231808882e-05 4.753352259428038e-05 
1.7833569081815035 -0.7254557822292396 1.0323591304676045 0.9997265479238605 
0.0007925798442030175 0.00020956143837102598 0.00028535159285371055 0.00027345207613946993 
0.04571520880501091 4.796110143293242 4.77029711358753 5.0 
0.001642987596364708 7.688006731655841 -1.6718374622255596 
0.7724585821948886 -67.9873602904646 -0.0018787579089087469 
6.432437471704558